ParcelId,OldLand,OldBuilding,OldTotal,NewLand,NewBuilding,NewTotal,Planning,Designation,NBHD
R72 06807 0046,9800,37190,46990,7810,5230,13040,FIVE OAKS,HD-1,Graf-Rock-Wroe
R72 06808 0057,6270,0,6270,4890,0,4890,FIVE OAKS,HD-1,Graf-Rock-Wroe
R72 06808 0047,11400,52110,63510,9390,42680,52070,FIVE OAKS,HD-1,Graf-Rock-Wroe
R72 06807 0062,9800,45940,55740,7810,60550,68360,FIVE OAKS,HD-1,Graf-Rock-Wroe
R72 06807 0057,9800,47160,56960,7810,37910,45720,FIVE OAKS,HD-1,Graf-Rock-Wroe
R72 06807 0017,14310,50910,65220,11320,25980,37300,FIVE OAKS,HD-1,Graf-Rock-Wroe
R72 06808 0031,11830,43430,55260,9840,35940,45780,FIVE OAKS,HD-1,Graf-Rock-Wroe
R72 06807 0052,9800,54550,64350,7810,39990,47800,FIVE OAKS,HD-1,Graf-Rock-Wroe
R72 06807 0064,9800,43740,53540,7810,36770,44580,FIVE OAKS,HD-1,Graf-Rock-Wroe
R72 06808 0072,10970,51700,62670,9020,42040,51060,FIVE OAKS,HD-1,Graf-Rock-Wroe
R72 06808 0028,12110,41990,54100,10110,27070,37180,FIVE OAKS,HD-1,Graf-Rock-Wroe
R72 06808 0027,12110,46790,58900,10110,30730,40840,FIVE OAKS,HD-1,Graf-Rock-Wroe
R72 06808 0038,11120,47640,58760,9120,30770,39890,FIVE OAKS,HD-1,Graf-Rock-Wroe
R72 06807 0041,9800,33300,43100,7810,32760,40570,FIVE OAKS,HD-1,Graf-Rock-Wroe
R72 06807 0067,11270,59950,71220,8960,62090,71050,FIVE OAKS,HD-1,Graf-Rock-Wroe
R72 06807 0022,9700,45110,54810,7750,28300,36050,FIVE OAKS,HD-1,Graf-Rock-Wroe
R72 06807 0027,9600,45810,55410,7710,31690,39400,FIVE OAKS,HD-1,Graf-Rock-Wroe
R72 06807 0026,9600,46330,55930,7710,22060,29770,FIVE OAKS,HD-1,Graf-Rock-Wroe
R72 06808 0032,11120,40320,51440,9120,34090,43210,FIVE OAKS,HD-1,Graf-Rock-Wroe
R72 06808 0034,11540,52710,64250,9530,31930,41460,FIVE OAKS,HD-1,Graf-Rock-Wroe
R72 06808 0029,12110,11810,23920,10110,35400,45510,FIVE OAKS,HD-1,Graf-Rock-Wroe
R72 06808 0060,12830,65560,78390,10790,42880,53670,FIVE OAKS,HD-1,Graf-Rock-Wroe
R72 06808 0046,12830,43460,56290,10750,35770,46520,FIVE OAKS,HD-1,Graf-Rock-Wroe
R72 06807 0050,11520,62390,73910,9160,36600,45760,FIVE OAKS,HD-1,Graf-Rock-Wroe
R72 06807 0037,9800,24030,33830,7810,24860,32670,FIVE OAKS,HD-1,Graf-Rock-Wroe
R72 06808 0064,12830,37380,50210,10790,42680,53470,FIVE OAKS,HD-1,Graf-Rock-Wroe
R72 06807 0055,9800,44280,54080,7810,38760,46570,FIVE OAKS,HD-1,Graf-Rock-Wroe
R72 06808 0025,11440,43040,54480,9360,31640,41000,FIVE OAKS,HD-1,Graf-Rock-Wroe
R72 06807 0043,10540,23370,33910,8390,27980,36370,FIVE OAKS,HD-1,Graf-Rock-Wroe
R72 06808 0052,11400,14910,26310,9390,60870,70260,FIVE OAKS,HD-1,Graf-Rock-Wroe
R72 06807 0049,9800,44170,53970,7810,15050,22860,FIVE OAKS,HD-1,Graf-Rock-Wroe
R72 06807 0070,10910,7690,18600,8690,29800,38490,FIVE OAKS,HD-1,Graf-Rock-Wroe
R72 06603 0001,8100,49190,57290,4420,14150,18570,FIVE OAKS,HD-1,Graf-Rock-Wroe
R72 06807 0065,9800,53690,63490,7810,47510,55320,FIVE OAKS,HD-1,Graf-Rock-Wroe
R72 06808 0055,11400,29680,41080,9390,37980,47370,FIVE OAKS,HD-1,Graf-Rock-Wroe
R72 06807 0058,11030,66070,77100,8770,45970,54740,FIVE OAKS,HD-1,Graf-Rock-Wroe
R72 06808 0071,10970,49120,60090,9020,40660,49680,FIVE OAKS,HD-1,Graf-Rock-Wroe
R72 06808 0043,11500,36490,47990,9530,34220,43750,FIVE OAKS,HD-1,Graf-Rock-Wroe
R72 06809 0005,10730,45360,56090,8670,28620,37290,FIVE OAKS,HD-1,Graf-Rock-Wroe
R72 06808 0044,11400,46420,57820,9390,46200,55590,FIVE OAKS,HD-1,Graf-Rock-Wroe
R72 06808 0056,12400,53770,66170,10380,38160,48540,FIVE OAKS,HD-1,Graf-Rock-Wroe
R72 06807 0053,9800,38590,48390,7810,36330,44140,FIVE OAKS,HD-1,Graf-Rock-Wroe
R72 06808 0049,11690,46550,58240,9660,49130,58790,FIVE OAKS,HD-1,Graf-Rock-Wroe
R72 06807 0045,9800,52040,61840,7810,34440,42250,FIVE OAKS,HD-1,Graf-Rock-Wroe
R72 06807 0030,9600,44730,54330,7710,34030,41740,FIVE OAKS,HD-1,Graf-Rock-Wroe
R72 06603 0035,9960,26360,36320,6520,31980,38500,FIVE OAKS,HD-1,Graf-Rock-Wroe
R72 06809 0004,10700,21300,32000,8590,30720,39310,FIVE OAKS,HD-1,Graf-Rock-Wroe
R72 06808 0069,11400,42830,54230,9430,40160,49590,FIVE OAKS,HD-1,Graf-Rock-Wroe
R72 06603 0039,7660,14010,21670,4220,44650,48870,FIVE OAKS,HD-1,Graf-Rock-Wroe
R72 06807 0042,9800,45990,55790,7810,35170,42980,FIVE OAKS,HD-1,Graf-Rock-Wroe
R72 06808 0037,11690,45440,57130,9660,30060,39720,FIVE OAKS,HD-1,Graf-Rock-Wroe
R72 06807 0056,9800,50250,60050,7810,40840,48650,FIVE OAKS,HD-1,Graf-Rock-Wroe
R72 06807 0025,9720,44110,53830,7810,30210,38020,FIVE OAKS,HD-1,Graf-Rock-Wroe
R72 06807 0048,9800,33240,43040,7810,39790,47600,FIVE OAKS,HD-1,Graf-Rock-Wroe
R72 06807 0036,4900,0,4900,3540,0,3540,FIVE OAKS,HD-1,Graf-Rock-Wroe
R72 06807 0028,9600,37040,46640,7710,29790,37500,FIVE OAKS,HD-1,Graf-Rock-Wroe
R72 06807 0054,9800,41060,50860,7810,31190,39000,FIVE OAKS,HD-1,Graf-Rock-Wroe
R72 06807 0044,9800,42360,52160,7810,24570,32380,FIVE OAKS,HD-1,Graf-Rock-Wroe
R72 06807 0032,10080,45250,55330,8090,36000,44090,FIVE OAKS,HD-1,Graf-Rock-Wroe
R72 06807 0029,9600,34560,44160,7710,27830,35540,FIVE OAKS,HD-1,Graf-Rock-Wroe
R72 06808 0058,12690,47930,60620,11060,45500,56560,FIVE OAKS,HD-1,Graf-Rock-Wroe
R72 06807 0019,10910,39350,50260,8690,22450,31140,FIVE OAKS,HD-1,Graf-Rock-Wroe
R72 06807 0051,10900,49800,60700,8680,48340,57020,FIVE OAKS,HD-1,Graf-Rock-Wroe
R72 06807 0023,9700,51700,61400,7750,46700,54450,FIVE OAKS,HD-1,Graf-Rock-Wroe
R72 06808 0054,11400,41670,53070,9390,39740,49130,FIVE OAKS,HD-1,Graf-Rock-Wroe
R72 06807 0035,9800,48070,57870,7810,52910,60720,FIVE OAKS,HD-1,Graf-Rock-Wroe
R72 06808 0053,12830,51490,64320,10750,44920,55670,FIVE OAKS,HD-1,Graf-Rock-Wroe
R72 06807 0031,9600,38520,48120,7710,29640,37350,FIVE OAKS,HD-1,Graf-Rock-Wroe
R72 06807 0040,9800,49500,59300,7810,41560,49370,FIVE OAKS,HD-1,Graf-Rock-Wroe
R72 06807 0047,9800,44360,54160,7810,5730,13540,FIVE OAKS,HD-1,Graf-Rock-Wroe
R72 06603 0024,8460,5960,14420,4600,29410,34010,FIVE OAKS,HD-1,Graf-Rock-Wroe
R72 06808 0030,13540,36380,49920,11470,36410,47880,FIVE OAKS,HD-1,Graf-Rock-Wroe
R72 06808 0041,14400,44800,59200,11670,24020,35690,FIVE OAKS,HD-1,Graf-Rock-Wroe
R72 06808 0039,12110,43780,55890,10070,42000,52070,FIVE OAKS,HD-1,Graf-Rock-Wroe
R72 06808 0033,11120,44560,55680,9120,32740,41860,FIVE OAKS,HD-1,Graf-Rock-Wroe
R72 06807 0038,9800,40360,50160,7810,29780,37590,FIVE OAKS,HD-1,Graf-Rock-Wroe
R72 06808 0036,11120,49970,61090,9120,30640,39760,FIVE OAKS,HD-1,Graf-Rock-Wroe
R72 06808 0068,11400,58810,70210,9430,37650,47080,FIVE OAKS,HD-1,Graf-Rock-Wroe
R72 06808 0073,10970,48460,59430,9020,33600,42620,FIVE OAKS,HD-1,Graf-Rock-Wroe
R72 06807 0063,9800,47460,57260,7850,40410,48260,FIVE OAKS,HD-1,Graf-Rock-Wroe
R72 06807 0024,5600,19590,25190,4470,31260,35730,FIVE OAKS,HD-1,Graf-Rock-Wroe
R72 06807 0068,11880,21270,33150,9440,31370,40810,FIVE OAKS,HD-1,Graf-Rock-Wroe
R72 06807 0034,11030,63480,74510,8770,32790,41560,FIVE OAKS,HD-1,Graf-Rock-Wroe
R72 06808 0067,11690,54820,66510,9700,40920,50620,FIVE OAKS,HD-1,Graf-Rock-Wroe
R72 06808 0070,11400,45980,57380,9430,42560,51990,FIVE OAKS,HD-1,Graf-Rock-Wroe
R72 06808 0061,12830,58370,71200,10790,45270,56060,FIVE OAKS,HD-1,Graf-Rock-Wroe
R72 06808 0045,11400,46390,57790,9390,41120,50510,FIVE OAKS,HD-1,Graf-Rock-Wroe
R72 06807 0066,10050,47950,58000,8010,39870,47880,FIVE OAKS,HD-1,Graf-Rock-Wroe
R72 06807 0021,9700,34310,44010,7750,40080,47830,FIVE OAKS,HD-1,Graf-Rock-Wroe
R72 06807 0061,9800,36140,45940,7810,37890,45700,FIVE OAKS,HD-1,Graf-Rock-Wroe
R72 06808 0063,12830,49960,62790,10790,50700,61490,FIVE OAKS,HD-1,Graf-Rock-Wroe
R72 06808 0062,12830,46270,59100,10790,37910,48700,FIVE OAKS,HD-1,Graf-Rock-Wroe
R72 06808 0042,12390,47670,60060,10640,55670,66310,FIVE OAKS,HD-1,Graf-Rock-Wroe
R72 06808 0050,11260,51130,62390,9260,23330,32590,FIVE OAKS,HD-1,Graf-Rock-Wroe
R72 06807 0059,9410,58280,67690,7520,34630,42150,FIVE OAKS,HD-1,Graf-Rock-Wroe
R72 06807 0039,9800,24960,34760,7810,33400,41210,FIVE OAKS,HD-1,Graf-Rock-Wroe
R72 06808 0024,12180,49670,61850,9980,31040,41020,FIVE OAKS,HD-1,Graf-Rock-Wroe
R72 06808 0059,18420,65400,83820,16330,67060,83390,FIVE OAKS,HD-1,Graf-Rock-Wroe
R72 06807 0033,10540,42940,53480,8390,40060,48450,FIVE OAKS,HD-1,Graf-Rock-Wroe
R72 06808 0026,10970,50510,61480,8990,71590,80580,FIVE OAKS,HD-1,Graf-Rock-Wroe
R72 06808 0035,11120,47780,58900,9120,30640,39760,FIVE OAKS,HD-1,Graf-Rock-Wroe
R72 06808 0065,14250,23910,38160,12150,51030,63180,FIVE OAKS,HD-1,Graf-Rock-Wroe
R72 06808 0048,12830,64770,77600,10750,71910,82660,FIVE OAKS,HD-1,Graf-Rock-Wroe
R72 06604 0014,3820,51620,55440,3560,61940,65500,FIVE OAKS,HD-1,Graf-Rock-Wroe
R72 06808 0051,12830,49010,61840,10750,48800,59550,FIVE OAKS,HD-1,Graf-Rock-Wroe
R72 06807 0060,9800,29730,39530,7810,25080,32890,FIVE OAKS,HD-1,Graf-Rock-Wroe
R72 06707 0051,!,!,!,78420,258450,336870,FIVE OAKS,HD-1,Grafton Hill
R72 06902 0007,7160,0,7160,6460,0,6460,FIVE OAKS,HD-2,Kenilworth Ave.
R72 06901 0001,16920,67750,84670,16200,75610,91810,FIVE OAKS,HD-2,Kenilworth Ave.
R72 06901 0003,14150,71100,85250,14110,102350,116460,FIVE OAKS,HD-2,Kenilworth Ave.
R72 06901 0005,6010,0,6010,5390,0,5390,FIVE OAKS,HD-2,Kenilworth Ave.
R72 06901 0009,5840,0,5840,5240,0,5240,FIVE OAKS,HD-2,Kenilworth Ave.
R72 06902 0009,6010,0,6010,5390,0,5390,FIVE OAKS,HD-2,Kenilworth Ave.
R72 06901 0032,6070,6370,12440,5810,1100,6910,FIVE OAKS,HD-2,Kenilworth Ave.
R72 06901 0002,19380,72210,91590,19340,101180,120520,FIVE OAKS,HD-2,Kenilworth Ave.
R72 06902 0002,6010,0,6010,5390,0,5390,FIVE OAKS,HD-2,Kenilworth Ave.
R72 06902 0017,11700,46150,57850,11650,102830,114480,FIVE OAKS,HD-2,Kenilworth Ave.
R72 06902 0008,12040,73480,85520,11980,82540,94520,FIVE OAKS,HD-2,Kenilworth Ave.
R72 06902 0005,14710,68060,82770,14850,99500,114350,FIVE OAKS,HD-2,Kenilworth Ave.
R72 06901 0004,5960,0,5960,5320,0,5320,FIVE OAKS,HD-2,Kenilworth Ave.
R72 06902 0001,12040,102350,114390,11980,94970,106950,FIVE OAKS,HD-2,Kenilworth Ave.
R72 06901 0008,11310,66030,77340,11240,76790,88030,FIVE OAKS,HD-2,Kenilworth Ave.
R72 06901 0006,6010,0,6010,5390,0,5390,FIVE OAKS,HD-2,Kenilworth Ave.
R72 06902 0018,4090,0,4090,4080,0,4080,FIVE OAKS,HD-2,Kenilworth Ave.
R72 06901 0027,14680,58540,73220,15060,79100,94160,FIVE OAKS,HD-2,Kenilworth Ave.
R72 06901 0035,230,0,230,230,0,230,FIVE OAKS,HD-2,Kenilworth Ave.
R72 06902 0013,6170,0,6170,5550,0,5550,FIVE OAKS,HD-2,Kenilworth Ave.
R72 06902 0016,5840,0,5840,5240,0,5240,FIVE OAKS,HD-2,Kenilworth Ave.
R72 06902 0014,14300,58900,73200,14350,98070,112420,FIVE OAKS,HD-2,Kenilworth Ave.
R72 06901 0010,16900,53130,70030,17060,83440,100500,FIVE OAKS,HD-2,Kenilworth Ave.
R72 06902 0010,24050,88850,112900,24490,87730,112220,FIVE OAKS,HD-2,Kenilworth Ave.
R72 06901 0024,14560,65090,79650,14690,89400,104090,FIVE OAKS,HD-2,Kenilworth Ave.
R72 06902 0003,6690,0,6690,6040,0,6040,FIVE OAKS,HD-2,Kenilworth Ave.
R72 06902 0036,5340,0,5340,4750,0,4750,FIVE OAKS,HD-2,Kenilworth Ave.
R72 06901 0025,14360,62510,76870,12880,0,12880,FIVE OAKS,HD-2,Kenilworth Ave.
R72 06712 0042,15080,81350,96430,13070,54060,67130,FIVE OAKS,HD-1,Squirrel Forest
R72 06712 0056,14710,48110,62820,12140,21470,33610,FIVE OAKS,HD-1,Squirrel Forest
R72 06712 0010,14730,73690,88420,11750,67080,78830,FIVE OAKS,HD-1,Squirrel Forest
R72 06712 0018,11310,21430,32740,9160,43000,52160,FIVE OAKS,HD-1,Squirrel Forest
R72 06712 0043,13880,108200,122080,11590,57490,69080,FIVE OAKS,HD-1,Squirrel Forest
R72 06710 0011,18690,123310,142000,16460,106750,123210,FIVE OAKS,HD-1,Squirrel Forest
R72 06712 0012,18170,40390,58560,13220,51610,64830,FIVE OAKS,HD-1,Squirrel Forest
R72 06710 0008,14250,17260,31510,12050,19770,31820,FIVE OAKS,HD-1,Squirrel Forest
R72 06712 0055,11040,49090,60130,8790,5370,14160,FIVE OAKS,HD-1,Squirrel Forest
R72 06712 0007,12830,70400,83230,10450,59320,69770,FIVE OAKS,HD-1,Squirrel Forest
R72 06712 0051,49500,130250,179750,45000,61320,106320,FIVE OAKS,HD-1,Squirrel Forest
R72 06712 0036,14390,64300,78690,12230,65620,77850,FIVE OAKS,HD-1,Squirrel Forest
R72 06708 0017,10600,45410,56010,8550,44800,53350,FIVE OAKS,HD-1,Squirrel Forest
R72 06710 0009,16530,60710,77240,14480,88400,102880,FIVE OAKS,HD-1,Squirrel Forest
R72 06712 0022,16090,88040,104130,14270,78690,92960,FIVE OAKS,HD-1,Squirrel Forest
R72 06708 0019,11130,61270,72400,9010,40840,49850,FIVE OAKS,HD-1,Squirrel Forest
R72 06712 0003,27000,60170,87170,27000,64660,91660,FIVE OAKS,HD-1,Squirrel Forest
R72 06712 0002,11810,63730,75540,9530,47270,56800,FIVE OAKS,HD-1,Squirrel Forest
R72 06710 0014,14380,76750,91130,12200,77630,89830,FIVE OAKS,HD-1,Squirrel Forest
R72 06708 0018,10470,64290,74760,8440,58540,66980,FIVE OAKS,HD-1,Squirrel Forest
R72 06708 0015,10600,43730,54330,8550,59090,67640,FIVE OAKS,HD-1,Squirrel Forest
R72 06712 0009,15370,72640,88010,12600,76100,88700,FIVE OAKS,HD-1,Squirrel Forest
R72 06710 0002,14500,51740,66240,12550,58160,70710,FIVE OAKS,HD-1,Squirrel Forest
R72 06712 0040,13370,97300,110670,11370,71010,82380,FIVE OAKS,HD-1,Squirrel Forest
R72 06712 0030,20480,82310,102790,16820,74940,91760,FIVE OAKS,HD-1,Squirrel Forest
R72 06712 0037,4980,0,4980,3650,0,3650,FIVE OAKS,HD-1,Squirrel Forest
R72 06710 0001,17110,92410,109520,15000,82730,97730,FIVE OAKS,HD-1,Squirrel Forest
R72 06712 0029,16090,87590,103680,14270,79420,93690,FIVE OAKS,HD-1,Squirrel Forest
R72 06712 0031,6110,0,6110,4310,0,4310,FIVE OAKS,HD-1,Squirrel Forest
R72 06712 0035,16240,62760,79000,13880,81820,95700,FIVE OAKS,HD-1,Squirrel Forest
R72 06712 0024,16820,106960,123780,13510,96010,109520,FIVE OAKS,HD-1,Squirrel Forest
R72 06712 0034,13140,51820,64960,10970,49830,60800,FIVE OAKS,HD-1,Squirrel Forest
R72 06712 0032,19150,40450,59600,15480,45520,61000,FIVE OAKS,HD-1,Squirrel Forest
R72 06712 0026,24130,111150,135280,19010,111120,130130,FIVE OAKS,HD-1,Squirrel Forest
R72 06712 0048,13540,96530,110070,11380,103840,115220,FIVE OAKS,HD-1,Squirrel Forest
R72 06712 0016,13280,70120,83400,11110,63920,75030,FIVE OAKS,HD-1,Squirrel Forest
R72 06712 0033,14130,128940,143070,11800,98000,109800,FIVE OAKS,HD-1,Squirrel Forest
R72 06710 0028,!,!,!,43210,341000,384210,FIVE OAKS,HD-1,Squirrel Forest
R72 06712 0046,14130,17390,31520,11850,70490,82340,FIVE OAKS,HD-1,Squirrel Forest
R72 06712 0011,19220,52880,72100,16240,38450,54690,FIVE OAKS,HD-1,Squirrel Forest
R72 06708 0016,10600,43990,54590,8550,29850,38400,FIVE OAKS,HD-1,Squirrel Forest
R72 06712 0049,6780,0,6780,18030,98080,116110,FIVE OAKS,HD-1,Squirrel Forest
R72 06712 0059,1460,0,1460,1150,0,1150,FIVE OAKS,HD-1,Squirrel Forest
R72 06712 0041,13490,89730,103220,11460,76260,87720,FIVE OAKS,HD-1,Squirrel Forest
R72 06712 0052,6470,1820,8290,5520,2400,7920,FIVE OAKS,HD-1,Squirrel Forest
R72 06712 0058,15230,50810,66040,13270,118920,132190,FIVE OAKS,HD-1,Squirrel Forest
R72 06710 0010,18530,54130,72660,16280,110270,126550,FIVE OAKS,HD-1,Squirrel Forest
R72 06712 0008,13380,89960,103340,10890,79160,90050,FIVE OAKS,HD-1,Squirrel Forest
R72 06706 0005,12000,52070,64070,9530,68570,78100,FIVE OAKS,HD-1,Squirrel Forest
R72 06712 0014,14130,60930,75060,11800,48660,60460,FIVE OAKS,HD-1,Squirrel Forest
R72 06712 0047,13420,87480,100900,11280,102750,114030,FIVE OAKS,HD-1,Squirrel Forest
R72 06712 0020,30710,110730,141440,24720,134960,159680,FIVE OAKS,HD-1,Squirrel Forest
R72 06712 0019,11960,63480,75440,9830,34820,44650,FIVE OAKS,HD-1,Squirrel Forest
R72 06712 0017,17260,116680,133940,14160,106690,120850,FIVE OAKS,HD-1,Squirrel Forest
R72 06712 0015,13750,60790,74540,11340,47600,58940,FIVE OAKS,HD-1,Squirrel Forest
R72 06708 0014,10600,36550,47150,8550,24240,32790,FIVE OAKS,HD-1,Squirrel Forest
R72 06712 0013,14380,68150,82530,12400,58700,71100,FIVE OAKS,HD-1,Squirrel Forest
R72 06712 0038,4450,0,4450,3170,0,3170,FIVE OAKS,HD-1,Squirrel Forest
R72 06712 0039,13370,118200,131570,11290,125280,136570,FIVE OAKS,HD-1,Squirrel Forest
R72 06712 0044,14000,26000,40000,11700,27550,39250,FIVE OAKS,HD-1,Squirrel Forest
R72 06712 0045,7010,0,7010,5310,0,5310,FIVE OAKS,HD-1,Squirrel Forest
R72 50824 0013,5000,6500,11500,4000,4590,8590,GRAFTON HILLS,HD-1,Grafton Hill
R72 51423 0003,0,0,0,0,0,0,GRAFTON HILLS,HD-1,Grafton Hill
R72 06609 0032,0,0,0,33420,6730,40150,GRAFTON HILLS,HD-1,Grafton Hill
R72 06504 0045,5940,7450,13390,6160,9620,15780,GRAFTON HILLS,HD-1,Grafton Hill
R72 06606 0035,21120,0,21120,7000,0,7000,GRAFTON HILLS,HD-1,Grafton Hill
R72 06609 0008,30250,83260,113510,33380,141690,175070,GRAFTON HILLS,HD-1,Grafton Hill
R72 06504 0022,6000,8260,14260,5600,10670,16270,GRAFTON HILLS,HD-1,Grafton Hill
R72 06507 0010,28500,51420,79920,29100,251580,280680,GRAFTON HILLS,HD-1,Grafton Hill
R72 06504 0023,6000,4820,10820,5600,6230,11830,GRAFTON HILLS,HD-1,Grafton Hill
R72 06606 0014,22880,53650,76530,8370,59940,68310,GRAFTON HILLS,HD-1,Grafton Hill
R72 06504 0058,260,570,830,250,740,990,GRAFTON HILLS,HD-1,Grafton Hill
R72 06504 0021,6000,1940,7940,5600,1560,7160,GRAFTON HILLS,HD-1,Grafton Hill
R72 06501 0010,5400,5380,10780,3500,0,3500,GRAFTON HILLS,HD-1,Grafton Hill
R72 06505 0017,11150,60620,71770,3850,0,3850,GRAFTON HILLS,HD-1,Grafton Hill
R72 06501 0038,30250,57160,87410,33380,131440,164820,GRAFTON HILLS,HD-1,Grafton Hill
R72 06503 0011,27230,53280,80510,29200,117230,146430,GRAFTON HILLS,HD-1,Grafton Hill
R72 06508 0020,36500,129460,165960,36560,156380,192940,GRAFTON HILLS,HD-1,Grafton Hill
R72 06609 0009,60000,46000,106000,72000,81150,153150,GRAFTON HILLS,HD-1,Grafton Hill
R72 06606 0047,6840,3050,9890,6840,3950,10790,GRAFTON HILLS,HD-1,Grafton Hill
R72 06503 0008,27230,19830,47060,29200,61710,90910,GRAFTON HILLS,HD-1,Grafton Hill
R72 06508 0004,25000,174360,199360,25000,215430,240430,GRAFTON HILLS,HD-1,Grafton Hill
R72 50824 0014,0,0,0,0,0,0,GRAFTON HILLS,HD-1,Grafton Hill
R72 06606 0027,27160,48130,75290,5040,0,5040,GRAFTON HILLS,HD-1,Grafton Hill
R72 06507 0012,24750,190610,215360,24810,224610,249420,GRAFTON HILLS,HD-1,Grafton Hill
R72 06609 0014,22500,29790,52290,22500,118500,141000,GRAFTON HILLS,HD-1,Grafton Hill
R72 06503 0012,6080,0,6080,4480,0,4480,GRAFTON HILLS,HD-1,Grafton Hill
R72 50824 0009,5000,16650,21650,4000,17040,21040,GRAFTON HILLS,HD-1,Grafton Hill
R72 06507 0004,153000,143400,296400,53550,137980,191530,GRAFTON HILLS,HD-1,Grafton Hill
R72 06501 0028,30250,28600,58850,33380,135000,168380,GRAFTON HILLS,HD-1,Grafton Hill
R72 06501 0056,63000,6030,69030,31500,0,31500,GRAFTON HILLS,HD-1,Grafton Hill
R72 06506 0001,13500,810,14310,13500,1050,14550,GRAFTON HILLS,HD-1,Grafton Hill
R72 06504 0054,18000,17610,35610,18000,60140,78140,GRAFTON HILLS,HD-1,Grafton Hill
R72 06508 0024,18000,42370,60370,18000,56470,74470,GRAFTON HILLS,HD-1,Grafton Hill
R72 06503 0006,26780,122160,148940,28110,200050,228160,GRAFTON HILLS,HD-1,Grafton Hill
R72 06503 0014,33750,131230,164980,47600,546750,594350,GRAFTON HILLS,HD-1,Grafton Hill
R72 06506 0002,31500,34680,66180,45000,291640,336640,GRAFTON HILLS,HD-1,Grafton Hill
R72 06503 0034,11930,101060,112990,19390,99420,118810,GRAFTON HILLS,HD-1,Grafton Hill
R72 06503 0037,11480,112290,123770,18550,125620,144170,GRAFTON HILLS,HD-1,Grafton Hill
R72 06609 0038,30250,198200,228450,33380,158980,192360,GRAFTON HILLS,HD-1,Grafton Hill
R72 06507 0018,35970,105490,141460,36820,152530,189350,GRAFTON HILLS,HD-1,Grafton Hill
R72 50824 0001,5000,19640,24640,4000,20540,24540,GRAFTON HILLS,HD-1,Grafton Hill
R72 06508 0019,23500,89280,112780,23450,86640,110090,GRAFTON HILLS,HD-1,Grafton Hill
R72 06506 0006,28000,75830,103830,28570,177720,206290,GRAFTON HILLS,HD-1,Grafton Hill
R72 06503 0044,14280,74730,89010,25660,119480,145140,GRAFTON HILLS,HD-1,Grafton Hill
R72 06507 0017,8440,0,8440,7280,0,7280,GRAFTON HILLS,HD-1,Grafton Hill
R72 06503 0016,2360,0,2360,2390,0,2390,GRAFTON HILLS,HD-1,Grafton Hill
R72 06609 0016,5400,108630,114030,5600,214400,220000,GRAFTON HILLS,HD-1,Grafton Hill
R72 06609 0037,9080,0,9080,9190,0,9190,GRAFTON HILLS,HD-1,Grafton Hill
R72 06508 0014,31000,91080,122080,31040,160400,191440,GRAFTON HILLS,HD-1,Grafton Hill
R72 06606 0024,30820,26520,57340,11040,9050,20090,GRAFTON HILLS,HD-1,Grafton Hill
R72 06606 0036,27040,27310,54350,7900,0,7900,GRAFTON HILLS,HD-1,Grafton Hill
R72 06503 0048,10200,77800,88000,16280,87550,103830,GRAFTON HILLS,HD-1,Grafton Hill
R72 06609 0050,5410,0,5410,5610,0,5610,GRAFTON HILLS,HD-1,Grafton Hill
R72 06609 0039,12100,0,12100,15070,0,15070,GRAFTON HILLS,HD-1,Grafton Hill
R72 06503 0005,25880,101890,127770,26440,132660,159100,GRAFTON HILLS,HD-1,Grafton Hill
R72 06501 0029,15130,0,15130,16740,0,16740,GRAFTON HILLS,HD-1,Grafton Hill
R72 06504 0052,27500,92760,120260,27840,149700,177540,GRAFTON HILLS,HD-1,Grafton Hill
R72 06501 0014,5400,0,5400,5600,0,5600,GRAFTON HILLS,HD-1,Grafton Hill
R72 06504 0020,6000,810,6810,5600,660,6260,GRAFTON HILLS,HD-1,Grafton Hill
R72 06504 0019,6000,310,6310,5600,250,5850,GRAFTON HILLS,HD-1,Grafton Hill
R72 06504 0034,1660,790,2450,1500,1020,2520,GRAFTON HILLS,HD-1,Grafton Hill
R72 06506 0007,382500,639680,1022180,382500,1108450,1490950,GRAFTON HILLS,HD-1,Grafton Hill
R72 06503 0015,40500,5950,46450,47600,6410,54010,GRAFTON HILLS,HD-1,Grafton Hill
R72 06501 0052,63000,136120,199120,31500,100030,131530,GRAFTON HILLS,HD-1,Grafton Hill
R72 06507 0015,27000,61680,88680,27000,47090,74090,GRAFTON HILLS,HD-1,Grafton Hill
R72 06503 0021,25990,60410,86400,25270,132620,157890,GRAFTON HILLS,HD-1,Grafton Hill
R72 06501 0040,24190,20890,45080,24720,76900,101620,GRAFTON HILLS,HD-1,Grafton Hill
R72 06503 0013,6080,0,6080,4480,0,4480,GRAFTON HILLS,HD-1,Grafton Hill
R72 06503 0042,18000,21090,39090,18000,51880,69880,GRAFTON HILLS,HD-1,Grafton Hill
R72 06503 0018,121500,39960,161460,48960,28670,77630,GRAFTON HILLS,HD-1,Grafton Hill
R72 50824 0008,5000,17880,22880,4000,11660,15660,GRAFTON HILLS,HD-1,Grafton Hill
R72 06503 0036,11480,83240,94720,18550,85740,104290,GRAFTON HILLS,HD-1,Grafton Hill
R72 06606 0012,18000,41930,59930,18000,80000,98000,GRAFTON HILLS,HD-1,Grafton Hill
R72 06606 0019,29500,42530,72030,11630,8520,20150,GRAFTON HILLS,HD-1,Grafton Hill
R72 06609 0017,18000,28510,46510,18000,45800,63800,GRAFTON HILLS,HD-1,Grafton Hill
R72 06609 0049,5410,0,5410,5610,0,5610,GRAFTON HILLS,HD-1,Grafton Hill
R72 06609 0029,5400,0,5400,5600,0,5600,GRAFTON HILLS,HD-1,Grafton Hill
R72 06501 0034,180000,18230,198230,54000,216950,270950,GRAFTON HILLS,HD-1,Grafton Hill
R72 06503 0007,27230,43090,70320,29200,127110,156310,GRAFTON HILLS,HD-1,Grafton Hill
R72 06609 0010,27830,73710,101540,28000,138490,166490,GRAFTON HILLS,HD-1,Grafton Hill
R72 06606 0039,22570,50400,72970,8200,59340,67540,GRAFTON HILLS,HD-1,Grafton Hill
R72 06508 0003,32490,149440,181930,33880,235060,268940,GRAFTON HILLS,HD-1,Grafton Hill
R72 06609 0006,30250,98230,128480,33380,146590,179970,GRAFTON HILLS,HD-1,Grafton Hill
R72 06503 0009,54000,176410,230410,54000,393000,447000,GRAFTON HILLS,HD-1,Grafton Hill
R72 06508 0027,27560,68290,95850,27650,98600,126250,GRAFTON HILLS,HD-1,Grafton Hill
R72 06504 0018,7240,220,7460,6760,830,7590,GRAFTON HILLS,HD-1,Grafton Hill
R72 06504 0057,1030,570,1600,940,740,1680,GRAFTON HILLS,HD-1,Grafton Hill
R72 06504 0033,2090,0,2090,1950,0,1950,GRAFTON HILLS,HD-1,Grafton Hill
R72 06504 0013,24050,0,24050,22440,0,22440,GRAFTON HILLS,HD-1,Grafton Hill
R72 06504 0047,31760,46030,77790,31920,63470,95390,GRAFTON HILLS,HD-1,Grafton Hill
R72 06501 0013,5400,25110,30510,5600,20650,26250,GRAFTON HILLS,HD-1,Grafton Hill
R72 06609 0005,30250,41810,72060,33380,134510,167890,GRAFTON HILLS,HD-1,Grafton Hill
R72 06507 0009,14250,0,14250,13180,0,13180,GRAFTON HILLS,HD-1,Grafton Hill
R72 06508 0009,6310,0,6310,6320,0,6320,GRAFTON HILLS,HD-1,Grafton Hill
R72 06508 0023,25990,107010,133000,26040,158840,184880,GRAFTON HILLS,HD-1,Grafton Hill
R72 06503 0039,2320,0,2320,1480,0,1480,GRAFTON HILLS,HD-1,Grafton Hill
R72 06609 0051,8090,0,8090,8390,0,8390,GRAFTON HILLS,HD-1,Grafton Hill
R72 06504 0050,30250,83730,113980,33380,134670,168050,GRAFTON HILLS,HD-1,Grafton Hill
R72 06506 0020,13130,0,13130,11850,0,11850,GRAFTON HILLS,HD-1,Grafton Hill
R72 06504 0048,18000,87450,105450,18000,14860,32860,GRAFTON HILLS,HD-1,Grafton Hill
R72 50824 0002,5000,16650,21650,4000,10840,14840,GRAFTON HILLS,HD-1,Grafton Hill
R72 06505 0020,10330,54750,65080,3600,0,3600,GRAFTON HILLS,HD-1,Grafton Hill
R72 51423 0004,0,0,0,0,0,0,GRAFTON HILLS,HD-1,Grafton Hill
R72 06503 0041,510,0,510,250,0,250,GRAFTON HILLS,HD-1,Grafton Hill
R72 06504 0053,16480,66520,83000,18020,42960,60980,GRAFTON HILLS,HD-1,Grafton Hill
R72 06501 0036,26000,66020,92020,25960,184580,210540,GRAFTON HILLS,HD-1,Grafton Hill
R72 06506 0016,29000,30440,59440,28890,94670,123560,GRAFTON HILLS,HD-1,Grafton Hill
R72 06506 0003,45000,21180,66180,45000,291640,336640,GRAFTON HILLS,HD-1,Grafton Hill
R72 06508 0028,24150,101330,125480,23980,63900,87880,GRAFTON HILLS,HD-1,Grafton Hill
R72 06506 0017,26750,49100,75850,26660,119110,145770,GRAFTON HILLS,HD-1,Grafton Hill
R72 06503 0002,24110,213200,237310,22510,221940,244450,GRAFTON HILLS,HD-1,Grafton Hill
R72 06508 0021,3020,82960,85980,24180,81450,105630,GRAFTON HILLS,HD-1,Grafton Hill
R72 50824 0003,5000,20130,25130,4000,12670,16670,GRAFTON HILLS,HD-1,Grafton Hill
R72 06503 0031,18380,121760,140140,32040,116560,148600,GRAFTON HILLS,HD-1,Grafton Hill
R72 50824 0006,5000,16650,21650,4000,10840,14840,GRAFTON HILLS,HD-1,Grafton Hill
R72 06511 0001,0,73700,73700,0,73700,73700,GRAFTON HILLS,HD-1,Grafton Hill
R72 06506 0005,29250,68630,97880,30660,69830,100490,GRAFTON HILLS,HD-1,Grafton Hill
R72 06508 0018,27120,93650,120770,26960,148660,175620,GRAFTON HILLS,HD-1,Grafton Hill
R72 06508 0008,22250,76130,98380,22200,104730,126930,GRAFTON HILLS,HD-1,Grafton Hill
R72 06508 0007,0,158570,158570,0,193690,193690,GRAFTON HILLS,HD-1,Grafton Hill
R72 06508 0010,27500,86340,113840,27840,144530,172370,GRAFTON HILLS,HD-1,Grafton Hill
R72 06508 0033,24850,97180,122030,24140,98360,122500,GRAFTON HILLS,HD-1,Grafton Hill
R72 06508 0012,22920,103000,125920,22780,152780,175560,GRAFTON HILLS,HD-1,Grafton Hill
R72 51423 0005,0,0,0,0,0,0,GRAFTON HILLS,HD-1,Grafton Hill
R72 51423 0001,192000,248240,440240,200000,216540,416540,GRAFTON HILLS,HD-1,Grafton Hill
R72 51423 0002,192000,357460,549460,0,110390,110390,GRAFTON HILLS,HD-1,Grafton Hill
R72 06506 0013,28600,96650,125250,28780,140480,169260,GRAFTON HILLS,HD-1,Grafton Hill
R72 06506 0028,!,!,!,576000,3696080,4272080,GRAFTON HILLS,HD-1,Grafton Hill
R72 06606 0011,530,0,530,530,0,530,GRAFTON HILLS,HD-1,Grafton Hill
R72 06606 0021,23510,13890,37400,23480,0,23480,GRAFTON HILLS,HD-1,Grafton Hill
R72 06606 0034,9000,1420,10420,2240,390,2630,GRAFTON HILLS,HD-1,Grafton Hill
R72 06606 0017,27500,65000,92500,2980,8500,11480,GRAFTON HILLS,HD-1,Grafton Hill
R72 06606 0016,126000,143310,269310,31190,22590,53780,GRAFTON HILLS,HD-1,Grafton Hill
R72 06606 0044,45000,3070,48070,2240,830,3070,GRAFTON HILLS,HD-1,Grafton Hill
R72 06606 0018,135000,135570,270570,31600,34240,65840,GRAFTON HILLS,HD-1,Grafton Hill
R72 06409 0001,40130,35530,75660,36300,2420,38720,GRAFTON HILLS,HD-1,Grafton Hill
R72 06504 0001,157050,3071620,3228670,142230,2572740,2714970,GRAFTON HILLS,HD-1,Grafton Hill
R72 06501 0033,30250,102420,132670,33380,191260,224640,GRAFTON HILLS,HD-1,Grafton Hill
R72 06501 0032,15130,0,15130,15070,0,15070,GRAFTON HILLS,HD-1,Grafton Hill
R72 06501 0062,9080,0,9080,7510,0,7510,GRAFTON HILLS,HD-1,Grafton Hill
R72 06501 0031,25710,129710,155420,27110,234670,261780,GRAFTON HILLS,HD-1,Grafton Hill
R72 06609 0007,30250,120360,150610,33380,155870,189250,GRAFTON HILLS,HD-1,Grafton Hill
R72 50824 0007,5000,16650,21650,4000,10840,14840,GRAFTON HILLS,HD-1,Grafton Hill
R72 06508 0001,52860,2380,55240,49340,3080,52420,GRAFTON HILLS,HD-1,Grafton Hill
R72 06501 0018,1680,0,1680,4520,0,4520,GRAFTON HILLS,HD-1,Grafton Hill
R72 06501 0016,30250,199460,229710,33380,265020,298400,GRAFTON HILLS,HD-1,Grafton Hill
R72 06501 0015,43010,65950,108960,43250,115540,158790,GRAFTON HILLS,HD-1,Grafton Hill
R72 06501 0061,19360,65380,84740,15890,34260,50150,GRAFTON HILLS,HD-1,Grafton Hill
R72 06609 0002,12100,0,12100,15070,0,15070,GRAFTON HILLS,HD-1,Grafton Hill
R72 06609 0001,30250,60470,90720,33380,81620,115000,GRAFTON HILLS,HD-1,Grafton Hill
R72 06507 0001,22770,105300,128070,22590,143110,165700,GRAFTON HILLS,HD-1,Grafton Hill
R72 06606 0015,23180,25730,48910,8550,56030,64580,GRAFTON HILLS,HD-1,Grafton Hill
R72 06503 0027,4200,146200,150400,19730,97280,117010,GRAFTON HILLS,HD-1,Grafton Hill
R72 50824 0010,5000,19200,24200,4000,15210,19210,GRAFTON HILLS,HD-1,Grafton Hill
R72 06503 0035,10880,101140,112020,17440,173090,190530,GRAFTON HILLS,HD-1,Grafton Hill
R72 06507 0013,24690,128200,152890,43030,177100,220130,GRAFTON HILLS,HD-1,Grafton Hill
R72 06501 0009,5400,0,5400,33380,101290,134670,GRAFTON HILLS,HD-1,Grafton Hill
R72 06501 0012,5400,0,5400,5400,0,5400,GRAFTON HILLS,HD-1,Grafton Hill
R72 06501 0011,5400,0,5400,5400,0,5400,GRAFTON HILLS,HD-1,Grafton Hill
R72 06609 0015,30250,74890,105140,33380,135330,168710,GRAFTON HILLS,HD-1,Grafton Hill
R72 06606 0048,92570,63740,156310,93150,707000,800150,GRAFTON HILLS,HD-1,Grafton Hill
R72 06508 0013,23750,90450,114200,23660,135500,159160,GRAFTON HILLS,HD-1,Grafton Hill
R72 50824 0012,5000,19200,24200,4000,11410,15410,GRAFTON HILLS,HD-1,Grafton Hill
R72 50824 0004,5000,16650,21650,4000,17040,21040,GRAFTON HILLS,HD-1,Grafton Hill
R72 50824 0016,5000,16330,21330,4000,9250,13250,GRAFTON HILLS,HD-1,Grafton Hill
R72 50824 0015,5000,15020,20020,4000,9220,13220,GRAFTON HILLS,HD-1,Grafton Hill
R72 06508 0026,28000,112680,140680,28470,116660,145130,GRAFTON HILLS,HD-1,Grafton Hill
R72 06503 0028,24940,159370,184310,44260,186480,230740,GRAFTON HILLS,HD-1,Grafton Hill
R72 06501 0044,29500,56950,86450,31600,81440,113040,GRAFTON HILLS,HD-1,Grafton Hill
R72 50824 0011,5000,16650,21650,4000,10840,14840,GRAFTON HILLS,HD-1,Grafton Hill
R72 06508 0002,29420,158560,187980,30040,230000,260040,GRAFTON HILLS,HD-1,Grafton Hill
R72 06609 0011,30250,47500,77750,5600,118020,123620,GRAFTON HILLS,HD-1,Grafton Hill
R72 06503 0046,12850,88310,101160,21250,102390,123640,GRAFTON HILLS,HD-1,Grafton Hill
R72 06506 0012,29900,109950,139850,30140,173460,203600,GRAFTON HILLS,HD-1,Grafton Hill
R72 06501 0037,30250,112850,143100,33380,153940,187320,GRAFTON HILLS,HD-1,Grafton Hill
R72 06504 0051,30250,161330,191580,33380,181740,215120,GRAFTON HILLS,HD-1,Grafton Hill
R72 06508 0005,34690,141340,176030,35990,212330,248320,GRAFTON HILLS,HD-1,Grafton Hill
R72 06606 0020,26950,15020,41970,9950,38440,48390,GRAFTON HILLS,HD-1,Grafton Hill
R72 06508 0011,19000,90300,109300,19800,115400,135200,GRAFTON HILLS,HD-1,Grafton Hill
R72 06503 0040,1160,0,1160,590,0,590,GRAFTON HILLS,HD-1,Grafton Hill
R72 06503 0033,12150,91410,103560,19640,118620,138260,GRAFTON HILLS,HD-1,Grafton Hill
R72 06609 0012,30250,49160,79410,33380,97890,131270,GRAFTON HILLS,HD-1,Grafton Hill
R72 06501 0048,26550,60440,86990,27780,104030,131810,GRAFTON HILLS,HD-1,Grafton Hill
R72 06503 0038,11500,125080,136580,18630,145330,163960,GRAFTON HILLS,HD-1,Grafton Hill
R72 06501 0039,30250,83740,113990,33380,138860,172240,GRAFTON HILLS,HD-1,Grafton Hill
R72 06501 0030,31760,95620,127380,31920,128380,160300,GRAFTON HILLS,HD-1,Grafton Hill
R72 06504 0035,219380,543670,763050,221000,617050,838050,GRAFTON HILLS,HD-1,Grafton Hill
R72 06506 0004,25220,79130,104350,25250,118740,143990,GRAFTON HILLS,HD-1,Grafton Hill
R72 06507 0007,43200,320840,364040,44440,350600,395040,GRAFTON HILLS,HD-1,Grafton Hill
R72 06507 0020,21360,137190,158550,21520,188210,209730,GRAFTON HILLS,HD-1,Grafton Hill
R72 06507 0003,11050,0,11050,9980,0,9980,GRAFTON HILLS,HD-1,Grafton Hill
R72 06508 0015,44230,133470,177700,45540,176330,221870,GRAFTON HILLS,HD-1,Grafton Hill
R72 06606 0026,30910,0,30910,28000,0,28000,GRAFTON HILLS,HD-1,Grafton Hill
R72 06606 0006,25710,0,25710,23280,0,23280,GRAFTON HILLS,HD-1,Grafton Hill
R72 06606 0025,5030,0,5030,4560,0,4560,GRAFTON HILLS,HD-1,Grafton Hill
R72 06606 0002,27170,0,27170,24600,0,24600,GRAFTON HILLS,HD-1,Grafton Hill
R72 06606 0005,25710,0,25710,23280,0,23280,GRAFTON HILLS,HD-1,Grafton Hill
R72 06606 0004,25710,0,25710,23280,0,23280,GRAFTON HILLS,HD-1,Grafton Hill
R72 06606 0001,25680,1531210,1556890,23050,1842710,1865760,GRAFTON HILLS,HD-1,Grafton Hill
R72 06506 0015,29930,29630,59560,30270,49730,80000,GRAFTON HILLS,HD-1,Grafton Hill
R72 06609 0003,30250,61300,91550,33380,147990,181370,GRAFTON HILLS,HD-1,Grafton Hill
R72 06609 0013,30250,94030,124280,33380,162560,195940,GRAFTON HILLS,HD-1,Grafton Hill
R72 06506 0029,!,!,!,10330,141670,152000,GRAFTON HILLS,HD-1,Grafton Hill
R72 06507 0011,27500,177610,205110,27740,243610,271350,GRAFTON HILLS,HD-1,Grafton Hill
R72 50824 0005,5000,20130,25130,4000,12670,16670,GRAFTON HILLS,HD-1,Grafton Hill
R72 06507 0002,16700,73750,90450,18210,86010,104220,GRAFTON HILLS,HD-1,Grafton Hill
R72 06609 0004,30250,71720,101970,33380,63600,96980,GRAFTON HILLS,HD-1,Grafton Hill
R72 01210 0044,14880,28020,42900,10280,170210,180490,HISTORIC INNER EAST,HD-2,Huffman
R72 02208 0047,4780,43580,48360,4780,42570,47350,HISTORIC INNER EAST,HD-1,Huffman
R72 02203 0001,7240,0,7240,3440,0,3440,HISTORIC INNER EAST,HD-2,Huffman
R72 01208 0005,15610,42560,58170,10880,78500,89380,HISTORIC INNER EAST,HD-2,Huffman
R72 02203 0031,14880,34580,49460,10280,61850,72130,HISTORIC INNER EAST,HD-2,Huffman
R72 01210 0060,14880,17940,32820,10280,6000,16280,HISTORIC INNER EAST,HD-2,Huffman
R72 01209 0087,8940,0,8940,8940,0,8940,HISTORIC INNER EAST,HD-2,Huffman
R72 02203 0011,7680,5360,13040,5370,0,5370,HISTORIC INNER EAST,HD-2,Huffman
R72 02203 0069,6140,6620,12760,6140,7370,13510,HISTORIC INNER EAST,HD-1,Huffman
R72 01209 0002,14400,37970,52370,14400,58090,72490,HISTORIC INNER EAST,HD-1,Huffman
R72 01211 0061,4420,0,4420,5890,4520,10410,HISTORIC INNER EAST,HD-2,Huffman
R72 01208 0070,17150,24290,41440,12290,30930,43220,HISTORIC INNER EAST,HD-2,Huffman
R72 01209 0001,7700,107670,115370,6650,87030,93680,HISTORIC INNER EAST,HD-1,Huffman
R72 01206 0038,6480,2020,8500,6480,2090,8570,HISTORIC INNER EAST,HD-2,Huffman
R72 01206 0027,7490,0,7490,4730,0,4730,HISTORIC INNER EAST,HD-2,Huffman
R72 01205 0003,10040,71080,81120,10040,67940,77980,HISTORIC INNER EAST,HD-1,Huffman
R72 01208 0066,17150,9090,26240,12290,55780,68070,HISTORIC INNER EAST,HD-2,Huffman
R72 01209 0009,4860,18440,23300,4860,19500,24360,HISTORIC INNER EAST,HD-2,Huffman
R72 01211 0055,14580,4130,18710,5170,57830,63000,HISTORIC INNER EAST,HD-1,Huffman
R72 01206 0009,14990,14070,29060,10500,1010,11510,HISTORIC INNER EAST,HD-2,Huffman
R72 01205 0004,10040,82260,92300,10040,70420,80460,HISTORIC INNER EAST,HD-1,Huffman
R72 01208 0076,1440,0,1440,1440,0,1440,HISTORIC INNER EAST,HD-2,Huffman
R72 01210 0062,13230,20560,33790,8900,39760,48660,HISTORIC INNER EAST,HD-2,Huffman
R72 01210 0067,5200,0,5200,3480,0,3480,HISTORIC INNER EAST,HD-2,Huffman
R72 01210 0058,13470,42840,56310,9100,69950,79050,HISTORIC INNER EAST,HD-2,Huffman
R72 01206 0023,14990,5130,20120,10500,16120,26620,HISTORIC INNER EAST,HD-2,Huffman
R72 01206 0004,7490,0,7490,4730,0,4730,HISTORIC INNER EAST,HD-2,Huffman
R72 01207 0073,12750,35040,47790,9020,28690,37710,HISTORIC INNER EAST,HD-2,Huffman
R72 01206 0055,14990,65050,80040,10500,85540,96040,HISTORIC INNER EAST,HD-2,Huffman
R72 01206 0029,8120,0,8120,5230,0,5230,HISTORIC INNER EAST,HD-2,Huffman
R72 01206 0058,16730,61740,78470,12080,107650,119730,HISTORIC INNER EAST,HD-2,Huffman
R72 01206 0036,14990,27040,42030,10500,32480,42980,HISTORIC INNER EAST,HD-2,Huffman
R72 01206 0026,14990,20190,35180,10500,33980,44480,HISTORIC INNER EAST,HD-2,Huffman
R72 01206 0052,19980,66120,86100,15000,153470,168470,HISTORIC INNER EAST,HD-2,Huffman
R72 01206 0011,7490,0,7490,4730,0,4730,HISTORIC INNER EAST,HD-2,Huffman
R72 01209 0055,13120,57960,71080,8780,88810,97590,HISTORIC INNER EAST,HD-2,Huffman
R72 02203 0050,14880,27010,41890,10280,37790,48070,HISTORIC INNER EAST,HD-2,Huffman
R72 01208 0051,14460,41310,55770,9940,60210,70150,HISTORIC INNER EAST,HD-2,Huffman
R72 01210 0059,15120,13800,28920,10480,33490,43970,HISTORIC INNER EAST,HD-2,Huffman
R72 01208 0068,9500,3830,13330,9500,6640,16140,HISTORIC INNER EAST,HD-2,Huffman
R72 02202 0011,8230,26240,34470,4900,4780,9680,HISTORIC INNER EAST,HD-2,Huffman
R72 01207 0068,15300,19230,34530,10730,22690,33420,HISTORIC INNER EAST,HD-2,Huffman
R72 01208 0072,6000,11250,17250,6000,25290,31290,HISTORIC INNER EAST,HD-2,Huffman
R72 01211 0063,23110,48560,71670,14650,68090,82740,HISTORIC INNER EAST,HD-2,Huffman
R72 01210 0074,14880,32700,47580,10280,45730,56010,HISTORIC INNER EAST,HD-2,Huffman
R72 01206 0008,14990,32490,47480,10500,8780,19280,HISTORIC INNER EAST,HD-2,Huffman
R72 01206 0013,14990,11940,26930,10500,6740,17240,HISTORIC INNER EAST,HD-2,Huffman
R72 01206 0057,16730,46300,63030,12080,53600,65680,HISTORIC INNER EAST,HD-2,Huffman
R72 02201 0005,18480,32990,51470,13650,57240,70890,HISTORIC INNER EAST,HD-1,Huffman
R72 02201 0003,6320,88950,95270,4920,84860,89780,HISTORIC INNER EAST,HD-1,Huffman
R72 02201 0009,18480,67250,85730,13650,77540,91190,HISTORIC INNER EAST,HD-2,Huffman
R72 01209 0016,17150,64590,81740,12290,78580,90870,HISTORIC INNER EAST,HD-2,Huffman
R72 02201 0015,14740,14050,28790,10280,40080,50360,HISTORIC INNER EAST,HD-2,Huffman
R72 02202 0061,6300,9990,16290,3840,27700,31540,HISTORIC INNER EAST,HD-2,Huffman
R72 01209 0010,2980,0,2980,2980,0,2980,HISTORIC INNER EAST,HD-2,Huffman
R72 02201 0028,8770,0,8770,5820,0,5820,HISTORIC INNER EAST,HD-2,Huffman
R72 02203 0045,14880,4880,19760,10280,24130,34410,HISTORIC INNER EAST,HD-2,Huffman
R72 01208 0007,13770,5730,19500,4690,0,4690,HISTORIC INNER EAST,HD-2,Huffman
R72 02202 0026,6870,26920,33790,4030,25070,29100,HISTORIC INNER EAST,HD-2,Huffman
R72 01208 0071,17150,4380,21530,12290,27810,40100,HISTORIC INNER EAST,HD-2,Huffman
R72 01210 0097,10490,25870,36360,7020,51530,58550,HISTORIC INNER EAST,HD-2,Huffman
R72 01208 0012,6870,0,6870,4220,0,4220,HISTORIC INNER EAST,HD-1,Huffman
R72 02203 0052,13020,14010,27030,8690,55690,64380,HISTORIC INNER EAST,HD-2,Huffman
R72 01209 0060,13500,69920,83420,13500,119180,132680,HISTORIC INNER EAST,HD-1,Huffman
R72 02203 0032,14880,23180,38060,10280,45840,56120,HISTORIC INNER EAST,HD-2,Huffman
R72 01209 0056,13500,54770,68270,13500,56390,69890,HISTORIC INNER EAST,HD-1,Huffman
R72 01210 0063,5100,0,5100,3400,0,3400,HISTORIC INNER EAST,HD-2,Huffman
R72 01206 0035,14990,52800,67790,10500,57490,67990,HISTORIC INNER EAST,HD-2,Huffman
R72 01206 0050,8750,0,8750,6380,0,6380,HISTORIC INNER EAST,HD-2,Huffman
R72 01206 0041,24300,5670,29970,24300,3640,27940,HISTORIC INNER EAST,HD-1,Huffman
R72 01210 0078,14410,22320,36730,9890,57260,67150,HISTORIC INNER EAST,HD-2,Huffman
R72 01209 0107,17150,30500,47650,12290,44290,56580,HISTORIC INNER EAST,HD-2,Huffman
R72 02203 0067,12480,69580,82060,7780,9570,17350,HISTORIC INNER EAST,HD-1,Huffman
R72 01209 0108,17150,880,18030,12290,48060,60350,HISTORIC INNER EAST,HD-2,Huffman
R72 01211 0008,12060,95640,107700,12060,30810,42870,HISTORIC INNER EAST,HD-1,Huffman
R72 01209 0050,15030,34020,49050,10380,174930,185310,HISTORIC INNER EAST,HD-2,Huffman
R72 01210 0065,5200,0,5200,3480,0,3480,HISTORIC INNER EAST,HD-2,Huffman
R72 01210 0075,14880,60400,75280,10280,78620,88900,HISTORIC INNER EAST,HD-2,Huffman
R72 02203 0008,18900,25980,44880,13730,51160,64890,HISTORIC INNER EAST,HD-2,Huffman
R72 02202 0027,3640,16970,20610,2200,9530,11730,HISTORIC INNER EAST,HD-2,Huffman
R72 02202 0060,6480,22270,28750,3920,16340,20260,HISTORIC INNER EAST,HD-2,Huffman
R72 02201 0059,3690,0,3690,1440,0,1440,HISTORIC INNER EAST,HD-1,Huffman
R72 01212 0032,13750,8280,22030,9340,21130,30470,HISTORIC INNER EAST,HD-2,Huffman
R72 01211 0065,13750,10930,24680,9340,25050,34390,HISTORIC INNER EAST,HD-2,Huffman
R72 01206 0067,9950,34770,44720,6470,54240,60710,HISTORIC INNER EAST,HD-2,Huffman
R72 01208 0038,1660,0,1660,2820,0,2820,HISTORIC INNER EAST,HD-1,Huffman
R72 02203 0049,15410,38450,53860,10740,35970,46710,HISTORIC INNER EAST,HD-2,Huffman
R72 01210 0081,14880,43880,58760,10280,77820,88100,HISTORIC INNER EAST,HD-2,Huffman
R72 01208 0050,7230,0,7230,4470,0,4470,HISTORIC INNER EAST,HD-2,Huffman
R72 01209 0039,17150,44770,61920,12290,43890,56180,HISTORIC INNER EAST,HD-2,Huffman
R72 02202 0014,8490,38040,46530,2550,0,2550,HISTORIC INNER EAST,HD-1,Huffman
R72 02202 0013,14400,26140,40540,6450,0,6450,HISTORIC INNER EAST,HD-1,Huffman
R72 02202 0040,7360,11370,18730,4410,6610,11020,HISTORIC INNER EAST,HD-2,Huffman
R72 01210 0095,7560,0,7560,4720,0,4720,HISTORIC INNER EAST,HD-2,Huffman
R72 02203 0034,15120,6720,21840,10480,4010,14490,HISTORIC INNER EAST,HD-2,Huffman
R72 02201 0019,18480,2140,20620,13650,2140,15790,HISTORIC INNER EAST,HD-2,Huffman
R72 02201 0018,14740,7850,22590,10280,40520,50800,HISTORIC INNER EAST,HD-2,Huffman
R72 02201 0002,6550,0,6550,2550,0,2550,HISTORIC INNER EAST,HD-1,Huffman
R72 02203 0012,14880,14550,29430,10330,58230,68560,HISTORIC INNER EAST,HD-2,Huffman
R72 01210 0072,12290,56340,68630,8110,80180,88290,HISTORIC INNER EAST,HD-2,Huffman
R72 01209 0062,11880,26390,38270,11880,22330,34210,HISTORIC INNER EAST,HD-2,Huffman
R72 01208 0077,6000,18930,24930,6000,19400,25400,HISTORIC INNER EAST,HD-2,Huffman
R72 01210 0096,14880,28570,43450,10280,64950,75230,HISTORIC INNER EAST,HD-2,Huffman
R72 01210 0041,14880,30790,45670,10280,53550,63830,HISTORIC INNER EAST,HD-2,Huffman
R72 02203 0044,14880,31890,46770,10280,55180,65460,HISTORIC INNER EAST,HD-2,Huffman
R72 01208 0064,17150,28760,45910,12290,32440,44730,HISTORIC INNER EAST,HD-2,Huffman
R72 01209 0040,8580,0,8580,6140,0,6140,HISTORIC INNER EAST,HD-2,Huffman
R72 02203 0035,15120,11390,26510,10480,24520,35000,HISTORIC INNER EAST,HD-2,Huffman
R72 01209 0072,15980,58590,74570,11400,91090,102490,HISTORIC INNER EAST,HD-2,Huffman
R72 01210 0043,15120,18860,33980,10480,55350,65830,HISTORIC INNER EAST,HD-2,Huffman
R72 01210 0023,11660,23180,34840,10080,84690,94770,HISTORIC INNER EAST,HD-2,Huffman
R72 01210 0093,14880,18760,33640,10280,33510,43790,HISTORIC INNER EAST,HD-2,Huffman
R72 01210 0061,14880,33180,48060,10280,47990,58270,HISTORIC INNER EAST,HD-2,Huffman
R72 01209 0078,14990,37940,52930,10500,86380,96880,HISTORIC INNER EAST,HD-2,Huffman
R72 01208 0011,13490,16330,29820,4580,0,4580,HISTORIC INNER EAST,HD-1,Huffman
R72 01209 0066,18230,58880,77110,13430,102650,116080,HISTORIC INNER EAST,HD-2,Huffman
R72 01209 0068,13740,51840,65580,9380,71360,80740,HISTORIC INNER EAST,HD-2,Huffman
R72 01212 0035,14460,34040,48500,9990,35210,45200,HISTORIC INNER EAST,HD-2,Huffman
R72 01208 0002,10840,11170,22010,7060,69050,76110,HISTORIC INNER EAST,HD-2,Huffman
R72 01211 0064,13750,19720,33470,9340,47400,56740,HISTORIC INNER EAST,HD-2,Huffman
R72 02202 0015,8840,45040,53880,5310,46120,51430,HISTORIC INNER EAST,HD-2,Huffman
R72 02202 0017,8230,10090,18320,4880,39140,44020,HISTORIC INNER EAST,HD-1,Huffman
R72 02202 0012,14400,22710,37110,14400,19030,33430,HISTORIC INNER EAST,HD-2,Huffman
R72 01209 0083,16220,56870,73090,11390,95430,106820,HISTORIC INNER EAST,HD-2,Huffman
R72 01209 0045,17150,7490,24640,12290,32030,44320,HISTORIC INNER EAST,HD-2,Huffman
R72 01210 0079,8420,23050,31470,5250,12910,18160,HISTORIC INNER EAST,HD-2,Huffman
R72 01209 0058,13500,4970,18470,13500,6590,20090,HISTORIC INNER EAST,HD-1,Huffman
R72 01210 0082,22920,10790,33710,17020,27220,44240,HISTORIC INNER EAST,HD-2,Huffman
R72 02201 0001,1930,0,1930,1500,0,1500,HISTORIC INNER EAST,HD-1,Huffman
R72 02203 0046,14880,43080,57960,10280,75130,85410,HISTORIC INNER EAST,HD-2,Huffman
R72 02203 0027,14880,14130,29010,10280,33090,43370,HISTORIC INNER EAST,HD-2,Huffman
R72 02203 0036,15120,27260,42380,10480,31360,41840,HISTORIC INNER EAST,HD-2,Huffman
R72 01208 0067,17150,30600,47750,12290,49690,61980,HISTORIC INNER EAST,HD-2,Huffman
R72 01208 0034,1730,0,1730,1090,0,1090,HISTORIC INNER EAST,HD-1,Huffman
R72 02203 0051,14880,37020,51900,10280,69750,80030,HISTORIC INNER EAST,HD-2,Huffman
R72 01208 0014,2280,0,2280,2280,0,2280,HISTORIC INNER EAST,HD-1,Huffman
R72 01209 0075,18730,38680,57410,13880,76650,90530,HISTORIC INNER EAST,HD-2,Huffman
R72 02201 0021,12990,28200,41190,8700,48440,57140,HISTORIC INNER EAST,HD-2,Huffman
R72 01208 0009,15610,660,16270,4890,0,4890,HISTORIC INNER EAST,HD-2,Huffman
R72 01209 0003,12180,63080,75260,12180,48660,60840,HISTORIC INNER EAST,HD-1,Huffman
R72 01209 0036,13980,45800,59780,9580,69820,79400,HISTORIC INNER EAST,HD-1,Huffman
R72 02202 0016,7610,18950,26560,4470,38870,43340,HISTORIC INNER EAST,HD-2,Huffman
R72 01209 0041,17150,36460,53610,12290,45410,57700,HISTORIC INNER EAST,HD-2,Huffman
R72 01209 0038,8580,0,8580,6140,0,6140,HISTORIC INNER EAST,HD-2,Huffman
R72 02201 0007,18480,16500,34980,13650,30920,44570,HISTORIC INNER EAST,HD-1,Huffman
R72 02201 0008,18480,10320,28800,13650,39100,52750,HISTORIC INNER EAST,HD-2,Huffman
R72 02203 0019,13230,19960,33190,7910,42440,50350,HISTORIC INNER EAST,HD-2,Huffman
R72 01211 0001,16230,37380,53610,8730,0,8730,HISTORIC INNER EAST,HD-1,Huffman
R72 01210 0021,7390,0,7390,4390,0,4390,HISTORIC INNER EAST,HD-2,Huffman
R72 02201 0006,18480,21820,40300,13650,34760,48410,HISTORIC INNER EAST,HD-1,Huffman
R72 01210 0042,14880,15450,30330,10280,36070,46350,HISTORIC INNER EAST,HD-2,Huffman
R72 02201 0011,12990,16260,29250,8700,40250,48950,HISTORIC INNER EAST,HD-2,Huffman
R72 01208 0069,8580,0,8580,6140,0,6140,HISTORIC INNER EAST,HD-2,Huffman
R72 02201 0010,12990,19270,32260,8700,40970,49670,HISTORIC INNER EAST,HD-2,Huffman
R72 01207 0067,15300,4210,19510,10730,9780,20510,HISTORIC INNER EAST,HD-2,Huffman
R72 02202 0021,9170,24370,33540,5440,31130,36570,HISTORIC INNER EAST,HD-2,Huffman
R72 02203 0074,14400,38840,53240,14400,14340,28740,HISTORIC INNER EAST,HD-2,Huffman
R72 01212 0004,15730,12250,27980,11180,39340,50520,HISTORIC INNER EAST,HD-2,Huffman
R72 01212 0009,13890,16600,30490,9390,41390,50780,HISTORIC INNER EAST,HD-2,Huffman
R72 01211 0067,15730,48550,64280,11180,67670,78850,HISTORIC INNER EAST,HD-2,Huffman
R72 01211 0066,15730,49390,65120,11180,67610,78790,HISTORIC INNER EAST,HD-2,Huffman
R72 01208 0061,14460,14320,28780,9940,38400,48340,HISTORIC INNER EAST,HD-2,Huffman
R72 01211 0038,16730,41580,58310,12660,52150,64810,HISTORIC INNER EAST,HD-2,Huffman
R72 01210 0004,12880,31650,44530,8580,61890,70470,HISTORIC INNER EAST,HD-2,Huffman
R72 02203 0113,720,0,720,720,0,720,HISTORIC INNER EAST,HD-2,Huffman
R72 01212 0007,15730,51860,67590,11180,73200,84380,HISTORIC INNER EAST,HD-2,Huffman
R72 02201 0033,14990,31330,46320,10500,85840,96340,HISTORIC INNER EAST,HD-2,Huffman
R72 02201 0037,18480,33250,51730,13650,74960,88610,HISTORIC INNER EAST,HD-2,Huffman
R72 01212 0016,17230,99500,116730,12530,110760,123290,HISTORIC INNER EAST,HD-2,Huffman
R72 02201 0052,16980,58890,75870,12300,96410,108710,HISTORIC INNER EAST,HD-1,Huffman
R72 02201 0039,22730,62730,85460,17480,69120,86600,HISTORIC INNER EAST,HD-2,Huffman
R72 01212 0012,15610,64950,80560,10880,60870,71750,HISTORIC INNER EAST,HD-2,Huffman
R72 01210 0015,15310,39780,55090,10680,89590,100270,HISTORIC INNER EAST,HD-2,Huffman
R72 01211 0003,9090,80910,90000,9090,53130,62220,HISTORIC INNER EAST,HD-1,Huffman
R72 01211 0006,5910,52850,58760,5910,45280,51190,HISTORIC INNER EAST,HD-1,Huffman
R72 01211 0019,15550,39210,54760,10890,62320,73210,HISTORIC INNER EAST,HD-2,Huffman
R72 01211 0032,24980,34090,59070,18330,95850,114180,HISTORIC INNER EAST,HD-2,Huffman
R72 01211 0026,15310,32420,47730,10680,96730,107410,HISTORIC INNER EAST,HD-2,Huffman
R72 01211 0035,16730,50350,67080,12660,112140,124800,HISTORIC INNER EAST,HD-2,Huffman
R72 02203 0015,14400,51240,65640,14400,98600,113000,HISTORIC INNER EAST,HD-2,Huffman
R72 01212 0022,15230,70620,85850,10730,90430,101160,HISTORIC INNER EAST,HD-2,Huffman
R72 01211 0015,9480,21600,31080,6530,36540,43070,HISTORIC INNER EAST,HD-2,Huffman
R72 01210 0007,13800,30220,44020,9890,97890,107780,HISTORIC INNER EAST,HD-2,Huffman
R72 01211 0011,20170,12250,32420,14880,110970,125850,HISTORIC INNER EAST,HD-2,Huffman
R72 01211 0027,6120,0,6120,4270,1870,6140,HISTORIC INNER EAST,HD-2,Huffman
R72 01211 0029,15310,30810,46120,10680,67910,78590,HISTORIC INNER EAST,HD-2,Huffman
R72 01211 0039,16730,78540,95270,12660,99860,112520,HISTORIC INNER EAST,HD-2,Huffman
R72 01211 0048,8560,30280,38840,8560,26090,34650,HISTORIC INNER EAST,HD-2,Huffman
R72 02201 0048,18480,247580,266060,13650,301630,315280,HISTORIC INNER EAST,HD-2,Huffman
R72 02201 0049,4750,0,4750,4750,0,4750,HISTORIC INNER EAST,HD-2,Huffman
R72 01212 0025,8020,3500,11520,6930,3620,10550,HISTORIC INNER EAST,HD-2,Huffman
R72 02203 0083,18480,31340,49820,13650,48510,62160,HISTORIC INNER EAST,HD-2,Huffman
R72 01209 0049,12190,75340,87530,8110,89100,97210,HISTORIC INNER EAST,HD-2,Huffman
R72 01208 0057,14460,41520,55980,9940,57250,67190,HISTORIC INNER EAST,HD-2,Huffman
R72 01212 0011,6000,101630,107630,6000,84320,90320,HISTORIC INNER EAST,HD-2,Huffman
R72 01212 0047,17730,100180,117910,12980,123110,136090,HISTORIC INNER EAST,HD-1,Huffman
R72 02201 0042,17230,94250,111480,12530,163490,176020,HISTORIC INNER EAST,HD-2,Huffman
R72 02203 0024,16580,91210,107790,12360,116990,129350,HISTORIC INNER EAST,HD-2,Huffman
R72 02203 0073,14470,33280,47750,9970,49750,59720,HISTORIC INNER EAST,HD-2,Huffman
R72 01212 0001,15730,12610,28340,11180,25220,36400,HISTORIC INNER EAST,HD-2,Huffman
R72 01211 0028,6120,0,6120,4270,0,4270,HISTORIC INNER EAST,HD-2,Huffman
R72 01212 0026,8020,92340,100360,6930,94110,101040,HISTORIC INNER EAST,HD-2,Huffman
R72 01211 0013,18470,17200,35670,13410,50270,63680,HISTORIC INNER EAST,HD-2,Huffman
R72 01211 0023,16520,45740,62260,11730,61280,73010,HISTORIC INNER EAST,HD-2,Huffman
R72 01211 0041,16730,72540,89270,12660,93320,105980,HISTORIC INNER EAST,HD-2,Huffman
R72 02203 0070,10680,2730,13410,10680,2940,13620,HISTORIC INNER EAST,HD-1,Huffman
R72 01212 0036,17420,73740,91160,19350,160650,180000,HISTORIC INNER EAST,HD-2,Huffman
R72 02201 0030,14850,7680,22530,10180,5510,15690,HISTORIC INNER EAST,HD-2,Huffman
R72 01212 0002,15730,15760,31490,11180,58110,69290,HISTORIC INNER EAST,HD-2,Huffman
R72 01212 0024,14740,45260,60000,10280,60090,70370,HISTORIC INNER EAST,HD-2,Huffman
R72 01208 0054,14460,52240,66700,9940,66730,76670,HISTORIC INNER EAST,HD-2,Huffman
R72 02203 0077,6000,45710,51710,6000,73240,79240,HISTORIC INNER EAST,HD-2,Huffman
R72 01210 0018,15310,54250,69560,10680,75080,85760,HISTORIC INNER EAST,HD-2,Huffman
R72 01212 0027,8020,0,8020,6930,0,6930,HISTORIC INNER EAST,HD-2,Huffman
R72 01210 0011,13370,34640,48010,9000,88910,97910,HISTORIC INNER EAST,HD-2,Huffman
R72 01210 0009,13370,37990,51360,9000,67790,76790,HISTORIC INNER EAST,HD-2,Huffman
R72 01212 0005,15730,47360,63090,11180,63300,74480,HISTORIC INNER EAST,HD-2,Huffman
R72 01211 0016,14400,56060,70460,14400,62920,77320,HISTORIC INNER EAST,HD-2,Huffman
R72 02202 0047,8300,21850,30150,4820,6810,11630,HISTORIC INNER EAST,HD-2,Huffman
R72 01208 0060,14460,53560,68020,9940,58420,68360,HISTORIC INNER EAST,HD-2,Huffman
R72 01211 0025,14090,37900,51990,9630,67030,76660,HISTORIC INNER EAST,HD-2,Huffman
R72 01210 0005,14090,28720,42810,9630,62820,72450,HISTORIC INNER EAST,HD-2,Huffman
R72 02203 0023,15590,25490,41080,11030,40260,51290,HISTORIC INNER EAST,HD-2,Huffman
R72 02203 0078,18480,54480,72960,13650,55090,68740,HISTORIC INNER EAST,HD-2,Huffman
R72 02201 0031,12890,44610,57500,8490,61710,70200,HISTORIC INNER EAST,HD-2,Huffman
R72 01206 0003,7360,0,7360,4560,0,4560,HISTORIC INNER EAST,HD-2,Huffman
R72 01211 0044,!,!,!,12660,66940,79600,HISTORIC INNER EAST,HD-2,Huffman
R72 01206 0005,14990,32960,47950,10500,46110,56610,HISTORIC INNER EAST,HD-2,Huffman
R72 01206 0031,15480,13130,28610,10950,4020,14970,HISTORIC INNER EAST,HD-2,Huffman
R72 01212 0048,!,!,!,4220,0,4220,HISTORIC INNER EAST,HD-1,Huffman
R72 02201 0020,12990,19540,32530,8700,44500,53200,HISTORIC INNER EAST,HD-2,Huffman
R72 01210 0006,11420,37890,49310,7320,57870,65190,HISTORIC INNER EAST,HD-2,Huffman
R72 02203 0048,14880,6060,20940,10280,4890,15170,HISTORIC INNER EAST,HD-2,Huffman
R72 01212 0030,14400,58060,72460,14400,57610,72010,HISTORIC INNER EAST,HD-2,Huffman
R72 02202 0018,9230,4180,13410,3990,0,3990,HISTORIC INNER EAST,HD-1,Huffman
R72 01211 0031,16670,25180,41850,11530,59900,71430,HISTORIC INNER EAST,HD-2,Huffman
R72 02201 0046,19730,116740,136470,14780,151920,166700,HISTORIC INNER EAST,HD-2,Huffman
R72 02203 0021,12830,21240,34070,8500,34680,43180,HISTORIC INNER EAST,HD-2,Huffman
R72 02201 0027,13050,21630,34680,8790,48970,57760,HISTORIC INNER EAST,HD-2,Huffman
R72 01207 0069,9180,2830,12010,5370,3370,8740,HISTORIC INNER EAST,HD-2,Huffman
R72 02203 0090,8640,3010,11650,8640,3010,11650,HISTORIC INNER EAST,HD-2,Huffman
R72 02207 0010,6300,0,6300,4470,0,4470,HISTORIC INNER EAST,HD-2,Huffman
R72 02207 0013,15730,16340,32070,11180,46580,57760,HISTORIC INNER EAST,HD-2,Huffman
R72 01212 0044,8900,403430,412330,7690,395750,403440,HISTORIC INNER EAST,HD-1,Huffman
R72 01207 0075,380,0,380,380,0,380,HISTORIC INNER EAST,HD-2,Huffman
R72 02201 0024,18480,44240,62720,13650,60360,74010,HISTORIC INNER EAST,HD-2,Huffman
R72 02201 0022,12990,32150,45140,8700,57580,66280,HISTORIC INNER EAST,HD-2,Huffman
R72 01209 0032,8550,0,8550,8550,0,8550,HISTORIC INNER EAST,HD-1,Huffman
R72 01209 0031,8550,27000,35550,8550,22620,31170,HISTORIC INNER EAST,HD-1,Huffman
R72 02201 0026,18150,32200,50350,13250,91840,105090,HISTORIC INNER EAST,HD-2,Huffman
R72 02201 0029,7020,18120,25140,4190,32300,36490,HISTORIC INNER EAST,HD-2,Huffman
R72 01209 0011,7020,3320,10340,7020,3430,10450,HISTORIC INNER EAST,HD-2,Huffman
R72 02207 0011,15980,18490,34470,11400,25360,36760,HISTORIC INNER EAST,HD-2,Huffman
R72 02201 0023,13240,18020,31260,8930,35760,44690,HISTORIC INNER EAST,HD-2,Huffman
R72 01210 0084,14650,25590,40240,5040,0,5040,HISTORIC INNER EAST,HD-2,Huffman
R72 02203 0055,1560,0,1560,940,0,940,HISTORIC INNER EAST,HD-2,Huffman
R72 01207 0077,4800,0,4800,3360,0,3360,HISTORIC INNER EAST,HD-2,Huffman
R72 01206 0025,14990,26490,41480,10500,42530,53030,HISTORIC INNER EAST,HD-2,Huffman
R72 02207 0003,19980,16130,36110,15000,28370,43370,HISTORIC INNER EAST,HD-2,Huffman
R72 02203 0006,18900,48030,66930,13730,50410,64140,HISTORIC INNER EAST,HD-2,Huffman
R72 02206 0001,79750,337070,416820,71780,305790,377570,HISTORIC INNER EAST,HD-2,Huffman
R72 01210 0080,7060,43450,50510,6100,33940,40040,HISTORIC INNER EAST,HD-2,Huffman
R72 01210 0056,16300,49310,65610,11470,68420,79890,HISTORIC INNER EAST,HD-2,Huffman
R72 01209 0037,6740,17740,24480,6740,15610,22350,HISTORIC INNER EAST,HD-1,Huffman
R72 02203 0033,7440,0,7440,4630,0,4630,HISTORIC INNER EAST,HD-2,Huffman
R72 01209 0046,17150,28900,46050,12290,53820,66110,HISTORIC INNER EAST,HD-2,Huffman
R72 01208 0073,6000,6210,12210,6000,17550,23550,HISTORIC INNER EAST,HD-2,Huffman
R72 02203 0058,4700,0,4700,2770,0,2770,HISTORIC INNER EAST,HD-2,Huffman
R72 02203 0037,5320,0,5320,11730,0,11730,HISTORIC INNER EAST,HD-2,Huffman
R72 01209 0047,17150,27710,44860,12290,70420,82710,HISTORIC INNER EAST,HD-2,Huffman
R72 02202 0020,7480,1600,9080,3230,0,3230,HISTORIC INNER EAST,HD-1,Huffman
R72 01209 0048,17150,26890,44040,12290,33570,45860,HISTORIC INNER EAST,HD-2,Huffman
R72 01211 0062,5900,0,5900,5900,1340,7240,HISTORIC INNER EAST,HD-2,Huffman
R72 01210 0070,12290,37180,49470,8110,149630,157740,HISTORIC INNER EAST,HD-2,Huffman
R72 02201 0057,7130,3690,10820,7130,4900,12030,HISTORIC INNER EAST,HD-1,Huffman
R72 02203 0018,10400,37460,47860,6970,72170,79140,HISTORIC INNER EAST,HD-2,Huffman
R72 02203 0112,16100,22790,38890,11230,37110,48340,HISTORIC INNER EAST,HD-2,Huffman
R72 01206 0024,14990,22820,37810,10500,28970,39470,HISTORIC INNER EAST,HD-2,Huffman
R72 01206 0054,14990,28450,43440,10500,54100,64600,HISTORIC INNER EAST,HD-2,Huffman
R72 02201 0055,10150,5110,15260,10150,6770,16920,HISTORIC INNER EAST,HD-1,Huffman
R72 01212 0043,6290,2730,9020,5430,3620,9050,HISTORIC INNER EAST,HD-1,Huffman
R72 02201 0035,18000,86430,104430,18000,75480,93480,HISTORIC INNER EAST,HD-2,Huffman
R72 01206 0016,1620,3200,4820,1620,4130,5750,HISTORIC INNER EAST,HD-2,Huffman
R72 01206 0022,4500,18180,22680,10500,35500,46000,HISTORIC INNER EAST,HD-2,Huffman
R72 02201 0058,14850,4770,19620,9500,6330,15830,HISTORIC INNER EAST,HD-1,Huffman
R72 02203 0110,3490,0,3490,4040,0,4040,HISTORIC INNER EAST,HD-1,Huffman
R72 02201 0044,19730,90790,110520,14780,137740,152520,HISTORIC INNER EAST,HD-2,Huffman
R72 02203 0065,5140,0,5140,2220,0,2220,HISTORIC INNER EAST,HD-1,Huffman
R72 02203 0005,21810,579240,601050,39260,601890,641150,HISTORIC INNER EAST,HD-2,Huffman
R72 02201 0053,11230,5570,16800,11230,7390,18620,HISTORIC INNER EAST,HD-1,Huffman
R72 01210 0039,14880,23070,37950,10280,62260,72540,HISTORIC INNER EAST,HD-2,Huffman
R72 02203 0026,14320,34420,48740,9790,45100,54890,HISTORIC INNER EAST,HD-2,Huffman
R72 02203 0003,14880,21460,36340,10330,38550,48880,HISTORIC INNER EAST,HD-2,Huffman
R72 01210 0001,22180,545350,567530,19960,545950,565910,HISTORIC INNER EAST,HD-2,Huffman
R72 01208 0047,7890,13260,21150,12150,40980,53130,HISTORIC INNER EAST,HD-1,Huffman
R72 01210 0035,4220,0,4220,3800,0,3800,HISTORIC INNER EAST,HD-2,Huffman
R72 01211 0043,17110,45720,62830,10660,35940,46600,HISTORIC INNER EAST,HD-2,Huffman
R72 01208 0056,3510,0,3510,3140,0,3140,HISTORIC INNER EAST,HD-2,Huffman
R72 01211 0033,12760,11560,24320,8070,74350,82420,HISTORIC INNER EAST,HD-2,Huffman
R72 01206 0006,14990,6140,21130,10500,4650,15150,HISTORIC INNER EAST,HD-2,Huffman
R72 01206 0028,7490,0,7490,4730,0,4730,HISTORIC INNER EAST,HD-2,Huffman
R72 01211 0069,1270,1910,3180,9070,2520,11590,HISTORIC INNER EAST,HD-2,Huffman
R72 01206 0014,14990,28690,43680,10500,52000,62500,HISTORIC INNER EAST,HD-2,Huffman
R72 01206 0007,14990,32860,47850,10500,49420,59920,HISTORIC INNER EAST,HD-2,Huffman
R72 01206 0010,9740,15500,25240,6830,26390,33220,HISTORIC INNER EAST,HD-2,Huffman
R72 01211 0021,14400,26820,41220,7200,7840,15040,HISTORIC INNER EAST,HD-2,Huffman
R72 01207 0072,14100,29170,43270,9810,22980,32790,HISTORIC INNER EAST,HD-2,Huffman
R72 01206 0049,7490,0,7490,4730,0,4730,HISTORIC INNER EAST,HD-2,Huffman
R72 01211 0020,200,0,200,200,0,200,HISTORIC INNER EAST,HD-2,Huffman
R72 01206 0012,14990,12180,27170,10500,37690,48190,HISTORIC INNER EAST,HD-2,Huffman
R72 01206 0039,17580,141310,158890,16200,134780,150980,HISTORIC INNER EAST,HD-1,Huffman
R72 01206 0060,40500,59440,99940,40500,157040,197540,HISTORIC INNER EAST,HD-1,Huffman
R72 01208 0088,11700,54210,65910,7220,108960,116180,HISTORIC INNER EAST,HD-2,Huffman
R72 01210 0069,12290,28260,40550,8110,56980,65090,HISTORIC INNER EAST,HD-2,Huffman
R72 02203 0047,14880,1680,16560,10280,19530,29810,HISTORIC INNER EAST,HD-2,Huffman
R72 01210 0014,15310,30640,45950,10680,29770,40450,HISTORIC INNER EAST,HD-2,Huffman
R72 02207 0008,15980,17250,33230,11400,52530,63930,HISTORIC INNER EAST,HD-2,Huffman
R72 02208 0049,3020,0,3020,3020,0,3020,HISTORIC INNER EAST,HD-1,Huffman
R72 02207 0014,15980,19390,35370,11400,46150,57550,HISTORIC INNER EAST,HD-2,Huffman
R72 01212 0003,15730,43050,58780,11180,122330,133510,HISTORIC INNER EAST,HD-2,Huffman
R72 02203 0004,14050,13610,27660,12650,9280,21930,HISTORIC INNER EAST,HD-2,Huffman
R72 01211 0030,8790,19570,28360,6050,30070,36120,HISTORIC INNER EAST,HD-2,Huffman
R72 01208 0055,9500,36620,46120,6470,70670,77140,HISTORIC INNER EAST,HD-2,Huffman
R72 02208 0001,4640,5430,10070,4640,4820,9460,HISTORIC INNER EAST,HD-1,Huffman
R72 02207 0001,6850,16400,23250,4060,39130,43190,HISTORIC INNER EAST,HD-2,Huffman
R72 02207 0005,7080,0,7080,5030,0,5030,HISTORIC INNER EAST,HD-2,Huffman
R72 01209 0110,21780,35460,57240,15940,35460,51400,HISTORIC INNER EAST,HD-2,Huffman
R72 02207 0009,15730,24320,40050,11180,53200,64380,HISTORIC INNER EAST,HD-2,Huffman
R72 02207 0053,7290,25690,32980,4350,33500,37850,HISTORIC INNER EAST,HD-2,Huffman
R72 02207 0016,15730,28430,44160,11180,56580,67760,HISTORIC INNER EAST,HD-2,Huffman
R72 01209 0092,8890,32300,41190,6030,56520,62550,HISTORIC INNER EAST,HD-2,Huffman
R72 02201 0014,18480,26140,44620,13650,10260,23910,HISTORIC INNER EAST,HD-2,Huffman
R72 01212 0034,13750,22220,35970,9340,40100,49440,HISTORIC INNER EAST,HD-2,Huffman
R72 02207 0004,15980,20890,36870,11400,46360,57760,HISTORIC INNER EAST,HD-2,Huffman
R72 02207 0007,15730,31490,47220,11180,70600,81780,HISTORIC INNER EAST,HD-2,Huffman
R72 02208 0050,3000,520,3520,3000,710,3710,HISTORIC INNER EAST,HD-1,Huffman
R72 02208 0051,7070,0,7070,7070,0,7070,HISTORIC INNER EAST,HD-1,Huffman
R72 01208 0048,9400,0,9400,6950,0,6950,HISTORIC INNER EAST,HD-1,Huffman
R72 02203 0013,6280,2730,9010,4400,3620,8020,HISTORIC INNER EAST,HD-2,Huffman
R72 01212 0020,17230,62850,80080,12530,126250,138780,HISTORIC INNER EAST,HD-2,Huffman
R72 02202 0025,6770,18000,24770,4060,23940,28000,HISTORIC INNER EAST,HD-2,Huffman
R72 01205 0001,18090,56980,75070,9050,10280,19330,HISTORIC INNER EAST,HD-1,Huffman
R72 01206 0019,14990,37150,52140,10500,88080,98580,HISTORIC INNER EAST,HD-1,Huffman
R72 01206 0017,9990,35790,45780,9990,28370,38360,HISTORIC INNER EAST,HD-1,Huffman
R72 01206 0020,14990,38080,53070,10500,68760,79260,HISTORIC INNER EAST,HD-1,Huffman
R72 01206 0018,7560,11310,18870,7560,9020,16580,HISTORIC INNER EAST,HD-1,Huffman
R72 01211 0060,13470,14710,28180,13470,12610,26080,HISTORIC INNER EAST,HD-1,Huffman
R72 01211 0058,8640,71160,79800,8640,62660,71300,HISTORIC INNER EAST,HD-1,Huffman
R72 01211 0059,8320,16510,24830,5760,12420,18180,HISTORIC INNER EAST,HD-1,Huffman
R72 01211 0057,8640,29890,38530,8640,28960,37600,HISTORIC INNER EAST,HD-1,Huffman
R72 01209 0105,20760,43280,64040,20760,48660,69420,HISTORIC INNER EAST,HD-2,Huffman
R72 01210 0017,15310,42010,57320,10680,73690,84370,HISTORIC INNER EAST,HD-2,Huffman
R72 01206 0030,15730,26760,42490,11180,51460,62640,HISTORIC INNER EAST,HD-2,Huffman
R72 01209 0015,8300,0,8300,5870,0,5870,HISTORIC INNER EAST,HD-2,Huffman
R72 01209 0013,17700,35080,52780,12830,68130,80960,HISTORIC INNER EAST,HD-2,Huffman
R72 01208 0052,14690,25980,40670,10130,49710,59840,HISTORIC INNER EAST,HD-2,Huffman
R72 01208 0058,14690,32420,47110,10130,42450,52580,HISTORIC INNER EAST,HD-2,Huffman
R72 01211 0037,16730,54280,71010,12660,79890,92550,HISTORIC INNER EAST,HD-2,Huffman
R72 02201 0016,14740,21130,35870,10280,7250,17530,HISTORIC INNER EAST,HD-2,Huffman
R72 02207 0002,4740,0,4740,3190,0,3190,HISTORIC INNER EAST,HD-2,Huffman
R72 01212 0006,15730,7880,23610,11180,16570,27750,HISTORIC INNER EAST,HD-2,Huffman
R72 01206 0059,16730,12880,29610,12080,69500,81580,HISTORIC INNER EAST,HD-2,Huffman
R72 01209 0052,13590,46570,60160,9180,65790,74970,HISTORIC INNER EAST,HD-2,Huffman
R72 02202 0024,8940,20140,29080,5350,35380,40730,HISTORIC INNER EAST,HD-2,Huffman
R72 01209 0082,16220,54190,70410,11390,67290,78680,HISTORIC INNER EAST,HD-2,Huffman
R72 02203 0062,15210,35450,50660,10660,71070,81730,HISTORIC INNER EAST,HD-2,Huffman
R72 01212 0028,6000,56640,62640,6000,57850,63850,HISTORIC INNER EAST,HD-2,Huffman
R72 01209 0109,21780,34480,56260,15940,33130,49070,HISTORIC INNER EAST,HD-2,Huffman
R72 01206 0001,9530,0,9530,2390,0,2390,HISTORIC INNER EAST,HD-2,Huffman
R72 01206 0044,8110,0,8110,5120,0,5120,HISTORIC INNER EAST,HD-2,Huffman
R72 01206 0045,16220,57720,73940,11390,140370,151760,HISTORIC INNER EAST,HD-2,Huffman
R72 01210 0038,15120,43090,58210,10480,39650,50130,HISTORIC INNER EAST,HD-2,Huffman
R72 02207 0012,15730,6570,22300,11180,19590,30770,HISTORIC INNER EAST,HD-2,Huffman
R72 01209 0007,10370,5000,15370,10370,5170,15540,HISTORIC INNER EAST,HD-1,Huffman
R72 01209 0084,13310,42570,55880,8880,75970,84850,HISTORIC INNER EAST,HD-2,Huffman
R72 01208 0062,14400,73490,87890,23550,121510,145060,HISTORIC INNER EAST,HD-2,Huffman
R72 02203 0017,16280,30260,46540,11520,39830,51350,HISTORIC INNER EAST,HD-2,Huffman
R72 01212 0038,4940,0,4940,3270,0,3270,HISTORIC INNER EAST,HD-1,Huffman
R72 01212 0037,16200,128770,144970,12390,150310,162700,HISTORIC INNER EAST,HD-1,Huffman
R72 01212 0018,7120,0,7120,4420,0,4420,HISTORIC INNER EAST,HD-2,Huffman
R72 01212 0019,16230,75430,91660,11630,106270,117900,HISTORIC INNER EAST,HD-2,Huffman
R72 02201 0034,15980,106520,122500,11400,152120,163520,HISTORIC INNER EAST,HD-2,Huffman
R72 02201 0032,11140,49260,60400,7310,100570,107880,HISTORIC INNER EAST,HD-2,Huffman
R72 01210 0094,14880,18710,33590,10280,78930,89210,HISTORIC INNER EAST,HD-2,Huffman
R72 01209 0053,12640,47940,60580,8370,61020,69390,HISTORIC INNER EAST,HD-2,Huffman
R72 01210 0016,15310,30190,45500,10680,92020,102700,HISTORIC INNER EAST,HD-2,Huffman
R72 01210 0037,14880,53270,68150,10280,78680,88960,HISTORIC INNER EAST,HD-2,Huffman
R72 02202 0059,9280,17950,27230,4520,0,4520,HISTORIC INNER EAST,HD-1,Huffman
R72 02202 0023,12600,24080,36680,7980,58020,66000,HISTORIC INNER EAST,HD-2,Huffman
R72 01209 0054,13120,34930,48050,8780,49390,58170,HISTORIC INNER EAST,HD-2,Huffman
R72 01212 0014,20230,61570,81800,15230,141360,156590,HISTORIC INNER EAST,HD-2,Huffman
R72 01206 0048,14990,27060,42050,10500,51920,62420,HISTORIC INNER EAST,HD-2,Huffman
R72 01209 0081,16220,58670,74890,11390,171930,183320,HISTORIC INNER EAST,HD-2,Huffman
R72 01210 0025,201240,958760,1160000,223600,927010,1150610,HISTORIC INNER EAST,HD-2,Huffman
R72 01211 0049,10800,1570,12370,10800,4230,15030,HISTORIC INNER EAST,HD-1,Huffman
R72 01211 0053,16200,78510,94710,16200,79820,96020,HISTORIC INNER EAST,HD-1,Huffman
R72 01211 0050,5400,540,5940,8250,1150,9400,HISTORIC INNER EAST,HD-1,Huffman
R72 02203 0085,17480,36450,53930,12750,51980,64730,HISTORIC INNER EAST,HD-2,Huffman
R72 02203 0086,20440,50850,71290,15950,67670,83620,HISTORIC INNER EAST,HD-2,Huffman
R72 01208 0053,14690,60960,75650,10130,155330,165460,HISTORIC INNER EAST,HD-2,Huffman
R72 01210 0089,12100,0,12100,8390,0,8390,HISTORIC INNER EAST,HD-2,Huffman
R72 01210 0090,14880,69870,84750,10280,88420,98700,HISTORIC INNER EAST,HD-2,Huffman
R72 01210 0091,5950,0,5950,4110,0,4110,HISTORIC INNER EAST,HD-2,Huffman
R72 01209 0043,26140,61360,87500,20020,81970,101990,HISTORIC INNER EAST,HD-2,Huffman
R72 01210 0087,22680,24220,46900,16820,56010,72830,HISTORIC INNER EAST,HD-2,Huffman
R72 02203 0084,18480,46170,64650,13650,60220,73870,HISTORIC INNER EAST,HD-2,Huffman
R72 01206 0015,14990,18220,33210,10500,63170,73670,HISTORIC INNER EAST,HD-2,Huffman
R72 01210 0020,15310,41450,56760,10680,94380,105060,HISTORIC INNER EAST,HD-2,Huffman
R72 02203 0022,14770,41270,56040,10210,83150,93360,HISTORIC INNER EAST,HD-2,Huffman
R72 01207 0066,12000,15960,27960,8400,3130,11530,HISTORIC INNER EAST,HD-1,Huffman
R72 01211 0036,16730,47000,63730,12660,58520,71180,HISTORIC INNER EAST,HD-2,Huffman
R72 02203 0010,14880,29150,44030,10330,52870,63200,HISTORIC INNER EAST,HD-2,Huffman
R72 01212 0010,14650,50300,64950,9820,65950,75770,HISTORIC INNER EAST,HD-2,Huffman
R72 02203 0025,15120,15300,30420,10480,34340,44820,HISTORIC INNER EAST,HD-2,Huffman
R72 01210 0045,14880,44380,59260,10280,58150,68430,HISTORIC INNER EAST,HD-2,Huffman
R72 01210 0092,15120,33660,48780,10480,30820,41300,HISTORIC INNER EAST,HD-2,Huffman
R72 01209 0042,17150,45440,62590,12290,37940,50230,HISTORIC INNER EAST,HD-2,Huffman
R72 01208 0042,4220,0,4220,2790,0,2790,HISTORIC INNER EAST,HD-1,Huffman
R72 01208 0089,0,0,0,0,0,0,HISTORIC INNER EAST,HD-1,Huffman
R72 02203 0079,17480,53430,70910,12750,85230,97980,HISTORIC INNER EAST,HD-2,Huffman
R72 01206 0046,16220,41420,57640,11390,114930,126320,HISTORIC INNER EAST,HD-2,Huffman
R72 02203 0014,7670,2940,10610,5370,3900,9270,HISTORIC INNER EAST,HD-2,Huffman
R72 01206 0021,8100,44470,52570,8100,34340,42440,HISTORIC INNER EAST,HD-1,Huffman
R72 01210 0040,14880,57170,72050,10280,90560,100840,HISTORIC INNER EAST,HD-2,Huffman
R72 01208 0059,14690,17680,32370,10130,49190,59320,HISTORIC INNER EAST,HD-2,Huffman
R72 01210 0068,15120,24960,40080,10480,52150,62630,HISTORIC INNER EAST,HD-2,Huffman
R72 01208 0065,17150,6940,24090,12290,41800,54090,HISTORIC INNER EAST,HD-2,Huffman
R72 01206 0033,7490,0,7490,4730,0,4730,HISTORIC INNER EAST,HD-2,Huffman
R72 01206 0034,14990,51460,66450,10500,82250,92750,HISTORIC INNER EAST,HD-2,Huffman
R72 01210 0099,12330,6300,18630,8210,43990,52200,HISTORIC INNER EAST,HD-2,Huffman
R72 01212 0008,15590,26360,41950,10930,49830,60760,HISTORIC INNER EAST,HD-2,Huffman
R72 01209 0051,15260,39320,54580,10580,64740,75320,HISTORIC INNER EAST,HD-2,Huffman
R72 02203 0042,7800,3850,11650,4900,0,4900,HISTORIC INNER EAST,HD-2,Huffman
R72 02203 0039,15120,21260,36380,10480,32190,42670,HISTORIC INNER EAST,HD-2,Huffman
R72 02203 0041,14180,9350,23530,9690,20590,30280,HISTORIC INNER EAST,HD-2,Huffman
R72 02203 0040,14880,28510,43390,10280,55390,65670,HISTORIC INNER EAST,HD-2,Huffman
R72 02203 0088,10220,14660,24880,6860,26070,32930,HISTORIC INNER EAST,HD-2,Huffman
R72 01208 0001,13500,46970,60470,8880,78830,87710,HISTORIC INNER EAST,HD-2,Huffman
R72 02203 0082,18480,26340,44820,13650,56350,70000,HISTORIC INNER EAST,HD-2,Huffman
R72 01209 0033,8810,18590,27400,8810,17440,26250,HISTORIC INNER EAST,HD-1,Huffman
R72 01210 0073,15120,37910,53030,10480,52850,63330,HISTORIC INNER EAST,HD-2,Huffman
R72 01206 0056,16730,45390,62120,12080,74860,86940,HISTORIC INNER EAST,HD-2,Huffman
R72 01208 0046,10210,33320,43530,6770,52280,59050,HISTORIC INNER EAST,HD-1,Huffman
R72 01208 0045,3160,0,3160,2080,0,2080,HISTORIC INNER EAST,HD-1,Huffman
R72 02203 0080,19480,110580,130060,14550,142170,156720,HISTORIC INNER EAST,HD-2,Huffman
R72 01210 0076,15590,15160,30750,10880,31750,42630,HISTORIC INNER EAST,HD-2,Huffman
R72 01208 0041,12050,75040,87090,7960,101020,108980,HISTORIC INNER EAST,HD-1,Huffman
R72 01210 0085,15360,14600,29960,10680,115250,125930,HISTORIC INNER EAST,HD-2,Huffman
R72 02201 0050,19980,94150,114130,15000,156710,171710,HISTORIC INNER EAST,HD-1,Huffman
R72 01209 0106,17700,46390,64090,12830,118380,131210,HISTORIC INNER EAST,HD-2,Huffman
R72 01210 0036,14880,29430,44310,6170,37220,43390,HISTORIC INNER EAST,HD-2,Huffman
R72 01212 0033,6880,0,6880,4200,0,4200,HISTORIC INNER EAST,HD-2,Huffman
R72 01209 0088,14490,38230,52720,10050,59700,69750,HISTORIC INNER EAST,HD-2,Huffman
R72 01209 0079,6190,0,6190,4380,0,4380,HISTORIC INNER EAST,HD-2,Huffman
R72 01209 0096,9320,60380,69700,6260,84860,91120,HISTORIC INNER EAST,HD-2,Huffman
R72 01210 0098,10060,27030,37090,6520,49540,56060,HISTORIC INNER EAST,HD-2,Huffman
R72 01211 0046,16730,35010,51740,12660,87070,99730,HISTORIC INNER EAST,HD-2,Huffman
R72 01211 0045,16730,14860,31590,12660,138810,151470,HISTORIC INNER EAST,HD-2,Huffman
R72 02201 0012,18480,47250,65730,13650,74840,88490,HISTORIC INNER EAST,HD-2,Huffman
R72 01209 0035,3630,0,3630,3630,0,3630,HISTORIC INNER EAST,HD-1,Huffman
R72 01209 0034,8810,0,8810,8810,0,8810,HISTORIC INNER EAST,HD-1,Huffman
R72 02201 0025,18480,18820,37300,13650,23650,37300,HISTORIC INNER EAST,HD-2,Huffman
R72 01212 0039,4820,0,4820,3140,0,3140,HISTORIC INNER EAST,HD-1,Huffman
R72 01212 0040,15880,33380,49260,11270,105750,117020,HISTORIC INNER EAST,HD-1,Huffman
R72 01206 0037,14990,18760,33750,10500,34560,45060,HISTORIC INNER EAST,HD-2,Huffman
R72 01206 0047,13010,77710,90720,8600,101830,110430,HISTORIC INNER EAST,HD-2,Huffman
R72 01211 0047,16730,11720,28450,12660,90420,103080,HISTORIC INNER EAST,HD-2,Huffman
R72 01209 0070,19980,103110,123090,15000,160770,175770,HISTORIC INNER EAST,HD-2,Huffman
R72 01210 0019,15310,55670,70980,10680,84020,94700,HISTORIC INNER EAST,HD-2,Huffman
R72 02207 0015,15730,2470,18200,11180,47350,58530,HISTORIC INNER EAST,HD-2,Huffman
R72 02203 0028,14880,42880,57760,10280,60010,70290,HISTORIC INNER EAST,HD-2,Huffman
R72 02203 0030,11910,0,11910,8230,0,8230,HISTORIC INNER EAST,HD-2,Huffman
R72 02203 0029,11910,0,11910,8230,0,8230,HISTORIC INNER EAST,HD-2,Huffman
R72 01209 0005,12180,73960,86140,12180,67160,79340,HISTORIC INNER EAST,HD-1,Huffman
R72 02202 0041,6720,20820,27540,3990,6580,10570,HISTORIC INNER EAST,HD-2,Huffman
R72 01210 0013,13370,36870,50240,9000,48880,57880,HISTORIC INNER EAST,HD-2,Huffman
R72 02203 0061,12630,41110,53740,8350,45750,54100,HISTORIC INNER EAST,HD-2,Huffman
R72 02201 0013,18480,29310,47790,13650,48550,62200,HISTORIC INNER EAST,HD-2,Huffman
R72 01306 0081,!,!,!,17590,76180,93770,HISTORIC INNER EAST,HD-2,St. Anne's Hill
R72 01301 0003,4840,50540,55380,3150,53760,56910,HISTORIC INNER EAST,HD-2,St. Anne's Hill
R72 01302 0086,14180,32830,47010,14110,42440,56550,HISTORIC INNER EAST,HD-2,St. Anne's Hill
R72 01305 0028,2170,0,2170,2470,0,2470,HISTORIC INNER EAST,HD-1,St. Anne's Hill
R72 01302 0014,610,0,610,290,0,290,HISTORIC INNER EAST,HD-2,St. Anne's Hill
R72 01205 0047,8160,0,8160,5160,0,5160,HISTORIC INNER EAST,HD-2,St. Anne's Hill
R72 01302 0012,3840,0,3840,2430,0,2430,HISTORIC INNER EAST,HD-2,St. Anne's Hill
R72 01302 0011,6280,0,6280,2980,0,2980,HISTORIC INNER EAST,HD-2,St. Anne's Hill
R72 01205 0046,16320,33410,49730,11460,49690,61150,HISTORIC INNER EAST,HD-2,St. Anne's Hill
R72 01308 0021,17480,58510,75990,17830,113800,131630,HISTORIC INNER EAST,HD-1,St. Anne's Hill
R72 01204 0045,15840,52180,68020,15800,77610,93410,HISTORIC INNER EAST,HD-2,St. Anne's Hill
R72 01204 0074,18040,15000,33040,18460,73860,92320,HISTORIC INNER EAST,HD-1,St. Anne's Hill
R72 01204 0027,16100,20070,36170,16270,69410,85680,HISTORIC INNER EAST,HD-1,St. Anne's Hill
R72 01204 0007,10540,109580,120120,10540,36260,46800,HISTORIC INNER EAST,HD-2,St. Anne's Hill
R72 01204 0017,21000,50230,71230,21490,67580,89070,HISTORIC INNER EAST,HD-2,St. Anne's Hill
R72 01204 0078,16370,28870,45240,16580,40460,57040,HISTORIC INNER EAST,HD-1,St. Anne's Hill
R72 01204 0033,7400,10120,17520,7160,6470,13630,HISTORIC INNER EAST,HD-1,St. Anne's Hill
R72 01204 0026,13880,33350,47230,13760,56390,70150,HISTORIC INNER EAST,HD-1,St. Anne's Hill
R72 01204 0041,17710,48790,66500,17880,69530,87410,HISTORIC INNER EAST,HD-2,St. Anne's Hill
R72 01204 0003,24740,140980,165720,24990,254080,279070,HISTORIC INNER EAST,HD-2,St. Anne's Hill
R72 01204 0067,19830,21630,41460,19550,38510,58060,HISTORIC INNER EAST,HD-2,St. Anne's Hill
R72 01204 0016,21000,31850,52850,21490,152920,174410,HISTORIC INNER EAST,HD-2,St. Anne's Hill
R72 01204 0037,17710,31050,48760,17880,52150,70030,HISTORIC INNER EAST,HD-2,St. Anne's Hill
R72 01204 0076,13880,7580,21460,13760,4610,18370,HISTORIC INNER EAST,HD-1,St. Anne's Hill
R72 01204 0090,!,!,!,13240,49650,62890,HISTORIC INNER EAST,HD-1,St. Anne's Hill
R72 01204 0006,30390,66390,96780,33040,138200,171240,HISTORIC INNER EAST,HD-2,St. Anne's Hill
R72 01204 0063,19830,45860,65690,19550,75460,95010,HISTORIC INNER EAST,HD-2,St. Anne's Hill
R72 01204 0021,21900,95470,117370,21340,150110,171450,HISTORIC INNER EAST,HD-2,St. Anne's Hill
R72 01204 0025,2660,2340,5000,2660,112730,115390,HISTORIC INNER EAST,HD-1,St. Anne's Hill
R72 01204 0061,19220,54540,73760,18790,83730,102520,HISTORIC INNER EAST,HD-2,St. Anne's Hill
R72 01204 0028,19710,44090,63800,20070,123050,143120,HISTORIC INNER EAST,HD-1,St. Anne's Hill
R72 01305 0051,25200,39610,64810,25700,73720,99420,HISTORIC INNER EAST,HD-2,St. Anne's Hill
R72 01204 0054,15590,67380,82970,15560,94480,110040,HISTORIC INNER EAST,HD-2,St. Anne's Hill
R72 01204 0032,4690,55620,60310,14290,135490,149780,HISTORIC INNER EAST,HD-1,St. Anne's Hill
R72 01204 0018,19800,75460,95260,20010,134000,154010,HISTORIC INNER EAST,HD-2,St. Anne's Hill
R72 01204 0075,14430,12660,27090,14390,35090,49480,HISTORIC INNER EAST,HD-1,St. Anne's Hill
R72 01204 0082,3090,0,3090,1300,0,1300,HISTORIC INNER EAST,HD-2,St. Anne's Hill
R72 01204 0062,19830,42300,62130,19550,72550,92100,HISTORIC INNER EAST,HD-2,St. Anne's Hill
R72 01204 0034,27250,11350,38600,28260,77090,105350,HISTORIC INNER EAST,HD-2,St. Anne's Hill
R72 01302 0045,26160,68700,94860,27210,232370,259580,HISTORIC INNER EAST,HD-2,St. Anne's Hill
R72 01204 0086,!,!,!,13950,51670,65620,HISTORIC INNER EAST,HD-1,St. Anne's Hill
R72 01303 0034,19690,45440,65130,19900,101780,121680,HISTORIC INNER EAST,HD-2,St. Anne's Hill
R72 01302 0041,17170,188490,205660,17350,275170,292520,HISTORIC INNER EAST,HD-2,St. Anne's Hill
R72 01302 0013,2730,0,2730,1730,0,1730,HISTORIC INNER EAST,HD-2,St. Anne's Hill
R72 01308 0018,8020,25170,33190,6930,127770,134700,HISTORIC INNER EAST,HD-1,St. Anne's Hill
R72 01305 0022,22600,94840,117440,22250,83730,105980,HISTORIC INNER EAST,HD-1,St. Anne's Hill
R72 01204 0020,18000,64470,82470,18000,66670,84670,HISTORIC INNER EAST,HD-2,St. Anne's Hill
R72 01204 0029,18320,52540,70860,18770,107860,126630,HISTORIC INNER EAST,HD-1,St. Anne's Hill
R72 01204 0051,25660,31430,57090,26740,86990,113730,HISTORIC INNER EAST,HD-2,St. Anne's Hill
R72 01306 0044,16540,63310,79850,16590,88970,105560,HISTORIC INNER EAST,HD-2,St. Anne's Hill
R72 01204 0024,2320,2680,5000,31810,33190,65000,HISTORIC INNER EAST,HD-1,St. Anne's Hill
R72 01302 0056,21000,14250,35250,21280,40870,62150,HISTORIC INNER EAST,HD-2,St. Anne's Hill
R72 01308 0013,16540,61270,77810,16590,91590,108180,HISTORIC INNER EAST,HD-2,St. Anne's Hill
R72 01204 0059,20440,59850,80290,20300,129340,149640,HISTORIC INNER EAST,HD-2,St. Anne's Hill
R72 01303 0026,40950,86370,127320,42250,130330,172580,HISTORIC INNER EAST,HD-2,St. Anne's Hill
R72 01306 0025,17060,38700,55760,17140,91780,108920,HISTORIC INNER EAST,HD-2,St. Anne's Hill
R72 01305 0001,16540,40950,57490,16590,61650,78240,HISTORIC INNER EAST,HD-2,St. Anne's Hill
R72 01205 0054,6990,0,6990,4630,0,4630,HISTORIC INNER EAST,HD-2,St. Anne's Hill
R72 01204 0085,0,0,0,0,0,0,HISTORIC INNER EAST,HD-1,St. Anne's Hill
R72 01205 0052,9320,0,9320,6360,0,6360,HISTORIC INNER EAST,HD-2,St. Anne's Hill
R72 01305 0009,16540,51100,67640,16590,95300,111890,HISTORIC INNER EAST,HD-2,St. Anne's Hill
R72 01306 0030,18900,46670,65570,19070,74150,93220,HISTORIC INNER EAST,HD-2,St. Anne's Hill
R72 01308 0047,16540,39890,56430,16590,50950,67540,HISTORIC INNER EAST,HD-2,St. Anne's Hill
R72 01205 0053,9320,0,9320,6360,0,6360,HISTORIC INNER EAST,HD-2,St. Anne's Hill
R72 01303 0008,17060,54030,71090,17140,90640,107780,HISTORIC INNER EAST,HD-2,St. Anne's Hill
R72 01304 0001,16040,152690,168730,13580,148780,162360,HISTORIC INNER EAST,HD-1,St. Anne's Hill
R72 01205 0048,10330,8690,19020,7230,13840,21070,HISTORIC INNER EAST,HD-2,St. Anne's Hill
R72 01205 0051,9320,245470,254790,6360,254820,261180,HISTORIC INNER EAST,HD-2,St. Anne's Hill
R72 01307 0003,16540,39660,56200,16590,56880,73470,HISTORIC INNER EAST,HD-2,St. Anne's Hill
R72 01205 0042,30090,48900,78990,21320,56580,77900,HISTORIC INNER EAST,HD-2,St. Anne's Hill
R72 01308 0082,3310,0,3310,3200,0,3200,HISTORIC INNER EAST,HD-2,St. Anne's Hill
R72 01204 0066,28290,32380,60670,29560,61030,90590,HISTORIC INNER EAST,HD-2,St. Anne's Hill
R72 01303 0021,9490,65920,75410,10450,98800,109250,HISTORIC INNER EAST,HD-2,St. Anne's Hill
R72 01306 0033,19260,67090,86350,19510,105410,124920,HISTORIC INNER EAST,HD-2,St. Anne's Hill
R72 01304 0003,18040,6970,25010,15280,9230,24510,HISTORIC INNER EAST,HD-1,St. Anne's Hill
R72 01204 0084,0,0,0,0,0,0,HISTORIC INNER EAST,HD-1,St. Anne's Hill
R72 01308 0014,5790,0,5790,5820,0,5820,HISTORIC INNER EAST,HD-2,St. Anne's Hill
R72 01305 0026,5870,4880,10750,5780,6460,12240,HISTORIC INNER EAST,HD-1,St. Anne's Hill
R72 01308 0002,24000,124990,148990,21600,122540,144140,HISTORIC INNER EAST,HD-2,St. Anne's Hill
R72 01302 0077,5790,0,5790,16590,155850,172440,HISTORIC INNER EAST,HD-2,St. Anne's Hill
R72 01204 0058,15840,40430,56270,15800,44690,60490,HISTORIC INNER EAST,HD-2,St. Anne's Hill
R72 01302 0042,6440,0,6440,6520,0,6520,HISTORIC INNER EAST,HD-2,St. Anne's Hill
R72 01204 0089,5330,4910,10240,5330,5420,10750,HISTORIC INNER EAST,HD-1,St. Anne's Hill
R72 01307 0006,14440,14050,28490,7210,0,7210,HISTORIC INNER EAST,HD-2,St. Anne's Hill
R72 01305 0030,8270,27800,36070,8300,50580,58880,HISTORIC INNER EAST,HD-2,St. Anne's Hill
R72 01305 0007,16540,45330,61870,16590,43490,60080,HISTORIC INNER EAST,HD-2,St. Anne's Hill
R72 01306 0029,18900,44050,62950,19070,82650,101720,HISTORIC INNER EAST,HD-2,St. Anne's Hill
R72 01305 0020,7040,0,7040,6930,0,6930,HISTORIC INNER EAST,HD-1,St. Anne's Hill
R72 01305 0002,16540,42720,59260,16590,76890,93480,HISTORIC INNER EAST,HD-2,St. Anne's Hill
R72 01306 0005,18900,60490,79390,19070,126640,145710,HISTORIC INNER EAST,HD-2,St. Anne's Hill
R72 01308 0019,17480,40060,57540,17830,32670,50500,HISTORIC INNER EAST,HD-1,St. Anne's Hill
R72 01303 0022,7410,77260,84670,7480,120500,127980,HISTORIC INNER EAST,HD-2,St. Anne's Hill
R72 01306 0037,12000,60870,72870,12000,85210,97210,HISTORIC INNER EAST,HD-2,St. Anne's Hill
R72 01204 0049,11130,60520,71650,12000,86200,98200,HISTORIC INNER EAST,HD-2,St. Anne's Hill
R72 01302 0082,16540,39440,55980,16590,47170,63760,HISTORIC INNER EAST,HD-2,St. Anne's Hill
R72 01306 0042,16540,57990,74530,16590,85110,101700,HISTORIC INNER EAST,HD-2,St. Anne's Hill
R72 01305 0017,4880,1310,6190,4220,2170,6390,HISTORIC INNER EAST,HD-1,St. Anne's Hill
R72 01308 0045,12340,35100,47440,12180,41250,53430,HISTORIC INNER EAST,HD-2,St. Anne's Hill
R72 01302 0084,15230,68860,84090,15210,101340,116550,HISTORIC INNER EAST,HD-2,St. Anne's Hill
R72 01302 0094,17170,54790,71960,17350,78050,95400,HISTORIC INNER EAST,HD-2,St. Anne's Hill
R72 01302 0078,16540,17700,34240,16590,55330,71920,HISTORIC INNER EAST,HD-2,St. Anne's Hill
R72 01301 0046,11480,128140,139620,6960,118470,125430,HISTORIC INNER EAST,HD-2,St. Anne's Hill
R72 01302 0034,2500,1310,3810,2500,1310,3810,HISTORIC INNER EAST,HD-2,St. Anne's Hill
R72 01303 0020,9490,65470,74960,10450,127920,138370,HISTORIC INNER EAST,HD-2,St. Anne's Hill
R72 01301 0052,8160,36410,44570,4910,120890,125800,HISTORIC INNER EAST,HD-2,St. Anne's Hill
R72 01308 0027,16540,36250,52790,16590,91040,107630,HISTORIC INNER EAST,HD-2,St. Anne's Hill
R72 01306 0011,17060,15300,32360,17140,92580,109720,HISTORIC INNER EAST,HD-2,St. Anne's Hill
R72 01306 0067,16540,47330,63870,16590,62070,78660,HISTORIC INNER EAST,HD-2,St. Anne's Hill
R72 01304 0035,16540,68430,84970,16590,111190,127780,HISTORIC INNER EAST,HD-2,St. Anne's Hill
R72 01302 0091,16900,55170,72070,17050,118710,135760,HISTORIC INNER EAST,HD-2,St. Anne's Hill
R72 01302 0029,27000,23500,50500,27420,58260,85680,HISTORIC INNER EAST,HD-2,St. Anne's Hill
R72 01304 0043,8020,25040,33060,6930,24400,31330,HISTORIC INNER EAST,HD-1,St. Anne's Hill
R72 01306 0006,18900,46350,65250,19070,63400,82470,HISTORIC INNER EAST,HD-2,St. Anne's Hill
R72 01308 0052,16540,33380,49920,16590,56620,73210,HISTORIC INNER EAST,HD-2,St. Anne's Hill
R72 01305 0006,16540,72980,89520,16590,90290,106880,HISTORIC INNER EAST,HD-2,St. Anne's Hill
R72 01305 0014,16540,34480,51020,16590,64340,80930,HISTORIC INNER EAST,HD-2,St. Anne's Hill
R72 01308 0054,36000,110080,146080,36000,138730,174730,HISTORIC INNER EAST,HD-2,St. Anne's Hill
R72 01303 0013,18900,41690,60590,19070,74620,93690,HISTORIC INNER EAST,HD-2,St. Anne's Hill
R72 01308 0026,16540,34520,51060,16590,54860,71450,HISTORIC INNER EAST,HD-2,St. Anne's Hill
R72 01303 0006,17060,42680,59740,17140,103140,120280,HISTORIC INNER EAST,HD-2,St. Anne's Hill
R72 01304 0017,20480,64480,84960,20730,126900,147630,HISTORIC INNER EAST,HD-2,St. Anne's Hill
R72 01307 0043,10790,28070,38860,11140,60820,71960,HISTORIC INNER EAST,HD-2,St. Anne's Hill
R72 01303 0016,13390,39590,52980,13280,67670,80950,HISTORIC INNER EAST,HD-2,St. Anne's Hill
R72 01303 0045,3840,0,3840,3740,0,3740,HISTORIC INNER EAST,HD-2,St. Anne's Hill
R72 01305 0010,16540,42650,59190,16590,101640,118230,HISTORIC INNER EAST,HD-2,St. Anne's Hill
R72 01302 0079,17060,29960,47020,17140,98800,115940,HISTORIC INNER EAST,HD-2,St. Anne's Hill
R72 01308 0028,16540,35660,52200,16590,54560,71150,HISTORIC INNER EAST,HD-2,St. Anne's Hill
R72 01302 0010,16700,52000,68700,16800,71760,88560,HISTORIC INNER EAST,HD-2,St. Anne's Hill
R72 01301 0006,9320,41020,50340,5640,48010,53650,HISTORIC INNER EAST,HD-2,St. Anne's Hill
R72 01301 0042,6560,55060,61620,3930,98560,102490,HISTORIC INNER EAST,HD-2,St. Anne's Hill
R72 01308 0020,4010,40360,44370,3470,38280,41750,HISTORIC INNER EAST,HD-1,St. Anne's Hill
R72 01308 0036,16540,36960,53500,16590,48290,64880,HISTORIC INNER EAST,HD-2,St. Anne's Hill
R72 01306 0064,17850,24000,41850,17970,82620,100590,HISTORIC INNER EAST,HD-2,St. Anne's Hill
R72 01308 0007,16540,39870,56410,16590,45240,61830,HISTORIC INNER EAST,HD-2,St. Anne's Hill
R72 01306 0024,17330,34910,52240,17420,119340,136760,HISTORIC INNER EAST,HD-2,St. Anne's Hill
R72 01302 0035,2680,6510,9190,14110,68300,82410,HISTORIC INNER EAST,HD-2,St. Anne's Hill
R72 01306 0061,16540,69280,85820,16590,89890,106480,HISTORIC INNER EAST,HD-2,St. Anne's Hill
R72 01305 0004,16540,17970,34510,16590,51720,68310,HISTORIC INNER EAST,HD-2,St. Anne's Hill
R72 01306 0046,16540,43310,59850,16590,76860,93450,HISTORIC INNER EAST,HD-2,St. Anne's Hill
R72 01305 0003,16540,44510,61050,16590,83420,100010,HISTORIC INNER EAST,HD-2,St. Anne's Hill
R72 01303 0015,13390,72020,85410,13280,104220,117500,HISTORIC INNER EAST,HD-2,St. Anne's Hill
R72 01308 0040,16540,47370,63910,16590,68500,85090,HISTORIC INNER EAST,HD-2,St. Anne's Hill
R72 01302 0058,10500,18880,29380,10640,37080,47720,HISTORIC INNER EAST,HD-2,St. Anne's Hill
R72 01304 0029,18110,58510,76620,18250,169830,188080,HISTORIC INNER EAST,HD-2,St. Anne's Hill
R72 01304 0039,16540,25960,42500,16590,76080,92670,HISTORIC INNER EAST,HD-2,St. Anne's Hill
R72 01308 0042,18110,34100,52210,18250,108320,126570,HISTORIC INNER EAST,HD-2,St. Anne's Hill
R72 01302 0050,14440,55430,69870,14390,98060,112450,HISTORIC INNER EAST,HD-2,St. Anne's Hill
R72 01307 0012,16540,42140,58680,16590,70950,87540,HISTORIC INNER EAST,HD-2,St. Anne's Hill
R72 01306 0048,5790,0,5790,5820,0,5820,HISTORIC INNER EAST,HD-2,St. Anne's Hill
R72 01308 0057,4850,0,4850,4190,0,4190,HISTORIC INNER EAST,HD-2,St. Anne's Hill
R72 01307 0005,14440,30310,44750,14390,43910,58300,HISTORIC INNER EAST,HD-2,St. Anne's Hill
R72 01304 0008,16540,90830,107370,16590,124180,140770,HISTORIC INNER EAST,HD-2,St. Anne's Hill
R72 01308 0025,16540,66920,83460,16590,89300,105890,HISTORIC INNER EAST,HD-2,St. Anne's Hill
R72 01301 0053,9690,43660,53350,5850,110120,115970,HISTORIC INNER EAST,HD-2,St. Anne's Hill
R72 01308 0083,!,!,!,27540,78200,105740,HISTORIC INNER EAST,HD-1,St. Anne's Hill
R72 01306 0077,5270,0,5270,5240,0,5240,HISTORIC INNER EAST,HD-2,St. Anne's Hill
R72 01306 0026,17060,42470,59530,17140,53300,70440,HISTORIC INNER EAST,HD-2,St. Anne's Hill
R72 01305 0047,8060,31540,39600,8240,76020,84260,HISTORIC INNER EAST,HD-2,St. Anne's Hill
R72 01302 0033,14440,28540,42980,14390,35190,49580,HISTORIC INNER EAST,HD-2,St. Anne's Hill
R72 01308 0017,17480,4100,21580,17830,86320,104150,HISTORIC INNER EAST,HD-1,St. Anne's Hill
R72 01303 0031,18900,42080,60980,19070,75150,94220,HISTORIC INNER EAST,HD-2,St. Anne's Hill
R72 01308 0041,16540,33660,50200,16590,55640,72230,HISTORIC INNER EAST,HD-2,St. Anne's Hill
R72 01304 0013,21000,64690,85690,21280,123960,145240,HISTORIC INNER EAST,HD-2,St. Anne's Hill
R72 01204 0043,6930,3010,9940,6230,1990,8220,HISTORIC INNER EAST,HD-2,St. Anne's Hill
R72 01306 0035,12130,72610,84740,12450,108980,121430,HISTORIC INNER EAST,HD-2,St. Anne's Hill
R72 01305 0053,!,!,!,18310,79350,97660,HISTORIC INNER EAST,HD-2,St. Anne's Hill
R72 01308 0001,13070,38400,51470,13140,90120,103260,HISTORIC INNER EAST,HD-2,St. Anne's Hill
R72 01308 0030,16540,36590,53130,16590,59390,75980,HISTORIC INNER EAST,HD-2,St. Anne's Hill
R72 01302 0083,13650,29850,43500,12200,19900,32100,HISTORIC INNER EAST,HD-2,St. Anne's Hill
R72 01305 0037,16540,38060,54600,16590,57920,74510,HISTORIC INNER EAST,HD-2,St. Anne's Hill
R72 01302 0031,18640,47770,66410,18800,76980,95780,HISTORIC INNER EAST,HD-2,St. Anne's Hill
R72 01308 0024,16540,47610,64150,16590,82260,98850,HISTORIC INNER EAST,HD-2,St. Anne's Hill
R72 01304 0009,6200,0,6200,6240,0,6240,HISTORIC INNER EAST,HD-2,St. Anne's Hill
R72 01305 0032,16540,23350,39890,16590,58030,74620,HISTORIC INNER EAST,HD-2,St. Anne's Hill
R72 01306 0010,17060,52030,69090,17140,74290,91430,HISTORIC INNER EAST,HD-2,St. Anne's Hill
R72 01308 0005,18110,70760,88870,18250,130500,148750,HISTORIC INNER EAST,HD-2,St. Anne's Hill
R72 01303 0005,14180,31310,45490,14110,55600,69710,HISTORIC INNER EAST,HD-2,St. Anne's Hill
R72 01302 0053,15230,43980,59210,15210,63940,79150,HISTORIC INNER EAST,HD-2,St. Anne's Hill
R72 01305 0031,16540,51060,67600,16590,80380,96970,HISTORIC INNER EAST,HD-2,St. Anne's Hill
R72 01308 0022,8910,28490,37400,6930,31860,38790,HISTORIC INNER EAST,HD-1,St. Anne's Hill
R72 01302 0036,14700,50090,64790,14660,48820,63480,HISTORIC INNER EAST,HD-2,St. Anne's Hill
R72 01308 0056,4010,0,4010,3470,0,3470,HISTORIC INNER EAST,HD-2,St. Anne's Hill
R72 01302 0038,21000,38340,59340,21280,45060,66340,HISTORIC INNER EAST,HD-2,St. Anne's Hill
R72 01303 0033,17060,40740,57800,17140,70230,87370,HISTORIC INNER EAST,HD-2,St. Anne's Hill
R72 01302 0054,13650,22480,36130,13560,16670,30230,HISTORIC INNER EAST,HD-2,St. Anne's Hill
R72 01306 0036,16540,39220,55760,11610,40820,52430,HISTORIC INNER EAST,HD-2,St. Anne's Hill
R72 01303 0025,14180,58280,72460,14110,79360,93470,HISTORIC INNER EAST,HD-2,St. Anne's Hill
R72 01302 0043,15100,4770,19870,13590,3160,16750,HISTORIC INNER EAST,HD-2,St. Anne's Hill
R72 01308 0039,9230,22790,32020,9280,36180,45460,HISTORIC INNER EAST,HD-2,St. Anne's Hill
R72 01302 0061,16540,27180,43720,7490,0,7490,HISTORIC INNER EAST,HD-2,St. Anne's Hill
R72 01307 0001,12290,35340,47630,12520,95190,107710,HISTORIC INNER EAST,HD-2,St. Anne's Hill
R72 01305 0005,16540,51230,67770,16590,60060,76650,HISTORIC INNER EAST,HD-2,St. Anne's Hill
R72 01304 0037,16850,50860,67710,17010,74800,91810,HISTORIC INNER EAST,HD-2,St. Anne's Hill
R72 01305 0016,2440,31820,34260,2110,93840,95950,HISTORIC INNER EAST,HD-1,St. Anne's Hill
R72 01306 0039,16540,60180,76720,16590,96320,112910,HISTORIC INNER EAST,HD-2,St. Anne's Hill
R72 01308 0011,16540,57630,74170,16590,69730,86320,HISTORIC INNER EAST,HD-2,St. Anne's Hill
R72 01303 0019,10030,53570,63600,10820,68890,79710,HISTORIC INNER EAST,HD-2,St. Anne's Hill
R72 01308 0012,16540,68590,85130,16590,86750,103340,HISTORIC INNER EAST,HD-2,St. Anne's Hill
R72 01303 0011,21000,102790,123790,21280,160080,181360,HISTORIC INNER EAST,HD-2,St. Anne's Hill
R72 01305 0008,16540,50580,67120,16590,77220,93810,HISTORIC INNER EAST,HD-2,St. Anne's Hill
R72 01301 0005,8270,66310,74580,4980,63420,68400,HISTORIC INNER EAST,HD-2,St. Anne's Hill
R72 01302 0055,16540,29110,45650,16590,34110,50700,HISTORIC INNER EAST,HD-2,St. Anne's Hill
R72 01307 0016,16540,46750,63290,16590,82690,99280,HISTORIC INNER EAST,HD-2,St. Anne's Hill
R72 01305 0015,8710,84520,93230,3770,7660,11430,HISTORIC INNER EAST,HD-1,St. Anne's Hill
R72 01306 0027,17850,51320,69170,17970,81960,99930,HISTORIC INNER EAST,HD-2,St. Anne's Hill
R72 01308 0010,16540,26720,43260,16590,49810,66400,HISTORIC INNER EAST,HD-2,St. Anne's Hill
R72 01304 0028,18110,50440,68550,16650,102300,118950,HISTORIC INNER EAST,HD-2,St. Anne's Hill
R72 01306 0068,16540,33740,50280,16590,85040,101630,HISTORIC INNER EAST,HD-2,St. Anne's Hill
R72 01304 0032,15490,45690,61180,15490,67500,82990,HISTORIC INNER EAST,HD-2,St. Anne's Hill
R72 01303 0018,15840,80160,96000,15560,118060,133620,HISTORIC INNER EAST,HD-2,St. Anne's Hill
R72 01306 0047,16540,47310,63850,16590,76010,92600,HISTORIC INNER EAST,HD-2,St. Anne's Hill
R72 01308 0038,13860,42240,56100,13760,57540,71300,HISTORIC INNER EAST,HD-2,St. Anne's Hill
R72 01306 0069,16540,40320,56860,16590,99180,115770,HISTORIC INNER EAST,HD-2,St. Anne's Hill
R72 01308 0080,10270,53390,63660,19570,101540,121110,HISTORIC INNER EAST,HD-2,St. Anne's Hill
R72 01301 0050,8290,42210,50500,4990,91550,96540,HISTORIC INNER EAST,HD-2,St. Anne's Hill
R72 01304 0047,!,!,!,4600,0,4600,HISTORIC INNER EAST,HD-2,St. Anne's Hill
R72 01307 0014,16540,44580,61120,16590,66310,82900,HISTORIC INNER EAST,HD-2,St. Anne's Hill
R72 01307 0004,16280,51840,68120,16320,171440,187760,HISTORIC INNER EAST,HD-2,St. Anne's Hill
R72 01308 0035,16540,32960,49500,16590,55770,72360,HISTORIC INNER EAST,HD-2,St. Anne's Hill
R72 01304 0038,16540,50600,67140,16590,113090,129680,HISTORIC INNER EAST,HD-2,St. Anne's Hill
R72 01304 0007,16540,74610,91150,16590,147580,164170,HISTORIC INNER EAST,HD-2,St. Anne's Hill
R72 01303 0010,16800,47290,64090,16870,42980,59850,HISTORIC INNER EAST,HD-2,St. Anne's Hill
R72 01205 0072,!,!,!,16770,63720,80490,HISTORIC INNER EAST,HD-2,St. Anne's Hill
R72 01204 0019,21300,63260,84560,21850,221430,243280,HISTORIC INNER EAST,HD-2,St. Anne's Hill
R72 01204 0047,15840,46260,62100,15800,60800,76600,HISTORIC INNER EAST,HD-2,St. Anne's Hill
R72 01303 0032,17850,54320,72170,17970,155090,173060,HISTORIC INNER EAST,HD-2,St. Anne's Hill
R72 01304 0031,16850,64180,81030,16940,73510,90450,HISTORIC INNER EAST,HD-2,St. Anne's Hill
R72 01302 0048,17170,11760,28930,17350,192100,209450,HISTORIC INNER EAST,HD-2,St. Anne's Hill
R72 01204 0040,17710,47870,65580,17880,61920,79800,HISTORIC INNER EAST,HD-2,St. Anne's Hill
R72 01303 0038,15750,35010,50760,15760,51500,67260,HISTORIC INNER EAST,HD-2,St. Anne's Hill
R72 01306 0066,15230,47080,62310,15210,70340,85550,HISTORIC INNER EAST,HD-2,St. Anne's Hill
R72 01308 0051,16540,32370,48910,16590,63470,80060,HISTORIC INNER EAST,HD-2,St. Anne's Hill
R72 01308 0050,16540,34600,51140,16590,55650,72240,HISTORIC INNER EAST,HD-2,St. Anne's Hill
R72 01308 0049,5790,0,5790,5820,0,5820,HISTORIC INNER EAST,HD-2,St. Anne's Hill
R72 01308 0048,16540,35440,51980,16590,53410,70000,HISTORIC INNER EAST,HD-2,St. Anne's Hill
R72 01302 0064,2430,0,2430,2360,0,2360,HISTORIC INNER EAST,HD-2,St. Anne's Hill
R72 01204 0042,17710,52670,70380,17880,74250,92130,HISTORIC INNER EAST,HD-2,St. Anne's Hill
R72 01302 0088,14440,67840,82280,14390,123390,137780,HISTORIC INNER EAST,HD-2,St. Anne's Hill
R72 01302 0089,8270,0,8270,7490,0,7490,HISTORIC INNER EAST,HD-2,St. Anne's Hill
R72 01302 0090,8270,0,8270,7490,0,7490,HISTORIC INNER EAST,HD-2,St. Anne's Hill
R72 01305 0012,8270,35560,43830,8300,118730,127030,HISTORIC INNER EAST,HD-2,St. Anne's Hill
R72 01303 0009,17850,38910,56760,17970,63380,81350,HISTORIC INNER EAST,HD-2,St. Anne's Hill
R72 01302 0051,14440,40130,54570,14390,149270,163660,HISTORIC INNER EAST,HD-2,St. Anne's Hill
R72 01306 0008,18900,54260,73160,19070,96080,115150,HISTORIC INNER EAST,HD-2,St. Anne's Hill
R72 01204 0038,17710,34100,51810,17880,39210,57090,HISTORIC INNER EAST,HD-2,St. Anne's Hill
R72 01204 0039,17710,43960,61670,17880,73670,91550,HISTORIC INNER EAST,HD-2,St. Anne's Hill
R72 01204 0001,20400,104270,124670,20550,141660,162210,HISTORIC INNER EAST,HD-2,St. Anne's Hill
R72 01305 0038,16540,41420,57960,16590,70600,87190,HISTORIC INNER EAST,HD-2,St. Anne's Hill
R72 01304 0010,16540,63330,79870,16590,100190,116780,HISTORIC INNER EAST,HD-2,St. Anne's Hill
R72 01308 0053,16540,34040,50580,16590,54230,70820,HISTORIC INNER EAST,HD-2,St. Anne's Hill
R72 01306 0062,16540,44870,61410,16590,86230,102820,HISTORIC INNER EAST,HD-2,St. Anne's Hill
R72 01304 0020,16540,47470,64010,16590,91400,107990,HISTORIC INNER EAST,HD-2,St. Anne's Hill
R72 01306 0009,17850,55110,72960,17970,78190,96160,HISTORIC INNER EAST,HD-2,St. Anne's Hill
R72 01304 0046,4690,0,4690,4680,0,4680,HISTORIC INNER EAST,HD-2,St. Anne's Hill
R72 01304 0044,14250,43360,57610,13970,110030,124000,HISTORIC INNER EAST,HD-2,St. Anne's Hill
R72 01304 0045,13390,51810,65200,13350,106650,120000,HISTORIC INNER EAST,HD-2,St. Anne's Hill
R72 01306 0063,16540,71500,88040,16590,108450,125040,HISTORIC INNER EAST,HD-2,St. Anne's Hill
R72 01305 0035,16540,53150,69690,16590,82590,99180,HISTORIC INNER EAST,HD-2,St. Anne's Hill
R72 01307 0018,3380,0,3380,1610,0,1610,HISTORIC INNER EAST,HD-2,St. Anne's Hill
R72 01204 0046,15680,75990,91670,15590,100980,116570,HISTORIC INNER EAST,HD-2,St. Anne's Hill
R72 01304 0011,21000,84630,105630,21280,145710,166990,HISTORIC INNER EAST,HD-2,St. Anne's Hill
R72 01303 0007,17060,50670,67730,17140,81880,99020,HISTORIC INNER EAST,HD-2,St. Anne's Hill
R72 01308 0006,16540,40770,57310,16590,0,16590,HISTORIC INNER EAST,HD-2,St. Anne's Hill
R72 01304 0021,25200,101080,126280,25700,154470,180170,HISTORIC INNER EAST,HD-2,St. Anne's Hill
R72 01204 0083,17060,37050,54110,17220,65830,83050,HISTORIC INNER EAST,HD-2,St. Anne's Hill
R72 01204 0068,2600,0,2600,1060,0,1060,HISTORIC INNER EAST,HD-2,St. Anne's Hill
R72 01307 0015,16540,40490,57030,16590,73930,90520,HISTORIC INNER EAST,HD-2,St. Anne's Hill
R72 01308 0008,16540,39730,56270,16590,63430,80020,HISTORIC INNER EAST,HD-2,St. Anne's Hill
R72 01204 0064,20520,65740,86260,35800,97890,133690,HISTORIC INNER EAST,HD-2,St. Anne's Hill
R72 01205 0041,16320,48010,64330,11460,56730,68190,HISTORIC INNER EAST,HD-2,St. Anne's Hill
R72 01205 0071,4210,0,4210,2920,0,2920,HISTORIC INNER EAST,HD-2,St. Anne's Hill
R72 01304 0027,16540,45610,62150,16590,55050,71640,HISTORIC INNER EAST,HD-2,St. Anne's Hill
R72 01308 0081,3250,0,3250,1190,0,1190,HISTORIC INNER EAST,HD-2,St. Anne's Hill
R72 01305 0045,13910,30160,44070,13830,37320,51150,HISTORIC INNER EAST,HD-2,St. Anne's Hill
R72 01306 0031,7090,0,7090,7170,0,7170,HISTORIC INNER EAST,HD-2,St. Anne's Hill
R72 01305 0043,13650,29090,42740,13560,45140,58700,HISTORIC INNER EAST,HD-2,St. Anne's Hill
R72 01306 0032,18900,58090,76990,19070,80120,99190,HISTORIC INNER EAST,HD-2,St. Anne's Hill
R72 01304 0042,8020,3420,11440,6930,4540,11470,HISTORIC INNER EAST,HD-1,St. Anne's Hill
R72 01302 0007,7130,57600,64730,6420,55820,62240,HISTORIC INNER EAST,HD-2,St. Anne's Hill
R72 01305 0046,4770,0,4770,2350,0,2350,HISTORIC INNER EAST,HD-2,St. Anne's Hill
R72 01302 0040,16540,20930,37470,16590,83430,100020,HISTORIC INNER EAST,HD-2,St. Anne's Hill
R72 01304 0040,10020,3420,13440,8490,4540,13030,HISTORIC INNER EAST,HD-1,St. Anne's Hill
R72 01304 0041,8020,3420,11440,6930,4540,11470,HISTORIC INNER EAST,HD-1,St. Anne's Hill
R72 01307 0013,16540,42000,58540,16590,71940,88530,HISTORIC INNER EAST,HD-2,St. Anne's Hill
R72 01306 0070,6200,0,6200,6240,0,6240,HISTORIC INNER EAST,HD-2,St. Anne's Hill
R72 01205 0037,5400,0,5400,3470,0,3470,HISTORIC INNER EAST,HD-2,St. Anne's Hill
R72 01301 0038,7180,37520,44700,4250,52580,56830,HISTORIC INNER EAST,HD-2,St. Anne's Hill
R72 01204 0071,14790,52040,66830,14580,110210,124790,HISTORIC INNER EAST,HD-1,St. Anne's Hill
R72 01204 0081,6830,0,6830,6120,0,6120,HISTORIC INNER EAST,HD-1,St. Anne's Hill
R72 01303 0014,14400,31930,46330,55330,110670,166000,HISTORIC INNER EAST,HD-2,St. Anne's Hill
R72 01301 0002,1840,0,1840,370,0,370,HISTORIC INNER EAST,HD-2,St. Anne's Hill
R72 01308 0046,16540,51800,68340,16590,83060,99650,HISTORIC INNER EAST,HD-2,St. Anne's Hill
R72 01301 0001,4800,60380,65180,3150,70800,73950,HISTORIC INNER EAST,HD-2,St. Anne's Hill
R72 01204 0048,10240,46520,56760,11000,75040,86040,HISTORIC INNER EAST,HD-2,St. Anne's Hill
R72 01307 0002,16540,48530,65070,16590,77750,94340,HISTORIC INNER EAST,HD-2,St. Anne's Hill
R72 01301 0044,13010,82260,95270,7900,111060,118960,HISTORIC INNER EAST,HD-2,St. Anne's Hill
R72 01204 0080,15150,51050,66200,14690,185090,199780,HISTORIC INNER EAST,HD-1,St. Anne's Hill
R72 01204 0072,19700,7880,27580,13950,33750,47700,HISTORIC INNER EAST,HD-1,St. Anne's Hill
R72 01306 0038,16540,39520,56060,16590,66090,82680,HISTORIC INNER EAST,HD-2,St. Anne's Hill
R72 01305 0013,6000,7000,13000,16590,7050,23640,HISTORIC INNER EAST,HD-2,St. Anne's Hill
R72 01308 0029,16540,40700,57240,16590,13520,30110,HISTORIC INNER EAST,HD-2,St. Anne's Hill
R72 01302 0095,17170,63150,80320,17350,188310,205660,HISTORIC INNER EAST,HD-2,St. Anne's Hill
R72 01308 0037,19920,38970,58890,21050,9130,30180,HISTORIC INNER EAST,HD-2,St. Anne's Hill
R72 01301 0040,7880,47600,55480,4590,58850,63440,HISTORIC INNER EAST,HD-2,St. Anne's Hill
R72 01303 0030,18900,58470,77370,19070,69660,88730,HISTORIC INNER EAST,HD-2,St. Anne's Hill
R72 01308 0009,16540,57170,73710,16590,104270,120860,HISTORIC INNER EAST,HD-2,St. Anne's Hill
R72 01308 0044,3700,0,3700,3660,0,3660,HISTORIC INNER EAST,HD-2,St. Anne's Hill
R72 01308 0043,18110,61200,79310,18250,87450,105700,HISTORIC INNER EAST,HD-2,St. Anne's Hill
R72 01308 0034,9060,0,9060,8230,0,8230,HISTORIC INNER EAST,HD-2,St. Anne's Hill
R72 01308 0033,17590,57640,75230,17700,87920,105620,HISTORIC INNER EAST,HD-2,St. Anne's Hill
R72 01307 0017,16540,58430,74970,16590,91520,108110,HISTORIC INNER EAST,HD-2,St. Anne's Hill
R72 01306 0045,16540,45950,62490,16590,75550,92140,HISTORIC INNER EAST,HD-2,St. Anne's Hill
R72 01302 0081,16280,35410,51690,16320,129880,146200,HISTORIC INNER EAST,HD-2,St. Anne's Hill
R72 01306 0003,18900,50540,69440,19070,106790,125860,HISTORIC INNER EAST,HD-2,St. Anne's Hill
R72 01304 0030,16540,20020,36560,16590,83570,100160,HISTORIC INNER EAST,HD-2,St. Anne's Hill
R72 01304 0033,17590,43220,60810,17700,118300,136000,HISTORIC INNER EAST,HD-2,St. Anne's Hill
R72 01301 0036,7880,50340,58220,4590,67230,71820,HISTORIC INNER EAST,HD-2,St. Anne's Hill
R72 01305 0011,16540,88150,104690,16590,119050,135640,HISTORIC INNER EAST,HD-2,St. Anne's Hill
R72 01302 0092,17440,61060,78500,17650,101780,119430,HISTORIC INNER EAST,HD-2,St. Anne's Hill
R72 01204 0036,17710,15610,33320,17880,103560,121440,HISTORIC INNER EAST,HD-2,St. Anne's Hill
R72 01303 0017,18900,101610,120510,19070,141550,160620,HISTORIC INNER EAST,HD-2,St. Anne's Hill
R72 01306 0007,18900,56790,75690,19070,79220,98290,HISTORIC INNER EAST,HD-2,St. Anne's Hill
R72 01308 0031,17060,52880,69940,17140,90130,107270,HISTORIC INNER EAST,HD-2,St. Anne's Hill
R72 01306 0076,16540,42570,59110,16590,113650,130240,HISTORIC INNER EAST,HD-2,St. Anne's Hill
R72 01302 0049,17170,66670,83840,17350,116990,134340,HISTORIC INNER EAST,HD-2,St. Anne's Hill
R72 01204 0069,16740,46740,63480,16780,61120,77900,HISTORIC INNER EAST,HD-2,St. Anne's Hill
R72 01305 0052,!,!,!,18310,86280,104590,HISTORIC INNER EAST,HD-2,St. Anne's Hill
R72 01306 0043,16540,49040,65580,16590,63270,79860,HISTORIC INNER EAST,HD-2,St. Anne's Hill
R72 01306 0028,19260,16940,36200,19510,92480,111990,HISTORIC INNER EAST,HD-2,St. Anne's Hill
R72 01304 0036,16540,37820,54360,16590,51740,68330,HISTORIC INNER EAST,HD-2,St. Anne's Hill
R72 01306 0041,16540,74660,91200,16590,105780,122370,HISTORIC INNER EAST,HD-2,St. Anne's Hill
R72 01305 0042,14560,33380,47940,14480,51730,66210,HISTORIC INNER EAST,HD-2,St. Anne's Hill
R72 01303 0044,10140,82820,92960,10800,181020,191820,HISTORIC INNER EAST,HD-2,St. Anne's Hill
R72 01306 0040,16540,48450,64990,16590,73010,89600,HISTORIC INNER EAST,HD-2,St. Anne's Hill
R72 01301 0004,8270,67770,76040,4980,70190,75170,HISTORIC INNER EAST,HD-2,St. Anne's Hill
R72 01306 0002,18900,36890,55790,19070,87290,106360,HISTORIC INNER EAST,HD-2,St. Anne's Hill
R72 01306 0049,1070,0,1070,890,0,890,HISTORIC INNER EAST,HD-2,St. Anne's Hill
R72 01306 0001,18900,58440,77340,19070,82310,101380,HISTORIC INNER EAST,HD-2,St. Anne's Hill
R72 01308 0023,16540,2100,18640,16590,98030,114620,HISTORIC INNER EAST,HD-2,St. Anne's Hill
R72 01304 0019,18110,61320,79430,18250,90700,108950,HISTORIC INNER EAST,HD-2,St. Anne's Hill
R72 01306 0013,17060,46670,63730,17140,96550,113690,HISTORIC INNER EAST,HD-2,St. Anne's Hill
R72 01306 0071,21000,60490,81490,21280,168530,189810,HISTORIC INNER EAST,HD-2,St. Anne's Hill
R72 01304 0015,12290,114060,126350,23210,174150,197360,HISTORIC INNER EAST,HD-2,St. Anne's Hill
R72 01305 0021,8750,157130,165880,8610,140290,148900,HISTORIC INNER EAST,HD-1,St. Anne's Hill
R72 01302 0062,17850,29470,47320,17970,87990,105960,HISTORIC INNER EAST,HD-2,St. Anne's Hill
R72 01308 0004,16540,30620,47160,16590,42750,59340,HISTORIC INNER EAST,HD-2,St. Anne's Hill
R72 01306 0060,1510,0,1510,1490,0,1490,HISTORIC INNER EAST,HD-2,St. Anne's Hill
R72 01204 0031,17760,50840,68600,18150,107030,125180,HISTORIC INNER EAST,HD-1,St. Anne's Hill
R72 01204 0057,7920,0,7920,7130,0,7130,HISTORIC INNER EAST,HD-2,St. Anne's Hill
R72 01204 0056,13370,65370,78740,13360,99730,113090,HISTORIC INNER EAST,HD-2,St. Anne's Hill
R72 01204 0015,20700,95550,116250,21120,176770,197890,HISTORIC INNER EAST,HD-2,St. Anne's Hill
R72 01307 0008,14960,39690,54650,14940,72890,87830,HISTORIC INNER EAST,HD-2,St. Anne's Hill
R72 01307 0010,4870,0,4870,4850,0,4850,HISTORIC INNER EAST,HD-2,St. Anne's Hill
R72 01306 0034,18900,39380,58280,19070,113270,132340,HISTORIC INNER EAST,HD-2,St. Anne's Hill
R72 01307 0011,16540,55770,72310,16590,79540,96130,HISTORIC INNER EAST,HD-2,St. Anne's Hill
R72 01303 0036,15750,27900,43650,15760,69030,84790,HISTORIC INNER EAST,HD-2,St. Anne's Hill
R72 01306 0012,17060,56940,74000,17140,131010,148150,HISTORIC INNER EAST,HD-2,St. Anne's Hill
R72 01306 0073,3080,0,3080,3050,0,3050,HISTORIC INNER EAST,HD-2,St. Anne's Hill
R72 01306 0074,16540,56020,72560,16590,89790,106380,HISTORIC INNER EAST,HD-2,St. Anne's Hill
R72 01306 0075,5790,0,5790,5820,330,6150,HISTORIC INNER EAST,HD-2,St. Anne's Hill
R72 01305 0036,16540,34790,51330,16590,69370,85960,HISTORIC INNER EAST,HD-2,St. Anne's Hill
R72 01302 0001,46900,188740,235640,51550,148450,200000,HISTORIC INNER EAST,HD-2,St. Anne's Hill
R72 51466 0032,!,!,!,0,5140,5140,MCPHERSON,HD-2,McPherson Town
R72 51466 0012,!,!,!,2900,72540,75440,MCPHERSON,HD-2,McPherson Town
R72 51466 0025,!,!,!,0,5140,5140,MCPHERSON,HD-2,McPherson Town
R72 51466 0017,!,!,!,3650,89830,93480,MCPHERSON,HD-2,McPherson Town
R72 51466 0018,!,!,!,4180,97990,102170,MCPHERSON,HD-2,McPherson Town
R72 51466 0031,!,!,!,0,5140,5140,MCPHERSON,HD-2,McPherson Town
R72 51466 0030,!,!,!,0,5140,5140,MCPHERSON,HD-2,McPherson Town
R72 51466 0029,!,!,!,0,5140,5140,MCPHERSON,HD-2,McPherson Town
R72 51466 0015,!,!,!,2620,70440,73060,MCPHERSON,HD-2,McPherson Town
R72 51466 0028,!,!,!,0,5140,5140,MCPHERSON,HD-2,McPherson Town
R72 51466 0014,!,!,!,2900,72540,75440,MCPHERSON,HD-2,McPherson Town
R72 51466 0027,!,!,!,0,5140,5140,MCPHERSON,HD-2,McPherson Town
R72 51466 0013,!,!,!,3520,81060,84580,MCPHERSON,HD-2,McPherson Town
R72 51466 0026,!,!,!,0,5140,5140,MCPHERSON,HD-2,McPherson Town
R72 06408 0025,24570,97530,122100,25890,88540,114430,MCPHERSON,HD-2,McPherson Town
R72 06411 0065,21380,104880,126260,22650,152510,175160,MCPHERSON,HD-2,McPherson Town
R72 06408 0037,23210,52190,75400,24490,57110,81600,MCPHERSON,HD-2,McPherson Town
R72 06406 0066,17710,67250,84960,19260,101430,120690,MCPHERSON,HD-2,McPherson Town
R72 06407 0046,20480,68900,89380,22880,101130,124010,MCPHERSON,HD-2,McPherson Town
R72 06411 0006,26640,68270,94910,28200,80210,108410,MCPHERSON,HD-2,McPherson Town
R72 06411 0010,4680,0,4680,4680,0,4680,MCPHERSON,HD-2,McPherson Town
R72 06411 0001,50400,214740,265140,48000,536000,584000,MCPHERSON,HD-2,McPherson Town
R72 06411 0022,47000,107390,154390,45700,129300,175000,MCPHERSON,HD-2,McPherson Town
R72 06406 0037,29200,42150,71350,32220,58210,90430,MCPHERSON,HD-2,McPherson Town
R72 06411 0068,16870,51770,68640,19770,51460,71230,MCPHERSON,HD-2,McPherson Town
R72 06411 0031,27540,28410,55950,28910,42540,71450,MCPHERSON,HD-2,McPherson Town
R72 06411 0019,16350,19800,36150,19420,34670,54090,MCPHERSON,HD-2,McPherson Town
R72 06407 0048,22660,71770,94430,24680,92680,117360,MCPHERSON,HD-2,McPherson Town
R72 06411 0017,14160,78070,92230,16160,51420,67580,MCPHERSON,HD-2,McPherson Town
R72 06411 0049,20980,65610,86590,22210,40540,62750,MCPHERSON,HD-2,McPherson Town
R72 06408 0028,24190,64280,88470,23520,74980,98500,MCPHERSON,HD-2,McPherson Town
R72 06407 0059,28840,67220,96060,31870,95860,127730,MCPHERSON,HD-2,McPherson Town
R72 06411 0055,15410,52210,67620,18510,14330,32840,MCPHERSON,HD-2,McPherson Town
R72 06411 0027,6720,0,6720,6400,0,6400,MCPHERSON,HD-2,McPherson Town
R72 06410 0007,29120,94480,123600,32040,147840,179880,MCPHERSON,HD-2,McPherson Town
R72 06411 0028,23000,84250,107250,24300,95180,119480,MCPHERSON,HD-2,McPherson Town
R72 06410 0006,28840,99890,128730,32000,139520,171520,MCPHERSON,HD-2,McPherson Town
R72 06410 0027,24860,95380,120240,27070,115490,142560,MCPHERSON,HD-2,McPherson Town
R72 06408 0044,23630,87360,110990,24960,82110,107070,MCPHERSON,HD-2,McPherson Town
R72 06406 0052,7510,0,7510,8550,1630,10180,MCPHERSON,HD-2,McPherson Town
R72 06410 0015,29480,91430,120910,32470,150980,183450,MCPHERSON,HD-2,McPherson Town
R72 06410 0017,29120,86050,115170,32040,140210,172250,MCPHERSON,HD-2,McPherson Town
R72 06410 0009,29120,100750,129870,32040,210820,242860,MCPHERSON,HD-2,McPherson Town
R72 06410 0011,13440,51390,64830,12800,46520,59320,MCPHERSON,HD-2,McPherson Town
R72 06411 0015,12500,79490,91990,13730,105310,119040,MCPHERSON,HD-2,McPherson Town
R72 06406 0039,16560,66420,82980,17560,100650,118210,MCPHERSON,HD-2,McPherson Town
R72 06411 0012,17220,43360,60580,18420,47970,66390,MCPHERSON,HD-2,McPherson Town
R72 06411 0007,13390,0,13390,6980,0,6980,MCPHERSON,HD-2,McPherson Town
R72 06410 0038,17420,78410,95830,18870,100440,119310,MCPHERSON,HD-2,McPherson Town
R72 06407 0050,24150,155770,179920,26340,205940,232280,MCPHERSON,HD-2,McPherson Town
R72 06411 0026,13440,63720,77160,12800,82790,95590,MCPHERSON,HD-2,McPherson Town
R72 06411 0004,16800,0,16800,16000,0,16000,MCPHERSON,HD-2,McPherson Town
R72 06408 0027,22640,33910,56550,23970,60460,84430,MCPHERSON,HD-2,McPherson Town
R72 06408 0023,25200,130550,155750,26510,130400,156910,MCPHERSON,HD-2,McPherson Town
R72 06406 0065,15790,76390,92180,17140,103850,120990,MCPHERSON,HD-2,McPherson Town
R72 06406 0056,12760,46330,59090,13830,154140,167970,MCPHERSON,HD-2,McPherson Town
R72 06410 0026,29920,81080,111000,33060,182750,215810,MCPHERSON,HD-2,McPherson Town
R72 06407 0028,30790,112250,143040,34220,174090,208310,MCPHERSON,HD-2,McPherson Town
R72 06408 0030,22640,67770,90410,23970,54820,78790,MCPHERSON,HD-2,McPherson Town
R72 06410 0010,11700,0,11700,11510,0,11510,MCPHERSON,HD-2,McPherson Town
R72 06411 0016,6600,0,6600,7410,0,7410,MCPHERSON,HD-2,McPherson Town
R72 06406 0054,16560,74760,91320,17560,98750,116310,MCPHERSON,HD-2,McPherson Town
R72 06410 0031,30790,61110,91900,34220,77610,111830,MCPHERSON,HD-2,McPherson Town
R72 06411 0018,15600,54280,69880,18890,60400,79290,MCPHERSON,HD-2,McPherson Town
R72 06411 0020,18000,72640,90640,20490,86270,106760,MCPHERSON,HD-2,McPherson Town
R72 06411 0021,9360,2570,11930,10470,2370,12840,MCPHERSON,HD-2,McPherson Town
R72 51466 0009,!,!,!,4190,94980,99170,MCPHERSON,HD-2,McPherson Town
R72 51466 0022,!,!,!,0,5140,5140,MCPHERSON,HD-2,McPherson Town
R72 06410 0008,29120,121000,150120,32040,179070,211110,MCPHERSON,HD-2,McPherson Town
R72 51466 0024,!,!,!,0,5140,5140,MCPHERSON,HD-2,McPherson Town
R72 51466 0011,!,!,!,2490,68570,71060,MCPHERSON,HD-2,McPherson Town
R72 51466 0008,!,!,!,3650,87090,90740,MCPHERSON,HD-2,McPherson Town
R72 51466 0021,!,!,!,0,5140,5140,MCPHERSON,HD-2,McPherson Town
R72 51466 0035,!,!,!,0,5140,5140,MCPHERSON,HD-2,McPherson Town
R72 51466 0034,!,!,!,0,5140,5140,MCPHERSON,HD-2,McPherson Town
R72 51466 0020,!,!,!,2110,60990,63100,MCPHERSON,HD-2,McPherson Town
R72 51466 0007,!,!,!,3650,88880,92530,MCPHERSON,HD-2,McPherson Town
R72 51466 0006,!,!,!,3220,86530,89750,MCPHERSON,HD-2,McPherson Town
R72 51466 0003,!,!,!,3210,76800,80010,MCPHERSON,HD-2,McPherson Town
R72 51466 0005,!,!,!,3740,87380,91120,MCPHERSON,HD-2,McPherson Town
R72 51466 0004,!,!,!,5000,107170,112170,MCPHERSON,HD-2,McPherson Town
R72 51466 0002,!,!,!,3860,80450,84310,MCPHERSON,HD-2,McPherson Town
R72 51466 0001,!,!,!,3860,86530,90390,MCPHERSON,HD-2,McPherson Town
R72 51466 0037,!,!,!,0,0,0,MCPHERSON,HD-2,McPherson Town
R72 51466 0036,!,!,!,0,5140,5140,MCPHERSON,HD-2,McPherson Town
R72 51466 0010,!,!,!,2710,70120,72830,MCPHERSON,HD-2,McPherson Town
R72 51466 0023,!,!,!,0,5140,5140,MCPHERSON,HD-2,McPherson Town
R72 51466 0033,!,!,!,0,5140,5140,MCPHERSON,HD-2,McPherson Town
R72 51466 0019,!,!,!,2680,71690,74370,MCPHERSON,HD-2,McPherson Town
R72 06411 0014,21530,68090,89620,23030,161830,184860,MCPHERSON,HD-2,McPherson Town
R72 06410 0033,30790,82910,113700,34220,88160,122380,MCPHERSON,HD-2,McPherson Town
R72 06411 0054,15020,57700,72720,18330,91050,109380,MCPHERSON,HD-2,McPherson Town
R72 06410 0016,29120,106770,135890,32040,148280,180320,MCPHERSON,HD-2,McPherson Town
R72 06410 0047,27970,0,27970,29740,163830,193570,MCPHERSON,HD-2,McPherson Town
R72 06407 0044,20480,61590,82070,22880,87670,110550,MCPHERSON,HD-2,McPherson Town
R72 06407 0042,20480,87250,107730,22880,145400,168280,MCPHERSON,HD-2,McPherson Town
R72 06411 0047,19580,75660,95240,21190,114410,135600,MCPHERSON,HD-2,McPherson Town
R72 06406 0053,30050,114340,144390,33330,141770,175100,MCPHERSON,HD-2,McPherson Town
R72 06407 0054,28300,89670,117970,31430,146290,177720,MCPHERSON,HD-2,McPherson Town
R72 06410 0046,14430,0,14430,10580,0,10580,MCPHERSON,HD-2,McPherson Town
R72 06410 0005,13520,0,13520,13170,0,13170,MCPHERSON,HD-2,McPherson Town
R72 06411 0030,24950,63010,87960,26270,98870,125140,MCPHERSON,HD-2,McPherson Town
R72 06410 0022,29920,0,29920,33060,210010,243070,MCPHERSON,HD-2,McPherson Town
R72 06411 0011,21530,97000,118530,23030,90800,113830,MCPHERSON,HD-2,McPherson Town
R72 06411 0050,10490,0,10490,9980,0,9980,MCPHERSON,HD-2,McPherson Town
R72 06411 0035,9850,3410,13260,9580,4410,13990,MCPHERSON,HD-2,McPherson Town
R72 06411 0057,74750,245070,319820,58140,226480,284620,MCPHERSON,HD-2,McPherson Town
R72 06411 0043,19540,5480,25020,19000,7080,26080,MCPHERSON,HD-2,McPherson Town
R72 06411 0032,11490,3860,15350,11170,4980,16150,MCPHERSON,HD-2,McPherson Town
R72 06411 0039,10450,3590,14040,10160,4640,14800,MCPHERSON,HD-2,McPherson Town
R72 06410 0025,29920,50280,80200,33060,55940,89000,MCPHERSON,HD-2,McPherson Town
R72 06410 0023,29920,112470,142390,33060,184550,217610,MCPHERSON,HD-2,McPherson Town
R72 06410 0035,27020,186510,213530,29190,234820,264010,MCPHERSON,HD-2,McPherson Town
R72 06411 0005,26640,28210,54850,28200,21800,50000,MCPHERSON,HD-2,McPherson Town
R72 06407 0058,14610,5790,20400,16160,3630,19790,MCPHERSON,HD-2,McPherson Town
R72 06407 0060,28840,58310,87150,31870,182790,214660,MCPHERSON,HD-2,McPherson Town
R72 06411 0052,18020,54940,72960,20530,88150,108680,MCPHERSON,HD-2,McPherson Town
R72 06411 0051,10070,11160,21230,11000,11260,22260,MCPHERSON,HD-2,McPherson Town
R72 06410 0028,24490,34850,59340,26620,120440,147060,MCPHERSON,HD-2,McPherson Town
R72 06410 0034,43780,97060,140840,48620,109520,158140,MCPHERSON,HD-2,McPherson Town
R72 06410 0019,21550,41730,63280,23880,141180,165060,MCPHERSON,HD-2,McPherson Town
R72 06411 0048,28310,76090,104400,29960,63470,93430,MCPHERSON,HD-2,McPherson Town
R72 06407 0025,30790,89550,120340,34220,116490,150710,MCPHERSON,HD-2,McPherson Town
R72 06407 0026,18450,34810,53260,17940,48120,66060,MCPHERSON,HD-2,McPherson Town
R72 06411 0013,21530,70430,91960,23030,168100,191130,MCPHERSON,HD-2,McPherson Town
R72 06406 0038,29200,57660,86860,32220,70610,102830,MCPHERSON,HD-2,McPherson Town
R72 06408 0045,23940,107550,131490,25270,123430,148700,MCPHERSON,HD-2,McPherson Town
R72 06407 0056,29210,112360,141570,32330,155750,188080,MCPHERSON,HD-2,McPherson Town
R72 06410 0030,27080,112860,139940,29750,119890,149640,MCPHERSON,HD-2,McPherson Town
R72 06407 0057,29210,14110,43320,32330,85130,117460,MCPHERSON,HD-2,McPherson Town
R72 06408 0038,37500,39190,76690,37870,30610,68480,MCPHERSON,HD-2,McPherson Town
R72 06410 0014,28760,104310,133070,31610,88390,120000,MCPHERSON,HD-2,McPherson Town
R72 06407 0061,31830,57930,89760,35520,156560,192080,MCPHERSON,HD-2,McPherson Town
R72 06406 0035,399840,1479400,1879240,380800,901610,1282410,MCPHERSON,HD-2,McPherson Town
R72 06410 0013,29120,114380,143500,32040,169170,201210,MCPHERSON,HD-2,McPherson Town
R72 06408 0031,21980,53470,75450,23270,30350,53620,MCPHERSON,HD-2,McPherson Town
R72 06410 0037,11340,0,11340,12180,0,12180,MCPHERSON,HD-2,McPherson Town
R72 06410 0018,17080,114660,131740,18790,150020,168810,MCPHERSON,HD-2,McPherson Town
R72 06406 0062,27930,85630,113560,28780,181700,210480,MCPHERSON,HD-2,McPherson Town
R72 06408 0043,20560,77380,97940,22190,122710,144900,MCPHERSON,HD-2,McPherson Town
R72 06408 0032,23640,75630,99270,25030,49940,74970,MCPHERSON,HD-2,McPherson Town
R72 06408 0042,19530,65680,85210,21360,80580,101940,MCPHERSON,HD-2,McPherson Town
R72 06411 0066,20660,84870,105530,22350,76060,98410,MCPHERSON,HD-2,McPherson Town
R72 06407 0027,30790,80910,111700,34220,127940,162160,MCPHERSON,HD-2,McPherson Town
R72 06410 0032,30790,109010,139800,34220,123920,158140,MCPHERSON,HD-2,McPherson Town
R72 06410 0012,29120,61890,91010,32040,93920,125960,MCPHERSON,HD-2,McPherson Town
R72 06410 0024,30280,82070,112350,33480,162410,195890,MCPHERSON,HD-2,McPherson Town
R72 51466 0016,!,!,!,3570,89210,92780,MCPHERSON,HD-2,McPherson Town
R72 06408 0022,24260,106960,131220,25580,96170,121750,MCPHERSON,HD-2,McPherson Town
R72 51327 0003,8210,0,8210,8210,33890,42100,OLD DAYTON VIEW,HD-2,Dayton View
R72 07307 0022,18000,46550,64550,18000,86480,104480,OLD DAYTON VIEW,HD-1,Dayton View
R72 07308 0007,15900,61370,77270,11990,75280,87270,OLD DAYTON VIEW,HD-2,Dayton View
R72 07308 0012,15900,52480,68380,11990,33770,45760,OLD DAYTON VIEW,HD-2,Dayton View
R72 07307 0003,15900,75240,91140,11990,62060,74050,OLD DAYTON VIEW,HD-2,Dayton View
R72 07307 0006,7950,0,7950,5390,0,5390,OLD DAYTON VIEW,HD-2,Dayton View
R72 51327 0004,8210,0,8210,8210,33890,42100,OLD DAYTON VIEW,HD-2,Dayton View
R72 51327 0001,8210,0,8210,8210,33890,42100,OLD DAYTON VIEW,HD-2,Dayton View
R72 51327 0006,16790,0,16790,16790,51040,67830,OLD DAYTON VIEW,HD-2,Dayton View
R72 51327 0008,16790,0,16790,16790,61470,78260,OLD DAYTON VIEW,HD-2,Dayton View
R72 51327 0005,16790,0,16790,16790,51040,67830,OLD DAYTON VIEW,HD-2,Dayton View
R72 07307 0004,16050,49450,65500,12080,55340,67420,OLD DAYTON VIEW,HD-2,Dayton View
R72 51327 0002,8210,0,8210,8210,33890,42100,OLD DAYTON VIEW,HD-2,Dayton View
R72 51327 0007,16790,0,16790,16790,51040,67830,OLD DAYTON VIEW,HD-2,Dayton View
R72 07311 0033,45000,59640,104640,45000,49700,94700,OLD DAYTON VIEW,HD-1,Dayton View
R72 07307 0015,15900,44840,60740,11990,54750,66740,OLD DAYTON VIEW,HD-2,Dayton View
R72 07403 0033,18450,13910,32360,13720,27870,41590,OLD DAYTON VIEW,HD-2,Dayton View
R72 07403 0057,19660,74470,94130,15840,38400,54240,OLD DAYTON VIEW,HD-2,Dayton View
R72 07401 0015,15750,45920,61670,11890,32480,44370,OLD DAYTON VIEW,HD-2,Dayton View
R72 07401 0008,16670,8520,25190,13130,65300,78430,OLD DAYTON VIEW,HD-2,Dayton View
R72 07401 0011,10580,53360,63940,6590,17410,24000,OLD DAYTON VIEW,HD-2,Dayton View
R72 07406 0007,6350,18440,24790,6590,45660,52250,OLD DAYTON VIEW,HD-2,Dayton View
R72 07311 0008,15900,46860,62760,11990,51700,63690,OLD DAYTON VIEW,HD-2,Dayton View
R72 07403 0047,14360,39670,54030,10720,57760,68480,OLD DAYTON VIEW,HD-2,Dayton View
R72 07309 0013,11940,47210,59150,8260,69450,77710,OLD DAYTON VIEW,HD-2,Dayton View
R72 07402 0015,17550,61310,78860,13770,66760,80530,OLD DAYTON VIEW,HD-2,Dayton View
R72 07308 0006,15900,79700,95600,11990,85080,97070,OLD DAYTON VIEW,HD-2,Dayton View
R72 07311 0028,15900,37070,52970,11990,84440,96430,OLD DAYTON VIEW,HD-2,Dayton View
R72 07309 0014,9540,41980,51520,6670,53310,59980,OLD DAYTON VIEW,HD-2,Dayton View
R72 07311 0016,14310,48060,62370,10720,81280,92000,OLD DAYTON VIEW,HD-2,Dayton View
R72 07402 0022,15750,55870,71620,11890,70350,82240,OLD DAYTON VIEW,HD-2,Dayton View
R72 07310 0042,10500,56740,67240,7300,69540,76840,OLD DAYTON VIEW,HD-2,Dayton View
R72 07307 0013,14310,49230,63540,10720,62350,73070,OLD DAYTON VIEW,HD-2,Dayton View
R72 07308 0010,15900,65380,81280,11990,118230,130220,OLD DAYTON VIEW,HD-2,Dayton View
R72 07406 0003,18000,69430,87430,18000,197000,215000,OLD DAYTON VIEW,HD-2,Dayton View
R72 07407 0002,22620,35400,58020,18270,86480,104750,OLD DAYTON VIEW,HD-2,Dayton View
R72 07311 0009,2730,0,2730,11990,0,11990,OLD DAYTON VIEW,HD-2,Dayton View
R72 07401 0002,4750,57890,62640,4930,54430,59360,OLD DAYTON VIEW,HD-2,Dayton View
R72 07402 0025,14960,125200,140160,11270,104770,116040,OLD DAYTON VIEW,HD-2,Dayton View
R72 07307 0014,18000,53640,71640,18000,16570,34570,OLD DAYTON VIEW,HD-2,Dayton View
R72 07308 0021,15900,57340,73240,11990,68970,80960,OLD DAYTON VIEW,HD-2,Dayton View
R72 07308 0011,21260,25010,46270,16270,16980,33250,OLD DAYTON VIEW,HD-2,Dayton View
R72 07405 0001,12960,44620,57580,9780,64310,74090,OLD DAYTON VIEW,HD-2,Dayton View
R72 07311 0029,17490,57780,75270,13250,91460,104710,OLD DAYTON VIEW,HD-2,Dayton View
R72 07308 0027,31420,0,31420,23710,0,23710,OLD DAYTON VIEW,HD-1,Dayton View
R72 07307 0005,15900,75360,91260,11990,95540,107530,OLD DAYTON VIEW,HD-2,Dayton View
R72 07308 0023,18000,47560,65560,18000,39140,57140,OLD DAYTON VIEW,HD-1,Dayton View
R72 07310 0021,10140,1390,11530,7060,1200,8260,OLD DAYTON VIEW,HD-2,Dayton View
R72 07308 0013,15900,68030,83930,11990,62480,74470,OLD DAYTON VIEW,HD-2,Dayton View
R72 07405 0030,20700,185190,205890,15800,177380,193180,OLD DAYTON VIEW,HD-2,Dayton View
R72 07311 0001,15580,47150,62730,11730,76180,87910,OLD DAYTON VIEW,HD-2,Dayton View
R72 51326 0001,4000,0,4000,4000,82390,86390,OLD DAYTON VIEW,HD-2,Dayton View
R72 07401 0003,2380,0,2380,2460,0,2460,OLD DAYTON VIEW,HD-2,Dayton View
R72 07407 0022,6090,0,6090,3960,0,3960,OLD DAYTON VIEW,HD-2,Dayton View
R72 07403 0046,18000,55840,73840,14570,15970,30540,OLD DAYTON VIEW,HD-2,Dayton View
R72 07402 0014,17550,46310,63860,13770,57120,70890,OLD DAYTON VIEW,HD-2,Dayton View
R72 07307 0016,22500,21080,43580,22500,25860,48360,OLD DAYTON VIEW,HD-2,Dayton View
R72 07402 0006,17550,10490,28040,13770,136170,149940,OLD DAYTON VIEW,HD-2,Dayton View
R72 07310 0046,10740,52000,62740,7460,65560,73020,OLD DAYTON VIEW,HD-2,Dayton View
R72 07407 0007,18000,15750,33750,18000,15500,33500,OLD DAYTON VIEW,HD-2,Dayton View
R72 07408 0001,10440,76980,87420,7440,119550,126990,OLD DAYTON VIEW,HD-2,Dayton View
R72 07403 0063,18000,41500,59500,18000,42390,60390,OLD DAYTON VIEW,HD-2,Dayton View
R72 07309 0030,10740,42940,53680,7460,64310,71770,OLD DAYTON VIEW,HD-2,Dayton View
R72 07403 0045,27000,30380,57380,9450,28230,37680,OLD DAYTON VIEW,HD-2,Dayton View
R72 07308 0016,15900,47380,63280,11990,21990,33980,OLD DAYTON VIEW,HD-2,Dayton View
R72 07402 0028,15440,8930,24370,11640,213610,225250,OLD DAYTON VIEW,HD-2,Dayton View
R72 07405 0013,17550,133120,150670,13870,149230,163100,OLD DAYTON VIEW,HD-2,Dayton View
R72 07405 0002,12670,44760,57430,9570,62560,72130,OLD DAYTON VIEW,HD-2,Dayton View
R72 07405 0036,31800,99750,131550,28900,298260,327160,OLD DAYTON VIEW,HD-2,Dayton View
R72 07402 0030,18000,16880,34880,18000,19520,37520,OLD DAYTON VIEW,HD-2,Dayton View
R72 07310 0015,10140,42710,52850,7060,75070,82130,OLD DAYTON VIEW,HD-2,Dayton View
R72 07307 0021,15900,38640,54540,11990,16270,28260,OLD DAYTON VIEW,HD-1,Dayton View
R72 07308 0018,15900,45630,61530,11990,47380,59370,OLD DAYTON VIEW,HD-2,Dayton View
R72 07308 0004,15900,63480,79380,11990,74360,86350,OLD DAYTON VIEW,HD-2,Dayton View
R72 07307 0020,3060,34390,37450,3180,27520,30700,OLD DAYTON VIEW,HD-1,Dayton View
R72 07403 0042,18000,49960,67960,14570,90240,104810,OLD DAYTON VIEW,HD-2,Dayton View
R72 07310 0020,9540,42400,51940,6670,65240,71910,OLD DAYTON VIEW,HD-2,Dayton View
R72 07406 0014,17400,71560,88960,13540,104450,117990,OLD DAYTON VIEW,HD-2,Dayton View
R72 07311 0004,15900,40680,56580,11990,25180,37170,OLD DAYTON VIEW,HD-2,Dayton View
R72 07308 0020,15900,37940,53840,11990,7130,19120,OLD DAYTON VIEW,HD-2,Dayton View
R72 07403 0055,17550,36660,54210,13870,53100,66970,OLD DAYTON VIEW,HD-2,Dayton View
R72 07307 0024,14950,68200,83150,11220,68270,79490,OLD DAYTON VIEW,HD-2,Dayton View
R72 07405 0014,21940,34420,56360,17980,55000,72980,OLD DAYTON VIEW,HD-2,Dayton View
R72 07401 0013,15750,16170,31920,11890,15290,27180,OLD DAYTON VIEW,HD-2,Dayton View
R72 07403 0053,18450,68840,87290,13720,107510,121230,OLD DAYTON VIEW,HD-2,Dayton View
R72 07402 0010,17550,72790,90340,13820,83330,97150,OLD DAYTON VIEW,HD-2,Dayton View
R72 07403 0043,18000,0,18000,14570,96900,111470,OLD DAYTON VIEW,HD-2,Dayton View
R72 07311 0026,15110,44500,59610,11350,81020,92370,OLD DAYTON VIEW,HD-2,Dayton View
R72 07311 0012,14050,0,14050,10590,2710,13300,OLD DAYTON VIEW,HD-2,Dayton View
R72 07311 0006,4050,97660,101710,11990,68640,80630,OLD DAYTON VIEW,HD-2,Dayton View
R72 51326 0002,4000,0,4000,4000,82390,86390,OLD DAYTON VIEW,HD-2,Dayton View
R72 07310 0043,10740,37190,47930,7460,49300,56760,OLD DAYTON VIEW,HD-2,Dayton View
R72 07311 0011,15900,59970,75870,11990,27190,39180,OLD DAYTON VIEW,HD-2,Dayton View
R72 07402 0029,15750,97500,113250,11890,115750,127640,OLD DAYTON VIEW,HD-2,Dayton View
R72 07403 0056,17550,68590,86140,13870,83970,97840,OLD DAYTON VIEW,HD-2,Dayton View
R72 07308 0019,15900,34670,50570,11990,77200,89190,OLD DAYTON VIEW,HD-2,Dayton View
R72 07310 0040,10500,8240,18740,3680,0,3680,OLD DAYTON VIEW,HD-2,Dayton View
R72 07308 0014,15900,48730,64630,11990,60560,72550,OLD DAYTON VIEW,HD-2,Dayton View
R72 07310 0045,10740,44730,55470,7460,56570,64030,OLD DAYTON VIEW,HD-2,Dayton View
R72 07311 0024,15900,61740,77640,11990,71620,83610,OLD DAYTON VIEW,HD-2,Dayton View
R72 07406 0021,19310,26040,45350,15270,73240,88510,OLD DAYTON VIEW,HD-2,Dayton View
R72 07401 0010,15400,48430,63830,20210,66580,86790,OLD DAYTON VIEW,HD-2,Dayton View
R72 07401 0014,15750,51940,67690,11890,75290,87180,OLD DAYTON VIEW,HD-2,Dayton View
R72 07311 0031,15900,3560,19460,11990,4780,16770,OLD DAYTON VIEW,HD-2,Dayton View
R72 07308 0005,15900,37450,53350,11990,48700,60690,OLD DAYTON VIEW,HD-2,Dayton View
R72 07307 0009,29730,94420,124150,23030,60130,83160,OLD DAYTON VIEW,HD-2,Dayton View
R72 07403 0048,10620,0,10620,7870,0,7870,OLD DAYTON VIEW,HD-2,Dayton View
R72 07401 0009,17200,71530,88730,13630,91310,104940,OLD DAYTON VIEW,HD-2,Dayton View
R72 07401 0017,36000,35900,71900,36000,27520,63520,OLD DAYTON VIEW,HD-2,Dayton View
R72 07407 0014,20880,90850,111730,16690,113050,129740,OLD DAYTON VIEW,HD-2,Dayton View
R72 07402 0016,28430,35800,64230,21560,8690,30250,OLD DAYTON VIEW,HD-2,Dayton View
R72 07311 0002,14630,52890,67520,10970,79080,90050,OLD DAYTON VIEW,HD-2,Dayton View
R72 07608 0021,5510,0,5510,3680,0,3680,OLD DAYTON VIEW,HD-2,Dayton View
R72 07403 0049,18450,41400,59850,13720,58970,72690,OLD DAYTON VIEW,HD-2,Dayton View
R72 07402 0026,14180,52660,66840,10640,65660,76300,OLD DAYTON VIEW,HD-2,Dayton View
R72 07308 0015,15900,59940,75840,11990,87210,99200,OLD DAYTON VIEW,HD-2,Dayton View
R72 07402 0008,17550,60610,78160,13770,91480,105250,OLD DAYTON VIEW,HD-2,Dayton View
R72 07311 0013,18000,55030,73030,18000,15180,33180,OLD DAYTON VIEW,HD-2,Dayton View
R72 07608 0038,13160,48930,62090,12800,55300,68100,OLD DAYTON VIEW,HD-2,Dayton View
R72 07408 0004,153170,925850,1079020,131200,1064900,1196100,OLD DAYTON VIEW,HD-2,Dayton View
R72 07311 0017,14310,26080,40390,10720,26710,37430,OLD DAYTON VIEW,HD-2,Dayton View
R72 07405 0016,8780,0,8780,7190,0,7190,OLD DAYTON VIEW,HD-2,Dayton View
R72 07311 0030,14310,40620,54930,10720,31470,42190,OLD DAYTON VIEW,HD-2,Dayton View
R72 07311 0010,15900,71530,87430,11990,91310,103300,OLD DAYTON VIEW,HD-2,Dayton View
R72 07407 0005,8700,0,8700,6090,0,6090,OLD DAYTON VIEW,HD-2,Dayton View
R72 07408 0002,5040,0,5040,3810,0,3810,OLD DAYTON VIEW,HD-2,Dayton View
R72 07405 0019,20330,0,20330,10540,0,10540,OLD DAYTON VIEW,HD-2,Dayton View
R72 07402 0024,16540,53250,69790,12520,75290,87810,OLD DAYTON VIEW,HD-2,Dayton View
R72 07405 0090,29630,17120,46750,22420,117790,140210,OLD DAYTON VIEW,HD-2,Dayton View
R72 07308 0025,59400,30220,89620,16200,27270,43470,OLD DAYTON VIEW,HD-1,Dayton View
R72 07311 0027,15260,49160,64420,11480,79500,90980,OLD DAYTON VIEW,HD-2,Dayton View
R72 07310 0038,10740,46960,57700,7460,50620,58080,OLD DAYTON VIEW,HD-2,Dayton View
R72 07310 0023,2000,2280,4280,2080,2430,4510,OLD DAYTON VIEW,HD-2,Dayton View
R72 07407 0009,15660,53990,69650,11960,59210,71170,OLD DAYTON VIEW,HD-2,Dayton View
R72 07308 0022,15740,14490,30230,11900,7990,19890,OLD DAYTON VIEW,HD-2,Dayton View
R72 07309 0015,10740,39220,49960,7460,55080,62540,OLD DAYTON VIEW,HD-2,Dayton View
R72 07307 0008,15900,40010,55910,11990,64580,76570,OLD DAYTON VIEW,HD-2,Dayton View
R72 07308 0008,15900,65990,81890,11990,78970,90960,OLD DAYTON VIEW,HD-2,Dayton View
R72 07308 0003,15900,33940,49840,11990,40830,52820,OLD DAYTON VIEW,HD-2,Dayton View
R72 07310 0044,10140,45920,56060,7060,52530,59590,OLD DAYTON VIEW,HD-2,Dayton View
R72 07311 0032,15900,48250,64150,11990,62520,74510,OLD DAYTON VIEW,HD-2,Dayton View
R72 07307 0019,15000,25320,40320,15000,9810,24810,OLD DAYTON VIEW,HD-1,Dayton View
R72 07308 0001,15900,41110,57010,11990,47010,59000,OLD DAYTON VIEW,HD-2,Dayton View
R72 07608 0020,6710,0,6710,4560,0,4560,OLD DAYTON VIEW,HD-2,Dayton View
R72 07308 0026,3650,11890,15540,8100,26190,34290,OLD DAYTON VIEW,HD-1,Dayton View
R72 07309 0001,10740,19370,30110,7460,25830,33290,OLD DAYTON VIEW,HD-2,Dayton View
R72 07310 0039,10740,34630,45370,7460,26170,33630,OLD DAYTON VIEW,HD-2,Dayton View
R72 07308 0024,2920,34650,37570,12960,9650,22610,OLD DAYTON VIEW,HD-1,Dayton View
R72 07403 0022,16200,51070,67270,12780,62940,75720,OLD DAYTON VIEW,HD-2,Dayton View
R72 07308 0017,15900,45820,61720,11990,52550,64540,OLD DAYTON VIEW,HD-2,Dayton View
R72 07402 0034,18900,72100,91000,14390,52230,66620,OLD DAYTON VIEW,HD-2,Dayton View
R72 07310 0018,10740,57580,68320,7460,128050,135510,OLD DAYTON VIEW,HD-2,Dayton View
R72 07402 0009,17550,35500,53050,13770,28850,42620,OLD DAYTON VIEW,HD-2,Dayton View
R72 07307 0002,15900,65080,80980,11990,71220,83210,OLD DAYTON VIEW,HD-2,Dayton View
R72 07401 0006,4750,34710,39460,4930,29880,34810,OLD DAYTON VIEW,HD-2,Dayton View
R72 07405 0005,1620,2170,3790,1680,1440,3120,OLD DAYTON VIEW,HD-2,Dayton View
R72 07405 0044,4460,0,4460,2310,0,2310,OLD DAYTON VIEW,HD-2,Dayton View
R72 07405 0040,8510,37860,46370,8820,37800,46620,OLD DAYTON VIEW,HD-2,Dayton View
R72 07405 0006,18320,196400,214720,14100,209670,223770,OLD DAYTON VIEW,HD-2,Dayton View
R72 07405 0053,900,0,900,900,0,900,OLD DAYTON VIEW,HD-2,Dayton View
R72 07405 0042,4860,0,4860,2520,0,2520,OLD DAYTON VIEW,HD-2,Dayton View
R72 07405 0046,5590,0,5590,2900,0,2900,OLD DAYTON VIEW,HD-2,Dayton View
R72 07307 0026,14010,0,14010,10720,22840,33560,OLD DAYTON VIEW,HD-1,Dayton View
R72 07402 0027,15750,46430,62180,11890,56370,68260,OLD DAYTON VIEW,HD-2,Dayton View
R72 07311 0019,18000,19130,37130,18000,44590,62590,OLD DAYTON VIEW,HD-2,Dayton View
R72 07402 0012,21940,8780,30720,17840,79550,97390,OLD DAYTON VIEW,HD-2,Dayton View
R72 07406 0001,4030,0,4030,3760,0,3760,OLD DAYTON VIEW,HD-2,Dayton View
R72 07608 0019,2770,0,2770,2660,0,2660,OLD DAYTON VIEW,HD-2,Dayton View
R72 07405 0018,12670,35160,47830,9570,7390,16960,OLD DAYTON VIEW,HD-2,Dayton View
R72 07403 0019,24120,10010,34130,18580,10500,29080,OLD DAYTON VIEW,HD-2,Dayton View
R72 07309 0029,10740,75390,86130,7460,90410,97870,OLD DAYTON VIEW,HD-2,Dayton View
R72 07402 0023,15750,9040,24790,11890,90140,102030,OLD DAYTON VIEW,HD-2,Dayton View
R72 07406 0011,19140,60530,79670,15120,107490,122610,OLD DAYTON VIEW,HD-2,Dayton View
R72 07308 0009,15900,54060,69960,11990,65920,77910,OLD DAYTON VIEW,HD-2,Dayton View
R72 07403 0023,16200,111440,127640,12780,130880,143660,OLD DAYTON VIEW,HD-2,Dayton View
R72 07403 0024,2050,0,2050,12780,0,12780,OLD DAYTON VIEW,HD-2,Dayton View
R72 07403 0021,16200,57700,73900,12780,93880,106660,OLD DAYTON VIEW,HD-2,Dayton View
R72 07405 0007,18810,109600,128410,14660,106640,121300,OLD DAYTON VIEW,HD-2,Dayton View
R72 07401 0001,9860,0,9860,9300,0,9300,OLD DAYTON VIEW,HD-2,Dayton View
R72 07307 0010,23850,272890,296740,18330,227620,245950,OLD DAYTON VIEW,HD-2,Dayton View
R72 07307 0012,7950,0,7950,5390,0,5390,OLD DAYTON VIEW,HD-2,Dayton View
R72 07407 0019,15660,55650,71310,11960,58130,70090,OLD DAYTON VIEW,HD-2,Dayton View
R72 07403 0026,2050,0,2050,2130,0,2130,OLD DAYTON VIEW,HD-2,Dayton View
R72 07403 0041,8100,0,8100,5750,0,5750,OLD DAYTON VIEW,HD-2,Dayton View
R72 07403 0025,2050,0,2050,2130,0,2130,OLD DAYTON VIEW,HD-2,Dayton View
R72 07403 0061,12820,0,12820,9800,0,9800,OLD DAYTON VIEW,HD-2,Dayton View
R72 07403 0062,11530,0,11530,8590,0,8590,OLD DAYTON VIEW,HD-2,Dayton View
R72 07406 0020,6260,134200,140460,6490,11880,18370,OLD DAYTON VIEW,HD-2,Dayton View
R72 07401 0016,15750,54870,70620,11890,36970,48860,OLD DAYTON VIEW,HD-2,Dayton View
R72 07311 0025,15900,49890,65790,11990,47790,59780,OLD DAYTON VIEW,HD-2,Dayton View
R72 51326 0003,0,0,0,0,0,0,OLD DAYTON VIEW,HD-2,Dayton View
R72 07405 0087,24480,120380,144860,19320,99270,118590,OLD DAYTON VIEW,HD-2,Dayton View
R72 07405 0088,12320,0,12320,8760,0,8760,OLD DAYTON VIEW,HD-2,Dayton View
R72 07310 0026,10740,61360,72100,7460,65460,72920,OLD DAYTON VIEW,HD-2,Dayton View
R72 07406 0018,17400,109190,126590,13540,117370,130910,OLD DAYTON VIEW,HD-2,Dayton View
R72 07406 0016,17400,52680,70080,13540,67720,81260,OLD DAYTON VIEW,HD-2,Dayton View
R72 07307 0018,16380,74210,90590,12370,53400,65770,OLD DAYTON VIEW,HD-2,Dayton View
R72 07407 0017,9660,0,9660,6770,25000,31770,OLD DAYTON VIEW,HD-2,Dayton View
R72 07310 0025,10500,106440,116940,7300,43690,50990,OLD DAYTON VIEW,HD-2,Dayton View
R72 07405 0031,36690,23710,60400,29680,89190,118870,OLD DAYTON VIEW,HD-2,Dayton View
R72 07310 0016,10740,96160,106900,7460,98900,106360,OLD DAYTON VIEW,HD-2,Dayton View
R72 07307 0007,15900,43570,59470,9560,0,9560,OLD DAYTON VIEW,HD-2,Dayton View
R72 07406 0005,15660,56670,72330,11960,76770,88730,OLD DAYTON VIEW,HD-2,Dayton View
R72 07407 0020,19140,74140,93280,15120,99120,114240,OLD DAYTON VIEW,HD-2,Dayton View
R72 07401 0005,17550,190950,208500,13910,178420,192330,OLD DAYTON VIEW,HD-2,Dayton View
R72 07401 0004,6580,0,6580,4400,0,4400,OLD DAYTON VIEW,HD-2,Dayton View
R72 07402 0011,17400,123900,141300,13630,113950,127580,OLD DAYTON VIEW,HD-2,Dayton View
R72 07308 0002,15900,57470,73370,11990,56770,68760,OLD DAYTON VIEW,HD-2,Dayton View
R72 07311 0023,15110,44660,59770,11350,61560,72910,OLD DAYTON VIEW,HD-2,Dayton View
R72 07402 0033,17330,11970,29300,5910,0,5910,OLD DAYTON VIEW,HD-2,Dayton View
R72 07402 0032,17330,34730,52060,13140,90440,103580,OLD DAYTON VIEW,HD-2,Dayton View
R72 07405 0033,6430,73610,80040,6000,70900,76900,OLD DAYTON VIEW,HD-2,Dayton View
R72 07403 0034,18450,58390,76840,13720,19380,33100,OLD DAYTON VIEW,HD-2,Dayton View
R72 07403 0050,18450,56620,75070,13720,30350,44070,OLD DAYTON VIEW,HD-2,Dayton View
R72 07402 0031,15750,53310,69060,11890,75910,87800,OLD DAYTON VIEW,HD-2,Dayton View
R72 07402 0005,20010,51950,71960,16050,25330,41380,OLD DAYTON VIEW,HD-2,Dayton View
R72 07402 0007,17550,78850,96400,13820,92570,106390,OLD DAYTON VIEW,HD-2,Dayton View
R72 07407 0001,13680,60640,74320,10150,74010,84160,OLD DAYTON VIEW,HD-2,Dayton View
R72 07406 0024,5220,0,5220,3250,0,3250,OLD DAYTON VIEW,HD-2,Dayton View
R72 07307 0001,15900,35540,51440,11990,22600,34590,OLD DAYTON VIEW,HD-2,Dayton View
R72 07407 0010,24360,5460,29820,19850,2870,22720,OLD DAYTON VIEW,HD-2,Dayton View
R72 07403 0052,18450,48630,67080,13720,61840,75560,OLD DAYTON VIEW,HD-2,Dayton View
R72 01503 0011,22200,135940,158140,35070,148050,183120,OREGON,HD-2,Oregon
R72 01502 0019,17640,87460,105100,30620,108720,139340,OREGON,HD-2,Oregon
R72 01502 0043,21250,192880,214130,34270,211810,246080,OREGON,HD-2,Oregon
R72 01510 0071,4920,0,4920,5370,0,5370,OREGON,HD-2,Oregon
R72 01511 0045,25200,110300,135500,39420,91190,130610,OREGON,HD-2,Oregon
R72 01508 0030,19150,42320,61470,31980,79480,111460,OREGON,HD-2,Oregon
R72 01511 0053,15370,68240,83610,28530,99510,128040,OREGON,HD-2,Oregon
R72 01502 0080,21560,118890,140450,34650,136710,171360,OREGON,HD-2,Oregon
R72 01511 0052,22200,168100,190300,35070,270450,305520,OREGON,HD-2,Oregon
R72 01511 0051,25200,170420,195620,39420,148490,187910,OREGON,HD-2,Oregon
R72 00607 0025,16440,78190,94630,17130,99870,117000,OREGON,HD-2,Oregon
R72 01508 0012,62420,69790,132210,65030,65460,130490,OREGON,HD-2,Oregon
R72 00606 0009,19690,2450,22140,20510,3170,23680,OREGON,HD-2,Oregon
R72 01508 0005,35130,60630,95760,36590,60650,97240,OREGON,HD-2,Oregon
R72 01508 0017,40390,199540,239930,42080,241260,283340,OREGON,HD-2,Oregon
R72 01403 0027,22980,129500,152480,23940,75030,98970,OREGON,HD-2,Oregon
R72 01508 0007,54380,125790,180170,56640,113450,170090,OREGON,HD-2,Oregon
R72 01401 0028,13170,42260,55430,13720,31780,45500,OREGON,HD-2,Oregon
R72 00607 0033,29490,3230,32720,30720,4180,34900,OREGON,HD-2,Oregon
R72 00606 0021,9830,2300,12130,10240,2970,13210,OREGON,HD-2,Oregon
R72 01508 0018,39090,124910,164000,40720,85440,126160,OREGON,HD-2,Oregon
R72 00606 0023,12850,37020,49870,13390,36430,49820,OREGON,HD-2,Oregon
R72 01403 0025,14520,2880,17400,15120,4260,19380,OREGON,HD-2,Oregon
R72 00607 0029,22730,52800,75530,23680,75550,99230,OREGON,HD-2,Oregon
R72 00607 0030,29490,21590,51080,30720,24150,54870,OREGON,HD-2,Oregon
R72 00606 0020,10110,2370,12480,10530,3060,13590,OREGON,HD-2,Oregon
R72 00606 0008,17950,44250,62200,18700,43500,62200,OREGON,HD-2,Oregon
R72 00606 0001,46780,520330,567110,48730,654100,702830,OREGON,HD-2,Oregon
R72 01508 0014,32920,246210,279130,34290,295060,329350,OREGON,HD-2,Oregon
R72 00607 0032,29490,3280,32770,30720,4240,34960,OREGON,HD-2,Oregon
R72 51207 0001,24000,73170,97170,24000,88540,112540,OREGON,HD-2,Oregon
R72 00607 0027,4830,0,4830,5030,0,5030,OREGON,HD-2,Oregon
R72 01501 0007,31330,140270,171600,32640,119040,151680,OREGON,HD-2,Oregon
R72 01403 0029,63560,153230,216790,66210,183400,249610,OREGON,HD-2,Oregon
R72 00606 0012,34560,43240,77800,36000,73980,109980,OREGON,HD-2,Oregon
R72 00606 0024,17620,1930,19550,18360,2500,20860,OREGON,HD-2,Oregon
R72 51207 0003,24000,79680,103680,24000,79040,103040,OREGON,HD-2,Oregon
R72 51207 0002,24000,73280,97280,24000,107710,131710,OREGON,HD-2,Oregon
R72 51207 0004,24000,73420,97420,24000,107800,131800,OREGON,HD-2,Oregon
R72 50616 0001,36000,122850,158850,32400,140270,172670,OREGON,HD-2,Oregon
R72 01507 0053,25390,92520,117910,55250,250880,306130,OREGON,HD-2,Oregon
R72 01401 0001,25660,152570,178230,26720,125340,152060,OREGON,HD-2,Oregon
R72 01403 0026,14520,72990,87510,15120,24010,39130,OREGON,HD-2,Oregon
R72 01401 0057,8990,3220,12210,9360,2600,11960,OREGON,HD-2,Oregon
R72 01401 0004,17630,2080,19710,18360,1180,19540,OREGON,HD-2,Oregon
R72 01401 0012,27650,95650,123300,28800,101340,130140,OREGON,HD-2,Oregon
R72 01401 0061,22170,20500,42670,23090,89080,112170,OREGON,HD-2,Oregon
R72 01401 0008,31910,54470,86380,33240,38240,71480,OREGON,HD-2,Oregon
R72 01507 0038,37820,0,37820,35760,17520,53280,OREGON,HD-2,Oregon
R72 01401 0002,98490,76580,175070,102600,62230,164830,OREGON,HD-2,Oregon
R72 01401 0060,25600,134060,159660,24680,166810,191490,OREGON,HD-2,Oregon
R72 01501 0003,159210,65790,225000,159210,63370,222580,OREGON,HD-2,Oregon
R72 01411 0040,21900,0,21900,21900,0,21900,OREGON,HD-2,Oregon
R72 01507 0020,13750,70920,84670,14320,125510,139830,OREGON,HD-2,Oregon
R72 01508 0046,72860,120350,193210,75900,111980,187880,OREGON,HD-2,Oregon
R72 01401 0013,23340,181060,204400,24310,143750,168060,OREGON,HD-2,Oregon
R72 00607 0031,29490,30800,60290,30720,56680,87400,OREGON,HD-2,Oregon
R72 01509 0040,7590,50710,58300,39220,25020,64240,OREGON,HD-2,Oregon
R72 01508 0004,12810,8360,21170,13340,7100,20440,OREGON,HD-2,Oregon
R72 00606 0010,17500,36110,53610,18230,33690,51920,OREGON,HD-2,Oregon
R72 00606 0007,29620,132680,162300,30860,135880,166740,OREGON,HD-2,Oregon
R72 01508 0003,12620,12820,25440,13150,11420,24570,OREGON,HD-2,Oregon
R72 01404 0013,5470,41750,47220,5700,31560,37260,OREGON,HD-2,Oregon
R72 01402 0051,27630,72270,99900,28790,74710,103500,OREGON,HD-2,Oregon
R72 01501 0006,25170,124170,149340,26220,101170,127390,OREGON,HD-2,Oregon
R72 00606 0052,17340,102010,119350,18060,110650,128710,OREGON,HD-2,Oregon
R72 01501 0008,42110,119980,162090,43860,114740,158600,OREGON,HD-2,Oregon
R72 01508 0013,34840,51650,86490,36290,50680,86970,OREGON,HD-2,Oregon
R72 00606 0022,11010,2510,13520,11470,3250,14720,OREGON,HD-2,Oregon
R72 01404 0015,7740,1630,9370,8060,2410,10470,OREGON,HD-2,Oregon
R72 01409 0044,45360,188030,233390,47250,149590,196840,OREGON,HD-2,Oregon
R72 01401 0043,22050,104960,127010,21830,117640,139470,OREGON,HD-2,Oregon
R72 01510 0040,22200,128670,150870,35230,171520,206750,OREGON,HD-2,Oregon
R72 01509 0049,21280,54700,75980,34140,54840,88980,OREGON,HD-2,Oregon
R72 01413 0005,71280,211870,283150,74250,383260,457510,OREGON,HD-2,Oregon
R72 01507 0052,26270,58380,84650,27370,50160,77530,OREGON,HD-2,Oregon
R72 51406 0004,!,!,!,0,0,0,OREGON,HD-2,Oregon
R72 51219 0002,44000,163660,207660,44000,177700,221700,OREGON,HD-2,Oregon
R72 51219 0003,44000,147590,191590,44000,151750,195750,OREGON,HD-2,Oregon
R72 01502 0056,25200,148610,173810,38720,206990,245710,OREGON,HD-2,Oregon
R72 01510 0028,35670,143070,178740,35030,0,35030,OREGON,HD-2,Oregon
R72 01402 0003,20180,96830,117010,33090,113650,146740,OREGON,HD-2,Oregon
R72 01510 0003,23300,96700,120000,36660,137150,173810,OREGON,HD-2,Oregon
R72 01401 0044,24620,127560,152180,24610,132590,157200,OREGON,HD-2,Oregon
R72 01501 0033,9090,0,9090,13960,0,13960,OREGON,HD-2,Oregon
R72 01409 0033,15680,0,15680,16340,0,16340,OREGON,HD-2,Oregon
R72 01510 0026,21480,113690,135170,34500,155880,190380,OREGON,HD-2,Oregon
R72 01510 0058,23660,86590,110250,36940,143020,179960,OREGON,HD-2,Oregon
R72 01402 0010,33600,237040,270640,51260,275620,326880,OREGON,HD-2,Oregon
R72 01404 0016,11010,55520,66530,11470,55530,67000,OREGON,HD-2,Oregon
R72 01507 0021,21950,120930,142880,22870,150680,173550,OREGON,HD-2,Oregon
R72 01409 0038,6820,0,6820,7110,0,7110,OREGON,HD-2,Oregon
R72 01507 0037,10980,1680,12660,18190,0,18190,OREGON,HD-2,Oregon
R72 01409 0042,12550,0,12550,13070,0,13070,OREGON,HD-2,Oregon
R72 01409 0039,12960,160550,173510,13500,364610,378110,OREGON,HD-2,Oregon
R72 01509 0023,31750,188880,220630,48030,239590,287620,OREGON,HD-2,Oregon
R72 01510 0007,21480,60800,82280,31370,60800,92170,OREGON,HD-2,Oregon
R72 01509 0041,28030,129970,158000,43000,162440,205440,OREGON,HD-2,Oregon
R72 01401 0038,28140,128180,156320,28420,240770,269190,OREGON,HD-2,Oregon
R72 01511 0048,25200,119240,144440,39420,131650,171070,OREGON,HD-2,Oregon
R72 00607 0022,76730,12960,89690,79930,16950,96880,OREGON,HD-2,Oregon
R72 01507 0054,!,!,!,45740,95510,141250,OREGON,HD-2,Oregon
R72 00606 0050,41520,558770,600290,43250,460850,504100,OREGON,HD-2,Oregon
R72 00606 0047,26650,227170,253820,27760,230090,257850,OREGON,HD-2,Oregon
R72 01501 0012,96680,9970,106650,100710,12880,113590,OREGON,HD-2,Oregon
R72 01502 0098,!,!,!,14210,28430,42640,OREGON,HD-2,Oregon
R72 01502 0097,!,!,!,14210,28430,42640,OREGON,HD-2,Oregon
R72 01510 0061,24390,98870,123260,37790,182210,220000,OREGON,HD-2,Oregon
R72 01509 0026,34500,93520,128020,49790,148410,198200,OREGON,HD-2,Oregon
R72 01506 0077,19800,122870,142670,32560,175930,208490,OREGON,HD-2,Oregon
R72 01502 0068,21600,132500,154100,34260,114630,148890,OREGON,HD-2,Oregon
R72 50616 0003,36000,106390,142390,32400,111670,144070,OREGON,HD-2,Oregon
R72 51235 0003,18000,77940,95940,18000,104490,122490,OREGON,HD-2,Oregon
R72 51316 0002,24440,89570,114010,28110,98860,126970,OREGON,HD-2,Oregon
R72 01502 0091,15180,110550,125730,24670,133200,157870,OREGON,HD-2,Oregon
R72 01510 0034,24750,150400,175150,38390,226420,264810,OREGON,HD-2,Oregon
R72 01510 0044,23660,131860,155520,36940,112970,149910,OREGON,HD-2,Oregon
R72 01501 0034,8060,0,8060,13170,0,13170,OREGON,HD-2,Oregon
R72 01404 0014,6850,1710,8560,7140,2220,9360,OREGON,HD-2,Oregon
R72 01502 0052,27830,178670,206500,42750,162810,205560,OREGON,HD-2,Oregon
R72 01510 0069,12360,147640,160000,12870,65580,78450,OREGON,HD-2,Oregon
R72 01409 0037,6960,0,6960,7250,0,7250,OREGON,HD-2,Oregon
R72 01409 0035,6770,0,6770,7060,0,7060,OREGON,HD-2,Oregon
R72 01409 0040,6620,0,6620,6900,0,6900,OREGON,HD-2,Oregon
R72 00606 0054,14050,1680,15730,14640,2170,16810,OREGON,HD-2,Oregon
R72 01402 0016,10080,2440,12520,10500,3160,13660,OREGON,HD-2,Oregon
R72 01411 0039,197430,1694020,1891450,197430,1441530,1638960,OREGON,HD-2,Oregon
R72 01502 0023,26620,115360,141980,43780,138860,182640,OREGON,HD-2,Oregon
R72 01502 0024,26620,143750,170370,43780,132980,176760,OREGON,HD-2,Oregon
R72 51316 0003,0,0,0,0,0,0,OREGON,HD-2,Oregon
R72 01509 0025,33600,201580,235180,35000,208900,243900,OREGON,HD-2,Oregon
R72 01502 0077,18000,72960,90960,30360,93410,123770,OREGON,HD-2,Oregon
R72 01509 0012,17680,121940,139620,30230,121900,152130,OREGON,HD-2,Oregon
R72 01506 0001,123960,213700,337660,129130,193860,322990,OREGON,HD-2,Oregon
R72 01502 0040,37180,229570,266750,51590,223410,275000,OREGON,HD-2,Oregon
R72 01503 0027,22360,114640,137000,35550,183680,219230,OREGON,HD-2,Oregon
R72 01511 0054,15370,59570,74940,28530,120620,149150,OREGON,HD-2,Oregon
R72 01402 0011,28730,8290,37020,29930,10720,40650,OREGON,HD-2,Oregon
R72 01508 0043,44110,172720,216830,45950,136000,181950,OREGON,HD-2,Oregon
R72 01502 0076,18000,110110,128110,30360,121050,151410,OREGON,HD-2,Oregon
R72 01510 0018,23690,117550,141240,37250,210290,247540,OREGON,HD-2,Oregon
R72 01503 0031,0,0,0,0,0,0,OREGON,HD-2,Oregon
R72 01502 0026,26140,123720,149860,42910,109430,152340,OREGON,HD-2,Oregon
R72 00606 0053,5440,1680,7120,5670,2170,7840,OREGON,HD-2,Oregon
R72 01511 0043,11640,0,11640,16550,0,16550,OREGON,HD-2,Oregon
R72 01402 0028,82940,216750,299690,86400,197500,283900,OREGON,HD-2,Oregon
R72 01508 0035,19150,86270,105420,31980,115690,147670,OREGON,HD-2,Oregon
R72 01402 0009,19970,208980,228950,32560,215660,248220,OREGON,HD-2,Oregon
R72 01510 0070,20720,156620,177340,33620,133270,166890,OREGON,HD-2,Oregon
R72 01510 0023,21110,130370,151480,34070,108480,142550,OREGON,HD-2,Oregon
R72 01509 0015,18480,116490,134970,31240,118660,149900,OREGON,HD-2,Oregon
R72 01511 0040,22300,90920,113220,35380,153680,189060,OREGON,HD-2,Oregon
R72 01510 0059,24020,88960,112980,37360,137360,174720,OREGON,HD-2,Oregon
R72 01509 0058,!,!,!,50750,276860,327610,OREGON,HD-2,Oregon
R72 01501 0013,41530,334010,375540,43260,319730,362990,OREGON,HD-2,Oregon
R72 01510 0024,20750,81500,102250,33640,118430,152070,OREGON,HD-2,Oregon
R72 01401 0045,32860,142610,175470,34030,391970,426000,OREGON,HD-2,Oregon
R72 01510 0001,26210,146170,172380,40110,156380,196490,OREGON,HD-2,Oregon
R72 50219 0001,0,0,0,0,0,0,OREGON,HD-2,Oregon
R72 01501 0022,23520,190610,214130,37050,193440,230490,OREGON,HD-2,Oregon
R72 01506 0091,!,!,!,13900,6110,20010,OREGON,HD-2,Oregon
R72 01510 0016,21840,132610,154450,34940,120200,155140,OREGON,HD-2,Oregon
R72 00606 0066,!,!,!,114190,711270,825460,OREGON,HD-2,Oregon
R72 01401 0048,30000,168560,198560,30000,178050,208050,OREGON,HD-2,Oregon
R72 01402 0037,33600,219640,253240,51260,306980,358240,OREGON,HD-2,Oregon
R72 01503 0014,21310,168700,190010,34200,144110,178310,OREGON,HD-2,Oregon
R72 01508 0023,27230,189490,216720,41170,169220,210390,OREGON,HD-2,Oregon
R72 01503 0033,3750,5230,8980,44940,4450,49390,OREGON,HD-2,Oregon
R72 01508 0045,18700,162500,181200,31350,248510,279860,OREGON,HD-2,Oregon
R72 01402 0027,33600,51520,85120,51260,65770,117030,OREGON,HD-2,Oregon
R72 50816 0002,25600,118490,144090,25600,154860,180460,OREGON,HD-2,Oregon
R72 50816 0004,25600,113640,139240,25600,151370,176970,OREGON,HD-2,Oregon
R72 01402 0005,32260,159550,191810,13600,176100,189700,OREGON,HD-2,Oregon
R72 01502 0001,11830,59190,71020,25700,110260,135960,OREGON,HD-2,Oregon
R72 51316 0001,28060,103140,131200,32260,111680,143940,OREGON,HD-2,Oregon
R72 01401 0039,27650,133610,161260,28800,136000,164800,OREGON,HD-2,Oregon
R72 01503 0042,2400,0,2400,1270,0,1270,OREGON,HD-2,Oregon
R72 01401 0023,17270,163050,180320,17990,163820,181810,OREGON,HD-2,Oregon
R72 00606 0006,450,0,450,470,0,470,OREGON,HD-2,Oregon
R72 01401 0014,20070,133200,153270,20910,124020,144930,OREGON,HD-2,Oregon
R72 01401 0010,9990,2840,12830,10410,3060,13470,OREGON,HD-2,Oregon
R72 01510 0013,24750,175970,200720,38390,188220,226610,OREGON,HD-2,Oregon
R72 01509 0039,30740,159630,190370,46200,150270,196470,OREGON,HD-2,Oregon
R72 01404 0054,13420,1580,15000,10490,1680,12170,OREGON,HD-2,Oregon
R72 01402 0015,22540,3150,25690,23480,3400,26880,OREGON,HD-2,Oregon
R72 01402 0013,23240,79750,102990,24210,74110,98320,OREGON,HD-2,Oregon
R72 01501 0019,30720,4550,35270,32000,7350,39350,OREGON,HD-2,Oregon
R72 01501 0031,5230,0,5230,5450,0,5450,OREGON,HD-2,Oregon
R72 01501 0018,27290,4200,31490,28430,5430,33860,OREGON,HD-2,Oregon
R72 00606 0005,35460,183710,219170,36930,225710,262640,OREGON,HD-2,Oregon
R72 00607 0034,47120,9520,56640,49080,12310,61390,OREGON,HD-2,Oregon
R72 01401 0015,13220,55410,68630,13770,43090,56860,OREGON,HD-2,Oregon
R72 01510 0011,21480,120500,141980,34500,129170,163670,OREGON,HD-2,Oregon
R72 01503 0025,8430,0,8430,13210,0,13210,OREGON,HD-2,Oregon
R72 01510 0045,27420,5250,32670,27420,6780,34200,OREGON,HD-2,Oregon
R72 00606 0065,!,!,!,72880,9410,82290,OREGON,HD-2,Oregon
R72 01404 0057,26180,74660,100840,44980,83170,128150,OREGON,HD-2,Oregon
R72 01510 0014,27660,120060,147720,41840,129470,171310,OREGON,HD-2,Oregon
R72 01502 0015,27280,198760,226040,42840,173810,216650,OREGON,HD-2,Oregon
R72 01401 0040,2150,78170,80320,2700,101960,104660,OREGON,HD-2,Oregon
R72 01509 0010,9350,0,9350,14110,0,14110,OREGON,HD-2,Oregon
R72 01501 0020,21890,101340,123230,22800,105890,128690,OREGON,HD-2,Oregon
R72 01402 0001,26800,123200,150000,40610,207030,247640,OREGON,HD-2,Oregon
R72 01506 0014,19800,163400,183200,32560,198020,230580,OREGON,HD-2,Oregon
R72 01510 0002,21840,178690,200530,34940,171580,206520,OREGON,HD-2,Oregon
R72 01509 0001,20080,473000,493080,20920,277620,298540,OREGON,HD-2,Oregon
R72 01511 0046,27720,144830,172550,42910,164670,207580,OREGON,HD-2,Oregon
R72 01510 0037,24390,139170,163560,37790,137540,175330,OREGON,HD-2,Oregon
R72 01402 0043,22680,46010,68690,36040,85200,121240,OREGON,HD-2,Oregon
R72 01510 0031,24750,142230,166980,38390,205280,243670,OREGON,HD-2,Oregon
R72 01511 0079,21300,108220,129520,34080,109260,143340,OREGON,HD-2,Oregon
R72 01508 0029,25540,165900,191440,39000,189270,228270,OREGON,HD-2,Oregon
R72 01506 0015,19800,153440,173240,32560,146030,178590,OREGON,HD-2,Oregon
R72 01502 0079,13800,108910,122710,24110,127300,151410,OREGON,HD-2,Oregon
R72 01502 0078,24840,198860,223700,38300,164730,203030,OREGON,HD-2,Oregon
R72 01511 0047,25200,134370,159570,39420,164510,203930,OREGON,HD-2,Oregon
R72 50616 0002,36000,122160,158160,32400,134810,167210,OREGON,HD-2,Oregon
R72 01510 0029,!,!,!,38290,211580,249870,OREGON,HD-2,Oregon
R72 01502 0092,19820,112620,132440,32590,126280,158870,OREGON,HD-2,Oregon
R72 01502 0032,1210,0,1210,1260,0,1260,OREGON,HD-2,Oregon
R72 01503 0015,10170,187960,198130,34430,167480,201910,OREGON,HD-2,Oregon
R72 01502 0094,19600,197200,216800,32120,242260,274380,OREGON,HD-2,Oregon
R72 01506 0016,28800,120160,148960,43120,203300,246420,OREGON,HD-2,Oregon
R72 01502 0012,35200,272880,308080,54560,313320,367880,OREGON,HD-2,Oregon
R72 01402 0039,9290,82580,91870,9680,81220,90900,OREGON,HD-2,Oregon
R72 01403 0001,800000,5202270,6002270,800000,4373020,5173020,OREGON,HD-2,Oregon
R72 01511 0042,23940,148340,172280,37680,121030,158710,OREGON,HD-2,Oregon
R72 01501 0021,3530,106770,110300,6310,183370,189680,OREGON,HD-2,Oregon
R72 01508 0034,18820,122100,140920,31610,94400,126010,OREGON,HD-2,Oregon
R72 01402 0047,27200,290480,317680,40920,447560,488480,OREGON,HD-2,Oregon
R72 01502 0014,23760,113520,137280,37630,127840,165470,OREGON,HD-2,Oregon
R72 01502 0025,4790,220,5010,7240,1230,8470,OREGON,HD-2,Oregon
R72 01506 0089,!,!,!,23390,0,23390,OREGON,HD-2,Oregon
R72 01506 0088,!,!,!,14400,210600,225000,OREGON,HD-2,Oregon
R72 01502 0031,30400,106950,137350,45540,101980,147520,OREGON,HD-2,Oregon
R72 01502 0030,23320,87370,110690,36740,92870,129610,OREGON,HD-2,Oregon
R72 50516 0005,0,0,0,0,0,0,OREGON,HD-2,Oregon
R72 01502 0002,19580,111880,131460,32530,135650,168180,OREGON,HD-2,Oregon
R72 01509 0005,17680,123600,141280,30230,114630,144860,OREGON,HD-2,Oregon
R72 51212 0003,36940,184850,221790,57250,215800,273050,OREGON,HD-2,Oregon
R72 01501 0017,2880,630,3510,3000,820,3820,OREGON,HD-2,Oregon
R72 01401 0047,17100,122400,139500,17850,160820,178670,OREGON,HD-2,Oregon
R72 01510 0020,10400,23500,33900,10400,136290,146690,OREGON,HD-2,Oregon
R72 01404 0017,70560,120370,190930,73500,118200,191700,OREGON,HD-2,Oregon
R72 01509 0011,19720,159870,179590,32470,140100,172570,OREGON,HD-2,Oregon
R72 01502 0029,24860,110280,135140,39050,117290,156340,OREGON,HD-2,Oregon
R72 51207 0005,0,0,0,0,0,0,OREGON,HD-2,Oregon
R72 51212 0002,36940,184850,221790,57250,239780,297030,OREGON,HD-2,Oregon
R72 51212 0006,0,0,0,0,0,0,OREGON,HD-2,Oregon
R72 51219 0004,0,0,0,0,0,0,OREGON,HD-2,Oregon
R72 50516 0001,5000,26480,31480,10000,29060,39060,OREGON,HD-2,Oregon
R72 50516 0002,5000,30620,35620,10000,29180,39180,OREGON,HD-2,Oregon
R72 50516 0003,5000,31930,36930,10000,30880,40880,OREGON,HD-2,Oregon
R72 50516 0004,5000,31930,36930,10000,30870,40870,OREGON,HD-2,Oregon
R72 01508 0040,18400,147160,165560,30710,114290,145000,OREGON,HD-2,Oregon
R72 01503 0017,22040,88370,110410,35420,102520,137940,OREGON,HD-2,Oregon
R72 01511 0044,24240,172370,196610,38100,242210,280310,OREGON,HD-2,Oregon
R72 01502 0089,10610,108050,118660,19030,141550,160580,OREGON,HD-2,Oregon
R72 01401 0026,5970,1240,7210,6220,1330,7550,OREGON,HD-2,Oregon
R72 01503 0005,28800,223440,252240,43120,318050,361170,OREGON,HD-2,Oregon
R72 51461 0018,!,!,!,0,0,0,OREGON,HD-2,Oregon
R72 01509 0054,25390,207980,233370,39160,284370,323530,OREGON,HD-2,Oregon
R72 51461 0008,!,!,!,57550,0,57550,OREGON,HD-2,Oregon
R72 51461 0001,!,!,!,31780,0,31780,OREGON,HD-2,Oregon
R72 51461 0002,!,!,!,42560,0,42560,OREGON,HD-2,Oregon
R72 51461 0004,!,!,!,38780,0,38780,OREGON,HD-2,Oregon
R72 51461 0006,!,!,!,38220,0,38220,OREGON,HD-2,Oregon
R72 51461 0016,!,!,!,77730,0,77730,OREGON,HD-2,Oregon
R72 51461 0011,!,!,!,57460,0,57460,OREGON,HD-2,Oregon
R72 51461 0013,!,!,!,64180,0,64180,OREGON,HD-2,Oregon
R72 51461 0014,!,!,!,77060,0,77060,OREGON,HD-2,Oregon
R72 51461 0010,!,!,!,21440,0,21440,OREGON,HD-2,Oregon
R72 51461 0012,!,!,!,36890,0,36890,OREGON,HD-2,Oregon
R72 51461 0007,!,!,!,43090,0,43090,OREGON,HD-2,Oregon
R72 01401 0019,1760,0,1760,1840,0,1840,OREGON,HD-2,Oregon
R72 01502 0013,35200,263910,299110,54560,323230,377790,OREGON,HD-2,Oregon
R72 01401 0035,10000,0,10000,10420,0,10420,OREGON,HD-2,Oregon
R72 01501 0029,26300,0,26300,27400,0,27400,OREGON,HD-2,Oregon
R72 50616 0004,0,0,0,0,0,0,OREGON,HD-2,Oregon
R72 01508 0036,17810,86410,104220,30500,132470,162970,OREGON,HD-2,Oregon
R72 01409 0036,6970,0,6970,7260,0,7260,OREGON,HD-2,Oregon
R72 01409 0041,6620,0,6620,6900,0,6900,OREGON,HD-2,Oregon
R72 01510 0030,24750,110110,134860,38390,140420,178810,OREGON,HD-2,Oregon
R72 01401 0027,7020,0,7020,7320,0,7320,OREGON,HD-2,Oregon
R72 01503 0020,26600,133260,159860,40830,200540,241370,OREGON,HD-2,Oregon
R72 01508 0044,18700,169270,187970,31350,195780,227130,OREGON,HD-2,Oregon
R72 01413 0001,98780,546330,645110,102900,501980,604880,OREGON,HD-2,Oregon
R72 01510 0042,24390,152720,177110,37790,138930,176720,OREGON,HD-2,Oregon
R72 51336 0003,25000,85430,110430,25000,94020,119020,OREGON,HD-2,Oregon
R72 51336 0004,24000,86360,110360,24000,102440,126440,OREGON,HD-2,Oregon
R72 51336 0002,30000,80050,110050,30000,102440,132440,OREGON,HD-2,Oregon
R72 51336 0001,21000,89550,110550,21000,95580,116580,OREGON,HD-2,Oregon
R72 01502 0096,!,!,!,42830,223270,266100,OREGON,HD-2,Oregon
R72 01401 0036,19970,77470,97440,20140,95330,115470,OREGON,HD-2,Oregon
R72 01413 0002,41040,8720,49760,42750,12880,55630,OREGON,HD-2,Oregon
R72 01413 0004,45810,7550,53360,47720,11150,58870,OREGON,HD-2,Oregon
R72 01409 0050,16030,95620,111650,16700,162300,179000,OREGON,HD-2,Oregon
R72 01413 0003,17240,3680,20920,17960,5430,23390,OREGON,HD-2,Oregon
R72 01409 0051,0,3930,3930,0,4910,4910,OREGON,HD-2,Oregon
R72 01509 0059,!,!,!,30430,123810,154240,OREGON,HD-2,Oregon
R72 01508 0042,10100,1340,11440,10520,1080,11600,OREGON,HD-2,Oregon
R72 00512 0024,120440,130350,250790,94000,131420,225420,OREGON,HD-2,Oregon
R72 00512 0036,23860,6380,30240,24850,8240,33090,OREGON,HD-2,Oregon
R72 01402 0004,23100,149180,172280,36630,157380,194010,OREGON,HD-2,Oregon
R72 01508 0001,9850,13690,23540,10260,51490,61750,OREGON,HD-2,Oregon
R72 01510 0033,24750,150650,175400,38390,167050,205440,OREGON,HD-2,Oregon
R72 01503 0101,8610,0,8610,13630,0,13630,OREGON,HD-2,Oregon
R72 01503 0029,22360,150620,172980,35550,189910,225460,OREGON,HD-2,Oregon
R72 01503 0001,14400,0,14400,19400,0,19400,OREGON,HD-2,Oregon
R72 01506 0019,19800,155190,174990,32560,137550,170110,OREGON,HD-2,Oregon
R72 51461 0017,!,!,!,74140,0,74140,OREGON,HD-2,Oregon
R72 01509 0009,9350,0,9350,14110,0,14110,OREGON,HD-2,Oregon
R72 01502 0088,14340,64970,79310,24950,67110,92060,OREGON,HD-2,Oregon
R72 01502 0074,25200,159890,185090,38720,221670,260390,OREGON,HD-2,Oregon
R72 50816 0006,0,0,0,0,0,0,OREGON,HD-2,Oregon
R72 01502 0071,18000,166480,184480,30360,184360,214720,OREGON,HD-2,Oregon
R72 01509 0002,580,0,580,600,0,600,OREGON,HD-2,Oregon
R72 01508 0032,19490,126100,145590,36760,63930,100690,OREGON,HD-2,Oregon
R72 01510 0063,24390,180460,204850,37790,183930,221720,OREGON,HD-2,Oregon
R72 01510 0009,21480,154100,175580,34500,136440,170940,OREGON,HD-2,Oregon
R72 01509 0038,40500,238840,279340,58740,258360,317100,OREGON,HD-2,Oregon
R72 01502 0095,19600,176610,196210,32120,221620,253740,OREGON,HD-2,Oregon
R72 01502 0064,35280,143500,178780,50420,261330,311750,OREGON,HD-2,Oregon
R72 01501 0039,!,!,!,12590,100220,112810,OREGON,HD-2,Oregon
R72 51235 0001,18000,76990,94990,18000,103850,121850,OREGON,HD-2,Oregon
R72 51336 0005,0,0,0,0,0,0,OREGON,HD-2,Oregon
R72 01510 0012,24750,143700,168450,38390,187210,225600,OREGON,HD-2,Oregon
R72 01502 0022,38720,206850,245570,55730,299140,354870,OREGON,HD-2,Oregon
R72 01506 0090,!,!,!,13380,0,13380,OREGON,HD-2,Oregon
R72 51406 0001,41950,3960,45910,41960,3960,45920,OREGON,HD-2,Oregon
R72 51406 0003,34450,62420,96870,34450,108330,142780,OREGON,HD-2,Oregon
R72 51406 0002,23600,84580,108180,23600,76850,100450,OREGON,HD-2,Oregon
R72 01506 0031,1500,0,1500,1650,11820,13470,OREGON,HD-2,Oregon
R72 01506 0028,750,0,750,830,0,830,OREGON,HD-2,Oregon
R72 01502 0053,27830,99520,127350,42750,141520,184270,OREGON,HD-2,Oregon
R72 01502 0011,27720,120310,148030,43490,112370,155860,OREGON,HD-2,Oregon
R72 51219 0001,44000,162280,206280,44000,178230,222230,OREGON,HD-2,Oregon
R72 01507 0048,12880,92920,105800,13420,192790,206210,OREGON,HD-2,Oregon
R72 01404 0008,17510,71220,88730,18240,251760,270000,OREGON,HD-2,Oregon
R72 01502 0017,32120,124210,156330,50000,94340,144340,OREGON,HD-2,Oregon
R72 01507 0029,11090,180,11270,11550,0,11550,OREGON,HD-2,Oregon
R72 01507 0028,20160,3230,23390,21000,3160,24160,OREGON,HD-2,Oregon
R72 01507 0030,12420,100,12520,12940,0,12940,OREGON,HD-2,Oregon
R72 01507 0026,43910,307390,351300,45740,463200,508940,OREGON,HD-2,Oregon
R72 01508 0028,13440,0,13440,18220,0,18220,OREGON,HD-2,Oregon
R72 01510 0043,24020,89200,113220,37360,115730,153090,OREGON,HD-2,Oregon
R72 01508 0027,26880,281230,308110,40480,281390,321870,OREGON,HD-2,Oregon
R72 01502 0021,17110,12500,29610,17830,8340,26170,OREGON,HD-2,Oregon
R72 01409 0047,14960,40240,55200,15580,34020,49600,OREGON,HD-2,Oregon
R72 01510 0062,24390,145220,169610,37790,121990,159780,OREGON,HD-2,Oregon
R72 01401 0042,24590,200070,224660,24520,252630,277150,OREGON,HD-2,Oregon
R72 51461 0009,!,!,!,52640,0,52640,OREGON,HD-2,Oregon
R72 01413 0006,174830,1009580,1184410,174830,1130850,1305680,OREGON,HD-2,Oregon
R72 00606 0057,135320,163100,298420,135320,119790,255110,OREGON,HD-2,Oregon
R72 01509 0057,18700,109400,128100,31350,154070,185420,OREGON,HD-2,Oregon
R72 01510 0039,24390,170750,195140,37790,189980,227770,OREGON,HD-2,Oregon
R72 01510 0060,24390,112870,137260,37790,104540,142330,OREGON,HD-2,Oregon
R72 01503 0037,2240,0,2240,1020,0,1020,OREGON,HD-2,Oregon
R72 01503 0012,34970,125990,160960,96710,174480,271190,OREGON,HD-2,Oregon
R72 01510 0035,24750,138640,163390,38390,111520,149910,OREGON,HD-2,Oregon
R72 01409 0048,15460,108000,123460,16100,105090,121190,OREGON,HD-2,Oregon
R72 01511 0038,8140,0,8140,64580,0,64580,OREGON,HD-2,Oregon
R72 01511 0039,16640,131470,148110,29260,133830,163090,OREGON,HD-2,Oregon
R72 01509 0043,33180,173820,207000,50200,187400,237600,OREGON,HD-2,Oregon
R72 01510 0065,12190,0,12190,17010,0,17010,OREGON,HD-2,Oregon
R72 01510 0064,24390,207760,232150,37790,240280,278070,OREGON,HD-2,Oregon
R72 01502 0027,38400,200600,239000,57420,275430,332850,OREGON,HD-2,Oregon
R72 01503 0009,9330,0,9330,14040,0,14040,OREGON,HD-2,Oregon
R72 01503 0007,19080,193490,212570,31720,178280,210000,OREGON,HD-2,Oregon
R72 50816 0005,25600,114150,139750,25600,138270,163870,OREGON,HD-2,Oregon
R72 01508 0037,26880,190010,216890,40480,245020,285500,OREGON,HD-2,Oregon
R72 01507 0019,12040,43460,55500,12040,40980,53020,OREGON,HD-2,Oregon
R72 01507 0018,10780,73100,83880,11230,82420,93650,OREGON,HD-2,Oregon
R72 50816 0003,25600,115050,140650,25600,138380,163980,OREGON,HD-2,Oregon
R72 01510 0041,24390,121450,145840,37790,117050,154840,OREGON,HD-2,Oregon
R72 01402 0035,33600,90830,124430,51260,175990,227250,OREGON,HD-2,Oregon
R72 00606 0055,18580,54820,73400,19350,53460,72810,OREGON,HD-2,Oregon
R72 01509 0013,19040,153500,172540,31720,198230,229950,OREGON,HD-2,Oregon
R72 01502 0069,24840,150880,175720,38300,193380,231680,OREGON,HD-2,Oregon
R72 01502 0058,24120,163150,187270,37470,189560,227030,OREGON,HD-2,Oregon
R72 01502 0085,27830,140480,168310,42750,198620,241370,OREGON,HD-2,Oregon
R72 01508 0021,47590,126660,174250,49570,119740,169310,OREGON,HD-2,Oregon
R72 01402 0045,6300,0,6300,6560,0,6560,OREGON,HD-2,Oregon
R72 01402 0019,39100,154550,193650,40730,150040,190770,OREGON,HD-2,Oregon
R72 01402 0024,11170,2440,13610,11640,3160,14800,OREGON,HD-2,Oregon
R72 01402 0025,22340,2440,24780,23280,3160,26440,OREGON,HD-2,Oregon
R72 01402 0026,12070,0,12070,12570,0,12570,OREGON,HD-2,Oregon
R72 01402 0023,11170,2440,13610,11640,3160,14800,OREGON,HD-2,Oregon
R72 01402 0022,11170,2440,13610,11640,3160,14800,OREGON,HD-2,Oregon
R72 01401 0046,25750,137030,162780,26020,244040,270060,OREGON,HD-2,Oregon
R72 01509 0056,18700,107820,126520,31350,151200,182550,OREGON,HD-2,Oregon
R72 01502 0063,21600,143920,165520,34540,178910,213450,OREGON,HD-2,Oregon
R72 01501 0032,17920,7370,25290,30800,240330,271130,OREGON,HD-2,Oregon
R72 01509 0046,31680,114690,146370,48800,140970,189770,OREGON,HD-2,Oregon
R72 01509 0036,28790,138680,167470,47780,172770,220550,OREGON,HD-2,Oregon
R72 01502 0061,29480,202210,231690,43990,314170,358160,OREGON,HD-2,Oregon
R72 01502 0059,25200,118590,143790,38720,198440,237160,OREGON,HD-2,Oregon
R72 01502 0054,21560,120940,142500,34880,209050,243930,OREGON,HD-2,Oregon
R72 01502 0004,27650,144620,172270,42330,111350,153680,OREGON,HD-2,Oregon
R72 51414 0002,16000,88260,104260,16000,83620,99620,OREGON,HD-2,Oregon
R72 51414 0005,0,0,0,0,0,0,OREGON,HD-2,Oregon
R72 51414 0003,0,5360,5360,0,5110,5110,OREGON,HD-2,Oregon
R72 51414 0001,16000,91140,107140,16000,74550,90550,OREGON,HD-2,Oregon
R72 51414 0004,0,5360,5360,0,5110,5110,OREGON,HD-2,Oregon
R72 01509 0034,10860,1530,12390,17420,2040,19460,OREGON,HD-2,Oregon
R72 01509 0024,35640,208230,243870,54990,275010,330000,OREGON,HD-2,Oregon
R72 01511 0050,25200,139890,165090,39420,113970,153390,OREGON,HD-2,Oregon
R72 01510 0019,9780,66070,75850,16080,61840,77920,OREGON,HD-2,Oregon
R72 51461 0015,!,!,!,82540,0,82540,OREGON,HD-2,Oregon
R72 01502 0087,27440,438940,466380,42240,630700,672940,OREGON,HD-2,Oregon
R72 01409 0043,15120,97760,112880,15750,68410,84160,OREGON,HD-2,Oregon
R72 01404 0058,280,0,280,100,0,100,OREGON,HD-2,Oregon
R72 01404 0056,36800,137330,174130,103240,252920,356160,OREGON,HD-2,Oregon
R72 01508 0039,17810,113260,131070,30500,120440,150940,OREGON,HD-2,Oregon
R72 01506 0018,19800,132480,152280,32560,106760,139320,OREGON,HD-2,Oregon
R72 01508 0002,42820,24040,66860,44610,25330,69940,OREGON,HD-2,Oregon
R72 01510 0036,24750,194710,219460,38390,246380,284770,OREGON,HD-2,Oregon
R72 01502 0072,25200,241930,267130,38720,226250,264970,OREGON,HD-2,Oregon
R72 50816 0001,25600,107650,133250,25600,129280,154880,OREGON,HD-2,Oregon
R72 51461 0003,!,!,!,39130,0,39130,OREGON,HD-2,Oregon
R72 51461 0005,!,!,!,42770,0,42770,OREGON,HD-2,Oregon
R72 01510 0038,24390,125950,150340,37790,201680,239470,OREGON,HD-2,Oregon
R72 01502 0093,16940,136440,153380,29570,183450,213020,OREGON,HD-2,Oregon
R72 01509 0045,23760,70020,93780,37310,84780,122090,OREGON,HD-2,Oregon
R72 01402 0036,16800,0,16800,23070,0,23070,OREGON,HD-2,Oregon
R72 01508 0025,18400,97330,115730,30710,92310,123020,OREGON,HD-2,Oregon
R72 01501 0038,!,!,!,13130,100220,113350,OREGON,HD-2,Oregon
R72 51212 0001,53900,235610,289510,83550,275510,359060,OREGON,HD-2,Oregon
R72 01509 0051,30240,98200,128440,31500,185100,216600,OREGON,HD-2,Oregon
R72 01509 0035,21710,0,21710,34890,164320,199210,OREGON,HD-2,Oregon
R72 01404 0009,25490,103430,128920,39990,184840,224830,OREGON,HD-2,Oregon
R72 51212 0005,3720,7100,10820,5770,7100,12870,OREGON,HD-2,Oregon
R72 51212 0004,58500,250690,309190,90680,292910,383590,OREGON,HD-2,Oregon
R72 01511 0049,25200,132650,157850,39420,142340,181760,OREGON,HD-2,Oregon
R72 01510 0068,20920,194580,215500,33760,262960,296720,OREGON,HD-2,Oregon
R72 01510 0017,5620,0,5620,9560,0,9560,OREGON,HD-2,Oregon
R72 01503 0022,22040,142960,165000,35180,182870,218050,OREGON,HD-2,Oregon
R72 50219 0002,36000,95070,131070,36000,200860,236860,OREGON,HD-2,Oregon
R72 50219 0003,36000,83170,119170,22500,0,22500,OREGON,HD-2,Oregon
R72 02601 0050,18390,55660,74050,15230,46490,61720,SOUTH PARK,HD-1,South Park
R72 02705 0087,22950,57380,80330,22850,99040,121890,SOUTH PARK,HD-2,South Park
R72 02705 0067,5530,0,5530,5540,0,5540,SOUTH PARK,HD-2,South Park
R72 02703 0022,8300,6550,14850,8300,5460,13760,SOUTH PARK,HD-2,South Park
R72 02704 0036,20110,19130,39240,16520,20110,36630,SOUTH PARK,HD-1,South Park
R72 01910 0045,3350,0,3350,3350,0,3350,SOUTH PARK,HD-1,South Park
R72 02801 0032,5990,7990,13980,6550,8340,14890,SOUTH PARK,HD-2,South Park
R72 02804 0006,28320,29590,57910,6000,8500,14500,SOUTH PARK,HD-2,South Park
R72 02803 0035,10450,14780,25230,11420,14870,26290,SOUTH PARK,HD-2,South Park
R72 02804 0009,28320,37700,66020,30000,55130,85130,SOUTH PARK,HD-2,South Park
R72 01911 0061,23330,94060,117390,23200,92530,115730,SOUTH PARK,HD-2,South Park
R72 01911 0056,22560,20320,42880,22560,108670,131230,SOUTH PARK,HD-2,South Park
R72 01912 0015,20150,52960,73110,20250,64070,84320,SOUTH PARK,HD-2,South Park
R72 02802 0042,23390,93480,116870,23380,160510,183890,SOUTH PARK,HD-2,South Park
R72 01912 0018,20480,50610,71090,20580,126730,147310,SOUTH PARK,HD-2,South Park
R72 01911 0057,11280,0,11280,10150,0,10150,SOUTH PARK,HD-2,South Park
R72 01911 0060,23330,47300,70630,23200,91940,115140,SOUTH PARK,HD-2,South Park
R72 01912 0035,27030,102360,129390,27190,135390,162580,SOUTH PARK,HD-2,South Park
R72 01906 0019,28540,38120,66660,30060,57870,87930,SOUTH PARK,HD-2,South Park
R72 01906 0033,28140,48380,76520,28660,149360,178020,SOUTH PARK,HD-2,South Park
R72 02803 0009,11730,33270,45000,12790,21430,34220,SOUTH PARK,HD-2,South Park
R72 02804 0012,20740,2860,23600,21600,3410,25010,SOUTH PARK,HD-2,South Park
R72 01912 0038,20030,21460,41490,19760,43970,63730,SOUTH PARK,HD-2,South Park
R72 02703 0002,21460,36880,58340,21570,47680,69250,SOUTH PARK,HD-2,South Park
R72 02802 0025,11700,0,11700,10520,0,10520,SOUTH PARK,HD-2,South Park
R72 02704 0021,4680,1460,6140,4880,45470,50350,SOUTH PARK,HD-1,South Park
R72 01910 0028,21530,82850,104380,21500,144490,165990,SOUTH PARK,HD-2,South Park
R72 02707 0076,!,!,!,34810,260270,295080,SOUTH PARK,HD-2,South Park
R72 01911 0037,22560,39230,61790,22560,74050,96610,SOUTH PARK,HD-2,South Park
R72 02705 0045,3800,16200,20000,3720,16160,19880,SOUTH PARK,HD-1,South Park
R72 02705 0015,22560,58580,81140,22560,58190,80750,SOUTH PARK,HD-2,South Park
R72 01910 0002,21090,56650,77740,21100,88450,109550,SOUTH PARK,HD-2,South Park
R72 01908 0002,29160,143400,172560,29500,162090,191590,SOUTH PARK,HD-2,South Park
R72 01911 0039,22560,39230,61790,22560,64020,86580,SOUTH PARK,HD-2,South Park
R72 02705 0030,21210,109410,130620,21230,156270,177500,SOUTH PARK,HD-2,South Park
R72 01910 0022,16250,22980,39230,16550,42660,59210,SOUTH PARK,HD-2,South Park
R72 01911 0042,22560,49840,72400,22560,71580,94140,SOUTH PARK,HD-2,South Park
R72 01911 0024,22560,43480,66040,22560,80450,103010,SOUTH PARK,HD-2,South Park
R72 02708 0031,21590,14850,36440,21450,24780,46230,SOUTH PARK,HD-2,South Park
R72 02705 0020,22640,70320,92960,22630,92380,115010,SOUTH PARK,HD-2,South Park
R72 02701 0015,25200,0,25200,25200,89150,114350,SOUTH PARK,HD-2,South Park
R72 02705 0069,21760,84000,105760,21860,126370,148230,SOUTH PARK,HD-2,South Park
R72 01910 0031,20420,40870,61290,20500,71620,92120,SOUTH PARK,HD-2,South Park
R72 01909 0011,29430,30810,60240,30000,29070,59070,SOUTH PARK,HD-2,South Park
R72 01910 0027,21090,55590,76680,21100,104050,125150,SOUTH PARK,HD-2,South Park
R72 01911 0003,19440,114380,133820,20250,106870,127120,SOUTH PARK,HD-2,South Park
R72 01911 0022,22560,68000,90560,22560,104670,127230,SOUTH PARK,HD-2,South Park
R72 01910 0042,12720,11480,24200,25500,8530,34030,SOUTH PARK,HD-1,South Park
R72 02601 0006,20500,106080,126580,20620,127470,148090,SOUTH PARK,HD-1,South Park
R72 01910 0024,21090,58700,79790,21100,94020,115120,SOUTH PARK,HD-2,South Park
R72 01911 0055,22560,83920,106480,22560,77380,99940,SOUTH PARK,HD-2,South Park
R72 01911 0062,8660,25230,33890,9020,20270,29290,SOUTH PARK,HD-2,South Park
R72 02705 0024,22640,55560,78200,22630,97570,120200,SOUTH PARK,HD-2,South Park
R72 02705 0031,23630,17710,41340,23690,170250,193940,SOUTH PARK,HD-2,South Park
R72 02705 0122,17760,34120,51880,18460,49920,68380,SOUTH PARK,HD-2,South Park
R72 02705 0046,22500,51990,74490,22500,80700,103200,SOUTH PARK,HD-1,South Park
R72 02705 0095,20210,88770,108980,15580,471500,487080,SOUTH PARK,HD-1,South Park
R72 02703 0057,11540,0,11540,10370,0,10370,SOUTH PARK,HD-2,South Park
R72 02704 0006,22950,72260,95210,22850,116300,139150,SOUTH PARK,HD-2,South Park
R72 02706 0015,16970,35560,52530,17630,46610,64240,SOUTH PARK,HD-2,South Park
R72 02707 0074,8410,70610,79020,8760,91910,100670,SOUTH PARK,HD-2,South Park
R72 02803 0046,8560,15130,23690,9580,12870,22450,SOUTH PARK,HD-2,South Park
R72 01910 0060,0,0,0,0,0,0,SOUTH PARK,HD-1,South Park
R72 01910 0048,1690,0,1690,1570,0,1570,SOUTH PARK,HD-2,South Park
R72 02704 0031,7080,0,7080,7070,0,7070,SOUTH PARK,HD-1,South Park
R72 02704 0035,10940,1310,12250,10930,1690,12620,SOUTH PARK,HD-1,South Park
R72 02711 0025,20100,72210,92310,20330,133200,153530,SOUTH PARK,HD-2,South Park
R72 02707 0010,23490,51750,75240,23250,79630,102880,SOUTH PARK,HD-2,South Park
R72 02710 0006,7350,2150,9500,8650,2080,10730,SOUTH PARK,HD-2,South Park
R72 02706 0067,26710,83480,110190,26740,147460,174200,SOUTH PARK,HD-2,South Park
R72 02705 0066,22340,29520,51860,10020,0,10020,SOUTH PARK,HD-2,South Park
R72 01906 0018,28780,40180,68960,30270,73480,103750,SOUTH PARK,HD-2,South Park
R72 02706 0061,12200,4830,17030,10560,160,10720,SOUTH PARK,HD-2,South Park
R72 02709 0031,21950,35190,57140,21900,63170,85070,SOUTH PARK,HD-2,South Park
R72 02801 0042,6330,30280,36610,7140,38560,45700,SOUTH PARK,HD-2,South Park
R72 02710 0010,13280,14790,28070,15270,33480,48750,SOUTH PARK,HD-2,South Park
R72 02704 0078,4310,940,5250,4310,3620,7930,SOUTH PARK,HD-1,South Park
R72 02711 0059,25400,27590,52990,24560,85980,110540,SOUTH PARK,HD-2,South Park
R72 02703 0032,22560,74590,97150,22560,114360,136920,SOUTH PARK,HD-2,South Park
R72 01909 0023,21060,18980,40040,20810,47110,67920,SOUTH PARK,HD-2,South Park
R72 02706 0010,16370,20130,36500,17060,49550,66610,SOUTH PARK,HD-2,South Park
R72 02707 0011,10670,0,10670,9620,0,9620,SOUTH PARK,HD-2,South Park
R72 01910 0044,8510,38700,47210,18100,105090,123190,SOUTH PARK,HD-1,South Park
R72 02705 0018,14150,8090,22240,16170,58810,74980,SOUTH PARK,HD-2,South Park
R72 02705 0034,22420,33890,56310,22460,48410,70870,SOUTH PARK,HD-2,South Park
R72 02705 0096,20390,141000,161390,15790,745880,761670,SOUTH PARK,HD-1,South Park
R72 02705 0123,36590,115640,152230,36530,90900,127430,SOUTH PARK,HD-1,South Park
R72 01909 0019,21260,27220,48480,21000,65630,86630,SOUTH PARK,HD-2,South Park
R72 02711 0053,24290,63610,87900,24120,86470,110590,SOUTH PARK,HD-2,South Park
R72 02705 0037,22420,49420,71840,22460,79830,102290,SOUTH PARK,HD-2,South Park
R72 02705 0055,2030,0,2030,2000,0,2000,SOUTH PARK,HD-2,South Park
R72 01911 0007,9460,3150,12610,9520,68280,77800,SOUTH PARK,HD-2,South Park
R72 01910 0043,11420,5110,16530,4170,8630,12800,SOUTH PARK,HD-1,South Park
R72 02705 0065,22340,66820,89160,22350,82200,104550,SOUTH PARK,HD-2,South Park
R72 02705 0070,17960,73870,91830,18600,131870,150470,SOUTH PARK,HD-2,South Park
R72 01911 0053,22560,50970,73530,22560,67620,90180,SOUTH PARK,HD-2,South Park
R72 02707 0006,18270,29940,48210,18750,41970,60720,SOUTH PARK,HD-2,South Park
R72 02709 0015,24780,8120,32900,25500,39820,65320,SOUTH PARK,HD-2,South Park
R72 02707 0022,25380,58370,83750,25130,98760,123890,SOUTH PARK,HD-2,South Park
R72 01909 0022,21060,42260,63320,20810,71720,92530,SOUTH PARK,HD-2,South Park
R72 01910 0001,21090,11810,32900,21100,52590,73690,SOUTH PARK,HD-2,South Park
R72 01910 0053,22730,80900,103630,22760,94380,117140,SOUTH PARK,HD-2,South Park
R72 02705 0056,22640,10990,33630,20290,68710,89000,SOUTH PARK,HD-2,South Park
R72 02711 0034,32670,68150,100820,33300,145290,178590,SOUTH PARK,HD-2,South Park
R72 02703 0049,17610,296910,314520,17610,365820,383430,SOUTH PARK,HD-2,South Park
R72 01912 0055,17750,27340,45090,18130,1500,19630,SOUTH PARK,HD-2,South Park
R72 02708 0035,21590,20670,42260,21450,40370,61820,SOUTH PARK,HD-2,South Park
R72 02708 0007,28560,57880,86440,30500,99070,129570,SOUTH PARK,HD-2,South Park
R72 02707 0014,16040,27290,43330,14170,90330,104500,SOUTH PARK,HD-2,South Park
R72 02702 0006,21460,50420,71880,21570,19860,41430,SOUTH PARK,HD-2,South Park
R72 02702 0013,22340,88710,111050,22230,143390,165620,SOUTH PARK,HD-2,South Park
R72 02703 0021,6680,2520,9200,6680,4490,11170,SOUTH PARK,HD-2,South Park
R72 02702 0011,22340,96020,118360,22230,138940,161170,SOUTH PARK,HD-2,South Park
R72 01908 0026,173610,2132780,2306390,180840,2247980,2428820,SOUTH PARK,HD-2,South Park
R72 01910 0008,21090,132110,153200,21100,139190,160290,SOUTH PARK,HD-2,South Park
R72 02601 0007,32610,4070,36680,32790,9070,41860,SOUTH PARK,HD-1,South Park
R72 01910 0011,14190,64440,78630,7250,48330,55580,SOUTH PARK,HD-1,South Park
R72 01911 0052,22560,30440,53000,22560,73230,95790,SOUTH PARK,HD-2,South Park
R72 02704 0027,5930,0,5930,23220,0,23220,SOUTH PARK,HD-1,South Park
R72 01912 0048,5670,0,5670,5790,0,5790,SOUTH PARK,HD-2,South Park
R72 02701 0027,23730,40790,64520,23630,70940,94570,SOUTH PARK,HD-2,South Park
R72 02706 0071,16970,21930,38900,17560,36990,54550,SOUTH PARK,HD-2,South Park
R72 02701 0034,18180,69660,87840,18150,100230,118380,SOUTH PARK,HD-2,South Park
R72 01906 0035,28140,92400,120540,28660,140620,169280,SOUTH PARK,HD-2,South Park
R72 02707 0052,32670,132830,165500,33080,173990,207070,SOUTH PARK,HD-2,South Park
R72 02708 0005,29030,97090,126120,22680,107110,129790,SOUTH PARK,HD-2,South Park
R72 02711 0004,21380,34740,56120,21480,68380,89860,SOUTH PARK,HD-2,South Park
R72 01911 0054,22560,57410,79970,22560,88970,111530,SOUTH PARK,HD-2,South Park
R72 01911 0045,22560,105130,127690,22560,140570,163130,SOUTH PARK,HD-2,South Park
R72 02705 0051,17630,34550,52180,11190,37460,48650,SOUTH PARK,HD-1,South Park
R72 01910 0009,21090,53350,74440,21100,66790,87890,SOUTH PARK,HD-2,South Park
R72 02709 0017,23010,37550,60560,23310,64540,87850,SOUTH PARK,HD-2,South Park
R72 02702 0044,10920,31090,42010,10860,66740,77600,SOUTH PARK,HD-2,South Park
R72 02705 0088,22950,38240,61190,22850,61300,84150,SOUTH PARK,HD-2,South Park
R72 02705 0036,22420,56540,78960,22460,99830,122290,SOUTH PARK,HD-2,South Park
R72 01910 0061,12500,12320,24820,5020,16640,21660,SOUTH PARK,HD-1,South Park
R72 02705 0026,22640,48600,71240,22630,80180,102810,SOUTH PARK,HD-2,South Park
R72 02705 0054,17850,64400,82250,11540,13460,25000,SOUTH PARK,HD-1,South Park
R72 02703 0037,22560,81230,103790,22560,49940,72500,SOUTH PARK,HD-2,South Park
R72 01912 0037,20030,31750,51780,19760,32210,51970,SOUTH PARK,HD-2,South Park
R72 02703 0040,22560,53630,76190,22560,66850,89410,SOUTH PARK,HD-2,South Park
R72 01910 0006,21090,47110,68200,21100,103420,124520,SOUTH PARK,HD-2,South Park
R72 02707 0015,15550,37950,53500,16680,81300,97980,SOUTH PARK,HD-2,South Park
R72 01909 0016,320,0,320,320,0,320,SOUTH PARK,HD-2,South Park
R72 01911 0028,45120,152290,197410,47000,16240,63240,SOUTH PARK,HD-2,South Park
R72 02601 0003,52560,6540,59100,52860,10840,63700,SOUTH PARK,HD-1,South Park
R72 01912 0058,16320,48780,65100,17630,101560,119190,SOUTH PARK,HD-2,South Park
R72 01909 0014,21260,6080,27340,20940,40510,61450,SOUTH PARK,HD-2,South Park
R72 01910 0049,18480,19970,38450,18460,40650,59110,SOUTH PARK,HD-2,South Park
R72 01909 0025,560,0,560,560,0,560,SOUTH PARK,HD-2,South Park
R72 01910 0035,20420,43390,63810,20500,92740,113240,SOUTH PARK,HD-2,South Park
R72 02701 0019,25090,34770,59860,25180,47860,73040,SOUTH PARK,HD-2,South Park
R72 01911 0044,22560,69750,92310,22560,109480,132040,SOUTH PARK,HD-2,South Park
R72 01910 0051,22420,43110,65530,22460,65950,88410,SOUTH PARK,HD-2,South Park
R72 01910 0023,16250,15390,31640,16550,48930,65480,SOUTH PARK,HD-2,South Park
R72 01910 0026,21090,60810,81900,21100,117830,138930,SOUTH PARK,HD-2,South Park
R72 01912 0031,20150,63510,83660,20170,65360,85530,SOUTH PARK,HD-2,South Park
R72 02705 0099,10680,62280,72960,11130,43870,55000,SOUTH PARK,HD-1,South Park
R72 01909 0020,160,0,160,160,0,160,SOUTH PARK,HD-2,South Park
R72 02702 0014,11170,10270,21440,11120,113830,124950,SOUTH PARK,HD-2,South Park
R72 02601 0001,37750,4790,42540,37970,6190,44160,SOUTH PARK,HD-1,South Park
R72 02702 0042,19930,45320,65250,20090,59910,80000,SOUTH PARK,HD-2,South Park
R72 02803 0014,12700,20820,33520,14050,19140,33190,SOUTH PARK,HD-2,South Park
R72 02703 0015,24560,32790,57350,24560,72750,97310,SOUTH PARK,HD-2,South Park
R72 02702 0002,21460,58850,80310,21570,101840,123410,SOUTH PARK,HD-2,South Park
R72 01909 0018,2340,0,2340,2300,0,2300,SOUTH PARK,HD-2,South Park
R72 01912 0057,14820,15320,30140,14950,26690,41640,SOUTH PARK,HD-2,South Park
R72 01910 0055,22420,63150,85570,22460,96510,118970,SOUTH PARK,HD-2,South Park
R72 02705 0003,22560,96630,119190,22560,137400,159960,SOUTH PARK,HD-2,South Park
R72 02705 0025,22640,39730,62370,22630,60940,83570,SOUTH PARK,HD-2,South Park
R72 01910 0054,22420,60990,83410,22460,107390,129850,SOUTH PARK,HD-2,South Park
R72 02705 0035,22420,47950,70370,22460,59830,82290,SOUTH PARK,HD-2,South Park
R72 01908 0003,14580,0,14580,13280,0,13280,SOUTH PARK,HD-2,South Park
R72 01912 0044,24000,26640,50640,5000,142380,147380,SOUTH PARK,HD-2,South Park
R72 02703 0005,11020,56280,67300,11480,52630,64110,SOUTH PARK,HD-2,South Park
R72 01903 0035,380,0,380,380,0,380,SOUTH PARK,HD-2,South Park
R72 02706 0046,23230,132960,156190,23030,185830,208860,SOUTH PARK,HD-2,South Park
R72 01909 0015,21260,12190,33450,20940,40770,61710,SOUTH PARK,HD-2,South Park
R72 02706 0009,19050,41450,60500,19430,70590,90020,SOUTH PARK,HD-2,South Park
R72 02702 0010,22340,44470,66810,22230,96020,118250,SOUTH PARK,HD-2,South Park
R72 02803 0004,10300,41270,51570,11350,30560,41910,SOUTH PARK,HD-2,South Park
R72 02702 0030,23210,77270,100480,23140,134540,157680,SOUTH PARK,HD-2,South Park
R72 01912 0049,13730,30350,44080,13570,49580,63150,SOUTH PARK,HD-2,South Park
R72 02701 0001,29370,62390,91760,30130,120730,150860,SOUTH PARK,HD-2,South Park
R72 02704 0032,10940,63260,74200,10930,56080,67010,SOUTH PARK,HD-1,South Park
R72 02704 0029,10940,0,10940,10930,0,10930,SOUTH PARK,HD-1,South Park
R72 01910 0032,20420,54910,75330,20500,78310,98810,SOUTH PARK,HD-2,South Park
R72 02703 0001,11020,41910,52930,11480,36500,47980,SOUTH PARK,HD-2,South Park
R72 02802 0018,19440,21890,41330,51670,103330,155000,SOUTH PARK,HD-2,South Park
R72 01907 0009,21020,52290,73310,21080,75690,96770,SOUTH PARK,HD-2,South Park
R72 02711 0048,20880,57180,78060,21000,82850,103850,SOUTH PARK,HD-2,South Park
R72 01910 0033,20700,57110,77810,20750,143210,163960,SOUTH PARK,HD-2,South Park
R72 02703 0009,23210,81120,104330,23220,108130,131350,SOUTH PARK,HD-2,South Park
R72 02704 0028,21880,0,21880,21840,0,21840,SOUTH PARK,HD-1,South Park
R72 02608 0031,3840,2040,5880,3940,2670,6610,SOUTH PARK,HD-1,South Park
R72 01903 0017,240,0,240,240,0,240,SOUTH PARK,HD-2,South Park
R72 02701 0026,11700,45890,57590,23240,97900,121140,SOUTH PARK,HD-2,South Park
R72 02705 0014,22560,45440,68000,22560,59950,82510,SOUTH PARK,HD-2,South Park
R72 02711 0047,17750,70650,88400,18300,99970,118270,SOUTH PARK,HD-2,South Park
R72 02803 0016,9810,7170,16980,10500,8420,18920,SOUTH PARK,HD-2,South Park
R72 02711 0006,22970,41700,64670,22800,58060,80860,SOUTH PARK,HD-2,South Park
R72 02804 0027,13680,24440,38120,13520,58810,72330,SOUTH PARK,HD-2,South Park
R72 02706 0006,19050,23250,42300,19430,43620,63050,SOUTH PARK,HD-2,South Park
R72 02711 0032,32670,50320,82990,33300,65310,98610,SOUTH PARK,HD-2,South Park
R72 02710 0001,11700,37530,49230,11920,53420,65340,SOUTH PARK,HD-2,South Park
R72 01912 0043,27030,54370,81400,27190,86950,114140,SOUTH PARK,HD-2,South Park
R72 02702 0033,4780,48950,53730,4970,44490,49460,SOUTH PARK,HD-2,South Park
R72 02803 0019,11160,25480,36640,12170,17380,29550,SOUTH PARK,HD-2,South Park
R72 02701 0033,4410,0,4410,4160,0,4160,SOUTH PARK,HD-2,South Park
R72 02804 0015,17280,66460,83740,18000,66150,84150,SOUTH PARK,HD-2,South Park
R72 02708 0003,29030,44530,73560,30900,79720,110620,SOUTH PARK,HD-2,South Park
R72 02802 0014,24000,79410,103410,25000,52550,77550,SOUTH PARK,HD-2,South Park
R72 02711 0011,23490,48570,72060,23250,58150,81400,SOUTH PARK,HD-2,South Park
R72 02704 0033,31520,96980,128500,31460,88200,119660,SOUTH PARK,HD-1,South Park
R72 01906 0038,28820,92620,121440,29440,167750,197190,SOUTH PARK,HD-2,South Park
R72 02704 0030,18590,127960,146550,13800,111470,125270,SOUTH PARK,HD-1,South Park
R72 02707 0034,21060,69370,90430,20750,132780,153530,SOUTH PARK,HD-2,South Park
R72 02804 0031,16470,27900,44370,17630,18840,36470,SOUTH PARK,HD-2,South Park
R72 02707 0001,11310,18880,30190,11600,45420,57020,SOUTH PARK,HD-2,South Park
R72 01912 0056,18120,18970,37090,18640,35890,54530,SOUTH PARK,HD-2,South Park
R72 02701 0011,29990,68710,98700,32350,88150,120500,SOUTH PARK,HD-2,South Park
R72 02702 0039,22560,59980,82540,22560,89130,111690,SOUTH PARK,HD-2,South Park
R72 02703 0055,7730,2800,10530,7730,4980,12710,SOUTH PARK,HD-2,South Park
R72 02701 0032,27720,21750,49470,27960,38970,66930,SOUTH PARK,HD-2,South Park
R72 02705 0058,22200,52000,74200,22200,77630,99830,SOUTH PARK,HD-2,South Park
R72 02702 0004,21460,40990,62450,21570,75290,96860,SOUTH PARK,HD-2,South Park
R72 02702 0020,23210,66100,89310,23220,120540,143760,SOUTH PARK,HD-2,South Park
R72 02702 0012,22340,63600,85940,22230,86240,108470,SOUTH PARK,HD-2,South Park
R72 02701 0016,21090,56110,77200,21180,91920,113100,SOUTH PARK,HD-2,South Park
R72 02802 0041,20680,9110,29790,20240,81090,101330,SOUTH PARK,HD-2,South Park
R72 01907 0007,21020,26360,47380,20990,40690,61680,SOUTH PARK,HD-2,South Park
R72 02702 0015,22340,67630,89970,22230,107820,130050,SOUTH PARK,HD-2,South Park
R72 02702 0035,11270,42140,53410,11740,24070,35810,SOUTH PARK,HD-2,South Park
R72 02703 0019,20670,51690,72360,20440,74670,95110,SOUTH PARK,HD-2,South Park
R72 01912 0029,20150,50810,70960,20170,68550,88720,SOUTH PARK,HD-2,South Park
R72 01905 0016,23870,18080,41950,23720,35310,59030,SOUTH PARK,HD-2,South Park
R72 02802 0029,28480,115180,143660,29270,185830,215100,SOUTH PARK,HD-2,South Park
R72 02709 0029,18010,43400,61410,18750,78760,97510,SOUTH PARK,HD-2,South Park
R72 01911 0059,13440,1890,15330,13440,4080,17520,SOUTH PARK,HD-2,South Park
R72 02705 0064,22340,41010,63350,22350,44460,66810,SOUTH PARK,HD-2,South Park
R72 02706 0038,16970,68580,85550,17630,92290,109920,SOUTH PARK,HD-2,South Park
R72 02705 0098,20390,3550,23940,15990,4580,20570,SOUTH PARK,HD-1,South Park
R72 02705 0071,22560,85770,108330,22560,145550,168110,SOUTH PARK,HD-2,South Park
R72 01911 0063,18200,88960,107160,18930,111820,130750,SOUTH PARK,HD-2,South Park
R72 01902 0014,17940,32930,50870,18250,55350,73600,SOUTH PARK,HD-2,South Park
R72 01902 0014,17940,32930,50870,18250,55350,73600,SOUTH PARK,HD-2,South Park
R72 02803 0005,11480,34280,45760,9220,10190,19410,SOUTH PARK,HD-2,South Park
R72 02711 0001,22970,35620,58590,22800,132440,155240,SOUTH PARK,HD-2,South Park
R72 02711 0003,11480,0,11480,10260,0,10260,SOUTH PARK,HD-2,South Park
R72 02802 0052,15840,22040,37880,16550,51170,67720,SOUTH PARK,HD-2,South Park
R72 02802 0015,29830,57400,87230,30840,110990,141830,SOUTH PARK,HD-2,South Park
R72 02802 0011,21020,70170,91190,20640,105190,125830,SOUTH PARK,HD-2,South Park
R72 02804 0011,20740,83570,104310,21600,90660,112260,SOUTH PARK,HD-2,South Park
R72 02804 0030,20310,10240,30550,19880,35910,55790,SOUTH PARK,HD-2,South Park
R72 01905 0029,20480,52010,72490,20580,66800,87380,SOUTH PARK,HD-2,South Park
R72 02702 0025,10920,25450,36370,10860,42210,53070,SOUTH PARK,HD-2,South Park
R72 02702 0021,23210,57370,80580,23220,95910,119130,SOUTH PARK,HD-2,South Park
R72 01906 0017,28780,29460,58240,30480,54160,84640,SOUTH PARK,HD-2,South Park
R72 02706 0039,16970,18840,35810,17630,34840,52470,SOUTH PARK,HD-2,South Park
R72 02706 0028,19050,53820,72870,19430,97800,117230,SOUTH PARK,HD-2,South Park
R72 02704 0017,22950,55700,78650,22850,79610,102460,SOUTH PARK,HD-2,South Park
R72 02702 0001,21460,5420,26880,10790,58510,69300,SOUTH PARK,HD-2,South Park
R72 02706 0036,23490,52630,76120,23250,107200,130450,SOUTH PARK,HD-2,South Park
R72 02705 0089,8330,0,8330,7480,0,7480,SOUTH PARK,HD-2,South Park
R72 01902 0012,13990,5500,19490,13670,43080,56750,SOUTH PARK,HD-2,South Park
R72 02706 0027,19050,65020,84070,19430,86930,106360,SOUTH PARK,HD-2,South Park
R72 02711 0018,18490,50730,69220,18680,88210,106890,SOUTH PARK,HD-2,South Park
R72 01910 0019,21090,59230,80320,21100,88440,109540,SOUTH PARK,HD-2,South Park
R72 01905 0025,12370,7210,19580,12440,31670,44110,SOUTH PARK,HD-2,South Park
R72 01906 0015,9240,0,9240,8310,0,8310,SOUTH PARK,HD-2,South Park
R72 02803 0036,11560,8630,20190,12690,12660,25350,SOUTH PARK,HD-2,South Park
R72 02804 0029,16320,24420,40740,17630,31320,48950,SOUTH PARK,HD-2,South Park
R72 02804 0016,16470,27970,44440,17630,43990,61620,SOUTH PARK,HD-2,South Park
R72 02804 0005,14160,0,14160,13500,0,13500,SOUTH PARK,HD-2,South Park
R72 01912 0001,19270,30000,49270,19590,61240,80830,SOUTH PARK,HD-2,South Park
R72 01906 0021,23100,38320,61420,23010,66720,89730,SOUTH PARK,HD-2,South Park
R72 01905 0028,24970,14970,39940,25120,42710,67830,SOUTH PARK,HD-2,South Park
R72 02706 0022,19050,89240,108290,19430,128100,147530,SOUTH PARK,HD-2,South Park
R72 01905 0033,19920,79660,99580,20280,112260,132540,SOUTH PARK,HD-2,South Park
R72 01906 0020,28540,8230,36770,29850,8370,38220,SOUTH PARK,HD-2,South Park
R72 02704 0014,22950,57870,80820,22850,75790,98640,SOUTH PARK,HD-2,South Park
R72 02711 0027,20360,41420,61780,20550,63000,83550,SOUTH PARK,HD-2,South Park
R72 01906 0023,12260,0,12260,11080,0,11080,SOUTH PARK,HD-2,South Park
R72 01905 0018,19200,62830,82030,20000,42220,62220,SOUTH PARK,HD-2,South Park
R72 01906 0024,25400,23110,48510,25940,35840,61780,SOUTH PARK,HD-2,South Park
R72 02711 0058,34370,56110,90480,38070,100000,138070,SOUTH PARK,HD-2,South Park
R72 01905 0024,24750,23370,48120,24870,35780,60650,SOUTH PARK,HD-2,South Park
R72 01905 0030,18940,13590,32530,19190,15810,35000,SOUTH PARK,HD-2,South Park
R72 01906 0026,20290,39970,60260,20340,54140,74480,SOUTH PARK,HD-2,South Park
R72 02704 0005,22950,95870,118820,22850,135960,158810,SOUTH PARK,HD-2,South Park
R72 01912 0040,27030,33290,60320,27190,73890,101080,SOUTH PARK,HD-2,South Park
R72 02706 0062,21840,21570,43410,21120,3220,24340,SOUTH PARK,HD-2,South Park
R72 01912 0027,20150,39710,59860,20170,54750,74920,SOUTH PARK,HD-2,South Park
R72 01907 0010,25680,99040,124720,25800,166010,191810,SOUTH PARK,HD-2,South Park
R72 02711 0037,34490,133210,167700,33580,190070,223650,SOUTH PARK,HD-2,South Park
R72 01905 0010,25970,33500,59470,26250,56810,83060,SOUTH PARK,HD-2,South Park
R72 02803 0020,4380,0,4380,4560,0,4560,SOUTH PARK,HD-2,South Park
R72 02703 0033,22560,46750,69310,22560,68020,90580,SOUTH PARK,HD-2,South Park
R72 02710 0004,14690,34130,48820,17260,60010,77270,SOUTH PARK,HD-2,South Park
R72 01912 0025,15990,38550,54540,17360,35480,52840,SOUTH PARK,HD-2,South Park
R72 01905 0031,14180,8120,22300,15910,22870,38780,SOUTH PARK,HD-2,South Park
R72 02705 0005,22560,62500,85060,22560,63690,86250,SOUTH PARK,HD-2,South Park
R72 02706 0075,18010,31110,49120,18530,47640,66170,SOUTH PARK,HD-2,South Park
R72 01906 0031,20830,59100,79930,19980,98170,118150,SOUTH PARK,HD-2,South Park
R72 02710 0007,13280,19660,32940,15270,19820,35090,SOUTH PARK,HD-2,South Park
R72 02703 0059,23650,40590,64240,23630,50840,74470,SOUTH PARK,HD-2,South Park
R72 02803 0017,9810,7930,17740,10500,9660,20160,SOUTH PARK,HD-2,South Park
R72 01912 0028,20150,44800,64950,20170,54260,74430,SOUTH PARK,HD-2,South Park
R72 01912 0004,23650,57640,81290,23550,105120,128670,SOUTH PARK,HD-2,South Park
R72 02711 0009,22970,43780,66750,22800,101370,124170,SOUTH PARK,HD-2,South Park
R72 01912 0021,17750,3960,21710,18130,2160,20290,SOUTH PARK,HD-2,South Park
R72 02704 0007,19580,48460,68040,19440,64550,83990,SOUTH PARK,HD-2,South Park
R72 02706 0078,6980,2810,9790,22020,3680,25700,SOUTH PARK,HD-2,South Park
R72 02804 0028,13680,24810,38490,13520,67530,81050,SOUTH PARK,HD-2,South Park
R72 02711 0017,19420,4100,23520,19700,4030,23730,SOUTH PARK,HD-2,South Park
R72 02702 0027,23210,52790,76000,23140,80270,103410,SOUTH PARK,HD-2,South Park
R72 02702 0008,22930,32220,55150,23020,102680,125700,SOUTH PARK,HD-2,South Park
R72 02704 0022,19920,58950,78870,18600,51420,70020,SOUTH PARK,HD-1,South Park
R72 02704 0001,26010,107930,133940,17280,120210,137490,SOUTH PARK,HD-2,South Park
R72 02802 0008,19900,58610,78510,20720,55580,76300,SOUTH PARK,HD-2,South Park
R72 01907 0027,!,!,!,12120,0,12120,SOUTH PARK,HD-2,South Park
R72 01907 0028,!,!,!,20650,64690,85340,SOUTH PARK,HD-2,South Park
R72 02703 0052,4960,0,4960,4960,0,4960,SOUTH PARK,HD-2,South Park
R72 02706 0060,30860,109680,140540,31050,120740,151790,SOUTH PARK,HD-2,South Park
R72 02706 0044,19050,91320,110370,19430,138190,157620,SOUTH PARK,HD-2,South Park
R72 02803 0011,12420,30110,42530,13650,15810,29460,SOUTH PARK,HD-2,South Park
R72 01905 0020,12290,60110,72400,12810,197190,210000,SOUTH PARK,HD-2,South Park
R72 02706 0051,21330,56940,78270,21380,104330,125710,SOUTH PARK,HD-2,South Park
R72 02803 0045,10180,25030,35210,11240,21620,32860,SOUTH PARK,HD-2,South Park
R72 02711 0044,23490,65600,89090,23250,83060,106310,SOUTH PARK,HD-2,South Park
R72 01911 0018,27810,114680,142490,28000,98710,126710,SOUTH PARK,HD-2,South Park
R72 01905 0015,24310,19910,44220,24380,33070,57450,SOUTH PARK,HD-2,South Park
R72 02705 0008,12630,86060,98690,13160,81140,94300,SOUTH PARK,HD-2,South Park
R72 01906 0012,13050,0,13050,11980,0,11980,SOUTH PARK,HD-2,South Park
R72 02702 0043,22580,47680,70260,22460,71890,94350,SOUTH PARK,HD-2,South Park
R72 02802 0028,23730,71270,95000,23780,46430,70210,SOUTH PARK,HD-2,South Park
R72 02711 0040,35880,71570,107450,34500,114800,149300,SOUTH PARK,HD-2,South Park
R72 02703 0058,10800,0,10800,9680,0,9680,SOUTH PARK,HD-2,South Park
R72 02709 0028,21950,38690,60640,21900,60110,82010,SOUTH PARK,HD-2,South Park
R72 02702 0029,19720,10200,29920,19430,36640,56070,SOUTH PARK,HD-2,South Park
R72 02703 0038,11280,57300,68580,22560,92680,115240,SOUTH PARK,HD-2,South Park
R72 02706 0070,16770,22890,39660,17500,40450,57950,SOUTH PARK,HD-2,South Park
R72 02706 0069,16700,25550,42250,17340,50950,68290,SOUTH PARK,HD-2,South Park
R72 02705 0061,21980,47670,69650,22030,74810,96840,SOUTH PARK,HD-2,South Park
R72 02706 0037,16970,53020,69990,17630,102980,120610,SOUTH PARK,HD-2,South Park
R72 01905 0027,6190,0,6190,6260,0,6260,SOUTH PARK,HD-2,South Park
R72 01906 0025,26730,40940,67670,27170,60330,87500,SOUTH PARK,HD-2,South Park
R72 02804 0014,21310,18670,39980,21000,31210,52210,SOUTH PARK,HD-2,South Park
R72 02804 0013,28310,11800,40110,28880,73410,102290,SOUTH PARK,HD-2,South Park
R72 02707 0026,16970,47940,64910,17630,67640,85270,SOUTH PARK,HD-2,South Park
R72 02707 0018,11400,2030,13430,8080,0,8080,SOUTH PARK,HD-2,South Park
R72 02710 0012,13100,12460,25560,15020,33290,48310,SOUTH PARK,HD-2,South Park
R72 01906 0047,!,!,!,20890,53170,74060,SOUTH PARK,HD-2,South Park
R72 01912 0024,19930,43190,63120,20090,40630,60720,SOUTH PARK,HD-2,South Park
R72 02706 0049,16590,22940,39530,17630,70170,87800,SOUTH PARK,HD-2,South Park
R72 02711 0052,22970,68960,91930,22800,88230,111030,SOUTH PARK,HD-2,South Park
R72 02710 0014,13280,23830,37110,15270,24200,39470,SOUTH PARK,HD-2,South Park
R72 02710 0002,17320,19340,36660,18360,40650,59010,SOUTH PARK,HD-2,South Park
R72 02702 0023,23210,30980,54190,23220,75510,98730,SOUTH PARK,HD-2,South Park
R72 02704 0061,9220,0,9220,9200,0,9200,SOUTH PARK,HD-1,South Park
R72 02703 0011,23210,38650,61860,23220,52680,75900,SOUTH PARK,HD-2,South Park
R72 01912 0022,17470,14580,32050,17880,37900,55780,SOUTH PARK,HD-2,South Park
R72 02803 0018,17600,69190,86790,19410,87130,106540,SOUTH PARK,HD-2,South Park
R72 02707 0025,19050,65210,84260,19430,88230,107660,SOUTH PARK,HD-2,South Park
R72 02704 0026,14690,51180,65870,37800,103470,141270,SOUTH PARK,HD-1,South Park
R72 02707 0027,16970,57190,74160,17630,73670,91300,SOUTH PARK,HD-2,South Park
R72 02707 0029,16970,27490,44460,17630,107650,125280,SOUTH PARK,HD-2,South Park
R72 02708 0002,29030,27030,56060,30900,61590,92490,SOUTH PARK,HD-2,South Park
R72 02802 0017,28480,113290,141770,29270,151950,181220,SOUTH PARK,HD-2,South Park
R72 02702 0036,21010,23070,44080,20960,43770,64730,SOUTH PARK,HD-2,South Park
R72 02703 0054,11180,37850,49030,11180,42530,53710,SOUTH PARK,HD-2,South Park
R72 02803 0012,14040,66390,80430,15580,77950,93530,SOUTH PARK,HD-2,South Park
R72 01906 0030,21060,19250,40310,21030,39820,60850,SOUTH PARK,HD-2,South Park
R72 02709 0020,29030,78560,107590,30900,5460,36360,SOUTH PARK,HD-2,South Park
R72 02704 0008,18670,48900,67570,18510,65220,83730,SOUTH PARK,HD-2,South Park
R72 02801 0030,13680,41420,55100,15410,48240,63650,SOUTH PARK,HD-2,South Park
R72 02701 0031,21460,36960,58420,21430,58830,80260,SOUTH PARK,HD-2,South Park
R72 02706 0012,17230,23690,40920,17790,40610,58400,SOUTH PARK,HD-2,South Park
R72 02803 0040,12560,58820,71380,13900,38900,52800,SOUTH PARK,HD-2,South Park
R72 02706 0014,17230,34350,51580,17790,60070,77860,SOUTH PARK,HD-2,South Park
R72 02705 0062,21980,13990,35970,22030,97670,119700,SOUTH PARK,HD-2,South Park
R72 02702 0045,3990,11940,15930,4160,8390,12550,SOUTH PARK,HD-2,South Park
R72 02705 0083,22950,86750,109700,22850,57130,79980,SOUTH PARK,HD-2,South Park
R72 02707 0008,19580,27170,46750,19880,38340,58220,SOUTH PARK,HD-2,South Park
R72 02707 0064,16970,15790,32760,17630,35440,53070,SOUTH PARK,HD-2,South Park
R72 02701 0036,15330,29470,44800,16320,68850,85170,SOUTH PARK,HD-2,South Park
R72 01906 0028,25270,19870,45140,25300,48700,74000,SOUTH PARK,HD-2,South Park
R72 02704 0018,8540,0,8540,7980,0,7980,SOUTH PARK,HD-2,South Park
R72 02804 0007,28320,45660,73980,21000,64670,85670,SOUTH PARK,HD-2,South Park
R72 02702 0041,22560,37590,60150,22560,50450,73010,SOUTH PARK,HD-2,South Park
R72 01911 0010,20030,39910,59940,19760,71770,91530,SOUTH PARK,HD-2,South Park
R72 02801 0028,15260,82020,97280,17480,97080,114560,SOUTH PARK,HD-2,South Park
R72 01906 0022,23210,35370,58580,23220,48310,71530,SOUTH PARK,HD-2,South Park
R72 02703 0003,21460,34440,55900,21570,54540,76110,SOUTH PARK,HD-2,South Park
R72 01906 0036,28140,55550,83690,28660,101980,130640,SOUTH PARK,HD-2,South Park
R72 02706 0024,20360,53570,73930,20550,78650,99200,SOUTH PARK,HD-2,South Park
R72 02711 0049,22970,71950,94920,22800,74660,97460,SOUTH PARK,HD-2,South Park
R72 02702 0040,22560,44050,66610,22560,94220,116780,SOUTH PARK,HD-2,South Park
R72 02704 0065,1120,0,1120,450,0,450,SOUTH PARK,HD-2,South Park
R72 02703 0006,9740,0,9740,10140,0,10140,SOUTH PARK,HD-2,South Park
R72 02705 0082,22730,43580,66310,22760,71530,94290,SOUTH PARK,HD-2,South Park
R72 01912 0034,9560,0,9560,8840,0,8840,SOUTH PARK,HD-2,South Park
R72 01906 0046,19440,41290,60730,19310,42950,62260,SOUTH PARK,HD-2,South Park
R72 02706 0001,6820,1780,8600,6820,0,6820,SOUTH PARK,HD-2,South Park
R72 02702 0028,19720,16570,36290,19430,33440,52870,SOUTH PARK,HD-2,South Park
R72 01906 0014,19610,35220,54830,19920,89500,109420,SOUTH PARK,HD-2,South Park
R72 02709 0019,26550,33660,60210,27750,2020,29770,SOUTH PARK,HD-2,South Park
R72 02801 0026,28800,29300,58100,30000,31860,61860,SOUTH PARK,HD-2,South Park
R72 02705 0100,22140,64920,87060,21980,115990,137970,SOUTH PARK,HD-2,South Park
R72 02701 0035,9180,0,9180,8190,0,8190,SOUTH PARK,HD-2,South Park
R72 02706 0073,15620,73370,88990,16620,77820,94440,SOUTH PARK,HD-2,South Park
R72 02802 0031,32210,29460,61670,33590,54890,88480,SOUTH PARK,HD-2,South Park
R72 02804 0002,28320,44680,73000,30000,60030,90030,SOUTH PARK,HD-2,South Park
R72 02706 0047,15620,73170,88790,16620,77710,94330,SOUTH PARK,HD-2,South Park
R72 01907 0016,16990,39810,56800,17230,28320,45550,SOUTH PARK,HD-2,South Park
R72 01912 0008,23650,89680,113330,23550,114180,137730,SOUTH PARK,HD-2,South Park
R72 02701 0002,22310,30180,52490,22130,41240,63370,SOUTH PARK,HD-2,South Park
R72 02608 0012,5280,25360,30640,5600,30130,35730,SOUTH PARK,HD-1,South Park
R72 02802 0053,2940,33950,36890,20640,50960,71600,SOUTH PARK,HD-2,South Park
R72 01907 0015,16130,38530,54660,13120,54250,67370,SOUTH PARK,HD-2,South Park
R72 01905 0022,21840,10310,32150,21500,72250,93750,SOUTH PARK,HD-2,South Park
R72 02706 0035,16970,44760,61730,17630,85210,102840,SOUTH PARK,HD-2,South Park
R72 02802 0054,5280,31760,37040,5160,50630,55790,SOUTH PARK,HD-2,South Park
R72 01901 0013,55000,0,55000,110000,0,110000,SOUTH PARK,HD-2,South Park
R72 01905 0009,25970,14810,40780,26250,60340,86590,SOUTH PARK,HD-2,South Park
R72 02705 0050,17630,78290,95920,11190,83520,94710,SOUTH PARK,HD-1,South Park
R72 02705 0085,22950,54780,77730,22850,88400,111250,SOUTH PARK,HD-2,South Park
R72 02711 0033,32670,69360,102030,33300,156700,190000,SOUTH PARK,HD-2,South Park
R72 02706 0056,30130,72720,102850,30150,139290,169440,SOUTH PARK,HD-2,South Park
R72 02802 0045,21020,67840,88860,20640,97060,117700,SOUTH PARK,HD-2,South Park
R72 01912 0042,27030,35510,62540,27190,120080,147270,SOUTH PARK,HD-2,South Park
R72 02704 0048,24970,27460,52430,25370,52240,77610,SOUTH PARK,HD-2,South Park
R72 02704 0056,8880,0,8880,8420,0,8420,SOUTH PARK,HD-2,South Park
R72 02804 0008,28320,25210,53530,30000,35040,65040,SOUTH PARK,HD-2,South Park
R72 02704 0054,11350,0,11350,10160,0,10160,SOUTH PARK,HD-2,South Park
R72 02704 0040,24520,69200,93720,26310,88590,114900,SOUTH PARK,HD-2,South Park
R72 02704 0039,19520,39660,59180,27900,89440,117340,SOUTH PARK,HD-2,South Park
R72 02704 0052,26460,35780,62240,26250,54320,80570,SOUTH PARK,HD-2,South Park
R72 02803 0037,!,!,!,9700,18280,27980,SOUTH PARK,HD-2,South Park
R72 01906 0032,28140,10010,38150,19840,49330,69170,SOUTH PARK,HD-2,South Park
R72 02704 0079,!,!,!,4880,174150,179030,SOUTH PARK,HD-1,South Park
R72 01907 0029,!,!,!,12820,58210,71030,SOUTH PARK,HD-2,South Park
R72 01907 0025,!,!,!,16250,38030,54280,SOUTH PARK,HD-2,South Park
R72 02707 0061,25110,52370,77480,13610,117780,131390,SOUTH PARK,HD-2,South Park
R72 01907 0030,!,!,!,12820,58210,71030,SOUTH PARK,HD-2,South Park
R72 02707 0063,9400,30910,40310,19200,32810,52010,SOUTH PARK,HD-2,South Park
R72 01911 0065,20860,47050,67910,20330,64600,84930,SOUTH PARK,HD-2,South Park
R72 02701 0028,27460,52420,79880,28010,69990,98000,SOUTH PARK,HD-2,South Park
R72 02706 0074,13680,43050,56730,13490,51540,65030,SOUTH PARK,HD-2,South Park
R72 02707 0002,7870,16330,24200,16740,65450,82190,SOUTH PARK,HD-2,South Park
R72 02705 0059,22500,48340,70840,22500,151870,174370,SOUTH PARK,HD-2,South Park
R72 01911 0015,18110,27030,45140,18860,52670,71530,SOUTH PARK,HD-2,South Park
R72 01909 0027,570,0,570,570,0,570,SOUTH PARK,HD-2,South Park
R72 02705 0001,12920,48750,61670,13150,58710,71860,SOUTH PARK,HD-2,South Park
R72 01911 0032,40320,463060,503380,40320,478740,519060,SOUTH PARK,HD-2,South Park
R72 01903 0021,2640,0,2640,2640,0,2640,SOUTH PARK,HD-2,South Park
R72 01903 0020,2920,0,2920,2920,0,2920,SOUTH PARK,HD-2,South Park
R72 02705 0016,3380,0,3380,3040,0,3040,SOUTH PARK,HD-2,South Park
R72 01907 0014,16130,40960,57090,16400,69840,86240,SOUTH PARK,HD-2,South Park
R72 01909 0029,3950,0,3950,1130,0,1130,SOUTH PARK,HD-2,South Park
R72 01909 0026,560,0,560,560,0,560,SOUTH PARK,HD-2,South Park
R72 02705 0053,17630,57300,74930,11190,61970,73160,SOUTH PARK,HD-1,South Park
R72 02705 0033,22730,68260,90990,22760,92780,115540,SOUTH PARK,HD-2,South Park
R72 01903 0018,530,0,530,530,0,530,SOUTH PARK,HD-2,South Park
R72 01911 0043,22560,58910,81470,22560,83330,105890,SOUTH PARK,HD-2,South Park
R72 01909 0013,170,0,170,170,0,170,SOUTH PARK,HD-2,South Park
R72 02702 0050,18400,67000,85400,18850,96430,115280,SOUTH PARK,HD-2,South Park
R72 01908 0004,5610,0,5610,5610,0,5610,SOUTH PARK,HD-2,South Park
R72 01908 0001,7920,0,7920,7920,0,7920,SOUTH PARK,HD-2,South Park
R72 01909 0017,390,0,390,390,0,390,SOUTH PARK,HD-2,South Park
R72 01912 0050,11540,58230,69770,11840,80750,92590,SOUTH PARK,HD-2,South Park
R72 02706 0017,17230,28970,46200,17850,88630,106480,SOUTH PARK,HD-2,South Park
R72 01809 0061,69060,385470,454530,69060,243820,312880,SOUTH PARK,HD-2,South Park
R72 01809 0059,7080,0,7080,7080,0,7080,SOUTH PARK,HD-2,South Park
R72 02702 0037,23480,54380,77860,23520,99020,122540,SOUTH PARK,HD-2,South Park
R72 01905 0026,24750,23960,48710,24950,26890,51840,SOUTH PARK,HD-2,South Park
R72 02804 0010,28320,50170,78490,30000,87230,117230,SOUTH PARK,HD-2,South Park
R72 02706 0055,30130,48930,79060,30150,66100,96250,SOUTH PARK,HD-2,South Park
R72 02709 0032,17780,46040,63820,18560,63370,81930,SOUTH PARK,HD-2,South Park
R72 01912 0006,23650,89940,113590,23550,152470,176020,SOUTH PARK,HD-2,South Park
R72 02711 0020,24230,72970,97200,24040,136890,160930,SOUTH PARK,HD-2,South Park
R72 02709 0010,17280,55310,72590,18250,140390,158640,SOUTH PARK,HD-2,South Park
R72 02709 0027,21950,10920,32870,21900,60320,82220,SOUTH PARK,HD-2,South Park
R72 02705 0013,22560,49670,72230,22560,98580,121140,SOUTH PARK,HD-2,South Park
R72 02804 0004,28320,50930,79250,30000,2610,32610,SOUTH PARK,HD-2,South Park
R72 02702 0046,19720,16080,35800,19430,32450,51880,SOUTH PARK,HD-2,South Park
R72 01911 0025,22560,74500,97060,22560,157120,179680,SOUTH PARK,HD-2,South Park
R72 01903 0036,130,0,130,130,0,130,SOUTH PARK,HD-2,South Park
R72 01909 0031,670,0,670,1480,0,1480,SOUTH PARK,HD-2,South Park
R72 02803 0010,11250,21950,33200,12370,19700,32070,SOUTH PARK,HD-2,South Park
R72 02710 0030,160,0,160,170,0,170,SOUTH PARK,HD-2,South Park
R72 01910 0041,19080,42740,61820,12420,41040,53460,SOUTH PARK,HD-1,South Park
R72 02709 0003,26550,49790,76340,27750,102330,130080,SOUTH PARK,HD-2,South Park
R72 01910 0040,19080,62460,81540,12420,59950,72370,SOUTH PARK,HD-1,South Park
R72 01903 0019,2270,0,2270,2270,0,2270,SOUTH PARK,HD-2,South Park
R72 01909 0028,570,0,570,570,0,570,SOUTH PARK,HD-2,South Park
R72 01912 0045,24000,74090,98090,25000,64000,89000,SOUTH PARK,HD-2,South Park
R72 01909 0012,330,0,330,330,0,330,SOUTH PARK,HD-2,South Park
R72 01903 0025,16880,0,16880,16880,0,16880,SOUTH PARK,HD-2,South Park
R72 01909 0024,3950,0,3950,1130,0,1130,SOUTH PARK,HD-2,South Park
R72 01903 0022,3840,0,3840,3840,0,3840,SOUTH PARK,HD-2,South Park
R72 01909 0021,1130,22770,23900,1130,27720,28850,SOUTH PARK,HD-2,South Park
R72 01911 0035,13440,2060,15500,13440,4440,17880,SOUTH PARK,HD-2,South Park
R72 01909 0006,73840,38280,112120,76920,35220,112140,SOUTH PARK,HD-1,South Park
R72 02703 0004,21460,39520,60980,21570,74600,96170,SOUTH PARK,HD-2,South Park
R72 02801 0024,9860,30990,40850,8960,6440,15400,SOUTH PARK,HD-2,South Park
R72 02801 0023,8790,30430,39220,10160,32630,42790,SOUTH PARK,HD-2,South Park
R72 02704 0012,22950,28800,51750,22850,70470,93320,SOUTH PARK,HD-2,South Park
R72 02803 0023,7650,0,7650,7650,0,7650,SOUTH PARK,HD-2,South Park
R72 02709 0033,3600,0,3600,1090,0,1090,SOUTH PARK,HD-2,South Park
R72 02706 0048,21910,47590,69500,21780,74060,95840,SOUTH PARK,HD-2,South Park
R72 01902 0018,132000,0,132000,132000,0,132000,SOUTH PARK,HD-2,South Park
R72 02707 0005,16970,21400,38370,17630,51720,69350,SOUTH PARK,HD-2,South Park
R72 02802 0030,28480,42400,70880,29270,74500,103770,SOUTH PARK,HD-2,South Park
R72 02702 0007,5000,0,5000,5030,0,5030,SOUTH PARK,HD-2,South Park
R72 02701 0010,29990,39680,69670,32570,42740,75310,SOUTH PARK,HD-2,South Park
R72 02701 0018,25090,33220,58310,25180,68290,93470,SOUTH PARK,HD-2,South Park
R72 02703 0013,14180,22820,37000,13840,48190,62030,SOUTH PARK,HD-2,South Park
R72 02803 0024,5930,0,5930,5930,0,5930,SOUTH PARK,HD-2,South Park
R72 02711 0056,8690,0,8690,7960,0,7960,SOUTH PARK,HD-2,South Park
R72 02803 0008,12240,43500,55740,13410,33270,46680,SOUTH PARK,HD-2,South Park
R72 01905 0011,24310,31280,55590,24380,86760,111140,SOUTH PARK,HD-2,South Park
R72 02701 0017,25090,43740,68830,25180,86050,111230,SOUTH PARK,HD-2,South Park
R72 01912 0007,23650,56190,79840,23550,81180,104730,SOUTH PARK,HD-2,South Park
R72 02706 0030,10730,0,10730,9670,0,9670,SOUTH PARK,HD-2,South Park
R72 02702 0018,23210,97590,120800,23220,131080,154300,SOUTH PARK,HD-2,South Park
R72 01910 0039,19080,108990,128070,12510,93110,105620,SOUTH PARK,HD-1,South Park
R72 02705 0057,22200,38690,60890,22290,71080,93370,SOUTH PARK,HD-2,South Park
R72 02801 0025,15260,46260,61520,17480,56150,73630,SOUTH PARK,HD-2,South Park
R72 02711 0035,43200,77150,120350,98330,196670,295000,SOUTH PARK,HD-2,South Park
R72 01809 0060,9750,20420,30170,9560,45750,55310,SOUTH PARK,HD-2,South Park
R72 02705 0072,11280,0,11280,10150,0,10150,SOUTH PARK,HD-2,South Park
R72 02706 0054,30130,62130,92260,30150,96900,127050,SOUTH PARK,HD-2,South Park
R72 02701 0014,18000,27640,45640,18600,75750,94350,SOUTH PARK,HD-2,South Park
R72 02709 0009,19200,73940,93140,20000,53200,73200,SOUTH PARK,HD-2,South Park
R72 02701 0004,31510,67930,99440,34170,130270,164440,SOUTH PARK,HD-2,South Park
R72 02704 0057,16120,37520,53640,17460,67680,85140,SOUTH PARK,HD-2,South Park
R72 02704 0050,27140,44400,71540,27280,79590,106870,SOUTH PARK,HD-2,South Park
R72 02704 0038,26200,36050,62250,26280,54530,80810,SOUTH PARK,HD-2,South Park
R72 02702 0048,16850,43080,59930,17610,156060,173670,SOUTH PARK,HD-2,South Park
R72 02610 0018,3900,330,4230,8120,220,8340,SOUTH PARK,HD-1,South Park
R72 02703 0045,12510,36820,49330,25120,85340,110460,SOUTH PARK,HD-2,South Park
R72 02711 0010,22970,38530,61500,22800,95310,118110,SOUTH PARK,HD-2,South Park
R72 02608 0047,9920,2270,12190,9840,1220,11060,SOUTH PARK,HD-1,South Park
R72 01909 0033,6520,0,6520,500,0,500,SOUTH PARK,HD-2,South Park
R72 02610 0016,8540,0,8540,7430,0,7430,SOUTH PARK,HD-1,South Park
R72 02606 0001,100830,155400,256230,101410,157660,259070,SOUTH PARK,HD-1,South Park
R72 02608 0001,29320,0,29320,12320,0,12320,SOUTH PARK,HD-1,South Park
R72 01911 0040,22560,65600,88160,22560,78050,100610,SOUTH PARK,HD-2,South Park
R72 01912 0009,21460,43030,64490,21570,62000,83570,SOUTH PARK,HD-2,South Park
R72 01911 0047,14510,62770,77280,14740,72500,87240,SOUTH PARK,HD-2,South Park
R72 02705 0103,39370,83940,123310,39250,162320,201570,SOUTH PARK,HD-2,South Park
R72 01909 0010,27200,340,27540,7080,0,7080,SOUTH PARK,HD-2,South Park
R72 02601 0013,44100,112080,156180,44350,112570,156920,SOUTH PARK,HD-1,South Park
R72 02609 0005,11040,1890,12930,4640,0,4640,SOUTH PARK,HD-1,South Park
R72 02703 0017,20670,75430,96100,20440,108830,129270,SOUTH PARK,HD-2,South Park
R72 02606 0006,35360,148550,183910,34140,132840,166980,SOUTH PARK,HD-1,South Park
R72 01906 0027,18670,22420,41090,18560,51290,69850,SOUTH PARK,HD-2,South Park
R72 02703 0012,23210,39210,62420,23220,87170,110390,SOUTH PARK,HD-2,South Park
R72 01910 0003,21090,53300,74390,21100,93660,114760,SOUTH PARK,HD-2,South Park
R72 02601 0023,17400,44490,61890,60000,120000,180000,SOUTH PARK,HD-1,South Park
R72 02608 0039,1240,380,1620,550,490,1040,SOUTH PARK,HD-1,South Park
R72 02610 0001,8900,28230,37130,8950,21170,30120,SOUTH PARK,HD-1,South Park
R72 01911 0009,20030,47080,67110,19760,85940,105700,SOUTH PARK,HD-2,South Park
R72 02608 0011,29890,58660,88550,30070,50440,80510,SOUTH PARK,HD-1,South Park
R72 02608 0008,9590,6510,16100,10330,3140,13470,SOUTH PARK,HD-1,South Park
R72 01912 0020,19930,36290,56220,20090,45890,65980,SOUTH PARK,HD-2,South Park
R72 02608 0007,7670,4160,11830,8270,23190,31460,SOUTH PARK,HD-1,South Park
R72 02610 0039,5310,0,5310,10530,0,10530,SOUTH PARK,HD-1,South Park
R72 02601 0016,22690,40900,63590,18260,17350,35610,SOUTH PARK,HD-1,South Park
R72 02601 0012,7130,1160,8290,7170,2500,9670,SOUTH PARK,HD-1,South Park
R72 02701 0003,21890,70850,92740,21540,96530,118070,SOUTH PARK,HD-2,South Park
R72 02608 0033,6690,16730,23420,6660,0,6660,SOUTH PARK,HD-1,South Park
R72 02608 0040,1460,0,1460,540,0,540,SOUTH PARK,HD-1,South Park
R72 01910 0004,21090,34150,55240,21100,68430,89530,SOUTH PARK,HD-2,South Park
R72 02702 0017,22340,71970,94310,22230,75820,98050,SOUTH PARK,HD-2,South Park
R72 02609 0001,25750,0,25750,10820,0,10820,SOUTH PARK,HD-1,South Park
R72 02610 0017,12070,0,12070,25160,0,25160,SOUTH PARK,HD-1,South Park
R72 02610 0041,4340,0,4340,9040,0,9040,SOUTH PARK,HD-1,South Park
R72 02610 0013,10440,15650,26090,20600,0,20600,SOUTH PARK,HD-1,South Park
R72 02601 0011,22270,4170,26440,22400,9270,31670,SOUTH PARK,HD-1,South Park
R72 02608 0034,8130,32400,40530,8110,35360,43470,SOUTH PARK,HD-1,South Park
R72 02608 0009,17640,30150,47790,17740,24420,42160,SOUTH PARK,HD-1,South Park
R72 01911 0071,8810,0,8810,7850,0,7850,SOUTH PARK,HD-2,South Park
R72 01911 0012,27030,73340,100370,27190,144380,171570,SOUTH PARK,HD-2,South Park
R72 01911 0070,3980,0,3980,3840,0,3840,SOUTH PARK,HD-2,South Park
R72 02705 0075,22560,48410,70970,22560,56870,79430,SOUTH PARK,HD-2,South Park
R72 01907 0024,!,!,!,20170,52830,73000,SOUTH PARK,HD-2,South Park
R72 02707 0032,20250,50220,70470,21380,64630,86010,SOUTH PARK,HD-2,South Park
R72 02610 0042,11570,106560,118130,11170,134030,145200,SOUTH PARK,HD-1,South Park
R72 02601 0019,25330,56820,82150,25480,35600,61080,SOUTH PARK,HD-1,South Park
R72 02606 0005,16170,41340,57510,16260,37200,53460,SOUTH PARK,HD-1,South Park
R72 01910 0036,20420,50130,70550,20500,75530,96030,SOUTH PARK,HD-2,South Park
R72 02802 0022,28480,50040,78520,29270,58520,87790,SOUTH PARK,HD-2,South Park
R72 01910 0013,17400,2230,19630,11190,3600,14790,SOUTH PARK,HD-1,South Park
R72 02608 0030,3620,0,3620,3220,0,3220,SOUTH PARK,HD-1,South Park
R72 02709 0014,24780,31860,56640,25500,46930,72430,SOUTH PARK,HD-2,South Park
R72 02709 0035,!,!,!,18080,121790,139870,SOUTH PARK,HD-2,South Park
R72 02709 0012,19200,17110,36310,19500,40030,59530,SOUTH PARK,HD-2,South Park
R72 02706 0018,16700,11160,27860,17400,55340,72740,SOUTH PARK,HD-2,South Park
R72 01910 0062,!,!,!,22740,148130,170870,SOUTH PARK,HD-1,South Park
R72 01910 0059,0,0,0,0,0,0,SOUTH PARK,HD-1,South Park
R72 01910 0014,17400,11610,29010,11190,9350,20540,SOUTH PARK,HD-1,South Park
R72 01910 0058,14780,64170,78950,14900,162010,176910,SOUTH PARK,HD-1,South Park
R72 01910 0012,17400,8340,25740,11190,6080,17270,SOUTH PARK,HD-1,South Park
R72 02704 0081,!,!,!,37060,72290,109350,SOUTH PARK,HD-2,South Park
R72 02803 0021,8770,37550,46320,10100,41390,51490,SOUTH PARK,HD-2,South Park
R72 02705 0023,22640,54470,77110,22630,52100,74730,SOUTH PARK,HD-2,South Park
R72 02706 0007,19050,48360,67410,19430,108980,128410,SOUTH PARK,HD-2,South Park
R72 01912 0014,20150,52560,72710,20250,72160,92410,SOUTH PARK,HD-2,South Park
R72 02707 0069,500,3000,3500,530,3340,3870,SOUTH PARK,HD-2,South Park
R72 02711 0046,36000,86980,122980,37500,35440,72940,SOUTH PARK,HD-2,South Park
R72 02702 0016,22340,69110,91450,22230,75260,97490,SOUTH PARK,HD-2,South Park
R72 02701 0007,25200,24960,50160,26250,68360,94610,SOUTH PARK,HD-2,South Park
R72 02702 0049,20590,37200,57790,20750,96140,116890,SOUTH PARK,HD-2,South Park
R72 02707 0046,12630,63010,75640,13160,104770,117930,SOUTH PARK,HD-2,South Park
R72 02804 0003,28320,50750,79070,30000,4080,34080,SOUTH PARK,HD-2,South Park
R72 02707 0075,33210,27580,60790,34830,98190,133020,SOUTH PARK,HD-2,South Park
R72 02701 0037,23400,39050,62450,24190,138140,162330,SOUTH PARK,HD-2,South Park
R72 02709 0007,23010,34490,57500,23250,23810,47060,SOUTH PARK,HD-2,South Park
R72 02707 0016,18160,68400,86560,12010,80690,92700,SOUTH PARK,HD-1,South Park
R72 02707 0017,18660,3570,22230,13080,3400,16480,SOUTH PARK,HD-1,South Park
R72 02703 0060,!,!,!,11570,69830,81400,SOUTH PARK,HD-2,South Park
R72 02703 0024,23210,34580,57790,23140,128990,152130,SOUTH PARK,HD-2,South Park
R72 02703 0026,23210,53270,76480,23140,136280,159420,SOUTH PARK,HD-2,South Park
R72 02703 0030,23210,46780,69990,23140,84520,107660,SOUTH PARK,HD-2,South Park
R72 02707 0035,22870,80850,103720,23500,100310,123810,SOUTH PARK,HD-2,South Park
R72 02707 0036,24320,52390,76710,25500,113680,139180,SOUTH PARK,HD-2,South Park
R72 02707 0033,17280,20000,37280,18250,21140,39390,SOUTH PARK,HD-2,South Park
R72 02707 0038,27230,140570,167800,29500,154340,183840,SOUTH PARK,HD-2,South Park
R72 02707 0045,23600,93060,116660,24500,100030,124530,SOUTH PARK,HD-2,South Park
R72 02707 0037,25410,60610,86020,27000,89450,116450,SOUTH PARK,HD-2,South Park
R72 02707 0043,32670,129750,162420,33300,163790,197090,SOUTH PARK,HD-2,South Park
R72 02707 0044,23600,39840,63440,24500,108250,132750,SOUTH PARK,HD-2,South Park
R72 02707 0047,530,0,530,550,0,550,SOUTH PARK,HD-2,South Park
R72 02802 0019,21120,28160,49280,21100,49470,70570,SOUTH PARK,HD-2,South Park
R72 02802 0037,12700,50760,63460,13010,97190,110200,SOUTH PARK,HD-2,South Park
R72 01902 0014,17940,32930,50870,18250,55350,73600,SOUTH PARK,HD-2,South Park
R72 01902 0014,17940,32930,50870,18250,55350,73600,SOUTH PARK,HD-2,South Park
R72 01902 0045,17940,30900,48840,18250,51500,69750,SOUTH PARK,HD-2,South Park
R72 01902 0016,23460,38960,62420,23250,29690,52940,SOUTH PARK,HD-2,South Park
R72 01902 0017,9380,0,9380,9300,0,9300,SOUTH PARK,HD-2,South Park
R72 02705 0012,22560,43330,65890,22560,89380,111940,SOUTH PARK,HD-2,South Park
R72 01911 0050,22560,68380,90940,22560,68880,91440,SOUTH PARK,HD-2,South Park
R72 02707 0030,24840,110590,135430,24500,211980,236480,SOUTH PARK,HD-2,South Park
R72 01911 0046,17300,48200,65500,18190,75610,93800,SOUTH PARK,HD-2,South Park
R72 01902 0050,10340,8320,18660,10590,15300,25890,SOUTH PARK,HD-2,South Park
R72 01902 0048,10810,8730,19540,10790,16220,27010,SOUTH PARK,HD-2,South Park
R72 02703 0061,!,!,!,11570,94870,106440,SOUTH PARK,HD-2,South Park
R72 02802 0023,19320,28850,48170,18670,62830,81500,SOUTH PARK,HD-2,South Park
R72 02802 0024,14240,0,14240,13170,0,13170,SOUTH PARK,HD-2,South Park
R72 01910 0005,21380,49900,71280,21360,104820,126180,SOUTH PARK,HD-2,South Park
R72 02703 0028,23210,71390,94600,23140,135850,158990,SOUTH PARK,HD-2,South Park
R72 02703 0029,11610,0,11610,10410,0,10410,SOUTH PARK,HD-2,South Park
R72 01910 0034,20420,82140,102560,20500,116890,137390,SOUTH PARK,HD-2,South Park
R72 01911 0048,27030,84350,111380,26190,162450,188640,SOUTH PARK,HD-2,South Park
R72 02705 0074,21420,0,21420,5080,0,5080,SOUTH PARK,HD-2,South Park
R72 01906 0034,28140,126330,154470,28660,164490,193150,SOUTH PARK,HD-2,South Park
R72 01910 0052,22420,62190,84610,22460,94820,117280,SOUTH PARK,HD-2,South Park
R72 01910 0007,21090,47490,68580,21100,132840,153940,SOUTH PARK,HD-2,South Park
R72 02707 0077,!,!,!,34000,275010,309010,SOUTH PARK,HD-2,South Park
R72 02703 0035,22560,58820,81380,22560,147870,170430,SOUTH PARK,HD-2,South Park
R72 02705 0002,19780,15600,35380,19680,42240,61920,SOUTH PARK,HD-2,South Park
R72 02706 0057,30130,149570,179700,30150,179540,209690,SOUTH PARK,HD-2,South Park
R72 01911 0066,2900,0,2900,3020,0,3020,SOUTH PARK,HD-2,South Park
R72 01911 0068,1970,0,1970,1890,0,1890,SOUTH PARK,HD-2,South Park
R72 01912 0053,8870,24930,33800,18130,32210,50340,SOUTH PARK,HD-2,South Park
R72 02703 0010,23210,75830,99040,23220,104980,128200,SOUTH PARK,HD-2,South Park
R72 02706 0068,19080,59770,78850,19260,88550,107810,SOUTH PARK,HD-2,South Park
R72 01911 0004,20030,9670,29700,19760,27450,47210,SOUTH PARK,HD-2,South Park
R72 01911 0006,27030,42640,69670,27190,74140,101330,SOUTH PARK,HD-2,South Park
R72 01911 0005,20030,8510,28540,19760,23760,43520,SOUTH PARK,HD-2,South Park
R72 02706 0059,30130,156930,187060,30150,177310,207460,SOUTH PARK,HD-2,South Park
R72 02706 0040,16970,40170,57140,17630,99610,117240,SOUTH PARK,HD-2,South Park
R72 02706 0079,540,0,540,610,0,610,SOUTH PARK,HD-2,South Park
R72 02705 0006,22560,78060,100620,22560,129000,151560,SOUTH PARK,HD-2,South Park
R72 02705 0007,8810,0,8810,7850,0,7850,SOUTH PARK,HD-2,South Park
R72 02707 0065,23490,61330,84820,23250,86360,109610,SOUTH PARK,HD-2,South Park
R72 02705 0022,22950,61060,84010,22940,86960,109900,SOUTH PARK,HD-2,South Park
R72 02801 0029,13200,28330,41530,14640,34380,49020,SOUTH PARK,HD-2,South Park
R72 02706 0020,20360,91350,111710,20550,138740,159290,SOUTH PARK,HD-2,South Park
R72 02705 0048,15940,56020,71960,9180,60420,69600,SOUTH PARK,HD-1,South Park
R72 02709 0022,21950,37030,58980,21900,66040,87940,SOUTH PARK,HD-2,South Park
R72 02802 0039,12700,33000,45700,13010,64060,77070,SOUTH PARK,HD-2,South Park
R72 02702 0019,23210,48730,71940,23220,64930,88150,SOUTH PARK,HD-2,South Park
R72 01912 0030,20150,59560,79710,20170,66540,86710,SOUTH PARK,HD-2,South Park
R72 02705 0084,22950,35900,58850,22850,52760,75610,SOUTH PARK,HD-2,South Park
R72 02704 0049,25740,42120,67860,25970,44190,70160,SOUTH PARK,HD-2,South Park
R72 01912 0002,23650,82830,106480,23550,89050,112600,SOUTH PARK,HD-2,South Park
R72 02610 0009,31860,53870,85730,34630,116320,150950,SOUTH PARK,HD-1,South Park
R72 02610 0004,22780,41370,64150,22730,111760,134490,SOUTH PARK,HD-1,South Park
R72 02610 0011,27260,50490,77750,28740,114800,143540,SOUTH PARK,HD-1,South Park
R72 02610 0010,18240,56360,74600,18350,46730,65080,SOUTH PARK,HD-1,South Park
R72 02711 0051,16970,31170,48140,17630,56920,74550,SOUTH PARK,HD-2,South Park
R72 02704 0010,19890,33420,53310,19750,51760,71510,SOUTH PARK,HD-2,South Park
R72 01910 0050,22420,30160,52580,22460,36840,59300,SOUTH PARK,HD-2,South Park
R72 02802 0012,21020,66600,87620,20640,87590,108230,SOUTH PARK,HD-2,South Park
R72 02701 0006,25200,62080,87280,26480,118390,144870,SOUTH PARK,HD-2,South Park
R72 02704 0044,28320,35680,64000,30200,87650,117850,SOUTH PARK,HD-2,South Park
R72 01911 0013,7290,0,7290,7180,0,7180,SOUTH PARK,HD-2,South Park
R72 01911 0014,29550,52050,81600,36350,79200,115550,SOUTH PARK,HD-2,South Park
R72 01911 0001,14150,16270,30420,28880,119230,148110,SOUTH PARK,HD-2,South Park
R72 02705 0029,20590,92310,112900,20580,151620,172200,SOUTH PARK,HD-2,South Park
R72 02704 0016,22950,45730,68680,22850,74610,97460,SOUTH PARK,HD-2,South Park
R72 02706 0065,15290,440,15730,15300,0,15300,SOUTH PARK,HD-2,South Park
R72 02706 0064,30490,38440,68930,30600,153610,184210,SOUTH PARK,HD-2,South Park
R72 01907 0018,16130,40100,56230,13120,56500,69620,SOUTH PARK,HD-2,South Park
R72 02706 0016,23490,36000,59490,23250,56660,79910,SOUTH PARK,HD-2,South Park
R72 02701 0024,23050,32290,55340,22850,55480,78330,SOUTH PARK,HD-2,South Park
R72 02709 0023,23010,40390,63400,23250,78080,101330,SOUTH PARK,HD-2,South Park
R72 01911 0038,22560,38860,61420,22560,81670,104230,SOUTH PARK,HD-2,South Park
R72 02711 0036,32670,84980,117650,33300,141020,174320,SOUTH PARK,HD-2,South Park
R72 02707 0041,28800,98430,127230,37000,17260,54260,SOUTH PARK,HD-2,South Park
R72 01911 0041,22560,48410,70970,22560,122070,144630,SOUTH PARK,HD-2,South Park
R72 01809 0054,4860,0,4860,5060,0,5060,SOUTH PARK,HD-2,South Park
R72 02706 0053,30130,50320,80450,30150,6840,36990,SOUTH PARK,HD-2,South Park
R72 02801 0044,8480,29680,38160,9680,41880,51560,SOUTH PARK,HD-2,South Park
R72 01906 0016,23900,70170,94070,23830,103160,126990,SOUTH PARK,HD-2,South Park
R72 02705 0028,18650,44710,63360,19060,78630,97690,SOUTH PARK,HD-2,South Park
R72 02711 0002,16700,39810,56510,17400,62610,80010,SOUTH PARK,HD-2,South Park
R72 02711 0031,24140,53990,78130,7820,83080,90900,SOUTH PARK,HD-2,South Park
R72 01906 0013,26100,61730,87830,26620,86300,112920,SOUTH PARK,HD-2,South Park
R72 02709 0001,23010,43040,66050,23250,75710,98960,SOUTH PARK,HD-2,South Park
R72 02709 0025,11510,0,11510,10460,0,10460,SOUTH PARK,HD-2,South Park
R72 01912 0003,23650,87920,111570,23550,125710,149260,SOUTH PARK,HD-2,South Park
R72 02705 0004,22560,44170,66730,22560,38910,61470,SOUTH PARK,HD-2,South Park
R72 02707 0012,8410,69870,78280,8760,97130,105890,SOUTH PARK,HD-2,South Park
R72 02710 0028,10710,27340,38050,11740,7390,19130,SOUTH PARK,HD-2,South Park
R72 02707 0023,9790,101190,110980,19880,163340,183220,SOUTH PARK,HD-2,South Park
R72 02707 0062,9530,0,9530,8740,0,8740,SOUTH PARK,HD-2,South Park
R72 02709 0024,23010,34380,57390,23250,59620,82870,SOUTH PARK,HD-2,South Park
R72 02703 0025,23210,18210,41420,23140,131970,155110,SOUTH PARK,HD-2,South Park
R72 01911 0067,13570,25350,38920,13400,49630,63030,SOUTH PARK,HD-2,South Park
R72 02710 0008,13280,39500,52780,15270,32960,48230,SOUTH PARK,HD-2,South Park
R72 02804 0001,20640,29450,50090,20800,49420,70220,SOUTH PARK,HD-2,South Park
R72 02711 0023,17490,36710,54200,18080,85030,103110,SOUTH PARK,HD-2,South Park
R72 02711 0012,23490,16650,40140,23250,66240,89490,SOUTH PARK,HD-2,South Park
R72 02704 0004,22950,53520,76470,22850,93570,116420,SOUTH PARK,HD-2,South Park
R72 02705 0076,28430,19640,48070,28640,86350,114990,SOUTH PARK,HD-2,South Park
R72 02704 0003,22340,87010,109350,22230,97120,119350,SOUTH PARK,HD-2,South Park
R72 02711 0029,19310,47550,66860,19650,73950,93600,SOUTH PARK,HD-2,South Park
R72 02705 0080,22730,43140,65870,22760,55420,78180,SOUTH PARK,HD-2,South Park
R72 02705 0081,22730,122050,144780,22760,142920,165680,SOUTH PARK,HD-2,South Park
R72 02703 0047,19700,72580,92280,19830,148680,168510,SOUTH PARK,HD-2,South Park
R72 02703 0048,10430,0,10430,9450,0,9450,SOUTH PARK,HD-2,South Park
R72 02701 0022,27120,48110,75230,27500,122490,149990,SOUTH PARK,HD-2,South Park
R72 01912 0026,20150,27700,47850,20170,71170,91340,SOUTH PARK,HD-2,South Park
R72 02704 0015,22950,90950,113900,22850,77910,100760,SOUTH PARK,HD-2,South Park
R72 02706 0058,30130,66210,96340,30150,94790,124940,SOUTH PARK,HD-2,South Park
R72 01910 0037,20420,109610,130030,20500,155150,175650,SOUTH PARK,HD-2,South Park
R72 01911 0016,27810,100240,128050,28000,150850,178850,SOUTH PARK,HD-2,South Park
R72 02704 0013,22950,43130,66080,22850,94850,117700,SOUTH PARK,HD-2,South Park
R72 01906 0029,26680,36480,63160,27200,56180,83380,SOUTH PARK,HD-2,South Park
R72 02707 0020,21840,118820,140660,21800,139050,160850,SOUTH PARK,HD-2,South Park
R72 02704 0002,26010,97920,123930,25950,130240,156190,SOUTH PARK,HD-2,South Park
R72 02709 0026,21950,22560,44510,21900,44370,66270,SOUTH PARK,HD-2,South Park
R72 02703 0056,23650,62960,86610,23550,123610,147160,SOUTH PARK,HD-2,South Park
R72 02705 0060,22200,40970,63170,22120,57830,79950,SOUTH PARK,HD-2,South Park
R72 01911 0058,22560,40550,63110,22560,0,22560,SOUTH PARK,HD-2,South Park
R72 02707 0007,19050,27260,46310,19430,48210,67640,SOUTH PARK,HD-2,South Park
R72 02703 0042,10140,2460,12600,10560,1910,12470,SOUTH PARK,HD-2,South Park
R72 02703 0036,22560,61660,84220,22560,76190,98750,SOUTH PARK,HD-2,South Park
R72 02703 0041,11060,61620,72680,11520,68950,80470,SOUTH PARK,HD-2,South Park
R72 02703 0034,22560,19110,41670,22560,38190,60750,SOUTH PARK,HD-2,South Park
R72 01912 0016,19930,25270,45200,20090,50920,71010,SOUTH PARK,HD-2,South Park
R72 01912 0017,19380,53280,72660,19600,84100,103700,SOUTH PARK,HD-2,South Park
R72 01912 0041,27030,98620,125650,18230,119100,137330,SOUTH PARK,HD-2,South Park
R72 02704 0053,10800,0,10800,9680,0,9680,SOUTH PARK,HD-2,South Park
R72 02705 0077,24850,88130,112980,24920,183000,207920,SOUTH PARK,HD-2,South Park
R72 02702 0024,23210,82030,105240,23220,103260,126480,SOUTH PARK,HD-2,South Park
R72 02704 0080,!,!,!,20770,179930,200700,SOUTH PARK,HD-2,South Park
R72 02707 0019,21840,64900,86740,21800,114570,136370,SOUTH PARK,HD-2,South Park
R72 02706 0042,19050,105780,124830,19430,125510,144940,SOUTH PARK,HD-2,South Park
R72 02711 0024,23120,66190,89310,22800,116530,139330,SOUTH PARK,HD-2,South Park
R72 02705 0021,22640,31410,54050,22630,121370,144000,SOUTH PARK,HD-2,South Park
R72 02706 0034,16970,2790,19760,17630,37900,55530,SOUTH PARK,HD-2,South Park
R72 01910 0056,22420,58460,80880,22460,91800,114260,SOUTH PARK,HD-2,South Park
R72 02707 0042,28800,92940,121740,30000,14890,44890,SOUTH PARK,HD-2,South Park
R72 01910 0018,21090,45860,66950,21100,63410,84510,SOUTH PARK,HD-2,South Park
R72 02703 0031,22560,49010,71570,22560,96950,119510,SOUTH PARK,HD-2,South Park
R72 01913 0007,32070,0,32070,11520,0,11520,SOUTH PARK,HD-2,South Park
R72 01905 0007,25640,32810,58450,25970,87050,113020,SOUTH PARK,HD-2,South Park
R72 01909 0030,27000,104380,131380,27000,126340,153340,SOUTH PARK,HD-2,South Park
R72 02709 0016,23360,36960,60320,23700,63930,87630,SOUTH PARK,HD-2,South Park
R72 02702 0031,23850,108030,131880,23810,162830,186640,SOUTH PARK,HD-2,South Park
R72 02705 0102,22560,33240,55800,22560,69320,91880,SOUTH PARK,HD-2,South Park
R72 02701 0012,17400,4800,22200,18000,96930,114930,SOUTH PARK,HD-2,South Park
R72 01912 0005,23650,43550,67200,23550,68010,91560,SOUTH PARK,HD-2,South Park
R72 02711 0013,12140,0,12140,10770,0,10770,SOUTH PARK,HD-2,South Park
R72 02711 0062,22710,70960,93670,22580,123600,146180,SOUTH PARK,HD-2,South Park
R72 02803 0015,13080,3430,16510,14410,1970,16380,SOUTH PARK,HD-2,South Park
R72 02608 0004,14970,41480,56450,15050,38540,53590,SOUTH PARK,HD-1,South Park
R72 02608 0035,6890,20310,27200,6810,20510,27320,SOUTH PARK,HD-1,South Park
R72 02701 0021,26640,39880,66520,27000,56860,83860,SOUTH PARK,HD-2,South Park
R72 02711 0005,22970,32840,55810,22800,3590,26390,SOUTH PARK,HD-2,South Park
R72 02711 0055,5180,2050,7230,5400,1540,6940,SOUTH PARK,HD-2,South Park
R72 02711 0050,15660,33420,49080,16500,56860,73360,SOUTH PARK,HD-2,South Park
R72 02701 0005,23010,101830,124840,23190,110890,134080,SOUTH PARK,HD-2,South Park
R72 01912 0033,15560,59260,74820,17060,91420,108480,SOUTH PARK,HD-2,South Park
R72 01912 0013,20150,47370,67520,20250,56930,77180,SOUTH PARK,HD-2,South Park
R72 01912 0012,20150,54070,74220,20250,75770,96020,SOUTH PARK,HD-2,South Park
R72 01907 0004,20810,97590,118400,20910,149870,170780,SOUTH PARK,HD-2,South Park
R72 02601 0052,17150,0,17150,12700,0,12700,SOUTH PARK,HD-1,South Park
R72 02601 0017,10290,56150,66440,10350,46100,56450,SOUTH PARK,HD-1,South Park
R72 02601 0022,6020,50360,56380,6050,31740,37790,SOUTH PARK,HD-1,South Park
R72 02601 0024,7800,2120,9920,7840,1460,9300,SOUTH PARK,HD-1,South Park
R72 02610 0007,8420,21730,30150,17200,13390,30590,SOUTH PARK,HD-1,South Park
R72 02601 0020,25470,43720,69190,25620,8930,34550,SOUTH PARK,HD-1,South Park
R72 02601 0056,6260,42970,49230,6290,20780,27070,SOUTH PARK,HD-1,South Park
R72 02601 0055,18970,67820,86790,18870,57130,76000,SOUTH PARK,HD-1,South Park
R72 02601 0049,22660,26810,49470,25620,20310,45930,SOUTH PARK,HD-1,South Park
R72 02610 0033,15050,5030,20080,12840,16440,29280,SOUTH PARK,HD-1,South Park
R72 02610 0034,4900,5100,10000,15740,1900,17640,SOUTH PARK,HD-1,South Park
R72 02610 0002,3610,0,3610,3630,0,3630,SOUTH PARK,HD-1,South Park
R72 01911 0036,22560,48090,70650,22560,83380,105940,SOUTH PARK,HD-2,South Park
R72 02705 0068,13730,40300,54030,13570,117440,131010,SOUTH PARK,HD-2,South Park
R72 02803 0039,8320,14730,23050,9460,12360,21820,SOUTH PARK,HD-2,South Park
R72 02803 0044,9120,23670,32790,10410,30730,41140,SOUTH PARK,HD-2,South Park
R72 01907 0011,15840,37090,52930,12900,49700,62600,SOUTH PARK,HD-2,South Park
R72 01907 0017,16130,38940,55070,13120,50940,64060,SOUTH PARK,HD-2,South Park
R72 02705 0101,13040,57420,70460,13230,82460,95690,SOUTH PARK,HD-2,South Park
R72 02702 0003,21460,43960,65420,21570,82080,103650,SOUTH PARK,HD-2,South Park
R72 02707 0066,16970,83040,100010,17630,70140,87770,SOUTH PARK,HD-2,South Park
R72 02705 0010,16550,50840,67390,17640,81080,98720,SOUTH PARK,HD-2,South Park
R72 02801 0033,11970,24950,36920,13140,21010,34150,SOUTH PARK,HD-2,South Park
R72 02706 0031,10790,6060,16850,10620,25910,36530,SOUTH PARK,HD-2,South Park
R72 02706 0033,16770,2060,18830,17440,2800,20240,SOUTH PARK,HD-2,South Park
R72 02711 0054,19200,53860,73060,20000,50420,70420,SOUTH PARK,HD-2,South Park
R72 02711 0008,17750,37010,54760,18300,150820,169120,SOUTH PARK,HD-2,South Park
R72 02705 0079,22730,101130,123860,22760,113580,136340,SOUTH PARK,HD-2,South Park
R72 02703 0044,9530,0,9530,8740,0,8740,SOUTH PARK,HD-2,South Park
R72 02703 0043,19870,40300,60170,20000,76630,96630,SOUTH PARK,HD-2,South Park
R72 02708 0004,29030,12610,41640,30900,23250,54150,SOUTH PARK,HD-2,South Park
R72 02803 0022,8770,37350,46120,10100,109870,119970,SOUTH PARK,HD-2,South Park
R72 02705 0063,22340,96030,118370,22440,142840,165280,SOUTH PARK,HD-2,South Park
R72 01905 0013,24640,19450,44090,24750,44810,69560,SOUTH PARK,HD-2,South Park
R72 02710 0005,14690,21150,35840,17260,31420,48680,SOUTH PARK,HD-2,South Park
R72 02702 0034,18620,61170,79790,19100,103320,122420,SOUTH PARK,HD-2,South Park
R72 02706 0013,15920,47590,63510,16730,116820,133550,SOUTH PARK,HD-2,South Park
R72 01911 0026,6600,0,6600,6540,0,6540,SOUTH PARK,HD-2,South Park
R72 01911 0027,25030,45320,70350,25120,83000,108120,SOUTH PARK,HD-2,South Park
R72 02707 0031,23490,134500,157990,23250,199180,222430,SOUTH PARK,HD-2,South Park
R72 01911 0023,22560,65130,87690,22560,105790,128350,SOUTH PARK,HD-2,South Park
R72 02706 0019,20360,70130,90490,20550,79280,99830,SOUTH PARK,HD-2,South Park
R72 01910 0020,21090,46470,67560,21100,89820,110920,SOUTH PARK,HD-2,South Park
R72 02706 0041,19580,55480,75060,19880,99840,119720,SOUTH PARK,HD-2,South Park
R72 02703 0039,22560,57210,79770,22560,117090,139650,SOUTH PARK,HD-2,South Park
R72 01910 0021,21090,66070,87160,21100,98250,119350,SOUTH PARK,HD-2,South Park
R72 01911 0011,27030,53560,80590,27190,95030,122220,SOUTH PARK,HD-2,South Park
R72 02802 0047,22710,66270,88980,22600,144200,166800,SOUTH PARK,HD-2,South Park
R72 02711 0039,32670,83820,116490,33000,0,33000,SOUTH PARK,HD-2,South Park
R72 02701 0029,27460,66810,94270,27890,97040,124930,SOUTH PARK,HD-2,South Park
R72 02707 0021,21840,91590,113430,21800,124130,145930,SOUTH PARK,HD-2,South Park
R72 02802 0010,21020,34540,55560,20640,58810,79450,SOUTH PARK,HD-2,South Park
R72 02705 0019,22640,56540,79180,22630,100540,123170,SOUTH PARK,HD-2,South Park
R72 02703 0020,23210,76530,99740,23140,123690,146830,SOUTH PARK,HD-2,South Park
R72 01905 0023,21840,16740,38580,21840,10520,32360,SOUTH PARK,HD-2,South Park
R72 02701 0020,25090,54180,79270,25180,76770,101950,SOUTH PARK,HD-2,South Park
R72 02705 0086,22730,36680,59410,22760,45260,68020,SOUTH PARK,HD-2,South Park
R72 02706 0011,17950,29470,47420,18440,47860,66300,SOUTH PARK,HD-2,South Park
R72 01912 0039,27030,41280,68310,27190,50940,78130,SOUTH PARK,HD-2,South Park
R72 01911 0002,28310,84200,112510,28880,149950,178830,SOUTH PARK,HD-2,South Park
R72 01910 0025,21090,41430,62520,21100,50020,71120,SOUTH PARK,HD-2,South Park
R72 02709 0005,26900,25810,52710,28200,55330,83530,SOUTH PARK,HD-2,South Park
R72 02803 0002,8260,32370,40630,9590,31290,40880,SOUTH PARK,HD-2,South Park
R72 02710 0031,220,0,220,170,0,170,SOUTH PARK,HD-2,South Park
R72 02710 0003,14340,45400,59740,16760,47970,64730,SOUTH PARK,HD-2,South Park
R72 02803 0007,11860,50590,62450,12910,38080,50990,SOUTH PARK,HD-2,South Park
R72 01910 0057,22420,24930,47350,22460,66430,88890,SOUTH PARK,HD-2,South Park
R72 02702 0005,21460,31420,52880,21570,79550,101120,SOUTH PARK,HD-2,South Park
R72 02802 0021,20680,42090,62770,20240,42260,62500,SOUTH PARK,HD-2,South Park
R72 01911 0051,24100,34450,58550,24160,54550,78710,SOUTH PARK,HD-2,South Park
R72 01912 0032,20150,58740,78890,20170,111030,131200,SOUTH PARK,HD-2,South Park
R72 02703 0027,23210,78090,101300,23140,121610,144750,SOUTH PARK,HD-2,South Park
R72 01905 0021,29970,54610,84580,30750,34230,64980,SOUTH PARK,HD-2,South Park
R72 02801 0031,14040,52820,66860,16130,59530,75660,SOUTH PARK,HD-2,South Park
R72 01906 0037,28140,74020,102160,28660,144070,172730,SOUTH PARK,HD-2,South Park
R72 02704 0011,22950,33790,56740,22850,53080,75930,SOUTH PARK,HD-2,South Park
R72 01912 0010,8320,0,8320,7860,0,7860,SOUTH PARK,HD-2,South Park
R72 01912 0051,13670,72800,86470,26360,118800,145160,SOUTH PARK,HD-2,South Park
R72 01910 0030,19320,38360,57680,19500,62030,81530,SOUTH PARK,HD-2,South Park
R72 02711 0045,27460,117310,144770,27600,200900,228500,SOUTH PARK,HD-2,South Park
R72 02702 0022,23210,124740,147950,23220,145170,168390,SOUTH PARK,HD-2,South Park
R72 01907 0031,!,!,!,35090,224610,259700,SOUTH PARK,HD-2,South Park
R72 01907 0026,!,!,!,12970,10020,22990,SOUTH PARK,HD-2,South Park
R72 01907 0032,!,!,!,14550,27460,42010,SOUTH PARK,HD-2,South Park
R72 01911 0020,19470,91310,110780,19360,143820,163180,SOUTH PARK,HD-2,South Park
R72 02708 0001,21520,35930,57450,21520,43120,64640,SOUTH PARK,HD-2,South Park
R72 02707 0040,27230,105810,133040,29500,127980,157480,SOUTH PARK,HD-2,South Park
R72 02711 0021,19580,39570,59150,19880,111450,131330,SOUTH PARK,HD-2,South Park
R72 02711 0019,19890,2180,22070,20210,0,20210,SOUTH PARK,HD-2,South Park
R72 02701 0023,23050,42530,65580,22850,73660,96510,SOUTH PARK,HD-2,South Park
R72 02802 0009,28480,72310,100790,29270,120590,149860,SOUTH PARK,HD-2,South Park
R72 02701 0009,24990,27220,52210,26180,45520,71700,SOUTH PARK,HD-2,South Park
R72 02704 0041,27000,22820,49820,29060,113850,142910,SOUTH PARK,HD-2,South Park
R72 02705 0073,22560,28580,51140,22560,125740,148300,SOUTH PARK,HD-2,South Park
R72 02803 0003,8900,31800,40700,10060,63660,73720,SOUTH PARK,HD-2,South Park
R72 01911 0021,22560,105560,128120,22560,144580,167140,SOUTH PARK,HD-2,South Park
R72 02702 0026,14350,48350,62700,14660,81310,95970,SOUTH PARK,HD-2,South Park
R72 02709 0034,!,!,!,20690,112570,133260,SOUTH PARK,HD-2,South Park
R72 07309 0012,2540,0,2540,1780,0,1780,SOUTHERN DAYTON VIEW,HD-2,Dayton View
R72 07403 0017,1970,0,1970,1840,0,1840,SOUTHERN DAYTON VIEW,HD-2,Dayton View
R72 07403 0008,15870,13160,29030,12110,32970,45080,SOUTHERN DAYTON VIEW,HD-2,Dayton View
R72 07403 0001,18630,17440,36070,14580,28480,43060,SOUTHERN DAYTON VIEW,HD-2,Dayton View
R72 07306 0008,9950,52210,62160,6820,31010,37830,SOUTHERN DAYTON VIEW,HD-2,Dayton View
R72 07402 0043,15680,35010,50690,11900,73590,85490,SOUTHERN DAYTON VIEW,HD-2,Dayton View
R72 07403 0018,8630,0,8630,1840,0,1840,SOUTHERN DAYTON VIEW,HD-2,Dayton View
R72 07402 0001,7180,0,7180,4800,0,4800,SOUTHERN DAYTON VIEW,HD-2,Dayton View
R72 07403 0010,15530,47320,62850,11810,76400,88210,SOUTHERN DAYTON VIEW,HD-2,Dayton View
R72 07403 0016,15530,50230,65760,11810,19990,31800,SOUTHERN DAYTON VIEW,HD-2,Dayton View
R72 07306 0009,10740,36630,47370,7460,24580,32040,SOUTHERN DAYTON VIEW,HD-2,Dayton View
R72 07306 0011,10740,59580,70320,7460,66950,74410,SOUTHERN DAYTON VIEW,HD-2,Dayton View
R72 07402 0048,19600,47930,67530,14340,11930,26270,SOUTHERN DAYTON VIEW,HD-2,Dayton View
R72 07310 0037,3280,8100,11380,3400,7560,10960,SOUTHERN DAYTON VIEW,HD-2,Dayton View
R72 07402 0003,16240,32510,48750,25700,73230,98930,SOUTHERN DAYTON VIEW,HD-2,Dayton View
R72 07306 0012,10740,45810,56550,7460,28530,35990,SOUTHERN DAYTON VIEW,HD-2,Dayton View
R72 07402 0036,1050,0,1050,1860,0,1860,SOUTHERN DAYTON VIEW,HD-2,Dayton View
R72 07403 0014,5310,6310,11620,14890,8070,22960,SOUTHERN DAYTON VIEW,HD-2,Dayton View
R72 07403 0012,15530,56730,72260,11810,39090,50900,SOUTHERN DAYTON VIEW,HD-2,Dayton View
R72 07310 0014,10020,69190,79210,6980,72320,79300,SOUTHERN DAYTON VIEW,HD-2,Dayton View
R72 07309 0028,10140,53430,63570,7060,65760,72820,SOUTHERN DAYTON VIEW,HD-2,Dayton View
R72 07306 0013,12530,41040,53570,8660,37830,46490,SOUTHERN DAYTON VIEW,HD-2,Dayton View
R72 07306 0014,11340,42700,54040,7860,48120,55980,SOUTHERN DAYTON VIEW,HD-2,Dayton View
R72 07403 0039,18830,84400,103230,13870,44750,58620,SOUTHERN DAYTON VIEW,HD-2,Dayton View
R72 07402 0021,350,0,350,4190,0,4190,SOUTHERN DAYTON VIEW,HD-2,Dayton View
R72 07306 0010,10740,43990,54730,7460,26090,33550,SOUTHERN DAYTON VIEW,HD-2,Dayton View
R72 07304 0016,14630,66060,80690,10930,99470,110400,UNIVERSITY ROW,HD-2,Dayton View
R72 07305 0008,18150,69150,87300,14850,66580,81430,UNIVERSITY ROW,HD-2,Dayton View
R72 07305 0009,15640,59320,74960,12690,83710,96400,UNIVERSITY ROW,HD-2,Dayton View
R72 07305 0004,10740,43380,54120,10860,34660,45520,UNIVERSITY ROW,HD-2,Dayton View
R72 07304 0013,15900,51780,67680,11990,79390,91380,UNIVERSITY ROW,HD-2,Dayton View
R72 07305 0002,10740,174650,185390,10860,111740,122600,UNIVERSITY ROW,HD-2,Dayton View
R72 07305 0011,13250,61080,74330,10650,97470,108120,UNIVERSITY ROW,HD-2,Dayton View
R72 07305 0005,9780,40610,50390,9840,53490,63330,UNIVERSITY ROW,HD-2,Dayton View
R72 07304 0014,15740,54970,70710,11860,58960,70820,UNIVERSITY ROW,HD-2,Dayton View
R72 07304 0011,16700,50490,67190,12620,60860,73480,UNIVERSITY ROW,HD-2,Dayton View
R72 07305 0003,10740,30420,41160,10860,21720,32580,UNIVERSITY ROW,HD-2,Dayton View
R72 07305 0015,25080,133330,158410,20630,67870,88500,UNIVERSITY ROW,HD-2,Dayton View
R72 07304 0003,7650,195490,203140,7940,55870,63810,UNIVERSITY ROW,HD-2,Dayton View
R72 07305 0012,13250,47850,61100,10650,76660,87310,UNIVERSITY ROW,HD-2,Dayton View
R72 07304 0001,32900,72260,105160,28800,13200,42000,UNIVERSITY ROW,HD-1,Dayton View
R72 07305 0001,5680,0,5680,5170,0,5170,UNIVERSITY ROW,HD-2,Dayton View
R72 07304 0010,17490,73040,90530,13250,49280,62530,UNIVERSITY ROW,HD-2,Dayton View
R72 07304 0015,15000,80050,95050,15000,96710,111710,UNIVERSITY ROW,HD-2,Dayton View
R72 07305 0013,15240,63470,78710,12350,72960,85310,UNIVERSITY ROW,HD-2,Dayton View
R72 07305 0006,13490,37130,50620,13780,35100,48880,UNIVERSITY ROW,HD-2,Dayton View
R72 07304 0006,15900,48580,64480,11990,63660,75650,UNIVERSITY ROW,HD-2,Dayton View
R72 07304 0008,20350,50590,70940,15540,76170,91710,UNIVERSITY ROW,HD-2,Dayton View
R72 02708 0019,17550,23340,40890,18000,31820,49820,WALNUT HILLS,HD-2,South Park
R72 02708 0025,23520,36690,60210,23480,57910,81390,WALNUT HILLS,HD-2,South Park
R72 02708 0032,18330,36420,54750,18500,58840,77340,WALNUT HILLS,HD-2,South Park
R72 02708 0023,22890,36260,59150,22650,61210,83860,WALNUT HILLS,HD-2,South Park
R72 02708 0020,26460,60830,87290,26500,72350,98850,WALNUT HILLS,HD-2,South Park
R72 02708 0022,19850,18890,38740,9820,3990,13810,WALNUT HILLS,HD-2,South Park
R72 02708 0021,19160,27010,46170,18990,30550,49540,WALNUT HILLS,HD-2,South Park
R72 02708 0027,29330,72110,101440,30560,120490,151050,WALNUT HILLS,HD-2,South Park
R72 00603 0001,439520,667140,1106660,147090,5743710,5890800,WEBSTER STATION,HD-2,E.Third Street
R72 08306 0012,1570,0,1570,1230,0,1230,WOLF CREEK,HD-2,P.L. Dunbar
R72 08308 0030,3060,0,3060,2490,0,2490,WOLF CREEK,HD-2,P.L. Dunbar
R72 08306 0028,9200,48270,57470,9150,43430,52580,WOLF CREEK,HD-2,P.L. Dunbar
R72 08306 0029,9200,37650,46850,8150,37650,45800,WOLF CREEK,HD-2,P.L. Dunbar
R72 08306 0027,2160,38610,40770,1690,62570,64260,WOLF CREEK,HD-2,P.L. Dunbar
R72 08307 0084,5480,8360,13840,4980,13590,18570,WOLF CREEK,HD-2,P.L. Dunbar
R72 08306 0013,2160,177210,179370,1690,142220,143910,WOLF CREEK,HD-2,P.L. Dunbar
R72 08306 0001,10800,57520,68320,10820,92080,102900,WOLF CREEK,HD-2,P.L. Dunbar
R72 08306 0014,5250,37200,42450,4110,35350,39460,WOLF CREEK,HD-2,P.L. Dunbar
R72 08307 0075,5200,40060,45260,4720,41990,46710,WOLF CREEK,HD-2,P.L. Dunbar
R72 08307 0092,6900,0,6900,6420,107700,114120,WOLF CREEK,HD-2,P.L. Dunbar
R72 08307 0074,5040,44450,49490,4580,38520,43100,WOLF CREEK,HD-2,P.L. Dunbar
R72 08307 0040,8650,0,8650,8390,87210,95600,WOLF CREEK,HD-2,P.L. Dunbar
R72 08306 0019,7500,4220,11720,7500,43830,51330,WOLF CREEK,HD-2,P.L. Dunbar
R72 08307 0038,9490,13760,23250,8440,22530,30970,WOLF CREEK,HD-2,P.L. Dunbar
R72 08307 0055,3350,0,3350,2690,0,2690,WOLF CREEK,HD-2,P.L. Dunbar
R72 08307 0078,6220,930,7150,5570,630,6200,WOLF CREEK,HD-2,P.L. Dunbar
R72 08307 0053,7090,0,7090,6300,58900,65200,WOLF CREEK,HD-2,P.L. Dunbar
R72 08306 0005,10800,14600,25400,10820,54970,65790,WOLF CREEK,HD-2,P.L. Dunbar
R72 08308 0028,3010,0,3010,2440,0,2440,WOLF CREEK,HD-2,P.L. Dunbar
R72 08306 0030,9200,54990,64190,9150,55760,64910,WOLF CREEK,HD-2,P.L. Dunbar
R72 08307 0037,5330,2930,8260,4880,0,4880,WOLF CREEK,HD-2,P.L. Dunbar
R72 08306 0025,8080,36930,45010,8210,44290,52500,WOLF CREEK,HD-2,P.L. Dunbar
R72 08307 0076,5590,32010,37600,5050,31680,36730,WOLF CREEK,HD-2,P.L. Dunbar
R72 08306 0026,9400,41150,50550,9320,54140,63460,WOLF CREEK,HD-2,P.L. Dunbar
R72 08306 0021,2380,7000,9380,2910,7070,9980,WOLF CREEK,HD-2,P.L. Dunbar
R72 08309 0008,12960,14030,26990,11400,6920,18320,WOLF CREEK,HD-2,P.L. Dunbar
R72 08307 0082,5480,0,5480,4980,56590,61570,WOLF CREEK,HD-2,P.L. Dunbar
R72 08306 0031,9200,31710,40910,9150,44060,53210,WOLF CREEK,HD-2,P.L. Dunbar
R72 08308 0033,15240,0,15240,7690,0,7690,WOLF CREEK,HD-2,P.L. Dunbar
R72 08306 0004,10800,49580,60380,10820,45740,56560,WOLF CREEK,HD-2,P.L. Dunbar
R72 08307 0057,6690,8430,15120,5970,7100,13070,WOLF CREEK,HD-2,P.L. Dunbar
R72 08307 0059,7480,159940,167420,6630,101120,107750,WOLF CREEK,HD-2,P.L. Dunbar
R72 08308 0027,6020,7700,13720,5430,7000,12430,WOLF CREEK,HD-2,P.L. Dunbar
R72 08307 0083,2730,0,2730,2240,0,2240,WOLF CREEK,HD-2,P.L. Dunbar
R72 08306 0003,10800,44720,55520,10820,60140,70960,WOLF CREEK,HD-2,P.L. Dunbar
R72 08306 0024,7400,43650,51050,7780,21690,29470,WOLF CREEK,HD-2,P.L. Dunbar
R72 08307 0023,2210,0,2210,1890,0,1890,WOLF CREEK,HD-2,P.L. Dunbar
R72 08307 0085,2730,0,2730,2240,0,2240,WOLF CREEK,HD-2,P.L. Dunbar
R72 08306 0017,7500,4020,11520,7500,5380,12880,WOLF CREEK,HD-2,P.L. Dunbar
R72 08306 0016,9450,29220,38670,9390,48360,57750,WOLF CREEK,HD-2,P.L. Dunbar
R72 08308 0029,5860,47270,53130,5280,34680,39960,WOLF CREEK,HD-2,P.L. Dunbar
R72 08308 0032,270,0,270,80,0,80,WOLF CREEK,HD-2,P.L. Dunbar
R72 08306 0002,10800,46770,57570,10820,39630,50450,WOLF CREEK,HD-2,P.L. Dunbar
R72 08407 0017,5210,13360,18570,4100,0,4100,WOLF CREEK,HD-2,WThirdSt/Wrt Dbr
R72 08407 0018,12490,299370,311860,9840,222230,232070,WOLF CREEK,HD-2,WThirdSt/Wrt Dbr
R72 08407 0010,11090,21840,32930,8730,80930,89660,WOLF CREEK,HD-2,WThirdSt/Wrt Dbr
R72 08407 0016,5340,36770,42110,4210,135910,140120,WOLF CREEK,HD-2,WThirdSt/Wrt Dbr
R72 08407 0013,6550,0,6550,2620,0,2620,WOLF CREEK,HD-2,WThirdSt/Wrt Dbr
R72 08407 0009,4940,41670,46610,4420,115580,120000,WOLF CREEK,HD-2,WThirdSt/Wrt Dbr
R72 08406 0022,5020,44940,49960,3960,24880,28840,WOLF CREEK,HD-2,WThirdSt/Wrt Dbr
R72 08406 0026,18840,61360,80200,14840,51500,66340,WOLF CREEK,HD-2,WThirdSt/Wrt Dbr
R72 08406 0024,3320,63500,66820,2970,53740,56710,WOLF CREEK,HD-2,WThirdSt/Wrt Dbr
R72 08407 0012,4700,15900,20600,4210,41500,45710,WOLF CREEK,HD-2,WThirdSt/Wrt Dbr
R72 08407 0050,4410,0,4410,1760,0,1760,WOLF CREEK,HD-2,WThirdSt/Wrt Dbr
R72 08406 0058,4350,20520,24870,3890,13330,17220,WOLF CREEK,HD-2,WThirdSt/Wrt Dbr
R72 08406 0061,2150,9420,11570,1920,7600,9520,WOLF CREEK,HD-2,WThirdSt/Wrt Dbr
R72 08406 0021,4020,1890,5910,3600,1530,5130,WOLF CREEK,HD-2,WThirdSt/Wrt Dbr
R72 08406 0018,9480,51590,61070,6870,42250,49120,WOLF CREEK,HD-2,WThirdSt/Wrt Dbr
R72 08502 0083,530,0,530,210,0,210,WRIGHT-DUNBAR,HD-2,WThirdSt/Wrt Dbr
R72 08602 0035,11340,0,11340,10410,0,10410,WRIGHT-DUNBAR,HD-2,WThirdSt/Wrt Dbr
R72 08502 0060,12520,0,12520,11290,0,11290,WRIGHT-DUNBAR,HD-2,WThirdSt/Wrt Dbr
R72 08602 0021,31640,45440,77080,32420,108920,141340,WRIGHT-DUNBAR,HD-2,WThirdSt/Wrt Dbr
R72 08601 0004,4580,907820,912400,3600,941240,944840,WRIGHT-DUNBAR,HD-2,WThirdSt/Wrt Dbr
R72 08503 0053,350,0,350,350,0,350,WRIGHT-DUNBAR,HD-2,WThirdSt/Wrt Dbr
R72 08603 0097,24190,0,24190,12090,0,12090,WRIGHT-DUNBAR,HD-2,WThirdSt/Wrt Dbr
R72 08502 0030,24700,126890,151590,24710,125520,150230,WRIGHT-DUNBAR,HD-2,WThirdSt/Wrt Dbr
R72 08502 0069,1070,0,1070,840,0,840,WRIGHT-DUNBAR,HD-2,WThirdSt/Wrt Dbr
R72 08502 0071,2570,0,2570,1900,0,1900,WRIGHT-DUNBAR,HD-2,WThirdSt/Wrt Dbr
R72 08503 0020,0,0,0,260,0,260,WRIGHT-DUNBAR,HD-2,WThirdSt/Wrt Dbr
R72 08502 0074,1580,0,1580,1230,0,1230,WRIGHT-DUNBAR,HD-2,WThirdSt/Wrt Dbr
R72 08503 0066,660,0,660,510,0,510,WRIGHT-DUNBAR,HD-2,WThirdSt/Wrt Dbr
R72 08502 0029,25040,82210,107250,25050,88180,113230,WRIGHT-DUNBAR,HD-2,WThirdSt/Wrt Dbr
R72 08502 0062,1140,0,1140,890,0,890,WRIGHT-DUNBAR,HD-2,WThirdSt/Wrt Dbr
R72 08503 0042,350,0,350,280,0,280,WRIGHT-DUNBAR,HD-2,WThirdSt/Wrt Dbr
R72 08503 0017,410,0,410,290,0,290,WRIGHT-DUNBAR,HD-2,WThirdSt/Wrt Dbr
R72 08502 0068,2080,0,2080,1630,0,1630,WRIGHT-DUNBAR,HD-2,WThirdSt/Wrt Dbr
R72 08601 0011,4820,29390,34210,3800,79420,83220,WRIGHT-DUNBAR,HD-2,WThirdSt/Wrt Dbr
R72 08601 0019,4590,6270,10860,4110,0,4110,WRIGHT-DUNBAR,HD-2,WThirdSt/Wrt Dbr
R72 08602 0022,22960,109640,132600,23310,71690,95000,WRIGHT-DUNBAR,HD-2,WThirdSt/Wrt Dbr
R72 08503 0057,600,0,600,600,0,600,WRIGHT-DUNBAR,HD-2,WThirdSt/Wrt Dbr
R72 08503 0067,730,0,730,560,0,560,WRIGHT-DUNBAR,HD-2,WThirdSt/Wrt Dbr
R72 08502 0063,1170,0,1170,920,0,920,WRIGHT-DUNBAR,HD-2,WThirdSt/Wrt Dbr
R72 08502 0079,1580,0,1580,620,0,620,WRIGHT-DUNBAR,HD-2,WThirdSt/Wrt Dbr
R72 08503 0069,120,0,120,120,0,120,WRIGHT-DUNBAR,HD-2,WThirdSt/Wrt Dbr
R72 08503 0055,450,0,450,450,0,450,WRIGHT-DUNBAR,HD-2,WThirdSt/Wrt Dbr
R72 08604 0047,14980,0,14980,13560,0,13560,WRIGHT-DUNBAR,HD-2,WThirdSt/Wrt Dbr
R72 08503 0037,220,0,220,180,0,180,WRIGHT-DUNBAR,HD-2,WThirdSt/Wrt Dbr
R72 08502 0067,2080,0,2080,1630,0,1630,WRIGHT-DUNBAR,HD-2,WThirdSt/Wrt Dbr
R72 08503 0062,180,0,180,140,0,140,WRIGHT-DUNBAR,HD-2,WThirdSt/Wrt Dbr
R72 08502 0072,2080,0,2080,1630,0,1630,WRIGHT-DUNBAR,HD-2,WThirdSt/Wrt Dbr
R72 08503 0059,180,0,180,140,0,140,WRIGHT-DUNBAR,HD-2,WThirdSt/Wrt Dbr
R72 08502 0080,1580,0,1580,620,0,620,WRIGHT-DUNBAR,HD-2,WThirdSt/Wrt Dbr
R72 08503 0060,180,0,180,140,0,140,WRIGHT-DUNBAR,HD-2,WThirdSt/Wrt Dbr
R72 08601 0009,5220,0,5220,4110,0,4110,WRIGHT-DUNBAR,HD-2,WThirdSt/Wrt Dbr
R72 08502 0081,1580,0,1580,620,0,620,WRIGHT-DUNBAR,HD-2,WThirdSt/Wrt Dbr
R72 08503 0054,450,0,450,450,0,450,WRIGHT-DUNBAR,HD-2,WThirdSt/Wrt Dbr
R72 08502 0077,880,0,880,620,0,620,WRIGHT-DUNBAR,HD-2,WThirdSt/Wrt Dbr
R72 08601 0060,4060,99260,103320,3180,118860,122040,WRIGHT-DUNBAR,HD-2,WThirdSt/Wrt Dbr
R72 08602 0032,7920,0,7920,7840,0,7840,WRIGHT-DUNBAR,HD-2,WThirdSt/Wrt Dbr
R72 08601 0017,4960,3290,8250,3900,4250,8150,WRIGHT-DUNBAR,HD-2,WThirdSt/Wrt Dbr
R72 08503 0065,330,0,330,270,0,270,WRIGHT-DUNBAR,HD-2,WThirdSt/Wrt Dbr
R72 08503 0021,310,0,310,260,0,260,WRIGHT-DUNBAR,HD-2,WThirdSt/Wrt Dbr
R72 08502 0087,8740,0,8740,8800,0,8800,WRIGHT-DUNBAR,HD-2,WThirdSt/Wrt Dbr
R72 08502 0015,22710,2950,25660,22500,35370,57870,WRIGHT-DUNBAR,HD-2,WThirdSt/Wrt Dbr
R72 08603 0042,13440,0,13440,12090,0,12090,WRIGHT-DUNBAR,HD-2,WThirdSt/Wrt Dbr
R72 08502 0075,1580,0,1580,1230,0,1230,WRIGHT-DUNBAR,HD-2,WThirdSt/Wrt Dbr
R72 08503 0063,180,0,180,140,0,140,WRIGHT-DUNBAR,HD-2,WThirdSt/Wrt Dbr
R72 08503 0048,120,0,120,120,0,120,WRIGHT-DUNBAR,HD-2,WThirdSt/Wrt Dbr
R72 08502 0073,2080,0,2080,1630,0,1630,WRIGHT-DUNBAR,HD-2,WThirdSt/Wrt Dbr
R72 08502 0056,2280,0,2280,1780,0,1780,WRIGHT-DUNBAR,HD-2,WThirdSt/Wrt Dbr
R72 08503 0049,320,0,320,260,0,260,WRIGHT-DUNBAR,HD-2,WThirdSt/Wrt Dbr
R72 08502 0064,2080,0,2080,1630,0,1630,WRIGHT-DUNBAR,HD-2,WThirdSt/Wrt Dbr
R72 08503 0051,250,0,250,250,0,250,WRIGHT-DUNBAR,HD-2,WThirdSt/Wrt Dbr
R72 08503 0061,180,0,180,140,0,140,WRIGHT-DUNBAR,HD-2,WThirdSt/Wrt Dbr
R72 08502 0088,1070,0,1070,840,0,840,WRIGHT-DUNBAR,HD-2,WThirdSt/Wrt Dbr
R72 08601 0003,1530,0,1530,1200,0,1200,WRIGHT-DUNBAR,HD-2,WThirdSt/Wrt Dbr
R72 08602 0028,15820,0,15820,14610,0,14610,WRIGHT-DUNBAR,HD-2,WThirdSt/Wrt Dbr
R72 08603 0028,23520,43210,66730,23600,40620,64220,WRIGHT-DUNBAR,HD-2,WThirdSt/Wrt Dbr
R72 08502 0070,2270,0,2270,1780,0,1780,WRIGHT-DUNBAR,HD-2,WThirdSt/Wrt Dbr
R72 08502 0066,2080,0,2080,1630,0,1630,WRIGHT-DUNBAR,HD-2,WThirdSt/Wrt Dbr
R72 08503 0052,350,0,350,350,0,350,WRIGHT-DUNBAR,HD-2,WThirdSt/Wrt Dbr
R72 08502 0032,12780,0,12780,11510,0,11510,WRIGHT-DUNBAR,HD-2,WThirdSt/Wrt Dbr
R72 08503 0038,290,0,290,230,0,230,WRIGHT-DUNBAR,HD-2,WThirdSt/Wrt Dbr
R72 08503 0043,27830,56100,83930,27770,52160,79930,WRIGHT-DUNBAR,HD-2,WThirdSt/Wrt Dbr
R72 08601 0027,22080,31690,53770,25530,54640,80170,WRIGHT-DUNBAR,HD-2,WThirdSt/Wrt Dbr
R72 08602 0029,7310,0,7310,7550,0,7550,WRIGHT-DUNBAR,HD-2,WThirdSt/Wrt Dbr
R72 08503 0064,180,0,180,140,0,140,WRIGHT-DUNBAR,HD-2,WThirdSt/Wrt Dbr
R72 08503 0046,120,0,120,120,0,120,WRIGHT-DUNBAR,HD-2,WThirdSt/Wrt Dbr
R72 08503 0022,0,0,0,260,0,260,WRIGHT-DUNBAR,HD-2,WThirdSt/Wrt Dbr
R72 08603 0067,29120,89210,118330,29150,103330,132480,WRIGHT-DUNBAR,HD-2,WThirdSt/Wrt Dbr
R72 08503 0072,240,0,240,190,0,190,WRIGHT-DUNBAR,HD-2,WThirdSt/Wrt Dbr
R72 08503 0039,380,0,380,310,0,310,WRIGHT-DUNBAR,HD-2,WThirdSt/Wrt Dbr
R72 08503 0019,0,0,0,210,0,210,WRIGHT-DUNBAR,HD-2,WThirdSt/Wrt Dbr
R72 08715 0004,36230,36550,72780,38200,108690,146890,WRIGHT-DUNBAR,HD-2,WThirdSt/Wrt Dbr
R72 08706 0090,23520,33830,57350,10920,0,10920,WRIGHT-DUNBAR,HD-2,WThirdSt/Wrt Dbr
R72 08602 0020,31640,70480,102120,32420,63240,95660,WRIGHT-DUNBAR,HD-2,WThirdSt/Wrt Dbr
R72 08604 0002,28090,115310,143400,27970,84380,112350,WRIGHT-DUNBAR,HD-2,WThirdSt/Wrt Dbr
R72 08603 0095,17470,0,17470,17430,0,17430,WRIGHT-DUNBAR,HD-2,WThirdSt/Wrt Dbr
R72 08603 0096,17470,37010,54480,17430,0,17430,WRIGHT-DUNBAR,HD-2,WThirdSt/Wrt Dbr
R72 08603 0090,27470,0,27470,27880,0,27880,WRIGHT-DUNBAR,HD-2,WThirdSt/Wrt Dbr
R72 08601 0007,9350,84250,93600,7360,103790,111150,WRIGHT-DUNBAR,HD-2,WThirdSt/Wrt Dbr
R72 08601 0052,29820,39560,69380,55460,87350,142810,WRIGHT-DUNBAR,HD-2,WThirdSt/Wrt Dbr
R72 08715 0020,2280,0,2280,2030,0,2030,WRIGHT-DUNBAR,HD-2,WThirdSt/Wrt Dbr
R72 08705 0022,14660,295890,310550,13120,394660,407780,WRIGHT-DUNBAR,HD-2,WThirdSt/Wrt Dbr
R72 08715 0012,28480,33820,62300,28540,91080,119620,WRIGHT-DUNBAR,HD-2,WThirdSt/Wrt Dbr
R72 08604 0023,31640,92270,123910,32420,55920,88340,WRIGHT-DUNBAR,HD-2,WThirdSt/Wrt Dbr
R72 08604 0024,9800,8620,18420,28680,9140,37820,WRIGHT-DUNBAR,HD-2,WThirdSt/Wrt Dbr
R72 08706 0096,!,!,!,5130,0,5130,WRIGHT-DUNBAR,HD-2,WThirdSt/Wrt Dbr
R72 08603 0092,26210,0,26210,26360,0,26360,WRIGHT-DUNBAR,HD-2,WThirdSt/Wrt Dbr
R72 08602 0004,9580,2633460,2643040,7500,2748050,2755550,WRIGHT-DUNBAR,HD-2,WThirdSt/Wrt Dbr
R72 08705 0016,5820,121490,127310,5210,152510,157720,WRIGHT-DUNBAR,HD-2,WThirdSt/Wrt Dbr
R72 08602 0016,31160,59020,90180,31310,103420,134730,WRIGHT-DUNBAR,HD-2,WThirdSt/Wrt Dbr
R72 08706 0087,24720,0,24720,10240,0,10240,WRIGHT-DUNBAR,HD-2,WThirdSt/Wrt Dbr
R72 08602 0033,8280,7430,15710,8480,7900,16380,WRIGHT-DUNBAR,HD-2,WThirdSt/Wrt Dbr
R72 08603 0062,29120,68630,97750,29150,70320,99470,WRIGHT-DUNBAR,HD-2,WThirdSt/Wrt Dbr
R72 08502 0095,1890,0,1890,1950,0,1950,WRIGHT-DUNBAR,HD-2,WThirdSt/Wrt Dbr
R72 08706 0073,18370,0,18370,7990,0,7990,WRIGHT-DUNBAR,HD-2,WThirdSt/Wrt Dbr
R72 08502 0052,25040,95190,120230,25050,87070,112120,WRIGHT-DUNBAR,HD-2,WThirdSt/Wrt Dbr
R72 08502 0051,25040,111180,136220,25050,94560,119610,WRIGHT-DUNBAR,HD-2,WThirdSt/Wrt Dbr
R72 08601 0030,8040,0,8040,3470,0,3470,WRIGHT-DUNBAR,HD-2,WThirdSt/Wrt Dbr
R72 08603 0093,25200,0,25200,25310,0,25310,WRIGHT-DUNBAR,HD-2,WThirdSt/Wrt Dbr
R72 08603 0003,12880,0,12880,11510,0,11510,WRIGHT-DUNBAR,HD-2,WThirdSt/Wrt Dbr
R72 08705 0019,4820,6120,10940,4310,4580,8890,WRIGHT-DUNBAR,HD-2,WThirdSt/Wrt Dbr
R72 08603 0104,16110,0,16110,14520,0,14520,WRIGHT-DUNBAR,HD-2,WThirdSt/Wrt Dbr
R72 08602 0010,32650,77880,110530,32890,65850,98740,WRIGHT-DUNBAR,HD-2,WThirdSt/Wrt Dbr
R72 08601 0062,5220,2410,7630,2260,3170,5430,WRIGHT-DUNBAR,HD-2,WThirdSt/Wrt Dbr
R72 08603 0091,26960,0,26960,27180,0,27180,WRIGHT-DUNBAR,HD-2,WThirdSt/Wrt Dbr
R72 08604 0041,4190,0,4190,4100,0,4100,WRIGHT-DUNBAR,HD-2,WThirdSt/Wrt Dbr
R72 08715 0010,16160,0,16160,13890,6850,20740,WRIGHT-DUNBAR,HD-2,WThirdSt/Wrt Dbr
R72 08706 0086,22900,0,22900,9590,0,9590,WRIGHT-DUNBAR,HD-2,WThirdSt/Wrt Dbr
R72 08705 0015,5880,209710,215590,5260,208490,213750,WRIGHT-DUNBAR,HD-2,WThirdSt/Wrt Dbr
R72 08705 0031,3290,0,3290,2950,0,2950,WRIGHT-DUNBAR,HD-2,WThirdSt/Wrt Dbr
R72 08604 0052,11200,9000,20200,11390,9400,20790,WRIGHT-DUNBAR,HD-2,WThirdSt/Wrt Dbr
R72 08601 0026,28560,35330,63890,35930,54040,89970,WRIGHT-DUNBAR,HD-2,WThirdSt/Wrt Dbr
R72 08706 0075,16020,0,16020,6700,0,6700,WRIGHT-DUNBAR,HD-2,WThirdSt/Wrt Dbr
R72 08502 0054,25040,84960,110000,25050,83120,108170,WRIGHT-DUNBAR,HD-2,WThirdSt/Wrt Dbr
R72 08715 0011,18140,0,18140,15330,6850,22180,WRIGHT-DUNBAR,HD-2,WThirdSt/Wrt Dbr
R72 08715 0003,35820,89830,125650,37720,115430,153150,WRIGHT-DUNBAR,HD-2,WThirdSt/Wrt Dbr
R72 08706 0071,26450,0,26450,11540,96080,107620,WRIGHT-DUNBAR,HD-2,WThirdSt/Wrt Dbr
R72 08602 0024,31640,55890,87530,32420,51520,83940,WRIGHT-DUNBAR,HD-2,WThirdSt/Wrt Dbr
R72 08503 0031,26940,62010,88950,26970,87450,114420,WRIGHT-DUNBAR,HD-2,WThirdSt/Wrt Dbr
R72 08715 0019,3010,2780,5790,2680,0,2680,WRIGHT-DUNBAR,HD-2,WThirdSt/Wrt Dbr
R72 08602 0037,35250,87810,123060,35650,87700,123350,WRIGHT-DUNBAR,HD-2,WThirdSt/Wrt Dbr
R72 08604 0004,26220,91810,118030,25970,70050,96020,WRIGHT-DUNBAR,HD-2,WThirdSt/Wrt Dbr
R72 08604 0040,35200,44810,80010,36570,153300,189870,WRIGHT-DUNBAR,HD-2,WThirdSt/Wrt Dbr
R72 08502 0007,500,0,500,470,0,470,WRIGHT-DUNBAR,HD-2,WThirdSt/Wrt Dbr
R72 08503 0032,27200,88950,116150,13610,0,13610,WRIGHT-DUNBAR,HD-2,WThirdSt/Wrt Dbr
R72 08602 0018,23450,74220,97670,23580,122330,145910,WRIGHT-DUNBAR,HD-2,WThirdSt/Wrt Dbr
R72 08715 0021,2280,0,2280,2030,0,2030,WRIGHT-DUNBAR,HD-2,WThirdSt/Wrt Dbr
R72 08603 0044,40320,53850,94170,40250,95350,135600,WRIGHT-DUNBAR,HD-2,WThirdSt/Wrt Dbr
R72 08603 0037,21280,101620,122900,22140,165500,187640,WRIGHT-DUNBAR,HD-2,WThirdSt/Wrt Dbr
R72 08603 0038,8120,0,8120,7940,0,7940,WRIGHT-DUNBAR,HD-2,WThirdSt/Wrt Dbr
R72 08602 0030,990,0,990,780,0,780,WRIGHT-DUNBAR,HD-2,WThirdSt/Wrt Dbr
R72 08715 0018,5540,6300,11840,4340,3970,8310,WRIGHT-DUNBAR,HD-2,WThirdSt/Wrt Dbr
R72 08503 0077,31920,101630,133550,32540,113100,145640,WRIGHT-DUNBAR,HD-2,WThirdSt/Wrt Dbr
R72 08706 0085,27880,0,27880,11450,0,11450,WRIGHT-DUNBAR,HD-2,WThirdSt/Wrt Dbr
R72 08603 0060,820,0,820,640,0,640,WRIGHT-DUNBAR,HD-2,WThirdSt/Wrt Dbr
R72 08715 0007,39570,75560,115130,43520,115630,159150,WRIGHT-DUNBAR,HD-2,WThirdSt/Wrt Dbr
R72 08502 0061,11150,0,11150,10080,0,10080,WRIGHT-DUNBAR,HD-2,WThirdSt/Wrt Dbr
R72 08502 0031,25040,48890,73930,25150,56020,81170,WRIGHT-DUNBAR,HD-2,WThirdSt/Wrt Dbr
R72 08501 0026,1160,0,1160,990,0,990,WRIGHT-DUNBAR,HD-2,WThirdSt/Wrt Dbr
R72 08502 0028,12520,0,12520,11290,0,11290,WRIGHT-DUNBAR,HD-2,WThirdSt/Wrt Dbr
R72 08602 0027,29660,85710,115370,30120,101860,131980,WRIGHT-DUNBAR,HD-2,WThirdSt/Wrt Dbr
R72 08602 0001,3660,21560,25220,2150,27860,30010,WRIGHT-DUNBAR,HD-2,WThirdSt/Wrt Dbr
R72 08502 0006,1600,1280,2880,1650,1320,2970,WRIGHT-DUNBAR,HD-2,WThirdSt/Wrt Dbr
R72 08603 0077,20790,65280,86070,20860,150550,171410,WRIGHT-DUNBAR,HD-2,WThirdSt/Wrt Dbr
R72 08604 0021,31080,69060,100140,31490,169160,200650,WRIGHT-DUNBAR,HD-2,WThirdSt/Wrt Dbr
R72 08603 0001,24980,109250,134230,25020,171920,196940,WRIGHT-DUNBAR,HD-2,WThirdSt/Wrt Dbr
R72 08604 0042,4820,0,4820,4940,0,4940,WRIGHT-DUNBAR,HD-2,WThirdSt/Wrt Dbr
R72 08604 0039,25310,0,25310,25040,74850,99890,WRIGHT-DUNBAR,HD-2,WThirdSt/Wrt Dbr
R72 08706 0080,18000,0,18000,7440,0,7440,WRIGHT-DUNBAR,HD-2,WThirdSt/Wrt Dbr
R72 08502 0024,2320,1680,4000,2390,1740,4130,WRIGHT-DUNBAR,HD-2,WThirdSt/Wrt Dbr
R72 08706 0078,18180,0,18180,7480,0,7480,WRIGHT-DUNBAR,HD-2,WThirdSt/Wrt Dbr
R72 08601 0020,4590,29340,33930,4110,42310,46420,WRIGHT-DUNBAR,HD-2,WThirdSt/Wrt Dbr
R72 08706 0082,19090,0,19090,7890,0,7890,WRIGHT-DUNBAR,HD-2,WThirdSt/Wrt Dbr
R72 08503 0080,35280,77490,112770,36450,95190,131640,WRIGHT-DUNBAR,HD-2,WThirdSt/Wrt Dbr
R72 08706 0076,17930,3880,21810,7560,102050,109610,WRIGHT-DUNBAR,HD-2,WThirdSt/Wrt Dbr
R72 08502 0014,30350,84070,114420,30520,99380,129900,WRIGHT-DUNBAR,HD-2,WThirdSt/Wrt Dbr
R72 08502 0065,2570,0,2570,1900,0,1900,WRIGHT-DUNBAR,HD-2,WThirdSt/Wrt Dbr
R72 08603 0105,11090,0,11090,10030,0,10030,WRIGHT-DUNBAR,HD-2,WThirdSt/Wrt Dbr
R72 08502 0013,24260,31300,55560,24300,48310,72610,WRIGHT-DUNBAR,HD-2,WThirdSt/Wrt Dbr
R72 08603 0078,900,7060,7960,710,4840,5550,WRIGHT-DUNBAR,HD-2,WThirdSt/Wrt Dbr
R72 08604 0051,31080,98960,130040,31300,101660,132960,WRIGHT-DUNBAR,HD-2,WThirdSt/Wrt Dbr
R72 08603 0021,12770,0,12770,12790,2050,14840,WRIGHT-DUNBAR,HD-2,WThirdSt/Wrt Dbr
R72 08603 0099,59140,0,59140,58450,0,58450,WRIGHT-DUNBAR,HD-2,WThirdSt/Wrt Dbr
R72 08601 0058,27840,95740,123580,33710,98550,132260,WRIGHT-DUNBAR,HD-2,WThirdSt/Wrt Dbr
R72 08503 0082,37570,89420,126990,38860,75330,114190,WRIGHT-DUNBAR,HD-2,WThirdSt/Wrt Dbr
R72 08603 0022,25540,65450,90990,25530,56020,81550,WRIGHT-DUNBAR,HD-2,WThirdSt/Wrt Dbr
R72 08503 0015,29640,82410,112050,30250,80910,111160,WRIGHT-DUNBAR,HD-2,WThirdSt/Wrt Dbr
R72 08715 0001,37840,72590,110430,40140,120350,160490,WRIGHT-DUNBAR,HD-2,WThirdSt/Wrt Dbr
R72 08603 0020,9980,0,9980,9520,0,9520,WRIGHT-DUNBAR,HD-2,WThirdSt/Wrt Dbr
R72 08603 0024,25540,71940,97480,25530,64350,89880,WRIGHT-DUNBAR,HD-2,WThirdSt/Wrt Dbr
R72 08503 0086,29960,151290,181250,30090,202880,232970,WRIGHT-DUNBAR,HD-2,WThirdSt/Wrt Dbr
R72 08501 0023,960,0,960,820,0,820,WRIGHT-DUNBAR,HD-2,WThirdSt/Wrt Dbr
R72 08706 0077,25210,18000,43210,10430,58000,68430,WRIGHT-DUNBAR,HD-2,WThirdSt/Wrt Dbr
R72 08604 0020,31640,11470,43110,14610,0,14610,WRIGHT-DUNBAR,HD-2,WThirdSt/Wrt Dbr
R72 08603 0025,28900,60050,88950,28740,76830,105570,WRIGHT-DUNBAR,HD-2,WThirdSt/Wrt Dbr
R72 08503 0029,26420,102450,128870,26480,111860,138340,WRIGHT-DUNBAR,HD-2,WThirdSt/Wrt Dbr
R72 08503 0081,35280,83010,118290,36160,115710,151870,WRIGHT-DUNBAR,HD-2,WThirdSt/Wrt Dbr
R72 08602 0025,33620,75310,108930,34730,126630,161360,WRIGHT-DUNBAR,HD-2,WThirdSt/Wrt Dbr
R72 08603 0043,13440,0,13440,12090,0,12090,WRIGHT-DUNBAR,HD-2,WThirdSt/Wrt Dbr
R72 08706 0074,23660,9290,32950,6150,0,6150,WRIGHT-DUNBAR,HD-2,WThirdSt/Wrt Dbr
R72 08603 0023,25540,63830,89370,25530,53050,78580,WRIGHT-DUNBAR,HD-2,WThirdSt/Wrt Dbr
R72 08604 0005,26960,82710,109670,26770,88510,115280,WRIGHT-DUNBAR,HD-2,WThirdSt/Wrt Dbr
R72 08715 0006,38900,105840,144740,42230,73310,115540,WRIGHT-DUNBAR,HD-2,WThirdSt/Wrt Dbr
R72 08604 0048,29960,102670,132630,30090,113470,143560,WRIGHT-DUNBAR,HD-2,WThirdSt/Wrt Dbr
R72 08705 0024,7550,122620,130170,6760,292230,298990,WRIGHT-DUNBAR,HD-2,WThirdSt/Wrt Dbr
R72 08603 0089,27970,0,27970,14370,0,14370,WRIGHT-DUNBAR,HD-2,WThirdSt/Wrt Dbr
R72 08502 0090,30420,64580,95000,30650,98230,128880,WRIGHT-DUNBAR,HD-2,WThirdSt/Wrt Dbr
R72 08602 0015,24120,47370,71490,23820,67160,90980,WRIGHT-DUNBAR,HD-2,WThirdSt/Wrt Dbr
R72 08604 0003,27340,85470,112810,27170,68850,96020,WRIGHT-DUNBAR,HD-2,WThirdSt/Wrt Dbr
R72 08705 0033,20200,35100,55300,15830,21860,37690,WRIGHT-DUNBAR,HD-2,WThirdSt/Wrt Dbr
R72 08503 0084,30240,84360,114600,30320,96730,127050,WRIGHT-DUNBAR,HD-2,WThirdSt/Wrt Dbr
R72 08602 0019,3410,0,3410,2670,0,2670,WRIGHT-DUNBAR,HD-2,WThirdSt/Wrt Dbr
R72 08501 0022,1380,0,1380,1170,0,1170,WRIGHT-DUNBAR,HD-2,WThirdSt/Wrt Dbr
R72 08502 0096,28560,96100,124660,28290,95030,123320,WRIGHT-DUNBAR,HD-2,WThirdSt/Wrt Dbr
R72 08706 0092,25100,7950,33050,11480,0,11480,WRIGHT-DUNBAR,HD-2,WThirdSt/Wrt Dbr
R72 08715 0002,33010,89500,122510,34330,125170,159500,WRIGHT-DUNBAR,HD-2,WThirdSt/Wrt Dbr
R72 08604 0050,29960,102340,132300,30090,114150,144240,WRIGHT-DUNBAR,HD-2,WThirdSt/Wrt Dbr
R72 08706 0093,1270,10170,11440,1130,0,1130,WRIGHT-DUNBAR,HD-2,WThirdSt/Wrt Dbr
R72 08502 0033,25810,83660,109470,25820,63860,89680,WRIGHT-DUNBAR,HD-2,WThirdSt/Wrt Dbr
R72 08502 0025,4950,0,4950,4940,0,4940,WRIGHT-DUNBAR,HD-2,WThirdSt/Wrt Dbr
R72 08603 0002,24920,59600,84520,24950,119310,144260,WRIGHT-DUNBAR,HD-2,WThirdSt/Wrt Dbr
R72 08715 0013,14240,0,14240,12870,0,12870,WRIGHT-DUNBAR,HD-2,WThirdSt/Wrt Dbr
R72 08603 0039,26880,145030,171910,26820,64440,91260,WRIGHT-DUNBAR,HD-2,WThirdSt/Wrt Dbr
R72 08502 0010,24020,81400,105420,24090,16030,40120,WRIGHT-DUNBAR,HD-2,WThirdSt/Wrt Dbr
R72 08706 0072,18370,0,18370,7990,0,7990,WRIGHT-DUNBAR,HD-2,WThirdSt/Wrt Dbr
R72 08604 0017,28670,137430,166100,28280,111160,139440,WRIGHT-DUNBAR,HD-2,WThirdSt/Wrt Dbr
R72 08602 0023,31640,119420,151060,32420,194410,226830,WRIGHT-DUNBAR,HD-2,WThirdSt/Wrt Dbr
R72 08502 0020,29120,58590,87710,29150,63020,92170,WRIGHT-DUNBAR,HD-2,WThirdSt/Wrt Dbr
R72 08706 0089,19870,0,19870,8230,0,8230,WRIGHT-DUNBAR,HD-2,WThirdSt/Wrt Dbr
R72 08501 0058,9370,0,9370,7960,0,7960,WRIGHT-DUNBAR,HD-2,WThirdSt/Wrt Dbr
R72 08706 0091,10080,0,10080,3930,0,3930,WRIGHT-DUNBAR,HD-2,WThirdSt/Wrt Dbr
R72 08603 0063,14560,0,14560,13140,0,13140,WRIGHT-DUNBAR,HD-2,WThirdSt/Wrt Dbr
R72 08604 0025,16020,0,16020,14820,0,14820,WRIGHT-DUNBAR,HD-2,WThirdSt/Wrt Dbr
R72 08603 0065,29120,140440,169560,29150,165490,194640,WRIGHT-DUNBAR,HD-2,WThirdSt/Wrt Dbr
R72 08602 0007,2870,0,2870,2250,0,2250,WRIGHT-DUNBAR,HD-2,WThirdSt/Wrt Dbr
R72 08601 0059,22430,90980,113410,26090,86500,112590,WRIGHT-DUNBAR,HD-2,WThirdSt/Wrt Dbr
R72 08501 0020,3170,836750,839920,3060,1001320,1004380,WRIGHT-DUNBAR,HD-2,WThirdSt/Wrt Dbr
R72 08603 0103,15590,0,15590,14060,0,14060,WRIGHT-DUNBAR,HD-2,WThirdSt/Wrt Dbr
R72 08503 0030,3330,0,3330,3340,0,3340,WRIGHT-DUNBAR,HD-2,WThirdSt/Wrt Dbr
R72 08706 0088,29400,4770,34170,12070,68620,80690,WRIGHT-DUNBAR,HD-2,WThirdSt/Wrt Dbr
R72 08501 0024,1250,0,1250,1060,0,1060,WRIGHT-DUNBAR,HD-2,WThirdSt/Wrt Dbr
R72 08503 0083,29960,94540,124500,30090,118180,148270,WRIGHT-DUNBAR,HD-2,WThirdSt/Wrt Dbr
R72 08602 0008,3890,3740,7630,3050,2260,5310,WRIGHT-DUNBAR,HD-2,WThirdSt/Wrt Dbr
R72 08706 0083,27230,12730,39960,11400,3980,15380,WRIGHT-DUNBAR,HD-2,WThirdSt/Wrt Dbr
R72 08706 0084,31820,11620,43440,13220,3640,16860,WRIGHT-DUNBAR,HD-2,WThirdSt/Wrt Dbr
R72 08602 0012,25970,52990,78960,25790,132610,158400,WRIGHT-DUNBAR,HD-2,WThirdSt/Wrt Dbr
R72 08705 0017,6930,68840,75770,6210,65590,71800,WRIGHT-DUNBAR,HD-2,WThirdSt/Wrt Dbr
R72 08604 0007,26960,70390,97350,26770,55850,82620,WRIGHT-DUNBAR,HD-2,WThirdSt/Wrt Dbr
R72 08502 0092,2370,0,2370,2340,0,2340,WRIGHT-DUNBAR,HD-2,WThirdSt/Wrt Dbr
R72 08705 0020,5880,7410,13290,5260,9570,14830,WRIGHT-DUNBAR,HD-2,WThirdSt/Wrt Dbr
R72 08602 0003,2030,0,2030,1590,0,1590,WRIGHT-DUNBAR,HD-2,WThirdSt/Wrt Dbr
R72 08502 0086,25040,65360,90400,25050,51530,76580,WRIGHT-DUNBAR,HD-2,WThirdSt/Wrt Dbr
R72 08602 0002,1480,0,1480,1320,0,1320,WRIGHT-DUNBAR,HD-2,WThirdSt/Wrt Dbr
R72 08604 0045,21840,103450,125290,22490,132880,155370,WRIGHT-DUNBAR,HD-2,WThirdSt/Wrt Dbr
R72 08603 0006,10290,0,10290,9330,0,9330,WRIGHT-DUNBAR,HD-2,WThirdSt/Wrt Dbr
R72 08502 0058,25040,76200,101240,25050,65930,90980,WRIGHT-DUNBAR,HD-2,WThirdSt/Wrt Dbr
R72 08715 0005,36230,104230,140460,38200,167740,205940,WRIGHT-DUNBAR,HD-2,WThirdSt/Wrt Dbr
R72 08602 0013,3710,0,3710,3580,0,3580,WRIGHT-DUNBAR,HD-2,WThirdSt/Wrt Dbr
R72 08502 0085,1050,0,1050,1050,0,1050,WRIGHT-DUNBAR,HD-2,WThirdSt/Wrt Dbr
R72 08706 0081,12840,0,12840,5280,0,5280,WRIGHT-DUNBAR,HD-2,WThirdSt/Wrt Dbr
R72 08705 0027,5750,4290,10040,5150,5550,10700,WRIGHT-DUNBAR,HD-2,WThirdSt/Wrt Dbr
R72 08603 0094,17470,0,17470,17430,0,17430,WRIGHT-DUNBAR,HD-2,WThirdSt/Wrt Dbr
R72 08502 0057,25040,110930,135970,25050,20010,45060,WRIGHT-DUNBAR,HD-2,WThirdSt/Wrt Dbr
R72 08603 0102,15590,0,15590,14060,0,14060,WRIGHT-DUNBAR,HD-2,WThirdSt/Wrt Dbr
R72 08603 0040,26880,48960,75840,26820,44380,71200,WRIGHT-DUNBAR,HD-2,WThirdSt/Wrt Dbr
R72 08603 0041,26880,8740,35620,26820,35930,62750,WRIGHT-DUNBAR,HD-2,WThirdSt/Wrt Dbr
R72 08503 0090,28000,42170,70170,27280,127990,155270,WRIGHT-DUNBAR,HD-2,WThirdSt/Wrt Dbr
R72 08503 0088,24360,0,24360,24400,0,24400,WRIGHT-DUNBAR,HD-2,WThirdSt/Wrt Dbr
R72 08503 0089,23520,0,23520,23730,0,23730,WRIGHT-DUNBAR,HD-2,WThirdSt/Wrt Dbr
R72 08601 0002,3260,0,3260,2550,0,2550,WRIGHT-DUNBAR,HD-2,WThirdSt/Wrt Dbr
R72 08601 0001,5920,143300,149220,4670,171950,176620,WRIGHT-DUNBAR,HD-2,WThirdSt/Wrt Dbr
R72 08601 0071,0,0,0,0,0,0,WRIGHT-DUNBAR,HD-2,WThirdSt/Wrt Dbr
R72 08502 0049,24780,92950,117730,24860,88050,112910,WRIGHT-DUNBAR,HD-2,WThirdSt/Wrt Dbr
R72 08502 0048,1020,0,1020,1000,0,1000,WRIGHT-DUNBAR,HD-2,WThirdSt/Wrt Dbr
R72 08503 0078,31640,139660,171300,32310,164070,196380,WRIGHT-DUNBAR,HD-2,WThirdSt/Wrt Dbr
R72 08602 0014,5510,0,5510,5370,0,5370,WRIGHT-DUNBAR,HD-2,WThirdSt/Wrt Dbr
R72 08502 0018,26460,60590,87050,26300,70720,97020,WRIGHT-DUNBAR,HD-2,WThirdSt/Wrt Dbr
R72 08601 0025,14280,0,14280,5720,0,5720,WRIGHT-DUNBAR,HD-2,WThirdSt/Wrt Dbr
R72 08601 0024,14280,93030,107310,17990,96920,114910,WRIGHT-DUNBAR,HD-2,WThirdSt/Wrt Dbr
R72 08603 0005,13440,0,13440,12140,0,12140,WRIGHT-DUNBAR,HD-2,WThirdSt/Wrt Dbr
R72 08503 0041,27560,64520,92080,27460,79000,106460,WRIGHT-DUNBAR,HD-2,WThirdSt/Wrt Dbr
R72 08503 0085,26570,119390,145960,26400,129840,156240,WRIGHT-DUNBAR,HD-2,WThirdSt/Wrt Dbr
R72 08715 0008,31920,56630,88550,33940,67740,101680,WRIGHT-DUNBAR,HD-2,WThirdSt/Wrt Dbr
R72 08603 0101,31190,63690,94880,31050,55620,86670,WRIGHT-DUNBAR,HD-2,WThirdSt/Wrt Dbr
R72 08502 0034,25810,64750,90560,25720,36930,62650,WRIGHT-DUNBAR,HD-2,WThirdSt/Wrt Dbr
R72 08502 0036,13290,1580,14870,13270,2100,15370,WRIGHT-DUNBAR,HD-2,WThirdSt/Wrt Dbr
R72 08502 0050,25040,90880,115920,25050,93410,118460,WRIGHT-DUNBAR,HD-2,WThirdSt/Wrt Dbr
R72 08603 0100,32220,62600,94820,32070,57360,89430,WRIGHT-DUNBAR,HD-2,WThirdSt/Wrt Dbr
R72 08603 0068,29120,94480,123600,29150,108180,137330,WRIGHT-DUNBAR,HD-2,WThirdSt/Wrt Dbr
R72 08503 0040,27300,72700,100000,27250,82170,109420,WRIGHT-DUNBAR,HD-2,WThirdSt/Wrt Dbr
R72 08604 0049,29960,97800,127760,30090,113650,143740,WRIGHT-DUNBAR,HD-2,WThirdSt/Wrt Dbr
R72 08503 0028,26160,15440,41600,26180,24150,50330,WRIGHT-DUNBAR,HD-2,WThirdSt/Wrt Dbr
R72 08604 0022,31640,109760,141400,32420,67080,99500,WRIGHT-DUNBAR,HD-2,WThirdSt/Wrt Dbr
R72 08706 0094,21600,0,21600,8990,0,8990,WRIGHT-DUNBAR,HD-2,WThirdSt/Wrt Dbr
R72 08706 0095,21600,0,21600,9020,0,9020,WRIGHT-DUNBAR,HD-2,WThirdSt/Wrt Dbr
R72 08603 0098,32760,31560,64320,32950,206050,239000,WRIGHT-DUNBAR,HD-2,WThirdSt/Wrt Dbr
R72 08603 0069,14560,0,14560,13140,0,13140,WRIGHT-DUNBAR,HD-2,WThirdSt/Wrt Dbr
R72 08715 0009,30240,87210,117450,32000,115370,147370,WRIGHT-DUNBAR,HD-2,WThirdSt/Wrt Dbr
R72 08502 0091,30520,91400,121920,30550,54580,85130,WRIGHT-DUNBAR,HD-2,WThirdSt/Wrt Dbr
R72 08602 0031,23520,76490,100010,23660,68900,92560,WRIGHT-DUNBAR,HD-2,WThirdSt/Wrt Dbr
R72 08706 0079,12000,0,12000,8030,2450,10480,WRIGHT-DUNBAR,HD-2,WThirdSt/Wrt Dbr
R72 08602 0011,29680,136160,165840,29740,159920,189660,WRIGHT-DUNBAR,HD-2,WThirdSt/Wrt Dbr
R72 08604 0001,29960,85740,115700,29970,80480,110450,WRIGHT-DUNBAR,HD-2,WThirdSt/Wrt Dbr
R72 08502 0017,26940,67830,94770,26780,67970,94750,WRIGHT-DUNBAR,HD-2,WThirdSt/Wrt Dbr
R72 08503 0012,26160,97020,123180,26010,75960,101970,WRIGHT-DUNBAR,HD-2,WThirdSt/Wrt Dbr
R72 08601 0018,5220,71830,77050,4110,79780,83890,WRIGHT-DUNBAR,HD-2,WThirdSt/Wrt Dbr
R72 08502 0011,150,0,150,190,0,190,WRIGHT-DUNBAR,HD-2,WThirdSt/Wrt Dbr
R72 08502 0012,24860,88720,113580,24990,98380,123370,WRIGHT-DUNBAR,HD-2,WThirdSt/Wrt Dbr
R72 08503 0079,35600,106470,142070,36740,105760,142500,WRIGHT-DUNBAR,HD-2,WThirdSt/Wrt Dbr
R72 08601 0028,26220,124940,151160,29870,140150,170020,WRIGHT-DUNBAR,HD-2,WThirdSt/Wrt Dbr
R72 08502 0053,25040,68120,93160,25050,87620,112670,WRIGHT-DUNBAR,HD-2,WThirdSt/Wrt Dbr
R72 08503 0027,28700,125030,153730,28810,140090,168900,WRIGHT-DUNBAR,HD-2,WThirdSt/Wrt Dbr
R72 08603 0004,26320,64580,90900,26230,112040,138270,WRIGHT-DUNBAR,HD-2,WThirdSt/Wrt Dbr
R72 08502 0021,31370,60810,92180,31420,78850,110270,WRIGHT-DUNBAR,HD-2,WThirdSt/Wrt Dbr
R72 08502 0023,2320,0,2320,2350,0,2350,WRIGHT-DUNBAR,HD-2,WThirdSt/Wrt Dbr
R72 08603 0061,25200,81560,106760,25180,66450,91630,WRIGHT-DUNBAR,HD-2,WThirdSt/Wrt Dbr
R72 08604 0008,25470,48360,73830,25170,107030,132200,WRIGHT-DUNBAR,HD-2,WThirdSt/Wrt Dbr
R72 08604 0006,25470,78550,104020,25170,59270,84440,WRIGHT-DUNBAR,HD-2,WThirdSt/Wrt Dbr
R72 08503 0087,28090,133810,161900,28070,149480,177550,WRIGHT-DUNBAR,HD-2,WThirdSt/Wrt Dbr
R72 08502 0059,25040,78410,103450,25050,70110,95160,WRIGHT-DUNBAR,HD-2,WThirdSt/Wrt Dbr
