ParcelId,OldLand,OldBuilding,OldTotal,NewLand,NewBuilding,NewTotal,NBHD
R72 00207 0059,45410,0,45410,40800,0,40800,3100LITE
R72 00207 0060,38020,0,38020,31300,0,31300,3100LITE
R72 00207 0061,45410,0,45410,40800,0,40800,3100LITE
R72 00207 0062,39070,0,39070,35640,0,35640,3100LITE
R72 00207 0063,44350,0,44350,39940,218540,258480,3100LITE
R72 00207 0064,30400,0,30400,31300,0,31300,3100LITE
R72 00207 0065,44350,0,44350,39940,0,39940,3100LITE
R72 00207 0066,38020,0,38020,31300,0,31300,3100LITE
R72 00207 0067,45410,0,45410,40800,0,40800,3100LITE
R72 00207 0068,0,0,0,0,0,0,99999999
R72 00207 0069,!,!,!
R72 00207 0070,!,!,!
R72 00207 0071,!,!,!
R72 00207 0072,!,!,!
R72 00207 0073,!,!,!
R72 00207 0074,!,!,!
R72 00207 0075,!,!,!
R72 00207 0076,!,!,!
R72 00207 0077,!,!,!
R72 00207 0078,!,!,!
R72 00207 0079,!,!,!
R72 00207 0080,!,!,!
R72 00207 0081,!,!,!
R72 00207 0082,!,!,!
R72 00207 0083,!,!,!
R72 00207 0084,!,!,!
R72 00207 0085,!,!,!
R72 00207 0086,!,!,!
R72 00207 0087,!,!,!
R72 00207 0088,!,!,!
R72 00207 0089,!,!,!
R72 00207 0090,!,!,!
R72 00207 0091,!,!,!
R72 00207 0092,!,!,!
R72 00207 0093,!,!,!
R72 00207 0094,!,!,!
R72 00207 0095,!,!,!
R72 00207 0096,!,!,!
R72 00207 0097,!,!,!
R72 00207 0098,!,!,!
R72 00207 0099,!,!,!
R72 00207 0100,!,!,!
R72 00207 0101,!,!,!
R72 00211 0001,25000,69470,94470,25000,105230,130230,31000DOW
R72 00211 0002,25000,75800,100800,25000,112320,137320,31000DOW
R72 00211 0003,25000,75800,100800,25000,112320,137320,31000DOW
R72 00211 0004,25000,71130,96130,25000,106900,131900,31000DOW
R72 00211 0005,25000,75800,100800,25000,112320,137320,31000DOW
R72 00211 0006,25000,83730,108730,25000,125440,150440,31000DOW
R72 00211 0007,25000,82160,107160,25000,116940,141940,31000DOW
R72 00211 0008,25000,77470,102470,25000,112600,137600,31000DOW
R72 00211 0009,25000,78330,103330,25000,114770,139770,31000DOW
R72 00211 0010,25000,62590,87590,25000,112600,137600,31000DOW
R72 00211 0011,25000,74990,99990,25000,109450,134450,31000DOW
R72 00211 0012,25000,77470,102470,25000,112600,137600,31000DOW
R72 00211 0013,25000,68290,93290,25000,112600,137600,31000DOW
R72 00211 0014,25000,74990,99990,25000,109450,134450,31000DOW
R72 00211 0015,25000,79990,104990,25000,116880,141880,31000DOW
R72 00211 0016,25000,80240,105240,25000,121080,146080,31000DOW
R72 00211 0017,25000,84650,109650,25000,121220,146220,31000DOW
R72 00211 0018,25000,77470,102470,25000,117600,142600,31000DOW
R72 00211 0019,25000,79990,104990,25000,116880,141880,31000DOW
R72 00211 0020,25000,77470,102470,25000,112600,137600,31000DOW
R72 00211 0021,25000,74990,99990,25000,109450,134450,31000DOW
R72 00211 0022,25000,68810,93810,25000,104230,129230,31000DOW
R72 00211 0023,25000,78280,103280,25000,115570,140570,31000DOW
R72 00211 0024,25000,78280,103280,25000,115570,140570,31000DOW
R72 00211 0025,25000,75800,100800,25000,112320,137320,31000DOW
R72 00211 0026,25000,75800,100800,25000,112320,137320,31000DOW
R72 00211 0027,25000,75800,100800,25000,112320,137320,31000DOW
R72 00211 0028,25000,75800,100800,25000,112320,137320,31000DOW
R72 00211 0029,25000,78280,103280,25000,115570,140570,31000DOW
R72 00211 0030,25000,78280,103280,25000,115570,140570,31000DOW
R72 00211 0031,25000,78280,103280,25000,115570,140570,31000DOW
R72 00211 0032,25000,75800,100800,25000,112320,137320,31000DOW
R72 00211 0033,25000,73580,98580,25000,108230,133230,31000DOW
R72 00211 0034,25000,75800,100800,25000,112320,137320,31000DOW
R72 00308 0001,89580,88800,178380,35830,333880,369710,C1500000
R72 00308 0040,!,!,!
R72 00308 0041,!,!,!
R72 00308 0042,!,!,!
R72 00308 0043,!,!,!
R72 00308 0050,!,!,!
R72 00308 0051,!,!,!
R72 00308 0052,!,!,!
R72 00308 0053,!,!,!
R72 00308 0054,!,!,!
R72 00308 0055,!,!,!
R72 00308 0056,!,!,!
R72 00308 0057,!,!,!
R72 00308 0058,!,!,!
R72 00308 0059,!,!,!
R72 00308 0060,!,!,!
R72 00308 0061,!,!,!
R72 00308 0062,!,!,!
R72 00602 0080,!,!,!
R72 00602 0081,!,!,!
R72 00602 0082,!,!,!
R72 00602 0083,!,!,!
R72 00602 0084,!,!,!
R72 00602 0085,!,!,!
R72 00602 0086,!,!,!
R72 00602 0087,!,!,!
R72 00602 0088,!,!,!
R72 00602 0089,!,!,!
R72 00602 0090,!,!,!
R72 00602 0091,!,!,!
R72 00602 0092,!,!,!
R72 00602 0093,!,!,!
R72 00602 0094,!,!,!
R72 00602 0095,!,!,!
R72 00609 0003,19670,99740,119410,17000,158880,175880,C0100000
R72 00612 0118,0,0,0,0,0,0,99999999
R72 00701 0027,33660,0,33660,38810,0,38810,3100PATT
R72 00701 0028,32640,0,32640,37830,0,37830,3100PATT
R72 00701 0029,33660,0,33660,38810,0,38810,3100PATT
R72 00701 0030,33660,0,33660,38810,0,38810,3100PATT
R72 00701 0031,32640,0,32640,37830,0,37830,3100PATT
R72 00701 0032,32640,0,32640,37830,0,37830,3100PATT
R72 00701 0033,32640,0,32640,37830,0,37830,3100PATT
R72 00701 0034,32640,0,32640,37830,0,37830,3100PATT
R72 00701 0035,33660,0,33660,38810,0,38810,3100PATT
R72 00701 0036,33660,0,33660,38810,0,38810,3100PATT
R72 00701 0037,32640,0,32640,37830,0,37830,3100PATT
R72 00701 0038,32640,0,32640,37830,0,37830,3100PATT
R72 00701 0039,32640,0,32640,37830,0,37830,3100PATT
R72 00701 0040,32640,0,32640,37830,0,37830,3100PATT
R72 00701 0041,33660,0,33660,38810,0,38810,3100PATT
R72 00701 0042,33660,0,33660,38810,0,38810,3100PATT
R72 00701 0043,32640,0,32640,37830,0,37830,3100PATT
R72 00701 0044,33660,0,33660,38810,0,38810,3100PATT
R72 00701 0045,0,0,0,0,0,0,3100PATT
R72 00710 0033,!,!,!
R72 00710 0034,!,!,!
R72 00710 0035,!,!,!
R72 00710 0036,!,!,!
R72 00710 0037,!,!,!
R72 00710 0038,!,!,!
R72 00710 0039,!,!,!
R72 00710 0040,!,!,!
R72 00710 0041,!,!,!
R72 00710 0042,!,!,!
R72 00710 0043,!,!,!
R72 00710 0044,!,!,!
R72 00710 0045,!,!,!
R72 00710 0046,!,!,!
R72 00710 0047,!,!,!
R72 00710 0048,!,!,!
R72 00710 0049,!,!,!
R72 00710 0050,!,!,!
R72 00710 0051,!,!,!
R72 00710 0052,!,!,!
R72 00710 0053,!,!,!
R72 00710 0054,!,!,!
R72 00710 0055,!,!,!
R72 00710 0056,!,!,!
R72 00710 0057,!,!,!
R72 01010 0054,4330,20990,25320,3180,26570,29750,C0100000
R72 01109 0007,1850,0,1850,1500,0,1500,32010SPR
R72 01109 0008,1850,0,1850,1500,0,1500,32010SPR
R72 01109 0009,4000,0,4000,3200,0,3200,32010SPR
R72 01109 0019,4160,12780,16940,3320,29380,32700,32010SPR
R72 01110 0017,8080,35910,43990,4170,33490,37660,32000SPR
R72 01110 0018,8850,12170,21020,4330,15320,19650,32000SPR
R72 01110 0019,4200,0,4200,780,0,780,32000SPR
R72 01110 0020,8210,30260,38470,4160,8160,12320,32000SPR
R72 01110 0022,8340,26730,35070,4170,21790,25960,32000SPR
R72 01110 0026,3900,0,3900,700,0,700,32000SPR
R72 01110 0027,3040,0,3040,550,0,550,32000SPR
R72 01110 0028,3000,0,3000,540,0,540,32000SPR
R72 01110 0030,6460,31370,37830,3790,26590,30380,32000SPR
R72 01110 0031,8180,43290,51470,4190,23340,27530,32000SPR
R72 01110 0032,6090,18570,24660,3720,16600,20320,32000SPR
R72 01110 0033,2800,0,2800,510,0,510,32000SPR
R72 01110 0034,5360,25290,30650,3600,34890,38490,32000SPR
R72 01110 0035,5770,6740,12510,3670,4650,8320,32000SPR
R72 01110 0038,5120,5880,11000,3550,4110,7660,32000SPR
R72 01110 0039,2760,0,2760,500,0,500,32000SPR
R72 01110 0043,2630,0,2630,480,0,480,32000SPR
R72 01110 0047,3170,0,3170,570,0,570,32000SPR
R72 01110 0049,15520,8380,23900,2300,33300,35600,32000SPR
R72 01205 0055,7900,0,7900,5340,0,5340,32020HIE
R72 01207 0003,15000,31360,46360,10510,42580,53090,32020HIE
R72 01207 0006,15820,37360,53180,11170,17930,29100,32020HIE
R72 01207 0007,17480,20860,38340,12480,43800,56280,32020HIE
R72 01207 0009,3330,0,3330,2370,0,2370,32020HIE
R72 01207 0010,5830,0,5830,4150,0,4150,32020HIE
R72 01207 0011,5830,0,5830,4150,0,4150,32020HIE
R72 01207 0012,14000,0,14000,11830,5490,17320,32020HIE
R72 01207 0013,16650,39510,56160,11830,40850,52680,32020HIE
R72 01207 0014,16650,38200,54850,11830,35080,46910,32020HIE
R72 01207 0015,16650,21310,37960,11830,30970,42800,32020HIE
R72 01207 0016,16650,19070,35720,11830,29840,41670,32020HIE
R72 01207 0017,2080,0,2080,1480,0,1480,32020HIE
R72 01207 0036,18530,11850,30380,13430,14350,27780,32020HIE
R72 01207 0037,17100,18750,35850,12260,36330,48590,32020HIE
R72 01207 0038,17100,21450,38550,12260,21240,33500,32020HIE
R72 01207 0039,17100,18290,35390,12260,36300,48560,32020HIE
R72 01207 0040,17100,34900,52000,12260,39810,52070,32020HIE
R72 01207 0041,5990,0,5990,4300,0,4300,32020HIE
R72 01207 0042,15500,25410,40910,10860,12080,22940,32020HIE
R72 01207 0043,13750,21670,35420,9640,36170,45810,32020HIE
R72 01207 0046,13750,20820,34570,9640,11550,21190,32020HIE
R72 01207 0048,13500,11870,25370,9460,15340,24800,32020HIE
R72 01207 0051,16830,25830,42660,11830,38820,50650,32020HIE
R72 01207 0056,8780,0,8780,5600,0,5600,32020HIE
R72 01207 0058,15750,22340,38090,11040,42960,54000,32020HIE
R72 01207 0060,16950,27420,44370,12090,28500,40590,32020HIE
R72 01207 0061,16950,15850,32800,12090,28930,41020,32020HIE
R72 01207 0062,25230,24060,49290,17260,39810,57070,32020HIE
R72 01207 0063,16650,16300,32950,11830,32950,44780,32020HIE
R72 01208 0015,2400,0,2400,2400,0,2400,HISTXHUF
R72 01208 0016,4610,0,4610,3150,0,3150,HISTXHUF
R72 01208 0017,7490,0,7490,4730,0,4730,HISTXHUF
R72 01208 0018,4870,0,4870,3410,0,3410,HISTXHUF
R72 01208 0019,14990,30350,45340,10500,59280,69780,HISTXHUF
R72 01208 0020,15150,10730,25880,10500,71420,81920,HISTXHUF
R72 01208 0022,12390,19050,31440,8250,38580,46830,HISTXHUF
R72 01208 0023,13770,19770,33540,9380,43580,52960,HISTXHUF
R72 01208 0024,13770,25660,39430,9380,48400,57780,HISTXHUF
R72 01209 0029,15310,42060,57370,10680,88510,99190,HISTXHUF
R72 01209 0097,7850,0,7850,4990,0,4990,HISTXHUF
R72 01209 0102,9560,32680,42240,6230,65020,71250,HISTXHUF
R72 01209 0103,11910,7660,19570,7910,51720,59630,HISTXHUF
R72 01307 0028,2730,0,2730,2050,0,2050,32000HIE
R72 01307 0029,8270,24260,32530,4980,71850,76830,32000HIE
R72 01307 0032,4140,0,4140,2260,0,2260,32000HIE
R72 01307 0033,8270,37420,45690,4980,42130,47110,32000HIE
R72 01307 0034,8270,22980,31250,4980,24190,29170,32000HIE
R72 01307 0035,8270,24510,32780,4980,28120,33100,32000HIE
R72 01307 0036,4140,0,4140,2260,0,2260,32000HIE
R72 01307 0037,4140,0,4140,2260,0,2260,32000HIE
R72 01307 0038,8270,17210,25480,4980,16550,21530,32000HIE
R72 01307 0039,8270,24100,32370,4980,20360,25340,32000HIE
R72 01307 0040,8270,32170,40440,4980,26970,31950,32000HIE
R72 01307 0041,8270,16220,24490,4980,23580,28560,32000HIE
R72 01307 0042,4130,52320,56450,2490,79780,82270,32000HIE
R72 01308 0060,4930,0,4930,2780,0,2780,32000HIE
R72 01308 0062,4370,0,4370,2430,0,2430,32000HIE
R72 01308 0063,5590,24060,29650,3400,22840,26240,32000HIE
R72 01308 0064,9660,0,9660,2260,0,2260,32000HIE
R72 01308 0065,1570,0,1570,120,0,120,32000HIE
R72 01308 0068,8270,25220,33490,4980,18660,23640,32000HIE
R72 01308 0069,4140,0,4140,2260,0,2260,32000HIE
R72 01308 0070,4140,0,4140,2260,0,2260,32000HIE
R72 01308 0071,8270,49390,57660,4980,47770,52750,32000HIE
R72 01308 0072,8140,26600,34740,4890,31020,35910,32000HIE
R72 01308 0073,8270,30820,39090,4980,25210,30190,32000HIE
R72 01308 0074,9060,30820,39880,5480,31690,37170,32000HIE
R72 01308 0075,9060,21690,30750,5480,36960,42440,32000HIE
R72 01308 0076,4140,0,4140,2260,0,2260,32000HIE
R72 01308 0077,8270,38370,46640,4980,46490,51470,32000HIE
R72 01308 0078,8270,42220,50490,4980,46010,50990,32000HIE
R72 01308 0079,0,0,0,1900,0,1900,32000HIE
R72 01309 0002,8270,18100,26370,4980,20510,25490,32000HIE
R72 01309 0005,8270,29510,37780,4980,32830,37810,32000HIE
R72 01309 0006,8270,22910,31180,4980,26040,31020,32000HIE
R72 01309 0007,8270,27400,35670,4980,26860,31840,32000HIE
R72 01309 0008,8270,37600,45870,4980,38990,43970,32000HIE
R72 01309 0009,8270,30750,39020,4980,33530,38510,32000HIE
R72 01309 0010,8270,32130,40400,4980,40150,45130,32000HIE
R72 01309 0011,8270,30410,38680,4980,66170,71150,32000HIE
R72 01309 0012,8270,30200,38470,2510,0,2510,32000HIE
R72 01309 0015,4100,18110,22210,2480,9970,12450,32000HIE
R72 01309 0017,8740,22390,31130,5350,70190,75540,32000HIE
R72 01309 0020,10550,24440,34990,6580,11390,17970,32000HIE
R72 01309 0022,8460,25010,33470,5160,29470,34630,32000HIE
R72 01309 0025,7880,25780,33660,4730,9340,14070,32000HIE
R72 01309 0026,8660,29460,38120,5230,29610,34840,32000HIE
R72 01309 0028,7950,28040,35990,4790,28830,33620,32000HIE
R72 01309 0029,4140,0,4140,2260,0,2260,32000HIE
R72 01309 0030,8270,29400,37670,4980,50380,55360,32000HIE
R72 01309 0031,8270,14910,23180,4980,31530,36510,32000HIE
R72 01309 0032,8270,7570,15840,4980,34290,39270,32000HIE
R72 01309 0033,8270,29270,37540,4980,50460,55440,32000HIE
R72 01309 0034,4140,0,4140,2260,0,2260,32000HIE
R72 01309 0035,1380,0,1380,260,0,260,32000HIE
R72 01309 0036,9060,23280,32340,5480,39450,44930,32000HIE
R72 01309 0037,8270,35860,44130,4980,38910,43890,32000HIE
R72 01309 0038,8270,16490,24760,4980,57730,62710,32000HIE
R72 01309 0039,6930,28090,35020,4140,41990,46130,32000HIE
R72 01309 0040,8270,24450,32720,4980,27260,32240,32000HIE
R72 01309 0041,8270,24980,33250,4980,25200,30180,32000HIE
R72 01309 0042,8270,35000,43270,4980,7800,12780,32000HIE
R72 01309 0043,3800,0,3800,2310,0,2310,32000HIE
R72 01309 0044,8930,29040,37970,5390,27550,32940,32000HIE
R72 01309 0045,8270,24190,32460,4980,21560,26540,32000HIE
R72 01309 0046,10110,16520,26630,6140,50380,56520,32000HIE
R72 01309 0048,9190,13890,23080,2530,0,2530,32000HIE
R72 01309 0050,4930,0,4930,2720,0,2720,32000HIE
R72 01309 0052,8270,15400,23670,4980,10480,15460,32000HIE
R72 01309 0053,8270,25740,34010,4980,36690,41670,32000HIE
R72 01309 0054,3520,8720,12240,2130,7680,9810,32000HIE
R72 01309 0055,8270,26840,35110,4980,32320,37300,32000HIE
R72 01309 0065,8270,22720,30990,2260,0,2260,32000HIE
R72 01309 0068,8270,27170,35440,4980,4410,9390,32000HIE
R72 01309 0069,8270,33430,41700,4980,30640,35620,32000HIE
R72 01309 0072,6830,19410,26240,2050,0,2050,32000HIE
R72 01309 0074,6830,19960,26790,4060,12070,16130,32000HIE
R72 01309 0075,8660,21350,30010,5230,47050,52280,32000HIE
R72 01309 0077,7880,19790,27670,4730,22540,27270,32000HIE
R72 01309 0078,8270,25320,33590,4980,32720,37700,32000HIE
R72 01309 0079,8270,16110,24380,4980,19370,24350,32000HIE
R72 01309 0080,8270,40090,48360,4980,39520,44500,32000HIE
R72 01309 0081,6240,20960,27200,3600,20930,24530,32000HIE
R72 01309 0082,5830,11970,17800,3600,8990,12590,32000HIE
R72 01309 0084,2450,0,2450,1510,0,1510,32000HIE
R72 01309 0085,2500,0,2500,1540,0,1540,32000HIE
R72 01309 0086,2280,0,2280,1380,0,1380,32000HIE
R72 01310 0002,8270,29970,38240,4980,20910,25890,32000HIE
R72 01310 0003,8270,28870,37140,4980,29860,34840,32000HIE
R72 01310 0004,8270,20290,28560,4980,31070,36050,32000HIE
R72 01310 0005,8270,23560,31830,4980,18520,23500,32000HIE
R72 01310 0006,4140,0,4140,2260,0,2260,32000HIE
R72 01310 0007,4140,0,4140,2260,0,2260,32000HIE
R72 01310 0008,8270,35300,43570,4980,28630,33610,32000HIE
R72 01310 0009,8270,25650,33920,4980,20980,25960,32000HIE
R72 01310 0010,8270,24930,33200,4980,21560,26540,32000HIE
R72 01310 0011,8270,21500,29770,4980,11150,16130,32000HIE
R72 01310 0012,8270,26160,34430,4980,0,4980,32000HIE
R72 01310 0013,8270,5090,13360,4980,10030,15010,32000HIE
R72 01310 0014,8270,27340,35610,4980,21070,26050,32000HIE
R72 01310 0015,8530,45270,53800,5140,54490,59630,32000HIE
R72 01310 0028,2670,3470,6140,1600,2310,3910,32000HIE
R72 01310 0029,8270,27910,36180,4980,47120,52100,32000HIE
R72 01310 0030,6960,6220,13180,4140,21150,25290,32000HIE
R72 01310 0031,6830,25660,32490,1840,0,1840,32000HIE
R72 01310 0032,6830,22590,29420,1840,0,1840,32000HIE
R72 01310 0033,8270,25250,33520,4980,20680,25660,32000HIE
R72 01310 0034,8270,30650,38920,4980,34240,39220,32000HIE
R72 01310 0035,4140,0,4140,2260,0,2260,32000HIE
R72 01310 0036,8270,29500,37770,4980,39640,44620,32000HIE
R72 01310 0037,8270,6850,15120,4980,18220,23200,32000HIE
R72 01310 0038,8270,22130,30400,4980,27430,32410,32000HIE
R72 01310 0039,4140,0,4140,2260,0,2260,32000HIE
R72 01310 0040,4140,0,4140,2260,0,2260,32000HIE
R72 01310 0041,7880,22180,30060,4730,46100,50830,32000HIE
R72 01310 0042,4330,0,4330,2370,0,2370,32000HIE
R72 01310 0043,8270,28370,36640,4980,21860,26840,32000HIE
R72 01310 0044,8270,19210,27480,4980,124650,129630,32000HIE
R72 01310 0045,8270,34730,43000,4980,47430,52410,32000HIE
R72 01310 0046,8270,34820,43090,4980,37810,42790,32000HIE
R72 01310 0047,8270,25310,33580,4980,40770,45750,32000HIE
R72 01310 0048,8270,37760,46030,4980,37570,42550,32000HIE
R72 01310 0050,8270,21440,29710,4980,31420,36400,32000HIE
R72 01310 0051,4140,0,4140,2260,0,2260,32000HIE
R72 01310 0052,8270,31330,39600,4980,29770,34750,32000HIE
R72 01310 0053,4140,0,4140,2260,0,2260,32000HIE
R72 01310 0055,8270,12140,20410,4980,0,4980,32000HIE
R72 01310 0056,8270,23420,31690,4980,34270,39250,32000HIE
R72 01310 0057,4140,0,4140,2260,0,2260,32000HIE
R72 01310 0058,8270,29430,37700,4980,30630,35610,32000HIE
R72 01310 0059,8270,30570,38840,4980,30190,35170,32000HIE
R72 01310 0060,6620,20550,27170,3960,18660,22620,32000HIE
R72 01310 0061,6480,27020,33500,3690,26090,29780,32000HIE
R72 01310 0063,2400,0,2400,2400,0,2400,32000HIE
R72 01310 0066,10930,35260,46190,3800,0,3800,32000HIE
R72 01310 0069,5280,0,5280,2880,0,2880,32000HIE
R72 01310 0070,2840,0,2840,1610,0,1610,32000HIE
R72 01310 0071,6140,32810,38950,3750,0,3750,32000HIE
R72 01310 0072,1610,0,1610,960,0,960,32000HIE
R72 01310 0073,5570,27600,33170,3450,36450,39900,32000HIE
R72 01310 0074,6930,30250,37180,4140,34070,38210,32000HIE
R72 01310 0075,7250,26120,33370,4330,11450,15780,32000HIE
R72 01310 0076,7560,26120,33680,4520,32540,37060,32000HIE
R72 01310 0077,7880,26250,34130,4710,11550,16260,32000HIE
R72 01502 0009,22440,56470,78910,35680,26770,62450,HISTXORE
R72 01504 0045,12130,38720,50850,13320,41450,54770,11000SOP
R72 01504 0046,12920,32730,45650,14230,36930,51160,11000SOP
R72 01504 0047,12920,46280,59200,14230,23280,37510,11000SOP
R72 01504 0048,12130,35690,47820,13320,41340,54660,11000SOP
R72 01504 0049,12130,57340,69470,12110,43100,55210,11000SOP
R72 01504 0050,12130,30160,42290,13320,36320,49640,11000SOP
R72 01504 0052,12130,27600,39730,13320,34340,47660,11000SOP
R72 01504 0054,11340,6310,17650,12410,15840,28250,11000SOP
R72 01504 0055,11180,31110,42290,12220,4980,17200,11000SOP
R72 01504 0056,9630,21380,31010,10700,17560,28260,11000SOP
R72 01504 0057,4880,0,4880,4900,0,4900,11000SOP
R72 01504 0058,10720,6170,16890,11740,20120,31860,11000SOP
R72 01504 0059,10860,4270,15130,11890,4960,16850,11000SOP
R72 01505 0030,11500,33810,45310,12590,38550,51140,11000SOP
R72 01505 0031,11040,45530,56570,12100,56920,69020,11000SOP
R72 01505 0033,4160,0,4160,4410,0,4410,11000SOP
R72 01505 0036,9520,15670,25190,10580,2610,13190,11000SOP
R72 01711 0048,18730,39070,57800,18730,39710,58440,C4000000
R72 01801 0013,10510,63110,73620,11590,62390,73980,11000SOP
R72 01803 0015,10500,38310,48810,11590,30340,41930,11000SOP
R72 01803 0016,10500,31710,42210,11590,28840,40430,11000SOP
R72 01803 0019,12130,33770,45900,13320,28380,41700,11000SOP
R72 01803 0068,11660,26520,38180,12740,26860,39600,11000SOP
R72 01803 0069,11660,500,12160,12740,2150,14890,11000SOP
R72 01803 0070,11660,39810,51470,12740,34180,46920,11000SOP
R72 01803 0073,19200,0,19200,5260,0,5260,11000SOP
R72 01803 0074,10370,43470,53840,11390,39080,50470,11000SOP
R72 01803 0075,12820,27500,40320,13950,35050,49000,11000SOP
R72 01804 0023,11500,27090,38590,12570,17840,30410,11000SOP
R72 01804 0024,11500,9350,20850,12570,15890,28460,11000SOP
R72 01804 0025,11500,26940,38440,12570,48360,60930,11000SOP
R72 01804 0026,10410,27210,37620,11450,17490,28940,11000SOP
R72 01804 0029,9880,32640,42520,10940,28460,39400,11000SOP
R72 01804 0032,4940,0,4940,4940,0,4940,11000SOP
R72 01804 0035,9880,26370,36250,10940,9250,20190,11000SOP
R72 01804 0038,5830,0,5830,5780,0,5780,11000SOP
R72 01804 0039,11670,18670,30340,12810,61890,74700,11000SOP
R72 01804 0040,11670,16460,28130,12810,10810,23620,11000SOP
R72 01804 0042,11670,30260,41930,12810,62900,75710,11000SOP
R72 01804 0043,11670,29210,40880,12810,59120,71930,11000SOP
R72 01804 0044,11670,21850,33520,12810,19070,31880,11000SOP
R72 01804 0045,11670,34260,45930,12810,58860,71670,11000SOP
R72 01804 0046,4670,0,4670,5140,0,5140,11000SOP
R72 01804 0047,11670,56720,68390,12810,47940,60750,11000SOP
R72 01804 0048,11670,33290,44960,12810,36340,49150,11000SOP
R72 01804 0049,8320,31560,39880,9760,33980,43740,11000SOP
R72 01804 0050,9070,20630,29700,10240,17620,27860,11000SOP
R72 01804 0051,3890,0,3890,4350,0,4350,11000SOP
R72 01804 0052,10370,19890,30260,11390,31890,43280,11000SOP
R72 01804 0053,10050,24170,34220,11080,16380,27460,11000SOP
R72 01804 0054,12240,41590,53830,13470,53180,66650,11000SOP
R72 01804 0056,11770,42540,54310,12850,20650,33500,11000SOP
R72 01804 0059,11470,40270,51740,12660,33700,46360,11000SOP
R72 01804 0060,9700,26880,36580,10740,20730,31470,11000SOP
R72 01804 0061,10880,16200,27080,11920,27010,38930,11000SOP
R72 01804 0062,5040,0,5040,5060,0,5060,11000SOP
R72 01804 0063,9720,0,9720,10920,0,10920,11000SOP
R72 01804 0064,5210,0,5210,5180,0,5180,11000SOP
R72 01804 0111,0,0,0,0,0,0,99999999
R72 01806 0001,11670,31340,43010,12810,39460,52270,11000SOP
R72 01806 0002,11670,32580,44250,12810,43830,56640,11000SOP
R72 01806 0003,10800,12510,23310,11220,31510,42730,11000SOP
R72 01806 0004,10910,31180,42090,11960,35920,47880,11000SOP
R72 01806 0005,4810,0,4810,4930,0,4930,11000SOP
R72 01806 0006,6650,0,6650,7830,0,7830,11000SOP
R72 01806 0007,4970,0,4970,5010,0,5010,11000SOP
R72 01807 0001,11520,38450,49970,12590,66320,78910,11000SOP
R72 01807 0002,11520,31730,43250,12590,39850,52440,11000SOP
R72 01807 0004,11520,18940,30460,12590,12890,25480,11000SOP
R72 01807 0005,11520,42550,54070,12590,52830,65420,11000SOP
R72 01807 0006,11520,55340,66860,12590,47640,60230,11000SOP
R72 01807 0007,8640,6750,15390,9580,19580,29160,11000SOP
R72 01807 0009,8930,28250,37180,9890,35110,45000,11000SOP
R72 01807 0010,8350,12810,21160,9280,15700,24980,11000SOP
R72 01807 0038,12130,17880,30010,13320,22490,35810,11000SOP
R72 01808 0014,11590,35190,46780,12710,29900,42610,11000SOP
R72 01808 0017,11740,33970,45710,12890,40760,53650,11000SOP
R72 01808 0023,3510,0,3510,0,0,0,11000SOP
R72 01808 0027,5120,0,5120,0,0,0,11000SOP
R72 01808 0028,5120,0,5120,0,0,0,11000SOP
R72 01808 0029,14180,12530,26710,15680,12390,28070,11000SOP
R72 01808 0034,13390,14280,27670,15050,104260,119310,11000SOP
R72 01808 0042,12540,39430,51970,11140,0,11140,11000SOP
R72 01808 0043,14850,166740,181590,16790,211660,228450,11000SOP
R72 01808 0063,!,!,!
R72 01808 0064,!,!,!
R72 01808 0066,!,!,!
R72 01809 0004,12050,17720,29770,3330,0,3330,11000SOP
R72 01809 0005,12590,32240,44830,14090,35460,49550,11000SOP
R72 01809 0006,6520,0,6520,6750,0,6750,11000SOP
R72 01809 0007,6680,0,6680,7120,0,7120,11000SOP
R72 01809 0008,6730,0,6730,7490,0,7490,11000SOP
R72 01809 0009,6730,0,6730,7460,0,7460,11000SOP
R72 01809 0011,6700,0,6700,7260,0,7260,11000SOP
R72 01809 0012,13020,18770,31790,9600,33910,43510,11000SOP
R72 01809 0013,6640,0,6640,6690,0,6690,11000SOP
R72 01809 0016,11090,4060,15150,12070,15380,27450,11000SOP
R72 01809 0017,12150,4930,17080,13410,7300,20710,11000SOP
R72 01809 0018,6020,0,6020,5990,9360,15350,11000SOP
R72 01809 0019,11550,42250,53800,12580,17680,30260,11000SOP
R72 01809 0020,6210,0,6210,6160,0,6160,11000SOP
R72 01809 0022,11720,42640,54360,12860,50890,63750,11000SOP
R72 01809 0023,11610,39400,51010,12720,8140,20860,11000SOP
R72 01809 0041,14190,38510,52700,15910,30390,46300,11000SOP
R72 01809 0043,11550,37080,48630,12660,25260,37920,11000SOP
R72 01809 0044,1880,0,1880,2060,0,2060,11000SOP
R72 01809 0070,5270,0,5270,1160,0,1160,11000SOP
R72 01809 0071,5990,9390,15380,6640,7020,13660,11000SOP
R72 01809 0072,12600,33540,46140,13970,9000,22970,11000SOP
R72 01809 0073,!,!,!
R72 01810 0005,13440,46020,59460,14510,76360,90870,11000SOP
R72 01810 0006,9270,33930,43200,9910,28630,38540,11000SOP
R72 01810 0007,10420,40410,50830,11180,55720,66900,11000SOP
R72 01810 0009,11030,30430,41460,12130,35550,47680,11000SOP
R72 01810 0020,8830,33000,41830,9850,111320,121170,11000SOP
R72 01810 0027,4320,0,4320,1000,0,1000,11000SOP
R72 01810 0028,4320,0,4320,1210,1680,2890,11000SOP
R72 01810 0029,8640,4510,13150,9610,12400,22010,11000SOP
R72 01810 0031,9110,29220,38330,10100,12430,22530,11000SOP
R72 01810 0032,10510,31760,42270,11590,27990,39580,11000SOP
R72 01810 0038,8640,0,8640,1420,0,1420,11000SOP
R72 01810 0040,6590,27080,33670,7170,23770,30940,11000SOP
R72 01810 0041,4630,0,4630,4610,0,4610,11000SOP
R72 01810 0042,5090,0,5090,5070,0,5070,11000SOP
R72 01810 0043,9360,21640,31000,10340,44970,55310,11000SOP
R72 01810 0044,9310,25650,34960,10380,17960,28340,11000SOP
R72 01810 0045,4670,0,4670,4710,0,4710,11000SOP
R72 01810 0046,9020,15440,24460,10090,14430,24520,11000SOP
R72 01810 0050,!,!,!
R72 01810 0051,!,!,!
R72 01810 0053,!,!,!
R72 01810 0054,!,!,!
R72 01810 0055,!,!,!
R72 01811 0039,2940,0,2940,3260,0,3260,11000SOP
R72 01811 0049,12680,60620,73300,13680,70920,84600,11000SOP
R72 01811 0050,12680,39920,52600,13680,45970,59650,11000SOP
R72 01811 0052,6340,0,6340,6180,0,6180,11000SOP
R72 01811 0056,4520,0,4520,4590,0,4590,11000SOP
R72 01811 0057,180,0,180,2000,0,2000,11000SOP
R72 01901 0009,11030,0,11030,9860,0,9860,HISTXSPK
R72 01901 0010,9490,0,9490,8250,0,8250,HISTXSPK
R72 01901 0011,10660,0,10660,9420,0,9420,HISTXSPK
R72 01901 0012,10490,0,10490,9260,0,9260,HISTXSPK
R72 01902 0001,11660,0,11660,10460,0,10460,HISTXSPK
R72 01902 0002,23310,38380,61690,23250,89920,113170,HISTXSPK
R72 01902 0003,23980,33480,57460,26400,0,26400,HISTXSPK
R72 01902 0004,2550,5060,7610,11330,6530,17860,HISTXSPK
R72 01902 0005,3430,0,3430,7790,0,7790,HISTXSPK
R72 01902 0006,24410,8600,33010,24400,57000,81400,HISTXSPK
R72 01902 0007,11700,0,11700,10520,0,10520,HISTXSPK
R72 01902 0008,20980,20570,41550,20630,38920,59550,HISTXSPK
R72 01902 0009,25640,24720,50360,25880,22520,48400,HISTXSPK
R72 01902 0010,27310,4200,31510,27750,121700,149450,HISTXSPK
R72 01902 0011,23980,50440,74420,24000,88790,112790,HISTXSPK
R72 01902 0053,6280,0,6280,6150,0,6150,HISTXSPK
R72 01906 0009,12650,5450,18100,12710,4250,16960,HISTXSPK
R72 01906 0010,12480,0,12480,11340,0,11340,HISTXSPK
R72 01906 0011,13350,32700,46050,13320,66100,79420,HISTXSPK
R72 01906 0040,10820,74670,85490,21530,106610,128140,HISTXSPK
R72 02002 0007,3340,0,3340,3350,0,3350,32000TWI
R72 02002 0008,2640,0,2640,2640,0,2640,32000TWI
R72 02002 0009,4580,0,4580,4150,0,4150,32000TWI
R72 02002 0028,3290,0,3290,2960,0,2960,32000TWI
R72 02002 0029,5460,13640,19100,5740,13160,18900,32000TWI
R72 02002 0030,5730,23220,28950,5930,4390,10320,32000TWI
R72 02002 0037,390,0,390,160,0,160,32000TWI
R72 02002 0038,8270,33060,41330,8270,5500,13770,32000TWI
R72 02002 0039,8270,37680,45950,8270,12840,21110,32000TWI
R72 02002 0040,8270,29720,37990,8270,31050,39320,32000TWI
R72 02002 0041,8270,25150,33420,8270,5990,14260,32000TWI
R72 02002 0043,8270,29380,37650,8270,27880,36150,32000TWI
R72 02002 0044,8270,26760,35030,8270,31500,39770,32000TWI
R72 02002 0045,8270,30600,38870,4140,0,4140,32000TWI
R72 02002 0046,8270,25870,34140,8270,6990,15260,32000TWI
R72 02002 0047,8270,24140,32410,8270,24680,32950,32000TWI
R72 02002 0048,8270,2600,10870,8270,14350,22620,32000TWI
R72 02002 0056,11820,20190,32010,11830,3170,15000,32000TWI
R72 02002 0057,6910,28930,35840,6870,43740,50610,32000TWI
R72 02003 0009,8270,18010,26280,8270,27290,35560,32000TWI
R72 02003 0010,8270,6950,15220,8270,18450,26720,32000TWI
R72 02003 0011,8270,23580,31850,8270,33920,42190,32000TWI
R72 02003 0012,8660,12160,20820,8690,41250,49940,32000TWI
R72 02003 0014,7880,19840,27720,7860,15830,23690,32000TWI
R72 02003 0015,8270,32270,40540,8270,34980,43250,32000TWI
R72 02003 0016,8270,11730,20000,8270,36470,44740,32000TWI
R72 02003 0017,6960,28190,35150,6900,25940,32840,32000TWI
R72 02003 0018,6830,17400,24230,6760,22000,28760,32000TWI
R72 02003 0020,6830,31590,38420,6760,30110,36870,32000TWI
R72 02003 0021,8270,24270,32540,8270,26290,34560,32000TWI
R72 02003 0022,8270,22640,30910,8270,24870,33140,32000TWI
R72 02003 0023,10680,2080,12760,14060,27850,41910,32000TWI
R72 02003 0025,6410,18180,24590,11570,17610,29180,32000TWI
R72 02003 0026,8110,16080,24190,8140,29420,37560,32000TWI
R72 02003 0027,8270,24690,32960,8310,15980,24290,32000TWI
R72 02003 0028,8580,16700,25280,8620,7440,16060,32000TWI
R72 02003 0029,8660,30810,39470,8790,43410,52200,32000TWI
R72 02003 0030,9300,30030,39330,9340,33610,42950,32000TWI
R72 02003 0031,3070,0,3070,2680,0,2680,32000TWI
R72 02003 0035,4140,0,4140,3720,0,3720,32000TWI
R72 02003 0036,8270,31360,39630,8270,37310,45580,32000TWI
R72 02003 0037,8270,31930,40200,8270,37730,46000,32000TWI
R72 02003 0038,8270,23350,31620,8270,28990,37260,32000TWI
R72 02003 0039,8270,8440,16710,8270,29860,38130,32000TWI
R72 02003 0040,8270,17030,25300,8270,10990,19260,32000TWI
R72 02003 0041,8270,13320,21590,8270,5470,13740,32000TWI
R72 02003 0042,8270,23670,31940,8270,28950,37220,32000TWI
R72 02003 0043,8400,2920,11320,8410,28310,36720,32000TWI
R72 02003 0057,7590,34120,41710,7390,19120,26510,32000TWI
R72 02003 0059,2810,0,2810,2650,0,2650,32000TWI
R72 02004 0006,8910,22320,31230,8990,23060,32050,32000TWI
R72 02004 0007,8780,26010,34790,8840,22280,31120,32000TWI
R72 02004 0008,8780,33340,42120,8840,37400,46240,32000TWI
R72 02004 0009,8780,30350,39130,8840,33280,42120,32000TWI
R72 02004 0010,8780,4520,13300,4420,0,4420,32000TWI
R72 02004 0011,13500,16370,29870,13940,7290,21230,32000TWI
R72 02004 0012,4050,0,4050,3650,0,3650,32000TWI
R72 02004 0013,8100,30410,38510,8110,29150,37260,32000TWI
R72 02004 0014,8100,33420,41520,8110,36900,45010,32000TWI
R72 02004 0016,4250,0,4250,3850,0,3850,32000TWI
R72 02004 0017,10400,31550,41950,10590,14370,24960,32000TWI
R72 02004 0021,8960,27970,36930,9120,25480,34600,32000TWI
R72 02004 0022,9280,27280,36560,9360,13000,22360,32000TWI
R72 02004 0023,7670,31350,39020,7660,32090,39750,32000TWI
R72 02004 0024,10560,14090,24650,10610,14920,25530,32000TWI
R72 02004 0025,6190,5920,12110,3100,0,3100,32000TWI
R72 02004 0026,11000,39700,50700,11040,55730,66770,32000TWI
R72 02004 0031,8030,24310,32340,8070,26930,35000,32000TWI
R72 02004 0032,4150,0,4150,3750,0,3750,32000TWI
R72 02004 0033,6090,18450,24540,3110,0,3110,32000TWI
R72 02004 0034,5610,19880,25490,5860,0,5860,32000TWI
R72 02004 0035,8290,23760,32050,8330,27000,35330,32000TWI
R72 02004 0036,8540,26590,35130,8590,0,8590,32000TWI
R72 02004 0038,6160,31250,37410,6250,11320,17570,32000TWI
R72 02004 0040,8290,16380,24670,8330,9040,17370,32000TWI
R72 02004 0042,5440,28710,34150,2870,0,2870,32000TWI
R72 02004 0043,5440,22800,28240,2590,0,2590,32000TWI
R72 02004 0044,5850,38930,44780,6040,40370,46410,32000TWI
R72 02004 0045,5850,14740,20590,6040,27970,34010,32000TWI
R72 02004 0046,5850,20300,26150,6040,8410,14450,32000TWI
R72 02004 0047,5850,7200,13050,6040,3780,9820,32000TWI
R72 02004 0048,2030,0,2030,2240,0,2240,32000TWI
R72 02004 0049,4770,14440,19210,5250,19100,24350,32000TWI
R72 02004 0050,4770,21040,25810,5250,7520,12770,32000TWI
R72 02004 0051,4770,19040,23810,5270,20130,25400,32000TWI
R72 02004 0052,5310,16410,21720,5670,20920,26590,32000TWI
R72 02004 0053,5310,24930,30240,5640,25390,31030,32000TWI
R72 02004 0064,5360,20980,26340,5690,0,5690,32000TWI
R72 02004 0065,6160,33380,39540,6250,31010,37260,32000TWI
R72 02004 0067,7200,24660,31860,7130,38470,45600,32000TWI
R72 02004 0069,!,!,!
R72 02005 0003,7050,22430,29480,7060,27810,34870,32000TWI
R72 02005 0005,7880,28220,36100,7820,33180,41000,32000TWI
R72 02005 0007,7640,21460,29100,7600,21620,29220,32000TWI
R72 02005 0037,8780,30760,39540,8880,42280,51160,32000TWI
R72 02005 0038,8780,22850,31630,8880,22950,31830,32000TWI
R72 02005 0039,8780,17000,25780,8880,18360,27240,32000TWI
R72 02005 0040,8780,23670,32450,4440,0,4440,32000TWI
R72 02005 0041,8780,30720,39500,7080,0,7080,32000TWI
R72 02005 0042,8780,19250,28030,8880,8370,17250,32000TWI
R72 02005 0043,8780,20470,29250,8880,15540,24420,32000TWI
R72 02005 0044,8780,33470,42250,4440,0,4440,32000TWI
R72 02005 0045,8780,16590,25370,8880,11340,20220,32000TWI
R72 02005 0046,4390,0,4390,8880,0,8880,32000TWI
R72 02005 0047,8780,19460,28240,8880,13940,22820,32000TWI
R72 02005 0048,8780,21480,30260,8880,28650,37530,32000TWI
R72 02005 0049,8780,18930,27710,8880,13390,22270,32000TWI
R72 02005 0050,9200,26370,35570,9580,45360,54940,32000TWI
R72 02005 0051,9120,3420,12540,2720,0,2720,C4002000
R72 02005 0052,9490,60170,69660,3140,0,3140,C4002000
R72 02005 0053,8880,9070,17950,2530,0,2530,C4002000
R72 02006 0019,6620,19450,26070,6590,31680,38270,32000TWI
R72 02006 0020,2230,22970,25200,1360,15750,17110,32000TWI
R72 02006 0022,10340,31200,41540,10750,30850,41600,32000TWI
R72 02006 0023,3280,0,3280,2920,0,2920,32000TWI
R72 02006 0042,8270,30160,38430,8270,38830,47100,32000TWI
R72 02006 0043,8270,25170,33440,8270,32200,40470,32000TWI
R72 02006 0044,8270,29060,37330,8270,31120,39390,32000TWI
R72 02006 0045,8270,24080,32350,8270,61980,70250,32000TWI
R72 02006 0046,8820,27250,36070,8960,46120,55080,32000TWI
R72 02006 0047,8270,25350,33620,8310,26590,34900,32000TWI
R72 02006 0048,8270,22580,30850,8270,39850,48120,32000TWI
R72 02006 0049,8270,28320,36590,8270,29060,37330,32000TWI
R72 02006 0050,8270,0,8270,8270,89670,97940,32000TWI
R72 02006 0051,7350,7920,15270,7310,13430,20740,32000TWI
R72 02006 0065,5080,0,5080,4530,0,4530,32000TWI
R72 02007 0015,10710,4780,15490,8560,10810,19370,C4002000
R72 02007 0033,8270,26470,34740,8270,29520,37790,32000TWI
R72 02007 0034,8270,15620,23890,8270,19170,27440,32000TWI
R72 02007 0035,8270,32350,40620,8270,37340,45610,32000TWI
R72 02007 0036,8270,30600,38870,8270,81570,89840,32000TWI
R72 02007 0037,8270,0,8270,8270,0,8270,32000TWI
R72 02007 0038,8930,47720,56650,8960,30810,39770,32000TWI
R72 02007 0039,8930,0,8930,8960,0,8960,32000TWI
R72 02007 0041,8270,30400,38670,8270,44990,53260,32000TWI
R72 02007 0042,8270,45990,54260,8270,59760,68030,32000TWI
R72 02007 0056,8270,31650,39920,8270,23340,31610,32000TWI
R72 02007 0057,8270,17650,25920,8270,17510,25780,32000TWI
R72 02007 0058,3520,0,3520,3520,0,3520,32000TWI
R72 02007 0059,8270,29350,37620,8270,21010,29280,32000TWI
R72 02007 0060,8270,31490,39760,8270,30810,39080,32000TWI
R72 02007 0061,7880,27610,35490,7860,52860,60720,32000TWI
R72 02007 0062,8660,47350,56010,8690,50150,58840,32000TWI
R72 02007 0064,8270,22520,30790,8270,18870,27140,32000TWI
R72 02009 0009,9570,18010,27580,4890,0,4890,32000TWI
R72 02009 0013,18330,0,18330,8940,0,8940,32000TWI
R72 02009 0014,8880,29390,38270,4470,2260,6730,32000TWI
R72 02009 0015,4450,0,4450,4470,0,4470,32000TWI
R72 02009 0016,8880,21910,30790,8940,20930,29870,32000TWI
R72 02009 0017,8880,25690,34570,8940,23230,32170,32000TWI
R72 02009 0018,8880,20900,29780,8940,20880,29820,32000TWI
R72 02101 0007,12370,28500,40870,7510,0,7510,32000HIE
R72 02101 0008,4690,0,4690,2590,0,2590,32000HIE
R72 02101 0010,6100,22450,28550,3740,12580,16320,32000HIE
R72 02101 0011,2630,0,2630,1590,0,1590,32000HIE
R72 02101 0013,9910,39720,49630,6060,42650,48710,32000HIE
R72 02101 0016,9610,27220,36830,5770,27920,33690,32000HIE
R72 02101 0017,9450,22540,31990,6220,27720,33940,32000HIE
R72 02101 0018,9290,18830,28120,6020,17810,23830,32000HIE
R72 02101 0019,9140,24620,33760,5810,27420,33230,32000HIE
R72 02101 0020,8980,33550,42530,5600,34230,39830,32000HIE
R72 02101 0021,8820,26590,35410,5390,28480,33870,32000HIE
R72 02101 0022,8580,24930,33510,5180,32770,37950,32000HIE
R72 02101 0023,6740,19300,26040,4030,21480,25510,32000HIE
R72 02101 0024,2430,0,2430,1480,0,1480,32000HIE
R72 02101 0025,5400,22480,27880,3420,16080,19500,32000HIE
R72 02101 0027,8190,21270,29460,4930,22040,26970,32000HIE
R72 02101 0028,8190,31190,39380,4930,35970,40900,32000HIE
R72 02101 0029,8190,30300,38490,4930,35810,40740,32000HIE
R72 02101 0031,8190,27590,35780,4930,34020,38950,32000HIE
R72 02101 0032,8190,19980,28170,4930,20680,25610,32000HIE
R72 02101 0033,8190,6240,14430,4930,26220,31150,32000HIE
R72 02101 0034,7150,18210,25360,4280,16840,21120,32000HIE
R72 02101 0035,7150,21860,29010,4280,27020,31300,32000HIE
R72 02101 0037,10400,34010,44410,6330,59440,65770,32000HIE
R72 02101 0039,8190,26540,34730,4930,34510,39440,32000HIE
R72 02101 0041,4210,0,4210,2320,0,2320,32000HIE
R72 02101 0042,8430,31970,40400,5100,32090,37190,32000HIE
R72 02101 0043,4290,0,4290,2200,0,2200,32000HIE
R72 02101 0044,3420,0,3420,1850,0,1850,32000HIE
R72 02101 0045,8580,23510,32090,5180,21590,26770,32000HIE
R72 02101 0047,8190,26440,34630,4930,34110,39040,32000HIE
R72 02101 0048,8190,22340,30530,4930,25090,30020,32000HIE
R72 02101 0049,8190,24080,32270,4930,38390,43320,32000HIE
R72 02101 0050,8190,15540,23730,4930,45230,50160,32000HIE
R72 02101 0051,8190,28150,36340,4930,15450,20380,32000HIE
R72 02101 0052,8190,38320,46510,4930,39770,44700,32000HIE
R72 02101 0053,8190,19530,27720,4930,53410,58340,32000HIE
R72 02101 0054,8190,31570,39760,4930,8730,13660,32000HIE
R72 02101 0055,8450,37350,45800,5100,43610,48710,32000HIE
R72 02101 0057,8010,40120,48130,4810,43210,48020,32000HIE
R72 02101 0058,8190,28560,36750,4930,31900,36830,32000HIE
R72 02101 0059,6220,31030,37250,3790,34000,37790,32000HIE
R72 02101 0060,2770,0,2770,1530,0,1530,32000HIE
R72 02101 0061,8510,29260,37770,4980,30120,35100,32000HIE
R72 02101 0062,8280,20420,28700,4850,19060,23910,32000HIE
R72 02101 0065,8510,19300,27810,4980,0,4980,32000HIE
R72 02101 0068,4100,0,4100,2240,0,2240,32000HIE
R72 02101 0069,4100,0,4100,2240,0,2240,32000HIE
R72 02101 0070,8190,20490,28680,4930,18870,23800,32000HIE
R72 02101 0071,4100,0,4100,2240,0,2240,32000HIE
R72 02101 0072,1590,0,1590,940,0,940,32000HIE
R72 02101 0073,7800,24650,32450,4690,32910,37600,32000HIE
R72 02101 0075,7150,28840,35990,4280,31500,35780,32000HIE
R72 02101 0076,8350,21970,30320,5020,41830,46850,32000HIE
R72 02101 0078,7720,32420,40140,4620,36150,40770,32000HIE
R72 02101 0079,7400,19820,27220,4440,22530,26970,32000HIE
R72 02102 0003,10150,31350,41500,6520,51850,58370,32000HIE
R72 02102 0005,8910,10020,18930,5560,38160,43720,32000HIE
R72 02102 0006,8840,21490,30330,5460,12930,18390,32000HIE
R72 02102 0009,8260,21460,29720,5030,22680,27710,32000HIE
R72 02102 0011,8110,18800,26910,4900,15410,20310,32000HIE
R72 02102 0013,3880,0,3880,2110,0,2110,32000HIE
R72 02102 0016,7760,21410,29170,3720,0,3720,32000HIE
R72 02102 0018,7740,21620,29360,4640,22590,27230,32000HIE
R72 02102 0020,6950,23320,30270,4150,17690,21840,32000HIE
R72 02102 0022,7450,23190,30640,4460,12950,17410,32000HIE
R72 02102 0024,7180,17170,24350,4300,21070,25370,32000HIE
R72 02102 0026,7150,20690,27840,4280,18890,23170,32000HIE
R72 02102 0028,3260,0,3260,1780,0,1780,32000HIE
R72 02102 0029,1560,0,1560,930,0,930,32000HIE
R72 02102 0030,6280,18790,25070,3820,34120,37940,32000HIE
R72 02102 0031,3800,0,3800,2060,0,2060,32000HIE
R72 02102 0032,3800,0,3800,2070,0,2070,32000HIE
R72 02102 0033,3910,0,3910,2130,0,2130,32000HIE
R72 02102 0034,7910,24500,32410,4770,23380,28150,32000HIE
R72 02102 0035,2410,0,2410,1430,0,1430,32000HIE
R72 02102 0036,8220,31840,40060,4930,41350,46280,32000HIE
R72 02102 0037,1100,0,1100,640,0,640,32000HIE
R72 02102 0038,8580,18420,27000,5180,31780,36960,32000HIE
R72 02102 0039,7770,22030,29800,4650,0,4650,32000HIE
R72 02102 0040,8680,14210,22890,2670,0,2670,32000HIE
R72 02102 0042,7630,20450,28080,2310,0,2310,32000HIE
R72 02102 0044,7060,19750,26810,2120,0,2120,32000HIE
R72 02102 0046,7410,17300,24710,2240,0,2240,32000HIE
R72 02102 0047,9060,11790,20850,5640,10120,15760,32000HIE
R72 02102 0050,7690,21900,29590,2310,0,2310,32000HIE
R72 02102 0051,3330,19180,22510,3690,16030,19720,32000HIE
R72 02102 0052,6820,19000,25820,4060,28180,32240,32000HIE
R72 02102 0053,2410,0,2410,1430,0,1430,32000HIE
R72 02103 0022,6820,37980,44800,4070,10930,15000,32000HIE
R72 02103 0023,7200,33410,40610,4310,28660,32970,32000HIE
R72 02103 0024,4080,0,4080,2210,0,2210,32000HIE
R72 02103 0025,5820,0,5820,3090,0,3090,32000HIE
R72 02103 0026,8450,32430,40880,5090,36930,42020,32000HIE
R72 02103 0027,8310,24640,32950,5010,31750,36760,32000HIE
R72 02103 0028,8180,21950,30130,4930,24520,29450,32000HIE
R72 02103 0029,4290,0,4290,2350,0,2350,32000HIE
R72 02103 0031,7770,25060,32830,4650,26660,31310,32000HIE
R72 02103 0032,8180,30890,39070,4920,29300,34220,32000HIE
R72 02103 0033,8180,34150,42330,4920,37530,42450,32000HIE
R72 02103 0035,8450,37800,46250,5090,32930,38020,32000HIE
R72 02103 0036,8450,20400,28850,5090,25140,30230,32000HIE
R72 02103 0037,4480,9470,13950,3690,32240,35930,32000HIE
R72 02103 0038,6910,16560,23470,4110,18340,22450,32000HIE
R72 02103 0039,4570,0,4570,2520,0,2520,32000HIE
R72 02103 0040,8450,26350,34800,5090,26200,31290,32000HIE
R72 02103 0041,8310,23080,31390,5010,26640,31650,32000HIE
R72 02103 0042,8310,27580,35890,5010,24860,29870,32000HIE
R72 02103 0043,8310,27730,36040,5010,32060,37070,32000HIE
R72 02103 0044,8310,29160,37470,5010,27080,32090,32000HIE
R72 02103 0045,8580,13000,21580,5180,19950,25130,32000HIE
R72 02103 0046,8580,21760,30340,5180,19820,25000,32000HIE
R72 02103 0047,8580,17230,25810,5180,28530,33710,32000HIE
R72 02103 0048,8310,21510,29820,5010,20750,25760,32000HIE
R72 02103 0049,4160,0,4160,2270,0,2270,32000HIE
R72 02103 0050,4160,0,4160,2270,0,2270,32000HIE
R72 02103 0051,4220,0,4220,2310,0,2310,32000HIE
R72 02103 0052,4220,0,4220,2310,0,2310,32000HIE
R72 02103 0055,4290,0,4290,2350,0,2350,32000HIE
R72 02103 0056,4220,0,4220,2310,0,2310,32000HIE
R72 02103 0057,8450,29950,38400,5090,34770,39860,32000HIE
R72 02103 0058,8450,27460,35910,5090,24210,29300,32000HIE
R72 02103 0059,8450,35450,43900,5090,21000,26090,32000HIE
R72 02103 0060,4160,0,4160,2270,0,2270,32000HIE
R72 02103 0061,8310,17150,25460,5010,38340,43350,32000HIE
R72 02103 0062,8390,18070,26460,5100,39810,44910,32000HIE
R72 02103 0064,8450,22250,30700,5090,43980,49070,32000HIE
R72 02103 0065,4190,0,4190,2290,0,2290,32000HIE
R72 02103 0066,8450,13690,22140,5090,41470,46560,32000HIE
R72 02103 0067,8450,27860,36310,5090,33940,39030,32000HIE
R72 02103 0068,8450,17230,25680,5090,2960,8050,32000HIE
R72 02103 0069,5590,36490,42080,3400,0,3400,32000HIE
R72 02103 0072,2940,0,2940,1580,0,1580,32000HIE
R72 02104 0002,6110,20830,26940,3620,20830,24450,32000HIE
R72 02104 0003,6110,22390,28500,3620,20250,23870,32000HIE
R72 02104 0004,8190,22410,30600,4930,30390,35320,32000HIE
R72 02104 0005,8190,25210,33400,1990,0,1990,32000HIE
R72 02104 0006,8190,17200,25390,4930,18500,23430,32000HIE
R72 02104 0008,8320,20630,28950,5020,18200,23220,32000HIE
R72 02104 0009,8320,20580,28900,5020,20470,25490,32000HIE
R72 02104 0010,8320,20040,28360,5020,19830,24850,32000HIE
R72 02104 0012,8320,20860,29180,5020,21410,26430,32000HIE
R72 02104 0013,8320,23690,32010,5020,12780,17800,32000HIE
R72 02104 0015,2440,1330,3770,1460,1100,2560,32000HIE
R72 02104 0017,4160,0,4160,2280,0,2280,32000HIE
R72 02104 0018,6240,22050,28290,3710,13550,17260,32000HIE
R72 02104 0019,6490,19930,26420,3880,40410,44290,32000HIE
R72 02104 0025,5830,21090,26920,3570,33580,37150,32000HIE
R72 02104 0037,4160,0,4160,2280,0,2280,32000HIE
R72 02104 0038,8320,31900,40220,5020,52610,57630,32000HIE
R72 02104 0039,8320,24000,32320,5020,26040,31060,32000HIE
R72 02104 0040,8320,35530,43850,5020,21160,26180,32000HIE
R72 02104 0041,8320,26240,34560,5020,34190,39210,32000HIE
R72 02104 0042,8320,36800,45120,5020,37780,42800,32000HIE
R72 02104 0043,8320,26270,34590,2530,0,2530,32000HIE
R72 02104 0044,8320,14220,22540,2530,0,2530,32000HIE
R72 02104 0045,4100,0,4100,2240,0,2240,32000HIE
R72 02104 0046,8190,21580,29770,4930,20380,25310,32000HIE
R72 02104 0047,8190,19790,27980,4930,31680,36610,32000HIE
R72 02104 0048,4100,5340,9440,2490,4700,7190,32000HIE
R72 02104 0049,8190,31930,40120,1990,0,1990,32000HIE
R72 02104 0050,6850,40200,47050,4100,50120,54220,32000HIE
R72 02104 0053,7150,22120,29270,4280,27630,31910,32000HIE
R72 02104 0054,8190,24150,32340,4930,31580,36510,32000HIE
R72 02104 0056,4100,0,4100,2240,0,2240,32000HIE
R72 02104 0057,8190,27050,35240,4930,36260,41190,32000HIE
R72 02104 0058,8320,18980,27300,5020,19620,24640,32000HIE
R72 02104 0059,8320,34450,42770,5020,15810,20830,32000HIE
R72 02104 0060,8320,22020,30340,5020,31570,36590,32000HIE
R72 02104 0061,8320,23880,32200,5020,21610,26630,32000HIE
R72 02104 0062,8320,25430,33750,5020,16540,21560,32000HIE
R72 02104 0063,6890,21460,28350,4120,15430,19550,32000HIE
R72 02104 0064,6890,11020,17910,4120,16140,20260,32000HIE
R72 02104 0066,6890,20470,27360,4120,13980,18100,32000HIE
R72 02104 0067,4160,0,4160,2280,0,2280,32000HIE
R72 02104 0081,3640,0,3640,1980,0,1980,32000HIE
R72 02104 0082,8320,34630,42950,5020,43040,48060,32000HIE
R72 02104 0083,8320,22750,31070,5020,18200,23220,32000HIE
R72 02104 0084,8320,28000,36320,2280,0,2280,32000HIE
R72 02104 0085,8320,18840,27160,2280,0,2280,32000HIE
R72 02104 0086,8320,26620,34940,5020,4230,9250,32000HIE
R72 02104 0087,8320,24360,32680,5020,39620,44640,32000HIE
R72 02104 0088,8320,21750,30070,5020,21980,27000,32000HIE
R72 02104 0089,8320,34360,42680,5020,33850,38870,32000HIE
R72 02104 0090,8320,23540,31860,5020,34630,39650,32000HIE
R72 02104 0091,8190,26290,34480,4930,45490,50420,32000HIE
R72 02104 0092,8190,24590,32780,4930,20540,25470,32000HIE
R72 02104 0093,8190,19660,27850,4930,23420,28350,32000HIE
R72 02104 0094,7360,25280,32640,4350,28620,32970,32000HIE
R72 02104 0097,5750,20490,26240,3480,15480,18960,32000HIE
R72 02104 0100,5750,23540,29290,3480,16300,19780,32000HIE
R72 02104 0103,6670,23160,29830,3980,23830,27810,32000HIE
R72 02104 0106,6640,0,6640,1800,0,1800,32000HIE
R72 02106 0028,0,0,0,830,0,830,32000SPR
R72 02107 0001,6820,11100,17920,6810,16460,23270,32000TWI
R72 02107 0002,9010,24580,33590,9070,22800,31870,32000TWI
R72 02107 0003,9010,40120,49130,9070,45500,54570,32000TWI
R72 02107 0005,8760,28030,36790,8800,30430,39230,32000TWI
R72 02107 0007,8760,11610,20370,8800,34240,43040,32000TWI
R72 02107 0010,8370,38460,46830,8410,34060,42470,32000TWI
R72 02107 0011,9270,26490,35760,9340,25060,34400,32000TWI
R72 02107 0013,8880,33330,42210,8940,34610,43550,32000TWI
R72 02107 0014,8240,23390,31630,8270,20440,28710,32000TWI
R72 02107 0016,8880,29270,38150,8940,28710,37650,32000TWI
R72 02107 0017,8880,29930,38810,8940,45620,54560,32000TWI
R72 02107 0018,8880,25590,34470,8940,17480,26420,32000TWI
R72 02107 0019,8370,20500,28870,8400,17020,25420,32000TWI
R72 02107 0020,9270,35380,44650,9340,15680,25020,32000TWI
R72 02107 0022,8880,24120,33000,8940,40140,49080,32000TWI
R72 02107 0023,8880,30610,39490,8940,33670,42610,32000TWI
R72 02107 0024,6670,16120,22790,6420,21170,27590,32000TWI
R72 02107 0025,7320,22740,30060,7190,18670,25860,32000TWI
R72 02108 0006,7920,20400,28320,7820,32330,40150,32000TWI
R72 02108 0008,9490,19200,28690,9880,18660,28540,32000TWI
R72 02108 0009,8980,18210,27190,9270,40880,50150,32000TWI
R72 02108 0010,9890,29660,39550,10280,41910,52190,32000TWI
R72 02108 0015,10930,19480,30410,4690,0,4690,32000TWI
R72 02108 0017,9060,26560,35620,9480,28970,38450,32000TWI
R72 02108 0019,9060,24140,33200,9480,31780,41260,32000TWI
R72 02108 0022,8770,17900,26670,9130,29490,38620,32000TWI
R72 02108 0023,9340,16760,26100,9820,16750,26570,32000TWI
R72 02108 0026,7040,22020,29060,7040,4720,11760,32000TWI
R72 02108 0027,6760,23770,30530,6700,4400,11100,32000TWI
R72 02108 0028,470,0,470,500,0,500,32000TWI
R72 02108 0029,9490,18870,28360,10000,23170,33170,32000TWI
R72 02108 0030,9490,36010,45500,10000,30210,40210,32000TWI
R72 02108 0031,9490,19930,29420,10000,24820,34820,32000TWI
R72 02108 0033,4810,23770,28580,5240,25520,30760,32000TWI
R72 02108 0034,7010,26540,33550,6930,50590,57520,32000TWI
R72 02108 0035,6760,18680,25440,6730,22820,29550,32000TWI
R72 02108 0036,6760,18410,25170,6730,19730,26460,32000TWI
R72 02108 0041,8290,30290,38580,8290,29910,38200,32000TWI
R72 02108 0042,7400,22370,29770,7380,27620,35000,32000TWI
R72 02109 0001,5810,17190,23000,5960,34860,40820,32000TWI
R72 02109 0002,4260,21030,25290,4150,14640,18790,32000TWI
R72 02109 0003,7210,23920,31130,7210,19180,26390,32000TWI
R72 02109 0005,7210,24310,31520,7210,17530,24740,32000TWI
R72 02109 0006,8880,31040,39920,8940,29980,38920,32000TWI
R72 02109 0007,8880,25740,34620,8940,31740,40680,32000TWI
R72 02109 0008,8880,22090,30970,8940,21150,30090,32000TWI
R72 02109 0009,7210,22800,30010,7210,22410,29620,32000TWI
R72 02109 0010,7210,25790,33000,7210,19520,26730,32000TWI
R72 02109 0012,3600,0,3600,3240,0,3240,32000TWI
R72 02109 0013,8880,36270,45150,8940,45970,54910,32000TWI
R72 02109 0014,8880,23910,32790,8940,36460,45400,32000TWI
R72 02109 0015,9400,37630,47030,9470,42510,51980,32000TWI
R72 02109 0017,8880,23980,32860,8940,29780,38720,32000TWI
R72 02109 0018,8880,17890,26770,8940,17280,26220,32000TWI
R72 02109 0019,4450,0,4450,4020,0,4020,32000TWI
R72 02109 0020,8880,23620,32500,8940,31070,40010,32000TWI
R72 02109 0021,8880,23430,32310,8940,29360,38300,32000TWI
R72 02109 0022,8880,18070,26950,8940,31280,40220,32000TWI
R72 02109 0023,8880,26190,35070,8940,22630,31570,32000TWI
R72 02109 0024,8880,36750,45630,8940,54370,63310,32000TWI
R72 02109 0025,8240,7620,15860,8270,0,8270,32000TWI
R72 02109 0026,900,0,900,880,0,880,32000TWI
R72 02109 0027,8880,27100,35980,8940,44630,53570,32000TWI
R72 02109 0028,4450,0,4450,8940,0,8940,32000TWI
R72 02109 0029,8500,18000,26500,8540,14800,23340,32000TWI
R72 02109 0030,8880,21930,30810,8940,19460,28400,32000TWI
R72 02109 0031,8880,16240,25120,8940,17880,26820,32000TWI
R72 02109 0032,8880,28970,37850,8940,21230,30170,32000TWI
R72 02109 0033,8880,23950,32830,8940,19070,28010,32000TWI
R72 02109 0034,8880,32280,41160,8940,36400,45340,32000TWI
R72 02109 0035,8880,24920,33800,8940,32870,41810,32000TWI
R72 02109 0038,8640,38040,46680,8690,0,8690,32000TWI
R72 02109 0039,9140,31900,41040,9260,0,9260,32000TWI
R72 02109 0041,8880,25820,34700,8940,35470,44410,32000TWI
R72 02109 0043,8630,20950,29580,8610,19620,28230,32000TWI
R72 02109 0044,8450,27320,35770,8450,35820,44270,32000TWI
R72 02109 0045,8370,30350,38720,8290,45960,54250,32000TWI
R72 02109 0048,2780,0,2780,2780,0,2780,32000TWI
R72 02202 0001,16340,41610,57950,10220,59150,69370,32000HIE
R72 02202 0002,7890,30130,38020,4600,8650,13250,32000HIE
R72 02202 0005,10650,30380,41030,6480,45480,51960,32000HIE
R72 02202 0006,5620,0,5620,3340,0,3340,32000HIE
R72 02202 0028,9180,36870,46050,5720,36310,42030,32000HIE
R72 02202 0030,3670,0,3670,2310,0,2310,32000HIE
R72 02202 0032,3620,0,3620,2270,0,2270,32000HIE
R72 02202 0034,5660,0,5660,3280,0,3280,32000HIE
R72 02202 0035,11300,24430,35730,7210,25400,32610,32000HIE
R72 02202 0036,3790,0,3790,2390,0,2390,32000HIE
R72 02202 0037,9460,30100,39560,5910,42180,48090,32000HIE
R72 02202 0039,2780,0,2780,1700,0,1700,32000HIE
R72 02202 0045,6180,20190,26370,3760,29450,33210,32000HIE
R72 02202 0063,5060,23540,28600,2300,33300,35600,32000HIE
R72 02203 0092,14260,23660,37920,9320,47580,56900,HISTXHUF
R72 02203 0093,18320,18310,36630,13320,29690,43010,HISTXHUF
R72 02203 0094,9500,0,9500,6440,0,6440,HISTXHUF
R72 02203 0095,18980,19180,38160,14310,7050,21360,HISTXHUF
R72 02203 0096,10300,11750,22050,6750,3050,9800,HISTXHUF
R72 02203 0097,20870,9530,30400,21960,3670,25630,HISTXHUF
R72 02203 0099,11480,25660,37140,7590,42290,49880,HISTXHUF
R72 02203 0100,14460,8540,23000,9990,23110,33100,HISTXHUF
R72 02203 0101,11210,26200,37410,7370,37950,45320,HISTXHUF
R72 02203 0103,11720,33060,44780,7780,51620,59400,HISTXHUF
R72 02203 0104,10240,28570,38810,6900,39270,46170,HISTXHUF
R72 02203 0105,9360,15020,24380,6340,21380,27720,HISTXHUF
R72 02204 0005,8640,28810,37450,5210,28910,34120,32001BUR
R72 02204 0006,8510,29850,38360,5120,31210,36330,32001BUR
R72 02204 0013,2640,0,2640,1460,0,1460,32001BUR
R72 02204 0014,7250,27860,35110,4290,8130,12420,32001BUR
R72 02204 0015,7250,25100,32350,4290,9540,13830,32001BUR
R72 02204 0017,7020,9340,16360,4170,13760,17930,32001BUR
R72 02204 0018,7880,28550,36430,4730,14340,19070,32001BUR
R72 02204 0020,7880,30800,38680,4730,17210,21940,32001BUR
R72 02204 0021,7880,30510,38390,4730,23230,27960,32001BUR
R72 02204 0022,16670,41220,57890,10880,37220,48100,32001BUR
R72 02204 0023,6450,25810,32260,3900,24520,28420,32001BUR
R72 02204 0024,6130,24460,30590,3730,22810,26540,32001BUR
R72 02204 0025,6240,17350,23590,3780,22070,25850,32001BUR
R72 02204 0026,6240,16990,23230,3780,11900,15680,32001BUR
R72 02204 0027,6130,19060,25190,3730,20840,24570,32001BUR
R72 02204 0028,5380,17410,22790,3340,10570,13910,32001BUR
R72 02204 0029,5750,26800,32550,3580,6290,9870,32001BUR
R72 02204 0030,5750,22320,28070,3580,6350,9930,32001BUR
R72 02204 0032,5750,25340,31090,3580,12450,16030,32001BUR
R72 02204 0033,5750,17370,23120,3580,19820,23400,32001BUR
R72 02204 0034,5750,23780,29530,3580,21820,25400,32001BUR
R72 02204 0035,2880,0,2880,1620,0,1620,32001BUR
R72 02204 0039,5680,24650,30330,1770,0,1770,32001BUR
R72 02204 0041,6900,19590,26490,4100,18930,23030,32001BUR
R72 02204 0046,3550,19710,23260,2190,12670,14860,32001BUR
R72 02204 0047,8970,47740,56710,5360,17640,23000,32001BUR
R72 02204 0048,9470,4290,13760,2720,0,2720,32001BUR
R72 02204 0049,7130,7120,14250,4260,8590,12850,32001BUR
R72 02204 0054,4310,0,4310,2340,0,2340,32001BUR
R72 02204 0055,4310,0,4310,2340,0,2340,32001BUR
R72 02204 0057,9230,19370,28600,2300,33300,35600,32001BUR
R72 02204 0058,5520,14200,19720,3360,16080,19440,32001BUR
R72 02204 0059,6460,24450,30910,3890,28960,32850,32001BUR
R72 02204 0060,8000,40840,48840,4800,48470,53270,32001BUR
R72 02204 0061,8000,35360,43360,4800,0,4800,32001BUR
R72 02204 0062,12250,31200,43450,7370,31400,38770,32001BUR
R72 02204 0064,9710,31170,40880,2900,35600,38500,32001BUR
R72 02204 0065,8000,32880,40880,2900,35600,38500,32001BUR
R72 02204 0066,8000,23140,31140,4800,16600,21400,32001BUR
R72 02204 0079,8740,27230,35970,5350,9520,14870,32001BUR
R72 02204 0080,8600,21200,29800,5260,7360,12620,32001BUR
R72 02204 0087,8590,36260,44850,2600,0,2600,32001BUR
R72 02204 0089,3790,0,3790,2060,0,2060,32001BUR
R72 02204 0090,8080,4900,12980,4850,15710,20560,32001BUR
R72 02204 0091,8840,23600,32440,5310,18090,23400,32001BUR
R72 02204 0093,7070,32030,39100,4230,5720,9950,32001BUR
R72 02204 0094,7830,19530,27360,4690,21450,26140,32001BUR
R72 02204 0095,7950,6610,14560,4770,0,4770,32001BUR
R72 02204 0096,8960,22860,31820,5380,17210,22590,32001BUR
R72 02204 0098,9090,29220,38310,5460,16210,21670,32001BUR
R72 02204 0100,8080,24250,32330,4850,31020,35870,32001BUR
R72 02204 0101,8080,36160,44240,4850,6290,11140,32001BUR
R72 02204 0102,8080,20100,28180,4850,17310,22160,32001BUR
R72 02204 0103,8080,25150,33230,2440,0,2440,32001BUR
R72 02204 0104,8080,27680,35760,4850,17780,22630,32001BUR
R72 02204 0105,6560,19370,25930,3950,8920,12870,32001BUR
R72 02204 0106,2390,0,2390,1420,0,1420,32001BUR
R72 02204 0107,8210,5540,13750,4920,31780,36700,32001BUR
R72 02204 0108,8210,26110,34320,4920,20480,25400,32001BUR
R72 02204 0109,8210,26080,34290,4920,21790,26710,32001BUR
R72 02204 0110,8210,32930,41140,4920,30970,35890,32001BUR
R72 02204 0111,8210,21450,29660,4920,37510,42430,32001BUR
R72 02204 0112,8210,3190,11400,4920,24020,28940,32001BUR
R72 02204 0113,9090,17530,26620,5460,6600,12060,32001BUR
R72 02204 0115,8960,28000,36960,5380,27320,32700,32001BUR
R72 02204 0119,7700,21780,29480,4610,13870,18480,32001BUR
R72 02204 0120,8210,32670,40880,2900,35600,38500,32001BUR
R72 02204 0121,7950,20910,28860,4770,4690,9460,32001BUR
R72 02204 0122,8080,18190,26270,4850,15530,20380,32001BUR
R72 02204 0123,8080,22890,30970,4850,15040,19890,32001BUR
R72 02204 0124,8080,26240,34320,4850,18420,23270,32001BUR
R72 02204 0125,8080,18070,26150,4850,14240,19090,32001BUR
R72 02204 0126,4310,0,4310,2340,0,2340,32001BUR
R72 02204 0130,780,0,780,470,0,470,32001BUR
R72 02204 0133,2320,0,2320,1420,0,1420,32001BUR
R72 02204 0135,7020,31400,38420,4170,16900,21070,32001BUR
R72 02204 0139,650,0,650,660,0,660,32001BUR
R72 02204 0140,500,0,500,300,0,300,32001BUR
R72 02204 0141,290,0,290,170,0,170,32001BUR
R72 02204 0143,6430,0,6430,2900,35600,38500,32001BUR
R72 02204 0144,6430,0,6430,2900,35600,38500,32001BUR
R72 02204 0145,8630,32250,40880,2900,35600,38500,32001BUR
R72 02204 0146,8540,32340,40880,2900,35600,38500,32001BUR
R72 02204 0147,8710,32170,40880,2900,35600,38500,32001BUR
R72 02205 0004,7480,29410,36890,4410,61780,66190,32001BUR
R72 02205 0006,5660,31720,37380,3480,30350,33830,32001BUR
R72 02205 0007,1330,0,1330,830,0,830,32001BUR
R72 02205 0012,6420,3890,10310,3880,0,3880,32001BUR
R72 02205 0013,3210,0,3210,1760,0,1760,32001BUR
R72 02205 0014,1600,0,1600,980,0,980,32001BUR
R72 02205 0015,1660,0,1660,1000,0,1000,32001BUR
R72 02205 0017,6310,34260,40570,1920,0,1920,32001BUR
R72 02205 0018,7940,43560,51500,4710,55490,60200,32001BUR
R72 02205 0019,6210,25420,31630,3760,27700,31460,32001BUR
R72 02205 0021,6720,34610,41330,4030,20240,24270,32001BUR
R72 02205 0022,3680,0,3680,1970,0,1970,32001BUR
R72 02205 0023,290,0,290,180,0,180,32001BUR
R72 02205 0026,7440,42330,49770,4450,0,4450,32001BUR
R72 02205 0029,5200,22470,27670,3290,14320,17610,32001BUR
R72 02205 0030,5800,25610,31410,3570,28200,31770,32001BUR
R72 02205 0032,6800,28850,35650,4050,0,4050,32001BUR
R72 02205 0035,5300,3930,9230,1510,0,1510,32001BUR
R72 02205 0036,3340,19140,22480,2020,7770,9790,32001BUR
R72 02205 0038,1320,0,1320,840,0,840,32001BUR
R72 02205 0040,5100,21510,26610,3240,22730,25970,32001BUR
R72 02205 0042,5100,17220,22320,3240,13380,16620,32001BUR
R72 02205 0044,1700,0,1700,1020,0,1020,32001BUR
R72 02205 0046,1250,0,1250,800,0,800,32001BUR
R72 02205 0050,6610,0,6610,4040,0,4040,32001BUR
R72 02205 0051,8270,30380,38650,5050,23170,28220,32001BUR
R72 02205 0053,9410,24940,34350,5860,21080,26940,32001BUR
R72 02205 0054,8980,28940,37920,5560,22650,28210,32001BUR
R72 02205 0055,8980,37320,46300,5560,21570,27130,32001BUR
R72 02205 0056,5130,14540,19670,3240,12920,16160,32001BUR
R72 02205 0057,11390,26970,38360,3320,0,3320,32001BUR
R72 02205 0061,5540,18830,24370,3440,15050,18490,32001BUR
R72 02205 0063,5020,690,5710,3190,0,3190,32001BUR
R72 02205 0065,5950,21740,27690,3640,25790,29430,32001BUR
R72 02205 0067,5640,6920,12560,3490,7400,10890,32001BUR
R72 02205 0069,2970,0,2970,1650,0,1650,32001BUR
R72 02205 0071,1490,0,1490,920,0,920,32001BUR
R72 02205 0073,1410,0,1410,880,0,880,32001BUR
R72 02205 0074,2760,0,2760,1520,0,1520,32001BUR
R72 02205 0075,3800,0,3800,2040,0,2040,32001BUR
R72 02205 0076,7490,19810,27300,4500,0,4500,32001BUR
R72 02205 0077,7490,20270,27760,4500,30990,35490,32001BUR
R72 02205 0078,7490,16160,23650,4500,14330,18830,32001BUR
R72 02205 0079,9160,33550,42710,5630,31690,37320,32001BUR
R72 02205 0080,9160,50980,60140,5630,35490,41120,32001BUR
R72 02205 0081,2330,0,2330,1450,0,1450,32001BUR
R72 02205 0082,7750,13710,21460,2340,0,2340,32001BUR
R72 02205 0083,7880,28970,36850,4730,24170,28900,32001BUR
R72 02205 0084,7880,18020,25900,2380,0,2380,32001BUR
R72 02205 0085,7880,32490,40370,4730,13560,18290,32001BUR
R72 02205 0086,7880,21110,28990,4730,17360,22090,32001BUR
R72 02205 0087,3940,0,3940,2140,0,2140,32001BUR
R72 02205 0088,7880,22370,30250,4730,9280,14010,32001BUR
R72 02205 0089,8880,24640,33520,5330,21390,26720,32001BUR
R72 02205 0090,780,0,780,470,0,470,32001BUR
R72 02205 0091,7000,23770,30770,4200,15450,19650,32001BUR
R72 02205 0092,9000,24920,33920,5410,12330,17740,32001BUR
R72 02205 0094,7130,36680,43810,4270,20710,24980,32001BUR
R72 02205 0095,6880,20460,27340,2080,0,2080,32001BUR
R72 02205 0097,7250,30810,38060,4350,19850,24200,32001BUR
R72 02205 0098,8840,8870,17710,2680,0,2680,32001BUR
R72 02205 0099,8840,8760,17600,5310,20890,26200,32001BUR
R72 02205 0100,8710,15070,23780,5230,43370,48600,32001BUR
R72 02205 0101,10980,40030,51010,6610,13970,20580,32001BUR
R72 02205 0104,7950,18970,26920,4770,13800,18570,32001BUR
R72 02205 0105,7950,28240,36190,4770,17890,22660,32001BUR
R72 02205 0108,7950,9440,17390,4770,17210,21980,32001BUR
R72 02205 0109,7950,17980,25930,4770,8950,13720,32001BUR
R72 02205 0110,7950,24050,32000,4770,20020,24790,32001BUR
R72 02205 0111,7830,27900,35730,4690,20910,25600,32001BUR
R72 02205 0112,6710,32260,38970,4020,13820,17840,32001BUR
R72 02205 0114,8740,43740,52480,5350,24070,29420,32001BUR
R72 02205 0116,9570,38610,48180,5920,28150,34070,32001BUR
R72 02205 0118,9160,45200,54360,5630,10920,16550,32001BUR
R72 02205 0119,6770,10050,16820,4050,16800,20850,32001BUR
R72 02205 0121,3490,0,3490,1890,0,1890,32001BUR
R72 02205 0122,870,0,870,530,0,530,32001BUR
R72 02205 0124,6980,29210,36190,4170,18020,22190,32001BUR
R72 02205 0126,7830,9220,17050,2370,0,2370,32001BUR
R72 02205 0127,8590,24480,33070,5150,19560,24710,32001BUR
R72 02205 0128,8590,27420,36010,5150,21730,26880,32001BUR
R72 02205 0129,8210,23270,31480,4920,8790,13710,32001BUR
R72 02205 0130,7070,32880,39950,4230,19680,23910,32001BUR
R72 02205 0132,7320,32910,40230,4380,12000,16380,32001BUR
R72 02205 0133,1990,0,1990,1200,0,1200,32001BUR
R72 02205 0134,7950,6850,14800,4770,20980,25750,32001BUR
R72 02205 0135,10860,41230,52090,6540,36260,42800,32001BUR
R72 02205 0137,8840,39620,48460,2680,0,2680,32001BUR
R72 02205 0138,7950,31290,39240,4770,62080,66850,32001BUR
R72 02205 0139,9720,36420,46140,5840,82690,88530,32001BUR
R72 02205 0140,8990,41280,50270,5260,41620,46880,32001BUR
R72 02205 0150,960,0,960,590,0,590,32001BUR
R72 02205 0152,7790,17930,25720,4530,0,4530,32001BUR
R72 02205 0154,4880,0,4880,1600,0,1600,32001BUR
R72 02205 0155,370,0,370,250,0,250,32001BUR
R72 02205 0156,480,0,480,480,0,480,32001BUR
R72 02205 0157,8250,32630,40880,2900,35600,38500,32001BUR
R72 02205 0158,8990,31890,40880,2900,35600,38500,32001BUR
R72 02205 0159,9410,31470,40880,2900,35600,38500,32001BUR
R72 02205 0160,7400,21200,28600,2300,33300,35600,32001BUR
R72 02205 0161,7400,21200,28600,2300,33300,35600,32001BUR
R72 02205 0162,12110,16490,28600,2300,33300,35600,32001BUR
R72 02207 0019,8040,20210,28250,4820,44210,49030,32000HIE
R72 02207 0022,8840,22610,31450,5330,43430,48760,32000HIE
R72 02207 0024,9990,22250,32240,6140,13610,19750,32000HIE
R72 02207 0027,7150,23720,30870,4280,30610,34890,32000HIE
R72 02207 0028,8960,22990,31950,5490,36300,41790,32000HIE
R72 02207 0029,9140,26860,36000,5720,29440,35160,32000HIE
R72 02207 0030,9290,14730,24020,5970,18690,24660,32000HIE
R72 02207 0031,9600,32080,41680,6320,27880,34200,32000HIE
R72 02207 0032,9610,15250,24860,5770,45580,51350,32000HIE
R72 02207 0033,4810,0,4810,2870,0,2870,32000HIE
R72 02207 0034,5680,24890,30570,3530,32330,35860,32000HIE
R72 02207 0035,6950,28930,35880,4120,49180,53300,32000HIE
R72 02207 0036,9680,25920,35600,2810,0,2810,32000HIE
R72 02207 0037,7680,20620,28300,4590,20280,24870,32000HIE
R72 02207 0038,7560,27020,34580,4520,35780,40300,32000HIE
R72 02207 0040,6960,30140,37100,4190,37070,41260,32000HIE
R72 02208 0002,13280,25620,38900,4660,0,4660,32020HIE
R72 02208 0004,16320,19320,35640,11300,28400,39700,32020HIE
R72 02208 0012,6370,0,6370,4480,0,4480,32020HIE
R72 02208 0013,5920,0,5920,4110,0,4110,32020HIE
R72 02208 0014,8510,0,8510,5410,0,5410,32020HIE
R72 02208 0015,9990,0,9990,6440,0,6440,32020HIE
R72 02208 0018,14040,22080,36120,9750,8200,17950,32020HIE
R72 02208 0019,17010,28230,45240,12000,31590,43590,32020HIE
R72 02208 0020,16220,20590,36810,11420,34050,45470,32020HIE
R72 02208 0021,14810,21850,36660,10360,29140,39500,32020HIE
R72 02208 0022,13280,19720,33000,9330,23230,32560,32020HIE
R72 02208 0023,8650,0,8650,5180,0,5180,32020HIE
R72 02208 0025,16830,9190,26020,11750,33950,45700,32020HIE
R72 02208 0027,15660,13630,29290,10980,14250,25230,32020HIE
R72 02208 0028,17210,15240,32450,12260,51020,63280,32020HIE
R72 02208 0029,17210,33310,50520,12260,35570,47830,32020HIE
R72 02208 0030,17210,27620,44830,12260,23740,36000,32020HIE
R72 02208 0033,17210,27390,44600,12260,40170,52430,32020HIE
R72 02208 0034,17480,26370,43850,12480,34990,47470,32020HIE
R72 02208 0035,17480,6460,23940,12480,31990,44470,32020HIE
R72 02208 0036,17480,25800,43280,12480,20880,33360,32020HIE
R72 02208 0037,17480,22950,40430,12480,7640,20120,32020HIE
R72 02208 0038,8740,0,8740,5630,0,5630,32020HIE
R72 02208 0039,17480,12140,29620,12480,24730,37210,32020HIE
R72 02208 0040,17480,32420,49900,12480,3780,16260,32020HIE
R72 02208 0041,16930,17880,34810,12050,44430,56480,32020HIE
R72 02208 0042,18040,32360,50400,12920,40830,53750,32020HIE
R72 02208 0046,17210,28220,45430,12260,39740,52000,32020HIE
R72 02208 0058,8740,43870,52610,5350,23480,28830,32001BUR
R72 02208 0059,8740,34240,42980,2700,0,2700,32001BUR
R72 02208 0062,16650,17370,34020,10740,30840,41580,32001BUR
R72 02208 0064,9710,63880,73590,6010,10860,16870,32001BUR
R72 02208 0065,3280,32010,35290,2130,6850,8980,32001BUR
R72 02208 0066,5680,13330,19010,3480,23780,27260,32001BUR
R72 02208 0067,2190,0,2190,1350,0,1350,32001BUR
R72 02208 0072,16100,0,16100,11390,0,11390,32020HIE
R72 02209 0001,3990,0,3990,2500,0,2500,32001BUR
R72 02209 0004,8350,32980,41330,5040,33280,38320,32001BUR
R72 02209 0005,8350,33760,42110,5040,16730,21770,32001BUR
R72 02209 0006,8350,33210,41560,5040,26270,31310,32001BUR
R72 02209 0007,8350,70770,79120,5040,41210,46250,32001BUR
R72 02209 0008,2090,0,2090,1270,0,1270,32001BUR
R72 02209 0009,-3450,0,-3450,2540,0,2540,32001BUR
R72 02209 0010,8350,20030,28380,2540,0,2540,32001BUR
R72 02209 0017,2420,0,2420,1420,0,1420,32001BUR
R72 02209 0018,6900,28190,35090,4120,10540,14660,32001BUR
R72 02209 0019,1730,0,1730,1040,0,1040,32001BUR
R72 02209 0020,6900,31380,38280,4120,15040,19160,32001BUR
R72 02209 0021,6900,38940,45840,4120,10510,14630,32001BUR
R72 02209 0022,6900,21460,28360,4120,8050,12170,32001BUR
R72 02209 0023,7480,48550,56030,4440,21630,26070,32001BUR
R72 02209 0025,8050,28830,36880,4750,17460,22210,32001BUR
R72 02209 0027,8170,14340,22510,4820,10380,15200,32001BUR
R72 02209 0030,7590,53430,61020,4500,26680,31180,32001BUR
R72 02209 0032,7250,26620,33870,4310,8790,13100,32001BUR
R72 02209 0034,7020,6470,13490,4190,7170,11360,32001BUR
R72 02209 0037,6080,27950,34030,3730,24010,27740,32001BUR
R72 02209 0038,6750,27960,34710,4030,14520,18550,32001BUR
R72 02209 0039,6900,32850,39750,4120,23800,27920,32001BUR
R72 02209 0040,6900,31970,38870,4120,22700,26820,32001BUR
R72 02209 0041,6900,31120,38020,4120,25230,29350,32001BUR
R72 02209 0042,6900,6590,13490,4120,22450,26570,32001BUR
R72 02209 0043,6900,33580,40480,4120,38930,43050,32001BUR
R72 02209 0044,8630,57110,65740,5070,26240,31310,32001BUR
R72 02209 0047,7830,24890,32720,4770,9350,14120,32001BUR
R72 02209 0049,10120,17150,27270,5890,15790,21680,32001BUR
R72 02209 0052,7130,21510,28640,4250,24860,29110,32001BUR
R72 02209 0053,6380,26630,33010,3740,16490,20230,32001BUR
R72 02209 0054,6530,30030,36560,3710,28330,32040,32001BUR
R72 02209 0055,6090,20620,26710,3710,27370,31080,32001BUR
R72 02209 0057,6990,27120,34110,4170,39920,44090,32001BUR
R72 02209 0058,10500,39180,49680,6410,11430,17840,32001BUR
R72 02209 0059,10200,49540,59740,6190,43710,49900,32001BUR
R72 02209 0060,8990,43560,52550,5660,27560,33220,32001BUR
R72 02209 0064,4060,0,4060,2520,0,2520,32001BUR
R72 02209 0078,6990,19420,26410,4150,12170,16320,32001BUR
R72 02209 0081,7840,5790,13630,4740,0,4740,32001BUR
R72 02301 0009,9180,16510,25690,2860,0,2860,32000HIE
R72 02301 0010,8940,22580,31520,5430,21690,27120,32000HIE
R72 02301 0011,4380,0,4380,2400,0,2400,32000HIE
R72 02301 0012,2240,0,2240,1370,0,1370,32000HIE
R72 02301 0013,2840,0,2840,1700,0,1700,32000HIE
R72 02301 0014,5260,0,5260,3210,0,3210,32000HIE
R72 02301 0015,4550,0,4550,2800,0,2800,32000HIE
R72 02301 0018,8600,15440,24040,4890,29900,34790,32000HIE
R72 02301 0023,7090,17280,24370,1900,0,1900,32000HIE
R72 02301 0024,7090,21800,28890,4200,20480,24680,32000HIE
R72 02301 0025,4290,0,4290,2350,0,2350,32000HIE
R72 02301 0026,9130,26860,35990,5540,25600,31140,32000HIE
R72 02301 0027,8310,22210,30520,5010,25370,30380,32000HIE
R72 02301 0028,8450,12950,21400,5090,45340,50430,32000HIE
R72 02301 0030,8720,24630,33350,2390,0,2390,32000HIE
R72 02301 0031,8580,32580,41160,5180,35740,40920,32000HIE
R72 02301 0032,9540,24520,34060,5810,20250,26060,32000HIE
R72 02301 0033,8450,23220,31670,5090,28000,33090,32000HIE
R72 02301 0036,7220,20560,27780,4290,33040,37330,32000HIE
R72 02301 0037,7360,25490,32850,4380,29240,33620,32000HIE
R72 02301 0039,7360,19780,27140,4380,23630,28010,32000HIE
R72 02301 0041,4870,0,4870,2770,0,2770,32000HIE
R72 02301 0042,5710,19970,25680,6670,22710,29380,32000HIE
R72 02301 0043,2870,0,2870,1720,0,1720,32000HIE
R72 02301 0045,2800,0,2800,1700,0,1700,32000HIE
R72 02301 0046,3620,0,3620,1950,0,1950,32000HIE
R72 02301 0047,7560,19190,26750,4520,28450,32970,32000HIE
R72 02301 0050,8450,21790,30240,4070,0,4070,32000HIE
R72 02301 0051,8450,23960,32410,2310,0,2310,32000HIE
R72 02301 0052,8450,26020,34470,5090,27050,32140,32000HIE
R72 02301 0053,8450,25100,33550,5090,26090,31180,32000HIE
R72 02301 0054,4770,0,4770,2640,0,2640,32000HIE
R72 02301 0055,8580,26130,34710,5180,23450,28630,32000HIE
R72 02301 0056,8720,27160,35880,5270,44080,49350,32000HIE
R72 02301 0057,8450,25310,33760,5090,43640,48730,32000HIE
R72 02301 0058,8310,3690,12000,5010,23320,28330,32000HIE
R72 02301 0059,8310,26340,34650,5010,36590,41600,32000HIE
R72 02301 0060,8450,24250,32700,5090,22120,27210,32000HIE
R72 02301 0061,8450,22690,31140,5090,24530,29620,32000HIE
R72 02301 0062,8450,31850,40300,5090,44880,49970,32000HIE
R72 02301 0063,8450,23720,32170,5090,21090,26180,32000HIE
R72 02301 0064,8450,24670,33120,5090,23690,28780,32000HIE
R72 02301 0065,9990,26420,36410,5700,21340,27040,32000HIE
R72 02301 0067,6190,17400,23590,3730,17320,21050,32000HIE
R72 02301 0071,240,0,240,240,0,240,32000HIE
R72 02302 0001,8660,22810,31470,5250,43330,48580,32000HIE
R72 02302 0002,8660,19580,28240,5250,29980,35230,32000HIE
R72 02302 0003,8530,19140,27670,5160,25170,30330,32000HIE
R72 02302 0004,8530,27940,36470,5160,0,5160,32000HIE
R72 02302 0005,8390,33920,42310,5060,39360,44420,32000HIE
R72 02302 0006,8530,23200,31730,2600,0,2600,32000HIE
R72 02302 0007,8530,11480,20010,5160,22660,27820,32000HIE
R72 02302 0008,8940,22860,31800,5430,0,5430,32000HIE
R72 02302 0009,9080,12780,21860,5520,20030,25550,32000HIE
R72 02302 0010,9080,40760,49840,5520,68460,73980,32000HIE
R72 02302 0011,4650,30640,35290,2790,24290,27080,32000HIE
R72 02302 0012,8390,20720,29110,5060,15090,20150,32000HIE
R72 02302 0013,8390,22160,30550,5060,20240,25300,32000HIE
R72 02302 0014,8530,22810,31340,5160,25950,31110,32000HIE
R72 02302 0015,8140,23860,32000,4910,24740,29650,32000HIE
R72 02302 0041,2080,0,2080,1240,0,1240,32000HIE
R72 02302 0042,2080,0,2080,1240,0,1240,32000HIE
R72 02302 0043,4160,27830,31990,2480,22490,24970,32000HIE
R72 02303 0029,7210,14420,21630,4310,12210,16520,32000HIE
R72 02303 0030,7210,16500,23710,4310,20150,24460,32000HIE
R72 02303 0031,6820,2500,9320,4070,2670,6740,32000HIE
R72 02303 0032,4610,0,4610,2730,0,2730,32000HIE
R72 02303 0033,7290,8680,15970,4370,20890,25260,32000HIE
R72 02303 0034,6120,8810,14930,3740,5030,8770,32000HIE
R72 02303 0035,6050,12330,18380,3720,2330,6050,32000HIE
R72 02303 0036,7050,16620,23670,4190,4380,8570,32000HIE
R72 02303 0037,1780,0,1780,1120,0,1120,32000HIE
R72 02303 0038,5810,12410,18220,3620,14770,18390,32000HIE
R72 02303 0039,5430,13490,18920,3440,5260,8700,32000HIE
R72 02303 0040,8530,20690,29220,5160,26340,31500,32000HIE
R72 02303 0041,8530,16590,25120,5160,20600,25760,32000HIE
R72 02303 0042,8530,30040,38570,5160,38920,44080,32000HIE
R72 02303 0043,8530,15960,24490,5160,19880,25040,32000HIE
R72 02303 0044,8530,13800,22330,5160,34810,39970,32000HIE
R72 02303 0045,8530,13960,22490,5160,29950,35110,32000HIE
R72 02303 0046,2550,0,2550,1530,0,1530,32000HIE
R72 02303 0090,3070,0,3070,1860,0,1860,32000HIE
R72 02303 0091,8530,11090,19620,5160,18910,24070,32000HIE
R72 02303 0092,11500,9900,21400,6700,21870,28570,32000HIE
R72 02303 0093,5950,7930,13880,1670,0,1670,32000HIE
R72 02303 0095,7290,14940,22230,4370,12610,16980,32000HIE
R72 02303 0098,6740,16530,23270,4050,23400,27450,32000HIE
R72 02303 0102,7290,16680,23970,4350,22530,26880,32000HIE
R72 02304 0006,4310,0,4310,2360,0,2360,32000HIE
R72 02304 0007,4380,0,4380,2390,0,2390,32000HIE
R72 02304 0008,4500,1710,6210,2760,0,2760,32000HIE
R72 02304 0009,2540,0,2540,1510,0,1510,32000HIE
R72 02304 0010,8110,25970,34080,4890,2400,7290,32000HIE
R72 02304 0011,8110,22660,30770,4890,12230,17120,32000HIE
R72 02304 0012,8110,19020,27130,4890,19640,24530,32000HIE
R72 02304 0013,8110,14370,22480,4890,14410,19300,32000HIE
R72 02304 0014,8110,19850,27960,4890,12160,17050,32000HIE
R72 02304 0015,8110,12840,20950,4890,17790,22680,32000HIE
R72 02304 0016,4060,0,4060,2220,0,2220,32000HIE
R72 02304 0018,3500,0,3500,2130,0,2130,32000HIE
R72 02304 0019,3500,0,3500,2130,0,2130,32000HIE
R72 02304 0020,3500,0,3500,2130,0,2130,32000HIE
R72 02304 0021,4840,0,4840,2660,0,2660,32000HIE
R72 02304 0027,8230,16530,24760,4880,61070,65950,32000HIE
R72 02304 0028,8230,14380,22610,4880,32150,37030,32000HIE
R72 02304 0029,6700,23730,30430,4020,14710,18730,32000HIE
R72 02304 0030,6700,23170,29870,4020,16140,20160,32000HIE
R72 02304 0032,6700,23900,30600,4020,30520,34540,32000HIE
R72 02304 0033,5900,0,5900,4880,31660,36540,32000HIE
R72 02304 0034,8230,20880,29110,4880,47460,52340,32000HIE
R72 02304 0037,4120,0,4120,2210,0,2210,32000HIE
R72 02304 0038,7640,17650,25290,4550,41300,45850,32000HIE
R72 02304 0039,7640,19880,27520,4550,44470,49020,32000HIE
R72 02304 0041,7640,19610,27250,4550,36290,40840,32000HIE
R72 02304 0043,7640,18710,26350,4550,42680,47230,32000HIE
R72 02304 0045,6110,17130,23240,3690,15220,18910,32000HIE
R72 02304 0046,4120,0,4120,2210,0,2210,32000HIE
R72 02304 0047,5880,14430,20310,3560,10120,13680,32000HIE
R72 02304 0049,5880,16560,22440,3560,7970,11530,32000HIE
R72 02304 0050,2540,0,2540,1510,0,1510,32000HIE
R72 02305 0004,7750,15220,22970,4630,18900,23530,32000HIE
R72 02305 0005,11750,15520,27270,7030,24800,31830,32000HIE
R72 02305 0007,3880,0,3880,2100,0,2100,32000HIE
R72 02305 0008,3840,0,3840,2080,0,2080,32000HIE
R72 02305 0012,3420,0,3420,1830,0,1830,32000HIE
R72 02305 0014,2960,0,2960,1650,0,1650,32000HIE
R72 02306 0001,3130,0,3130,2850,0,2850,32000LIN
R72 02306 0002,4680,0,4680,4490,0,4490,32000LIN
R72 02306 0003,7610,29970,37580,7700,23120,30820,32000LIN
R72 02306 0004,7540,20490,28030,7660,12490,20150,32000LIN
R72 02306 0005,7540,21710,29250,7610,25090,32700,32000LIN
R72 02306 0006,9060,38870,47930,9440,30360,39800,32000LIN
R72 02306 0007,7250,22640,29890,7140,5290,12430,32000LIN
R72 02306 0009,7710,16960,24670,7550,37790,45340,32000LIN
R72 02306 0010,7250,20920,28170,7140,41940,49080,32000LIN
R72 02306 0013,6940,30500,37440,3440,0,3440,32000LIN
R72 02306 0014,7070,24630,31700,7020,43010,50030,32000LIN
R72 02306 0045,7520,24450,31970,4460,32140,36600,32000HIE
R72 02306 0046,7520,21100,28620,4460,23990,28450,32000HIE
R72 02306 0047,7520,27480,35000,4460,35070,39530,32000HIE
R72 02306 0048,7400,25450,32850,4390,32980,37370,32000HIE
R72 02306 0049,7400,19240,26640,4390,39630,44020,32000HIE
R72 02306 0050,3700,9670,13370,2210,9430,11640,32000HIE
R72 02306 0051,8580,17020,25600,5080,30940,36020,32000HIE
R72 02306 0052,6700,15960,22660,4020,22290,26310,32000HIE
R72 02306 0053,6700,16950,23650,4020,27420,31440,32000HIE
R72 02306 0068,7050,36500,43550,7020,16090,23110,32000LIN
R72 02306 0070,7050,38320,45370,7020,34270,41290,32000LIN
R72 02306 0072,6930,31130,38060,6910,33290,40200,32000LIN
R72 02306 0073,7050,38760,45810,7020,39570,46590,32000LIN
R72 02306 0075,6460,24770,31230,6470,18290,24760,32000LIN
R72 02306 0077,7400,29820,37220,7350,31090,38440,32000LIN
R72 02306 0079,7290,16750,24040,7240,30990,38230,32000LIN
R72 02306 0080,4240,0,4240,3750,0,3750,32000LIN
R72 02306 0082,8700,62840,71540,8550,56990,65540,32000LIN
R72 02306 0086,6510,10900,17410,6530,26570,33100,32000LIN
R72 02306 0094,3310,0,3310,2990,0,2990,32000LIN
R72 02306 0095,4610,0,4610,8030,4280,12310,32000LIN
R72 02306 0112,5000,28230,33230,5350,18800,24150,32000LIN
R72 02309 0001,6500,29350,35850,6550,30170,36720,32000TWI
R72 02309 0002,5270,27790,33060,2470,0,2470,32000TWI
R72 02309 0003,8030,20040,28070,8030,32070,40100,32000TWI
R72 02309 0004,3210,0,3210,3210,0,3210,32000TWI
R72 02309 0005,8030,16540,24570,8030,35350,43380,32000TWI
R72 02309 0009,3030,0,3030,2800,0,2800,32000TWI
R72 02309 0010,2680,0,2680,2570,0,2570,32000TWI
R72 02309 0011,2350,0,2350,2340,0,2340,32000TWI
R72 02309 0027,9020,24890,33910,9240,23360,32600,32000TWI
R72 02309 0028,9020,22110,31130,9240,20510,29750,32000TWI
R72 02309 0029,4510,0,4510,4160,0,4160,32000TWI
R72 02309 0030,8050,26490,34540,8140,20350,28490,32000TWI
R72 02309 0031,8880,22270,31150,9050,17200,26250,32000TWI
R72 02309 0032,9180,22690,31870,9500,15940,25440,32000TWI
R72 02309 0033,9180,11720,20900,9500,11780,21280,32000TWI
R72 02309 0034,9180,28590,37770,9500,31900,41400,32000TWI
R72 02309 0035,9180,23170,32350,9500,20040,29540,32000TWI
R72 02309 0036,8900,28680,37580,9170,36980,46150,32000TWI
R72 02309 0037,9180,26780,35960,9500,30810,40310,32000TWI
R72 02309 0038,9180,18870,28050,9500,31400,40900,32000TWI
R72 02309 0039,10450,11740,22190,10970,38690,49660,32000TWI
R72 02309 0041,8190,23980,32170,8340,27900,36240,32000TWI
R72 02309 0042,5560,18020,23580,5790,10050,15840,32000TWI
R72 02309 0045,2630,0,2630,2500,0,2500,32000TWI
R72 02309 0048,3800,0,3800,3420,0,3420,32000TWI
R72 02309 0050,7270,19640,26910,7280,11730,19010,32000TWI
R72 02309 0052,3200,6800,10000,9350,5760,15110,32000TWI
R72 02309 0053,9430,25810,35240,9970,8280,18250,32000TWI
R72 02309 0054,8630,25630,34260,8950,24690,33640,32000TWI
R72 02309 0056,8840,26560,35400,9140,33840,42980,32000TWI
R72 02309 0057,4900,5100,10000,9660,6650,16310,32000TWI
R72 02309 0058,8760,25370,34130,8900,240,9140,32000TWI
R72 02309 0059,10280,16140,26420,9050,0,9050,32000TWI
R72 02309 0060,10330,22610,32940,11320,17270,28590,32000TWI
R72 02309 0061,9950,20560,30510,10740,31420,42160,32000TWI
R72 02309 0062,8480,20520,29000,8840,19150,27990,32000TWI
R72 02309 0063,11310,39420,50730,12280,33990,46270,32000TWI
R72 02309 0065,10000,29520,39520,9930,14740,24670,32000TWI
R72 02309 0067,6230,0,6230,5590,0,5590,32000TWI
R72 02309 0069,10070,20240,30310,10250,7980,18230,32000TWI
R72 02309 0071,8760,29210,37970,8900,27170,36070,32000TWI
R72 02309 0072,1650,21270,22920,18850,0,18850,32000TWI
R72 02310 0054,9040,22920,31960,9260,36240,45500,32000LIN
R72 02310 0055,4910,0,4910,4530,0,4530,32000TWI
R72 02401B0001,10550,43930,54480,11020,41360,52380,32000TWI
R72 02401B0002,6770,20220,26990,6740,9720,16460,32000TWI
R72 02401B0003,3290,0,3290,2980,0,2980,32000TWI
R72 02401B0004,9260,24870,34130,9530,32230,41760,32000TWI
R72 02401B0005,6580,0,6580,6620,0,6620,32000TWI
R72 02401B0006,6660,29870,36530,6660,24620,31280,32000TWI
R72 02401B0007,3330,0,3330,3000,0,3000,32000TWI
R72 02401B0019,6180,48580,54760,6290,45000,51290,32000TWI
R72 02401B0020,3540,0,3540,3160,0,3160,32000TWI
R72 02401B0021,3940,0,3940,3520,0,3520,32000TWI
R72 02401B0022,8530,45000,53530,8590,47110,55700,32000TWI
R72 02401B0023,4550,0,4550,4210,0,4210,32000TWI
R72 02401B0024,9340,27320,36660,9750,28940,38690,32000TWI
R72 02401B0026,9340,40690,50030,9750,34230,43980,32000TWI
R72 02401B0027,9340,25180,34520,9750,35030,44780,32000TWI
R72 02401B0028,9340,31650,40990,9750,31550,41300,32000TWI
R72 02401B0029,9340,7600,16940,9750,0,9750,32000TWI
R72 02401B0030,9340,24340,33680,9750,21120,30870,32000TWI
R72 02401B0032,9340,22960,32300,9750,29490,39240,32000TWI
R72 02401B0033,9340,28890,38230,9750,13480,23230,32000TWI
R72 02401B0034,9340,21060,30400,9750,38550,48300,32000TWI
R72 02401B0035,9340,25990,35330,9750,12170,21920,32000TWI
R72 02401B0036,9340,37930,47270,9750,28930,38680,32000TWI
R72 02401B0038,3740,0,3740,3320,0,3320,32000TWI
R72 02401B0039,9720,39910,49630,9170,15490,24660,32000TWI
R72 02401B0041,7360,38880,46240,7280,44080,51360,32000TWI
R72 02401B0045,2370,0,2370,2310,0,2310,32000TWI
R72 02402 0003,8450,1960,10410,3810,0,3810,32000TWI
R72 02402 0004,8610,24380,32990,8620,29440,38060,32000TWI
R72 02402 0009,9100,34740,43840,9350,46340,55690,32000TWI
R72 02402 0010,4590,10150,14740,2310,0,2310,32000TWI
R72 02402 0011,4100,0,4100,8210,0,8210,32000TWI
R72 02402 0012,8190,26860,35050,8210,36660,44870,32000TWI
R72 02402 0013,8190,28430,36620,8210,33270,41480,32000TWI
R72 02402 0015,7740,26270,34010,7730,19820,27550,32000TWI
R72 02402 0016,7740,7590,15330,7730,7510,15240,32000TWI
R72 02402 0017,8010,13120,21130,8000,8110,16110,32000TWI
R72 02402 0018,8190,21810,30000,8210,15700,23910,32000TWI
R72 02402 0019,7150,20390,27540,7120,25200,32320,32000TWI
R72 02402 0020,7150,25310,32460,7120,26290,33410,32000TWI
R72 02402 0022,3570,0,3570,3210,0,3210,32000TWI
R72 02402 0024,1550,0,1550,1530,0,1530,32000TWI
R72 02402 0025,5270,22040,27310,5490,14780,20270,32000TWI
R72 02402 0026,16320,0,16320,3250,0,3250,32000TWI
R72 02402 0028,4640,0,4640,2910,0,2910,32000TWI
R72 02403 0001,6980,20740,27720,6850,19940,26790,32000TWI
R72 02403 0002,8060,36680,44740,8070,37200,45270,32000TWI
R72 02403 0012,6550,13080,19630,6540,7500,14040,32000TWI
R72 02403 0013,7140,20090,27230,7150,25340,32490,32000TWI
R72 02403 0015,2830,0,2830,2620,0,2620,32000TWI
R72 02403 0017,5670,1270,6940,2910,0,2910,32000TWI
R72 02403 0018,8190,0,8190,8210,0,8210,32000TWI
R72 02403 0019,8190,26660,34850,8210,32680,40890,32000TWI
R72 02403 0020,4100,0,4100,8210,0,8210,32000TWI
R72 02403 0021,8190,0,8190,8210,75210,83420,32000TWI
R72 02403 0027,4100,0,4100,8210,0,8210,32000TWI
R72 02403 0028,8190,23630,31820,8210,22130,30340,32000TWI
R72 02403 0029,8190,21670,29860,8210,19810,28020,32000TWI
R72 02403 0030,8190,23910,32100,8210,26620,34830,32000TWI
R72 02403 0031,6000,18530,24530,6000,24000,30000,32000TWI
R72 02403 0033,7130,12970,20100,3510,0,3510,32000TWI
R72 02403 0044,5670,14390,20060,2920,0,2920,32000TWI
R72 02403 0045,4160,17610,21770,4140,17140,21280,32000TWI
R72 02403 0046,2060,0,2060,2070,0,2070,32000TWI
R72 02403 0051,240,0,240,240,0,240,32000TWI
R72 02403 0052,240,0,240,240,0,240,32000TWI
R72 02403 0053,!,!,!
R72 02404 0003,7380,21270,28650,7360,26000,33360,32000TWI
R72 02404 0004,7380,25230,32610,7360,22620,29980,32000TWI
R72 02404 0005,3690,0,3690,7360,0,7360,32000TWI
R72 02404 0006,7380,21800,29180,7360,26820,34180,32000TWI
R72 02404 0007,7380,22080,29460,7360,24780,32140,32000TWI
R72 02404 0008,4070,0,4070,7300,0,7300,32000TWI
R72 02404 0009,8710,22000,30710,8780,34500,43280,32000TWI
R72 02404 0010,8860,19820,28680,8910,13730,22640,32000TWI
R72 02404 0011,4550,0,4550,8380,0,8380,32000TWI
R72 02404 0012,9340,28540,37880,9710,22470,32180,32000TWI
R72 02404 0013,8190,0,8190,8080,0,8080,32000TWI
R72 02404 0014,3840,0,3840,3450,0,3450,32000TWI
R72 02404 0017,8060,21230,29290,8070,26940,35010,32000TWI
R72 02404 0018,8320,14470,22790,8340,26240,34580,32000TWI
R72 02404 0020,3900,0,3900,3510,0,3510,32000TWI
R72 02404 0021,7800,18000,25800,7800,25600,33400,32000TWI
R72 02404 0022,8320,6140,14460,4170,0,4170,32000TWI
R72 02404 0023,8060,22340,30400,8070,4580,12650,32000TWI
R72 02404 0024,4030,0,4030,8070,0,8070,32000TWI
R72 02404 0025,8060,17960,26020,8070,18220,26290,32000TWI
R72 02404 0026,8060,29130,37190,8070,28510,36580,32000TWI
R72 02404 0027,9490,16730,26220,9880,15350,25230,32000TWI
R72 02404 0028,9240,22830,32070,9510,9150,18660,32000TWI
R72 02404 0029,9270,22240,31510,9360,23610,32970,32000TWI
R72 02404 0031,4160,0,4160,3770,0,3770,32000TWI
R72 02404 0032,5810,21080,26890,5770,13840,19610,32000TWI
R72 02404 0033,5940,21030,26970,2970,0,2970,32000TWI
R72 02404 0035,8060,0,8060,8070,0,8070,32000TWI
R72 02404 0036,8060,26710,34770,8070,33160,41230,32000TWI
R72 02404 0038,6000,0,6000,6000,89410,95410,32000TWI
R72 02405 0002,8000,21460,29460,7990,20170,28160,32000TWI
R72 02405 0003,8000,24980,32980,7990,35030,43020,32000TWI
R72 02405 0004,8000,31090,39090,7990,26500,34490,32000TWI
R72 02405 0005,8000,0,8000,7990,0,7990,32000TWI
R72 02405 0006,8000,12800,20800,7990,30190,38180,32000TWI
R72 02405 0007,8000,38510,46510,7990,33270,41260,32000TWI
R72 02405 0008,9250,15390,24640,9240,12990,22230,32000TWI
R72 02405 0011,7250,26080,33330,7180,20060,27240,32000TWI
R72 02405 0012,6900,21560,28460,6860,17430,24290,32000TWI
R72 02405 0013,6900,22530,29430,6860,23460,30320,32000TWI
R72 02405 0014,6900,22170,29070,6860,13600,20460,32000TWI
R72 02405 0015,5750,32650,38400,5820,34880,40700,32000TWI
R72 02405 0016,6900,32640,39540,6860,34880,41740,32000TWI
R72 02405 0017,3450,0,3450,3090,0,3090,32000TWI
R72 02405 0018,6900,22620,29520,6860,6780,13640,32000TWI
R72 02405 0019,6900,21460,28360,6860,12270,19130,32000TWI
R72 02405 0020,10350,37510,47860,9980,23380,33360,32000TWI
R72 02405 0028,1150,0,1150,1200,0,1200,32000TWI
R72 02406 0001,7680,31700,39380,7630,28140,35770,32000TWI
R72 02406 0002,1250,0,1250,1290,0,1290,32000TWI
R72 02406 0004,7590,27880,35470,7490,19730,27220,32000TWI
R72 02406 0005,7250,28440,35690,7180,16020,23200,32000TWI
R72 02406 0007,7710,28580,36290,7590,20870,28460,32000TWI
R72 02406 0009,7360,37720,45080,7280,22880,30160,32000TWI
R72 02406 0011,7360,7390,14750,7280,33870,41150,32000TWI
R72 02406 0012,7360,36710,44070,7280,34530,41810,32000TWI
R72 02406 0015,7360,25020,32380,7280,28470,35750,32000TWI
R72 02406 0016,7920,40390,48310,7860,32730,40590,32000TWI
R72 02406 0017,7680,36620,44300,7630,45660,53290,32000TWI
R72 02406 0018,7680,36650,44330,7630,42920,50550,32000TWI
R72 02406 0019,7680,26370,34050,7630,33370,41000,32000TWI
R72 02406 0020,7680,30550,38230,7630,32690,40320,32000TWI
R72 02406 0021,7680,25580,33260,7630,32960,40590,32000TWI
R72 02406 0022,7680,36120,43800,7630,42940,50570,32000TWI
R72 02406 0023,7680,38020,45700,7630,31420,39050,32000TWI
R72 02406 0024,7680,28330,36010,7630,22260,29890,32000TWI
R72 02406 0025,7560,32680,40240,7520,3030,10550,32000TWI
R72 02406 0026,7560,23700,31260,7520,8860,16380,32000TWI
R72 02406 0027,7560,0,7560,7520,0,7520,32000TWI
R72 02406 0028,7560,28270,35830,7520,33620,41140,32000TWI
R72 02406 0029,7560,32010,39570,7520,31570,39090,32000TWI
R72 02406 0030,7800,18320,26120,7750,15320,23070,32000TWI
R72 02406 0031,7360,29040,36400,7280,46020,53300,32000TWI
R72 02406 0034,7480,34670,42150,7380,37970,45350,32000TWI
R72 02406 0036,7480,31820,39300,7380,23820,31200,32000TWI
R72 02406 0039,10920,0,10920,10720,0,10720,32000TWI
R72 02406 0040,!,!,!
R72 02407B0001,16320,39120,55440,16230,39770,56000,12000TWI
R72 02407B0002,14400,34150,48550,14400,34890,49290,12000TWI
R72 02407B0003,14400,28090,42490,14400,36840,51240,12000TWI
R72 02407B0004,14400,29450,43850,14400,35500,49900,12000TWI
R72 02407B0005,14400,30180,44580,14400,30980,45380,12000TWI
R72 02407B0006,14400,26360,40760,14400,32510,46910,12000TWI
R72 02407B0007,14400,29060,43460,14400,11570,25970,12000TWI
R72 02407B0008,14400,31330,45730,14400,32460,46860,12000TWI
R72 02407B0009,14400,32620,47020,14400,40100,54500,12000TWI
R72 02407B0010,14400,32470,46870,14400,39300,53700,12000TWI
R72 02407B0011,14400,33200,47600,14400,40440,54840,12000TWI
R72 02407B0012,14400,34510,48910,14400,36570,50970,12000TWI
R72 02407B0013,14400,33370,47770,14400,35180,49580,12000TWI
R72 02407B0014,14400,33080,47480,14400,39840,54240,12000TWI
R72 02407B0015,15550,34390,49940,15500,36810,52310,12000TWI
R72 02407B0017,15000,31770,46770,14980,33590,48570,12000TWI
R72 02407B0018,15000,32630,47630,14980,34030,49010,12000TWI
R72 02407B0019,15000,32660,47660,14980,19000,33980,12000TWI
R72 02407B0020,15000,33380,48380,14980,37450,52430,12000TWI
R72 02407B0021,15000,32100,47100,14980,39450,54430,12000TWI
R72 02407B0022,15000,32600,47600,14980,40430,55410,12000TWI
R72 02407B0023,15000,22070,37070,14980,36750,51730,12000TWI
R72 02407B0024,15000,31650,46650,14980,39870,54850,12000TWI
R72 02407B0025,15000,33730,48730,14980,35100,50080,12000TWI
R72 02407B0026,15000,30790,45790,14980,31150,46130,12000TWI
R72 02407B0027,15000,29800,44800,14980,35560,50540,12000TWI
R72 02407B0028,15000,23210,38210,14980,37410,52390,12000TWI
R72 02407B0029,15000,31100,46100,14980,33600,48580,12000TWI
R72 02407B0030,19200,33580,52780,19190,33260,52450,12000TWI
R72 02407B0031,18790,31080,49870,18960,20850,39810,12000TWI
R72 02407B0032,4430,0,4430,4460,0,4460,12000TWI
R72 02407B0033,17710,31380,49090,17790,55050,72840,12000TWI
R72 02407B0034,17710,31280,48990,17790,34770,52560,12000TWI
R72 02407B0035,20520,29300,49820,20830,28640,49470,12000TWI
R72 02407B0037,17060,18800,35860,17150,31250,48400,12000TWI
R72 02407B0038,15980,33420,49400,15970,29160,45130,12000TWI
R72 02407B0039,15980,31900,47880,15970,35090,51060,12000TWI
R72 02407B0040,15980,33020,49000,15970,37560,53530,12000TWI
R72 02407B0041,15980,34020,50000,15970,38290,54260,12000TWI
R72 02407B0042,15980,26390,42370,15970,36530,52500,12000TWI
R72 02407B0043,7990,0,7990,7210,0,7210,12000TWI
R72 02407B0044,16130,33080,49210,16140,38140,54280,12000TWI
R72 02407B0045,17500,33110,50610,17620,44120,61740,12000TWI
R72 02408 0001,170,0,170,40,0,40,32000TWI
R72 02408 0002,9830,21270,31100,10230,34390,44620,32000TWI
R72 02408 0006,8980,22380,31360,9240,33820,43060,32000TWI
R72 02408 0007,8980,17270,26250,9240,34650,43890,32000TWI
R72 02408 0008,8980,30710,39690,9240,23750,32990,32000TWI
R72 02408 0009,6960,27900,34860,6980,26350,33330,32000TWI
R72 02408 0010,7920,30130,38050,7900,36120,44020,32000TWI
R72 02408 0013,5510,8080,13590,5800,30390,36190,32000TWI
R72 02408 0015,2810,0,2810,2600,0,2600,32000TWI
R72 02408 0016,8310,19800,28110,8200,19110,27310,32000TWI
R72 02408 0017,8190,15740,23930,4120,0,4120,32000TWI
R72 02408 0018,8400,22530,30930,8490,27920,36410,32000TWI
R72 02408 0019,8780,35050,43830,9140,35390,44530,32000TWI
R72 02408 0020,8100,26200,34300,8110,21530,29640,32000TWI
R72 02408 0021,8100,19570,27670,8110,32520,40630,32000TWI
R72 02408 0022,4050,0,4050,3650,0,3650,32000TWI
R72 02408 0023,8100,25420,33520,8110,31600,39710,32000TWI
R72 02408 0024,8100,25240,33340,8110,23210,31320,32000TWI
R72 02408 0025,8100,6860,14960,8110,27070,35180,32000TWI
R72 02408 0026,7800,21970,29770,7770,22470,30240,32000TWI
R72 02408 0027,6230,20270,26500,10900,21370,32270,32000TWI
R72 02408 0028,5120,18160,23280,5540,16230,21770,32000TWI
R72 02408 0030,7360,28440,35800,7280,55700,62980,32000TWI
R72 02408 0032,6210,24180,30390,6280,17840,24120,32000TWI
R72 02408 0033,7310,22270,29580,7160,22610,29770,32000TWI
R72 02408 0034,7480,23430,30910,7420,28110,35530,32000TWI
R72 02408 0037,8100,21840,29940,8110,9450,17560,32000TWI
R72 02408 0038,8100,40040,48140,8110,50410,58520,32000TWI
R72 02408 0039,8100,16930,25030,7300,0,7300,32000TWI
R72 02408 0040,8100,23030,31130,8110,22170,30280,32000TWI
R72 02408 0041,8100,36610,44710,8110,36340,44450,32000TWI
R72 02408 0042,7730,26840,34570,7710,32880,40590,32000TWI
R72 02408 0043,3150,0,3150,2840,0,2840,32000TWI
R72 02408 0045,6020,0,6020,5960,0,5960,32000TWI
R72 02408 0046,4920,0,4920,4140,0,4140,32000TWI
R72 02408 0047,4960,16460,21420,2710,0,2710,32000TWI
R72 02408 0048,1920,0,1920,1860,0,1860,32000TWI
R72 02408 0050,7940,38730,46670,3900,0,3900,32000TWI
R72 02408 0051,!,!,!
R72 02409 0003,15740,66650,82390,15680,42360,58040,12000TWI
R72 02409 0008,14020,28240,42260,14030,33240,47270,12000TWI
R72 02409 0009,14020,28550,42570,14030,43400,57430,12000TWI
R72 02409 0010,14020,34710,48730,14030,52030,66060,12000TWI
R72 02409 0011,13440,26110,39550,13480,16530,30010,12000TWI
R72 02409 0012,13440,22090,35530,13480,30640,44120,12000TWI
R72 02409 0013,13440,21490,34930,13480,30330,43810,12000TWI
R72 02409 0014,13440,30960,44400,13480,39240,52720,12000TWI
R72 02409 0015,13440,33690,47130,13480,38990,52470,12000TWI
R72 02409 0016,13440,26530,39970,13480,34910,48390,12000TWI
R72 02409 0017,16320,29670,45990,16230,47930,64160,12000TWI
R72 02409 0021,15550,21290,36840,15500,35390,50890,12000TWI
R72 02409 0022,13630,22870,36500,13660,35340,49000,12000TWI
R72 02409 0024,13630,25180,38810,13660,30180,43840,12000TWI
R72 02409 0025,5760,0,5760,5250,0,5250,12000TWI
R72 02409 0027,14400,47340,61740,14400,34530,48930,12000TWI
R72 02409 0029,15360,40990,56350,15320,32410,47730,12000TWI
R72 02409 0031,15360,41030,56390,15320,28070,43390,12000TWI
R72 02409 0033,14980,34760,49740,14950,30970,45920,12000TWI
R72 02409 0034,14400,46180,60580,14400,44990,59390,12000TWI
R72 02409 0036,14020,33360,47380,14030,37770,51800,12000TWI
R72 02409 0037,14020,29330,43350,14030,32240,46270,12000TWI
R72 02409 0039,16900,27600,44500,16790,17620,34410,12000TWI
R72 02409 0041,16320,35260,51580,16230,44090,60320,12000TWI
R72 02409 0043,14980,38450,53430,14950,43200,58150,12000TWI
R72 02409 0045,14020,33800,47820,14030,35840,49870,12000TWI
R72 02409 0046,14020,22530,36550,14030,36400,50430,12000TWI
R72 02409 0047,14020,28580,42600,14030,34730,48760,12000TWI
R72 02409 0048,14020,25960,39980,14030,34260,48290,12000TWI
R72 02409 0049,14020,30850,44870,14030,27640,41670,12000TWI
R72 02409 0050,14020,30450,44470,14030,28180,42210,12000TWI
R72 02409 0051,14020,29350,43370,14030,35830,49860,12000TWI
R72 02409 0052,15360,38340,53700,15320,43870,59190,12000TWI
R72 02409 0053,7200,0,7200,6500,0,6500,12000TWI
R72 02409 0054,14400,42180,56580,14400,36060,50460,12000TWI
R72 02409 0055,21890,54450,76340,21560,147410,168970,12000TWI
R72 02409 0056,13150,39350,52500,24560,20230,44790,12000TWI
R72 02410 0001,16200,30800,47000,16180,52180,68360,12000TWI
R72 02410 0002,15000,9130,24130,14980,45160,60140,12000TWI
R72 02410 0003,15000,26380,41380,14980,69230,84210,12000TWI
R72 02410 0004,15000,33150,48150,14230,25800,40030,12000TWI
R72 02410 0005,15000,31610,46610,14980,38500,53480,12000TWI
R72 02410 0006,15000,42010,57010,14980,44800,59780,12000TWI
R72 02410 0007,15000,14800,29800,14980,29360,44340,12000TWI
R72 02410 0008,15000,27290,42290,14980,40090,55070,12000TWI
R72 02410 0009,15000,34780,49780,14980,34260,49240,12000TWI
R72 02410 0010,15000,38850,53850,14980,20340,35320,12000TWI
R72 02410 0011,15000,21100,36100,14980,10720,25700,12000TWI
R72 02410 0012,15000,22190,37190,6270,14230,20500,12000TWI
R72 02410 0013,15000,23900,38900,14980,36040,51020,12000TWI
R72 02410 0014,15000,19580,34580,14980,40450,55430,12000TWI
R72 02410 0015,16200,25970,42170,16180,40990,57170,12000TWI
R72 02410 0016,15550,36870,52420,15500,46200,61700,12000TWI
R72 02410 0017,14400,27780,42180,14400,33550,47950,12000TWI
R72 02410 0018,14400,31960,46360,14400,33920,48320,12000TWI
R72 02410 0019,14400,33330,47730,14400,36010,50410,12000TWI
R72 02410 0020,14400,22560,36960,14400,31900,46300,12000TWI
R72 02410 0021,14400,30430,44830,13680,21220,34900,12000TWI
R72 02410 0022,14400,18880,33280,14400,38880,53280,12000TWI
R72 02410 0023,14400,30310,44710,14400,37370,51770,12000TWI
R72 02410 0024,14400,35780,50180,14400,44290,58690,12000TWI
R72 02410 0025,14400,33780,48180,14400,30280,44680,12000TWI
R72 02410 0026,14400,30650,45050,14400,37500,51900,12000TWI
R72 02410 0027,14400,21740,36140,7220,0,7220,12000TWI
R72 02410 0028,14400,28230,42630,14400,26030,40430,12000TWI
R72 02410 0029,14400,28170,42570,14400,27960,42360,12000TWI
R72 02410 0030,15550,27150,42700,15500,34160,49660,12000TWI
R72 02410 0031,15550,33530,49080,15500,62020,77520,12000TWI
R72 02410 0032,14400,33690,48090,14400,39610,54010,12000TWI
R72 02410 0033,14400,31770,46170,6500,0,6500,12000TWI
R72 02410 0034,14400,24970,39370,14400,44400,58800,12000TWI
R72 02410 0035,14400,32540,46940,14400,36250,50650,12000TWI
R72 02410 0036,7200,0,7200,6500,0,6500,12000TWI
R72 02410 0037,14400,19830,34230,14400,43650,58050,12000TWI
R72 02410 0038,14400,24840,39240,14400,76570,90970,12000TWI
R72 02410 0039,14400,35460,49860,14400,42840,57240,12000TWI
R72 02410 0040,14400,24840,39240,14400,41280,55680,12000TWI
R72 02410 0041,14400,30340,44740,14400,22720,37120,12000TWI
R72 02410 0042,14400,25840,40240,14400,41020,55420,12000TWI
R72 02410 0043,14400,22660,37060,7220,0,7220,12000TWI
R72 02410 0044,8160,0,8160,6930,0,6930,C4002000
R72 02411 0001,8370,19580,27950,4200,0,4200,32000TWI
R72 02411 0002,8100,22740,30840,8110,22560,30670,32000TWI
R72 02411 0003,8100,27310,35410,8110,20820,28930,32000TWI
R72 02411 0004,8100,28170,36270,8110,26480,34590,32000TWI
R72 02411 0005,4050,0,4050,8110,0,8110,32000TWI
R72 02411 0006,8100,31200,39300,8110,19050,27160,32000TWI
R72 02411 0007,8100,25560,33660,8110,31140,39250,32000TWI
R72 02411 0008,8100,23920,32020,4060,0,4060,32000TWI
R72 02411 0009,8100,0,8100,8110,0,8110,32000TWI
R72 02411 0010,8100,24980,33080,8110,37510,45620,32000TWI
R72 02411 0011,8640,31580,40220,8690,32300,40990,32000TWI
R72 02411 0012,8100,19600,27700,8110,27060,35170,32000TWI
R72 02411 0013,8100,30250,38350,8110,27160,35270,32000TWI
R72 02411 0014,8100,31700,39800,8110,34090,42200,32000TWI
R72 02411 0015,9430,8260,17690,9930,4910,14840,32000TWI
R72 02411 0016,8700,25320,34020,9050,22120,31170,32000TWI
R72 02411 0017,8700,33900,42600,9050,26840,35890,32000TWI
R72 02411 0018,9430,23870,33300,9930,9410,19340,32000TWI
R72 02411 0019,8000,22190,30190,8020,19180,27200,32000TWI
R72 02411 0020,7630,24490,32120,7650,20500,28150,32000TWI
R72 02411 0021,7750,26960,34710,7740,8040,15780,32000TWI
R72 02411 0022,7880,37950,45830,7860,33300,41160,32000TWI
R72 02411 0023,21860,31630,53490,22700,31780,54480,32000TWI
R72 02411 0024,3710,0,3710,3320,0,3320,32000TWI
R72 02411 0025,8100,45880,53980,8110,45770,53880,32000TWI
R72 02411 0026,8100,38910,47010,8110,27010,35120,32000TWI
R72 02411 0027,8100,35150,43250,8110,33310,41420,32000TWI
R72 02411 0028,8100,31840,39940,8110,32200,40310,32000TWI
R72 02411 0029,8100,42090,50190,8110,39140,47250,32000TWI
R72 02411 0030,8100,22820,30920,8110,37800,45910,32000TWI
R72 02411 0031,8100,34720,42820,8110,29590,37700,32000TWI
R72 02411 0032,6250,25110,31360,5930,24590,30520,32000TWI
R72 02411 0033,5700,26450,32150,5930,30160,36090,32000TWI
R72 02411 0034,4390,0,4390,7960,0,7960,32000TWI
R72 02411 0035,8100,23290,31390,8110,19320,27430,32000TWI
R72 02411 0036,8100,25830,33930,8110,23460,31570,32000TWI
R72 02411 0037,8100,26700,34800,8110,23340,31450,32000TWI
R72 02411 0038,8100,29930,38030,8110,34650,42760,32000TWI
R72 02411 0039,8780,36990,45770,8840,56440,65280,32000TWI
R72 02412 0007,9260,7060,16320,4310,0,4310,32000TWI
R72 02412 0008,9260,19870,29130,9570,7530,17100,32000TWI
R72 02412 0011,7320,30520,37840,7290,23610,30900,32000TWI
R72 02412 0012,4700,24330,29030,4730,23020,27750,32000TWI
R72 02412 0014,8270,42690,50960,8310,30760,39070,32000TWI
R72 02412 0015,5370,18870,24240,5630,10130,15760,32000TWI
R72 02412 0016,5370,19080,24450,5630,12790,18420,32000TWI
R72 02412 0017,5570,24340,29910,5800,15850,21650,32000TWI
R72 02412 0018,5470,24790,30260,5720,19100,24820,32000TWI
R72 02412 0019,2780,0,2780,2610,0,2610,32000TWI
R72 02412 0020,5370,16650,22020,5630,10610,16240,32000TWI
R72 02412 0021,970,0,970,1040,0,1040,32000TWI
R72 02412 0022,7430,23240,30670,7300,25210,32510,32000TWI
R72 02412 0023,2970,0,2970,2760,0,2760,32000TWI
R72 02412 0024,9410,32920,42330,9730,30250,39980,32000TWI
R72 02412 0025,6850,28580,35430,6810,31060,37870,32000TWI
R72 02412 0026,6680,40320,47000,6660,6650,13310,32000TWI
R72 02412 0027,6660,53650,60310,6660,17420,24080,32000TWI
R72 02412 0028,6770,23460,30230,6740,5230,11970,32000TWI
R72 02412 0029,6770,19620,26390,6740,31780,38520,32000TWI
R72 02412 0030,10150,38500,48650,4740,0,4740,32000TWI
R72 02412 0031,6560,29820,36380,6570,29610,36180,32000TWI
R72 02412 0032,8980,106880,115860,9240,93360,102600,32000TWI
R72 02412 0034,2740,0,2740,2600,0,2600,32000TWI
R72 02412 0036,5410,23320,28730,5710,8140,13850,32000TWI
R72 02412 0037,5260,25180,30440,5610,20950,26560,32000TWI
R72 02412 0038,5120,20740,25860,5540,22530,28070,32000TWI
R72 02412 0044,8820,20550,29370,8990,36010,45000,32000TWI
R72 02412 0045,8960,27100,36060,9150,27540,36690,32000TWI
R72 02412 0046,8960,21670,30630,9150,16020,25170,32000TWI
R72 02412 0047,8960,21700,30660,9150,6850,16000,32000TWI
R72 02412 0048,25620,0,25620,28090,0,28090,32000TWI
R72 02412 0049,8960,21500,30460,9150,6340,15490,32000TWI
R72 02412 0050,8960,16670,25630,9150,16820,25970,32000TWI
R72 02412 0051,2690,0,2690,2750,0,2750,32000TWI
R72 02412 0053,8960,27260,36220,9150,16430,25580,32000TWI
R72 02412 0054,8960,23860,32820,9150,33740,42890,32000TWI
R72 02412 0055,8960,25570,34530,9150,15290,24440,32000TWI
R72 02412 0057,8960,9240,18200,9150,11650,20800,32000TWI
R72 02412 0058,8960,24820,33780,9150,1860,11010,32000TWI
R72 02412 0059,8960,35540,44500,9150,47070,56220,32000TWI
R72 02412 0060,8960,32790,41750,9150,12070,21220,32000TWI
R72 02412 0062,5870,29410,35280,5940,19040,24980,32000TWI
R72 02412 0064,5530,24890,30420,5830,26410,32240,32000TWI
R72 02412 0065,5160,19080,24240,5550,22980,28530,32000TWI
R72 02412 0066,4250,0,4250,4520,0,4520,32000TWI
R72 02412 0067,2630,0,2630,2530,0,2530,32000TWI
R72 02412 0072,7960,24350,32310,7970,6590,14560,32000TWI
R72 02412 0073,4960,30470,35430,5380,5720,11100,32000TWI
R72 02412 0074,7880,20670,28550,7860,18420,26280,32000TWI
R72 02412 0075,7800,19420,27220,7780,4220,12000,32000TWI
R72 02412 0076,7200,23670,30870,7140,15460,22600,32000TWI
R72 02412 0077,7130,26090,33220,7110,25980,33090,32000TWI
R72 02412 0079,7050,24520,31570,7050,24660,31710,32000TWI
R72 02412 0081,7050,26700,33750,6990,7940,14930,32000TWI
R72 02412 0082,8230,27450,35680,8110,28270,36380,32000TWI
R72 02412 0083,7840,24660,32500,7750,22900,30650,32000TWI
R72 02412 0084,7200,32420,39620,7140,32280,39420,32000TWI
R72 02412 0085,7680,29680,37360,7670,9850,17520,32000TWI
R72 02412 0089,7720,28100,35820,7690,27220,34910,32000TWI
R72 02412 0090,9650,24130,33780,9580,17270,26850,32000TWI
R72 02412 0091,3310,0,3310,2970,0,2970,32000TWI
R72 02412 0093,3620,0,3620,6510,0,6510,32000TWI
R72 02412 0094,5280,23920,29200,5590,17830,23420,32000TWI
R72 02501 0002,10890,33550,44440,11150,24510,35660,32000TWI
R72 02501 0004,10740,45910,56650,10970,44860,55830,32000TWI
R72 02501 0009,6880,20520,27400,6860,16880,23740,32000TWI
R72 02501 0017,8390,21530,29920,9180,17320,26500,32000TWI
R72 02501 0018,4040,0,4040,3920,0,3920,32000TWI
R72 02501 0019,8390,18250,26640,9100,15350,24450,32000TWI
R72 02501 0020,6940,23270,30210,6920,16750,23670,32000TWI
R72 02501 0021,6310,25040,31350,6340,34270,40610,32000TWI
R72 02501 0022,7410,15620,23030,7250,18240,25490,32000TWI
R72 02501 0024,6420,21170,27590,6470,18030,24500,32000TWI
R72 02501 0026,9360,30300,39660,10000,26570,36570,32000TWI
R72 02501 0027,9280,24400,33680,9760,0,9760,32000TWI
R72 02501 0028,7320,14330,21650,7240,6520,13760,32000TWI
R72 02501 0029,9360,26400,35760,10000,23460,33460,32000TWI
R72 02501 0030,8780,20550,29330,9270,18370,27640,32000TWI
R72 02501 0031,2420,11830,14250,2200,4260,6460,32000TWI
R72 02501 0032,7710,31590,39300,7590,16510,24100,32000TWI
R72 02501 0035,8790,0,8790,2290,0,2290,32000TWI
R72 02501 0036,3040,0,3040,3320,0,3320,32000TWI
R72 02501 0039,7280,18400,25680,7170,20020,27190,32000TWI
R72 02501 0040,400,0,400,120,0,120,32000TWI
R72 02501 0041,5570,20450,26020,5770,13070,18840,32000TWI
R72 02501 0049,5720,22950,28670,5850,17680,23530,32000TWI
R72 02501 0050,4730,16280,21010,4750,14510,19260,32000TWI
R72 02501 0051,2290,0,2290,1900,0,1900,32000TWI
R72 02502 0004,9270,14300,23570,9430,40940,50370,32000TWI
R72 02502 0005,8580,24350,32930,4340,0,4340,32000TWI
R72 02502 0006,7490,26800,34290,7490,22710,30200,32000TWI
R72 02502 0008,7490,24280,31770,7490,4920,12410,32000TWI
R72 02502 0010,7490,18490,25980,7490,20080,27570,32000TWI
R72 02502 0011,8990,30350,39340,9140,34060,43200,32000TWI
R72 02502 0028,7430,23690,31120,7440,16300,23740,32000TWI
R72 02502 0030,7560,21860,29420,3800,0,3800,32000TWI
R72 02502 0031,7980,22630,30610,4030,0,4030,32000TWI
R72 02502 0032,7840,16470,24310,7900,19710,27610,32000TWI
R72 02502 0034,7840,24420,32260,7900,23210,31110,32000TWI
R72 02502 0036,7980,25350,33330,8050,18960,27010,32000TWI
R72 02502 0046,7290,21810,29100,7280,12960,20240,32000TWI
R72 02502 0048,720,0,720,720,0,720,32000TWI
R72 02503 0001,9130,24880,34010,9290,12810,22100,32000TWI
R72 02503 0002,7490,22800,30290,7490,17510,25000,32000TWI
R72 02503 0003,8860,19780,28640,8990,21320,30310,32000TWI
R72 02503 0004,8860,36510,45370,4490,0,4490,32000TWI
R72 02503 0005,8860,30830,39690,8990,35660,44650,32000TWI
R72 02503 0006,8860,37140,46000,8990,59610,68600,32000TWI
R72 02503 0007,4430,0,4430,4040,3480,7520,32000TWI
R72 02503 0008,970,1940,2910,540,2550,3090,32000TWI
R72 02503 0009,1710,0,1710,1690,0,1690,32000TWI
R72 02503 0014,8940,39940,48880,9130,39690,48820,32000TWI
R72 02503 0021,8250,22770,31020,8640,31740,40380,32000TWI
R72 02503 0022,8940,17360,26300,9130,22970,32100,32000TWI
R72 02503 0023,8180,23940,32120,8240,21500,29740,32000TWI
R72 02503 0026,6090,19940,26030,6260,20450,26710,32000TWI
R72 02503 0029,6090,20220,26310,3130,0,3130,32000TWI
R72 02503 0030,7980,26690,34670,7680,26490,34170,32000TWI
R72 02503 0035,9180,0,9180,9420,0,9420,32000TWI
R72 02503 0036,9180,0,9180,9420,0,9420,32000TWI
R72 02503 0037,9180,0,9180,9420,0,9420,32000TWI
R72 02503 0038,9180,0,9180,9420,0,9420,32000TWI
R72 02503 0039,9360,0,9360,9440,89410,98850,32000TWI
R72 02503 0040,!,!,!
R72 02504 0001,7200,25350,32550,7170,31460,38630,32000TWI
R72 02504 0003,7410,30830,38240,7420,31400,38820,32000TWI
R72 02504 0005,8140,23380,31520,8140,31330,39470,32000TWI
R72 02504 0006,8220,19510,27730,8200,29100,37300,32000TWI
R72 02504 0007,8220,26560,34780,8240,16990,25230,32000TWI
R72 02504 0008,8220,0,8220,8270,0,8270,32000TWI
R72 02504 0009,8220,9220,17440,8270,6590,14860,32000TWI
R72 02504 0010,8290,17220,25510,8300,5690,13990,32000TWI
R72 02504 0011,8370,14680,23050,8370,18260,26630,32000TWI
R72 02504 0013,4500,0,4500,4080,0,4080,32000TWI
R72 02504 0016,8450,11260,19710,4270,0,4270,32000TWI
R72 02504 0017,8530,12830,21360,4280,0,4280,32000TWI
R72 02504 0018,4260,0,4260,3870,0,3870,32000TWI
R72 02504 0019,6080,17990,24070,2780,0,2780,32000TWI
R72 02504 0020,6430,21780,28210,6440,23520,29960,32000TWI
R72 02504 0022,7140,24100,31240,7020,14340,21360,32000TWI
R72 02504 0023,8960,19440,28400,17020,14720,31740,32000TWI
R72 02504 0027,6600,22030,28630,6600,25360,31960,32000TWI
R72 02504 0030,7520,8170,15690,7490,26070,33560,32000TWI
R72 02504 0033,6790,0,6790,6680,0,6680,32000TWI
R72 02504 0035,7090,17460,24550,7060,8220,15280,32000TWI
R72 02504 0038,9060,43650,52710,9410,36870,46280,32000TWI
R72 02504 0039,9060,22720,31780,9340,10490,19830,32000TWI
R72 02504 0040,8980,37860,46840,9270,32880,42150,32000TWI
R72 02504 0041,8900,38320,47220,9170,33530,42700,32000TWI
R72 02504 0042,8900,0,8900,9100,89800,98900,32000TWI
R72 02504 0043,8820,37470,46290,9030,30960,39990,32000TWI
R72 02504 0044,7480,24150,31630,7450,33860,41310,32000TWI
R72 02504 0045,8740,12590,21330,7970,0,7970,32000TWI
R72 02504 0046,8660,18450,27110,8750,32440,41190,32000TWI
R72 02504 0047,8580,0,8580,8690,0,8690,32000TWI
R72 02504 0048,8580,20750,29330,8650,28100,36750,32000TWI
R72 02504 0049,8510,22370,30880,8550,0,8550,32000TWI
R72 02504 0050,10600,18780,29380,10820,23670,34490,32000TWI
R72 02504 0058,7110,22540,29650,7090,29720,36810,32000TWI
R72 02504 0060,4570,17190,21760,4600,23530,28130,32000TWI
R72 02504 0061,10400,0,10400,10450,89410,99860,32000TWI
R72 02505 0001,9270,23220,32490,9430,7280,16710,32000TWI
R72 02505 0002,9270,0,9270,9430,0,9430,32000TWI
R72 02505 0004,8580,25500,34080,8690,22270,30960,32000TWI
R72 02505 0005,8580,30070,38650,8690,25040,33730,32000TWI
R72 02505 0006,8580,25910,34490,8690,16900,25590,32000TWI
R72 02505 0007,8580,26690,35270,8690,26750,35440,32000TWI
R72 02505 0008,8580,25000,33580,8690,24930,33620,32000TWI
R72 02505 0009,4290,0,4290,3910,0,3910,32000TWI
R72 02505 0010,8580,32010,40590,8690,41650,50340,32000TWI
R72 02505 0011,8580,0,8580,8690,0,8690,32000TWI
R72 02505 0012,8990,26760,35750,8220,0,8220,32000TWI
R72 02505 0013,8180,42720,50900,8240,23680,31920,32000TWI
R72 02505 0015,7490,23990,31480,7490,33990,41480,32000TWI
R72 02505 0018,8110,26550,34660,8210,18970,27180,32000TWI
R72 02505 0023,7430,23420,30850,7440,23300,30740,32000TWI
R72 02505 0024,5580,0,5580,10430,0,10430,32000TWI
R72 02505 0025,8660,0,8660,8820,0,8820,32000TWI
R72 02505 0029,4330,0,4330,7940,0,7940,32000TWI
R72 02505 0030,9080,26040,35120,9290,27520,36810,32000TWI
R72 02505 0031,9080,14840,23920,9290,33470,42760,32000TWI
R72 02505 0033,4190,0,4190,7660,0,7660,32000TWI
R72 02505 0034,3580,870,4450,3650,700,4350,32000TWI
R72 02505 0036,9350,30950,40300,9590,33190,42780,32000TWI
R72 02505 0037,14690,21830,36520,14070,21810,35880,32000TWI
R72 02505 0041,720,0,720,720,0,720,32000TWI
R72 02505 0044,8900,0,8900,9060,0,9060,32000TWI
R72 02505 0045,8900,0,8900,9060,0,9060,32000TWI
R72 02505 0046,8900,0,8900,9060,0,9060,32000TWI
R72 02505 0047,!,!,!
R72 02505 0048,!,!,!
R72 02506 0001,6910,31100,38010,6800,18620,25420,32000TWI
R72 02506 0003,7050,21480,28530,7020,8840,15860,32000TWI
R72 02506 0004,9080,23420,32500,9920,7230,17150,32000TWI
R72 02506 0005,9080,25270,34350,9920,26540,36460,32000TWI
R72 02506 0009,9080,15960,25040,9920,49690,59610,32000TWI
R72 02506 0010,9990,26160,36150,9930,32220,42150,32000TWI
R72 02506 0011,4960,0,4960,4890,0,4890,32000TWI
R72 02506 0012,9910,31030,40940,9650,31840,41490,32000TWI
R72 02506 0013,4960,0,4960,5040,0,5040,32000TWI
R72 02506 0014,4960,0,4960,9990,0,9990,32000TWI
R72 02506 0015,10240,39390,49630,16520,33540,50060,32000TWI
R72 02506 0016,9450,32890,42340,15300,19220,34520,32000TWI
R72 02506 0017,9750,33090,42840,10660,32270,42930,32000TWI
R72 02506 0018,7120,30490,37610,7030,27870,34900,32000TWI
R72 02506 0019,3500,1800,5300,3130,0,3130,32000TWI
R72 02506 0020,5530,21620,27150,5830,14400,20230,32000TWI
R72 02506 0021,5630,26830,32460,5900,26660,32560,32000TWI
R72 02506 0022,5910,17770,23680,6110,20260,26370,32000TWI
R72 02506 0023,3840,19010,22850,3790,15140,18930,32000TWI
R72 02506 0024,6320,19390,25710,6400,25330,31730,32000TWI
R72 02506 0025,9020,32040,41060,9200,35270,44470,32000TWI
R72 02506 0026,9020,17930,26950,9200,2990,12190,32000TWI
R72 02506 0027,9020,19600,28620,4600,0,4600,32000TWI
R72 02506 0028,9020,6970,15990,3540,0,3540,32000TWI
R72 02506 0029,9020,28190,37210,9200,28310,37510,32000TWI
R72 02506 0030,9020,22700,31720,9200,22800,32000,32000TWI
R72 02506 0031,9020,26600,35620,9200,32980,42180,32000TWI
R72 02506 0032,9020,53400,62420,9200,7950,17150,32000TWI
R72 02506 0033,9020,14460,23480,9200,0,9200,32000TWI
R72 02506 0034,7400,15040,22440,7310,19760,27070,32000TWI
R72 02506 0035,7400,21420,28820,7310,22640,29950,32000TWI
R72 02506 0036,7400,26080,33480,6580,0,6580,32000TWI
R72 02506 0037,7400,23300,30700,7310,13170,20480,32000TWI
R72 02506 0038,7400,26780,34180,7310,24920,32230,32000TWI
R72 02506 0039,3700,0,3700,3290,0,3290,32000TWI
R72 02506 0040,9590,27750,37340,9670,50900,60570,32000TWI
R72 02506 0042,9050,33920,42970,18230,12110,30340,32000TWI
R72 02506 0045,6680,22590,29270,6650,18710,25360,32000TWI
R72 02506 0046,5100,20800,25900,5410,23430,28840,32000TWI
R72 02506 0047,!,!,!
R72 02506 0048,!,!,!
R72 02507 0001,7630,25450,33080,7640,18660,26300,32000TWI
R72 02507 0004,5120,17560,22680,5530,3870,9400,32000TWI
R72 02507 0008,9270,17260,26530,9430,14930,24360,32000TWI
R72 02507 0009,9270,0,9270,9430,0,9430,32000TWI
R72 02507 0010,9270,28000,37270,9430,40300,49730,32000TWI
R72 02507 0011,9270,26530,35800,9430,28520,37950,32000TWI
R72 02507 0012,9270,31080,40350,9430,30550,39980,32000TWI
R72 02507 0013,10360,38030,48390,10630,55420,66050,32000TWI
R72 02507 0015,7560,18990,26550,7590,23120,30710,32000TWI
R72 02507 0016,1560,31700,33260,1560,13740,15300,32000TWI
R72 02507 0020,6750,24430,31180,6740,19440,26180,32000TWI
R72 02507 0027,8660,24140,32800,8820,24360,33180,32000TWI
R72 02507 0029,9350,23050,32400,9590,17630,27220,32000TWI
R72 02507 0032,6190,32810,39000,6940,41010,47950,32000TWI
R72 02507 0035,6530,23500,30030,6540,18390,24930,32000TWI
R72 02507 0038,6860,17990,24850,6840,19230,26070,32000TWI
R72 02507 0042,7310,28070,35380,7240,40960,48200,32000TWI
R72 02507 0046,9380,0,9380,9250,0,9250,32000TWI
R72 02507 0047,8900,0,8900,9060,89410,98470,32000TWI
R72 02507 0048,8900,0,8900,9060,0,9060,32000TWI
R72 02507 0049,8900,0,8900,9060,0,9060,32000TWI
R72 02507 0050,!,!,!
R72 02508 0002,8400,27880,36280,8320,36920,45240,32000TWI
R72 02508 0003,8400,18010,26410,8320,19410,27730,32000TWI
R72 02508 0005,6240,13150,19390,6260,4720,10980,32000TWI
R72 02508 0006,5760,21750,27510,5800,13450,19250,32000TWI
R72 02508 0007,8400,32680,41080,8320,43320,51640,32000TWI
R72 02508 0009,2430,0,2430,2380,0,2380,32000TWI
R72 02508 0010,6000,23110,29110,6030,16030,22060,32000TWI
R72 02508 0011,6000,22970,28970,6030,15500,21530,32000TWI
R72 02508 0012,6480,22970,29450,6490,15500,21990,32000TWI
R72 02508 0014,8400,28760,37160,8320,27460,35780,32000TWI
R72 02508 0015,7680,30740,38420,7630,35700,43330,32000TWI
R72 02508 0016,6960,28220,35180,6950,32890,39840,32000TWI
R72 02508 0017,3060,0,3060,2820,0,2820,32000TWI
R72 02508 0021,9360,25600,34960,8670,52150,60820,32000TWI
R72 02508 0024,6960,27280,34240,6950,31670,38620,32000TWI
R72 02508 0025,2630,0,2630,2510,0,2510,32000TWI
R72 02509 0001,4200,0,4200,3790,0,3790,32000TWI
R72 02509 0002,8400,29000,37400,8410,39140,47550,32000TWI
R72 02509 0003,8400,0,8400,8410,89800,98210,32000TWI
R72 02509 0004,8400,28770,37170,8410,35470,43880,32000TWI
R72 02509 0007,7220,20580,27800,7180,7520,14700,32000TWI
R72 02509 0009,6170,22720,28890,6080,19490,25570,32000TWI
R72 02509 0010,3670,0,3670,3290,0,3290,32000TWI
R72 02509 0011,4970,24370,29340,5420,15890,21310,32000TWI
R72 02509 0012,5900,24470,30370,6040,17620,23660,32000TWI
R72 02509 0018,8270,0,8270,8270,0,8270,32000TWI
R72 02509 0019,8270,0,8270,8270,0,8270,32000TWI
R72 02509 0020,8270,0,8270,8270,0,8270,32000TWI
R72 02509 0021,8270,0,8270,8270,0,8270,32000TWI
R72 02509 0022,8270,0,8270,8270,0,8270,32000TWI
R72 02509 0026,3940,0,3940,7860,0,7860,32000TWI
R72 02509 0033,7480,20680,28160,7420,20810,28230,32000TWI
R72 02509 0034,5380,25860,31240,5550,17210,22760,32000TWI
R72 02509 0035,2670,0,2670,2570,0,2570,32000TWI
R72 02509 0036,6510,23170,29680,6540,17700,24240,32000TWI
R72 02509 0037,6960,22290,29250,6900,24940,31840,32000TWI
R72 02509 0038,7880,23390,31270,7860,21880,29740,32000TWI
R72 02509 0039,7880,22740,30620,7860,18810,26670,32000TWI
R72 02509 0040,7880,22910,30790,7860,23670,31530,32000TWI
R72 02509 0041,7880,40980,48860,7860,34880,42740,32000TWI
R72 02509 0042,7880,24800,32680,3930,0,3930,32000TWI
R72 02509 0043,7880,22110,29990,7860,19340,27200,32000TWI
R72 02509 0045,7880,22960,30840,7860,21340,29200,32000TWI
R72 02509 0048,6650,29840,36490,6660,30570,37230,32000TWI
R72 02509 0049,6650,29770,36420,6660,29230,35890,32000TWI
R72 02509 0050,4550,29380,33930,4640,17250,21890,32000TWI
R72 02509 0056,4950,25340,30290,5260,26490,31750,32000TWI
R72 02509 0058,9860,0,9860,9640,0,9640,32000TWI
R72 02509 0059,5860,0,5860,11840,97450,109290,32000TWI
R72 02509 0060,!,!,!
R72 02509 0061,!,!,!
R72 02510 0001,6790,19530,26320,6760,20270,27030,32000TWI
R72 02510 0002,6790,17670,24460,6760,25690,32450,32000TWI
R72 02510 0003,6790,24100,30890,6760,22940,29700,32000TWI
R72 02510 0004,6790,20160,26950,6760,24600,31360,32000TWI
R72 02510 0006,6710,28690,35400,6700,21540,28240,32000TWI
R72 02510 0007,6710,18440,25150,6700,36790,43490,32000TWI
R72 02510 0009,6710,21860,28570,6700,18770,25470,32000TWI
R72 02510 0010,3360,0,3360,3010,0,3010,32000TWI
R72 02510 0011,6900,22070,28970,6860,9850,16710,32000TWI
R72 02510 0012,6900,33400,40300,6860,26400,33260,32000TWI
R72 02510 0014,6900,19220,26120,6860,21750,28610,32000TWI
R72 02510 0015,6900,19470,26370,3430,0,3430,32000TWI
R72 02510 0016,6900,20610,27510,6860,27770,34630,32000TWI
R72 02510 0017,7020,30050,37070,6970,11530,18500,32000TWI
R72 02510 0024,3420,0,3420,2960,0,2960,32000TWI
R72 02510 0029,9430,25590,35020,9970,13040,23010,32000TWI
R72 02510 0031,3360,0,3360,3010,0,3010,32000TWI
R72 02510 0032,3360,0,3360,3010,0,3010,32000TWI
R72 02511 0001,6690,27610,34300,6660,24780,31440,32000TWI
R72 02511 0002,8270,23560,31830,8270,29080,37350,32000TWI
R72 02511 0003,8270,25920,34190,8270,27570,35840,32000TWI
R72 02511 0004,8270,20790,29060,4140,0,4140,32000TWI
R72 02511 0005,6460,24060,30520,3240,0,3240,32000TWI
R72 02511 0011,8270,0,8270,8270,0,8270,32000TWI
R72 02511 0012,8270,31830,40100,8270,26360,34630,32000TWI
R72 02511 0014,8270,20680,28950,8270,16760,25030,32000TWI
R72 02511 0015,8270,26930,35200,8270,16720,24990,32000TWI
R72 02511 0016,8270,20360,28630,4140,0,4140,32000TWI
R72 02511 0019,9060,27440,36500,9100,28170,37270,32000TWI
R72 02511 0020,8270,20070,28340,8270,26350,34620,32000TWI
R72 02511 0021,8270,23920,32190,8270,25960,34230,32000TWI
R72 02511 0022,7880,21470,29350,7860,21870,29730,32000TWI
R72 02511 0026,5330,22280,27610,5530,29720,35250,32000TWI
R72 02511 0027,1580,2320,3900,9100,3040,12140,32000TWI
R72 02511 0028,!,!,!
R72 02511 0029,!,!,!
R72 02511 0030,!,!,!
R72 02512 0011,8270,23120,31390,8270,22890,31160,32000TWI
R72 02512 0012,8270,27890,36160,8270,29700,37970,32000TWI
R72 02512 0013,8270,30200,38470,8270,33900,42170,32000TWI
R72 02512 0026,8270,0,8270,8270,0,8270,32000TWI
R72 02512 0027,!,!,!
R72 02601 0025,0,0,0,110,0,110,32000TWI
R72 02601 0027,6900,22540,29440,6830,18140,24970,32000TWI
R72 02601 0029,10990,28070,39060,11270,33110,44380,32000TWI
R72 02601 0030,7010,22870,29880,7020,23630,30650,32000TWI
R72 02601 0031,7010,24460,31470,7020,22640,29660,32000TWI
R72 02601 0032,7910,24340,32250,8090,19840,27930,32000TWI
R72 02601 0033,11600,28810,40410,12480,18630,31110,32000TWI
R72 02601 0034,10010,25470,35480,10680,25900,36580,32000TWI
R72 02601 0035,13310,4700,18010,13480,19100,32580,32000TWI
R72 02601 0048,7980,21210,29190,8110,2200,10310,32000TWI
R72 02601 0054,3540,41900,45440,14920,36590,51510,32000TWI
R72 02601 0059,8180,12170,20350,8530,10560,19090,32000TWI
R72 02602 0002,3700,0,3700,3320,0,3320,32000TWI
R72 02602 0005,3670,0,3670,3910,0,3910,32000TWI
R72 02602 0007,8320,18570,26890,8890,26240,35130,32000TWI
R72 02602 0008,4160,0,4160,4450,0,4450,32000TWI
R72 02602 0009,12100,34540,46640,11930,29430,41360,32000TWI
R72 02602 0011,8320,27040,35360,8890,39050,47940,32000TWI
R72 02602 0012,6550,0,6550,14070,0,14070,32000TWI
R72 02602 0015,13330,24330,37660,14590,19880,34470,32000TWI
R72 02602 0016,1690,0,1690,13750,14030,27780,32000TWI
R72 02602 0017,12350,29950,42300,0,0,0,32000TWI
R72 02602 0019,8470,31170,39640,9100,36840,45940,32000TWI
R72 02602 0020,4390,0,4390,4280,0,4280,32000TWI
R72 02602 0022,4310,0,4310,4000,0,4000,32000TWI
R72 02602 0024,8630,29440,38070,8890,35240,44130,32000TWI
R72 02602 0030,8000,39490,47490,7750,0,7750,32000TWI
R72 02602 0032,6000,25140,31140,6150,31370,37520,32000TWI
R72 02602 0034,9380,18870,28250,9360,86910,96270,32000TWI
R72 02602 0035,7880,12230,20110,7860,0,7860,32000TWI
R72 02602 0039,11500,21250,32750,11320,28800,40120,32000TWI
R72 02602 0041,8770,22710,31480,9570,21080,30650,32000TWI
R72 02602 0042,9530,23230,32760,9550,22350,31900,32000TWI
R72 02602 0043,9530,18390,27920,9550,20120,29670,32000TWI
R72 02602 0045,4420,0,4420,4290,0,4290,32000TWI
R72 02602 0046,7700,2300,10000,17910,20930,38840,32000TWI
R72 02602 0048,8110,12050,20160,7670,24930,32600,32000TWI
R72 02602 0050,7340,24580,31920,7230,19380,26610,32000TWI
R72 02602 0052,2360,0,2360,2360,0,2360,32000TWI
R72 02602 0053,8470,11280,19750,9100,41970,51070,32000TWI
R72 02602 0054,3470,0,3470,5790,0,5790,C4002000
R72 02603 0003,6830,37590,44420,6800,31420,38220,32000TWI
R72 02603 0004,5090,17250,22340,5460,22780,28240,32000TWI
R72 02603 0006,9380,19300,28680,10330,13220,23550,32000TWI
R72 02603 0007,11190,9460,20650,12800,11510,24310,32000TWI
R72 02603 0008,9530,25590,35120,9490,26190,35680,32000TWI
R72 02603 0009,4770,0,4770,4740,0,4740,32000TWI
R72 02603 0015,10590,24860,35450,10780,20600,31380,32000TWI
R72 02603 0016,10090,28280,38370,10880,42070,52950,32000TWI
R72 02603 0017,10090,24180,34270,10880,27680,38560,32000TWI
R72 02603 0018,10090,22660,32750,10920,21990,32910,32000TWI
R72 02603 0019,10090,23300,33390,10880,21840,32720,32000TWI
R72 02603 0020,10970,27440,38410,12030,37590,49620,32000TWI
R72 02603 0021,10530,29920,40450,11430,30850,42280,32000TWI
R72 02603 0022,11410,30750,42160,12530,33750,46280,32000TWI
R72 02603 0024,4610,0,4610,4400,0,4400,32000TWI
R72 02603 0025,7750,25800,33550,7950,20130,28080,32000TWI
R72 02603 0027,5780,24280,30060,6320,23450,29770,32000TWI
R72 02603 0028,7500,13880,21380,7350,64170,71520,32000TWI
R72 02603 0031,9070,16820,25890,9630,24270,33900,32000TWI
R72 02603 0032,5090,19530,24620,5460,8130,13590,32000TWI
R72 02603 0034,5090,16860,21950,5460,21840,27300,32000TWI
R72 02603 0037,5090,20710,25800,5460,0,5460,32000TWI
R72 02603 0045,1980,0,1980,2030,0,2030,32000TWI
R72 02603 0058,410,0,410,140,0,140,32000TWI
R72 02604 0001,6720,25450,32170,6600,19900,26500,32000TWI
R72 02604 0003,7250,19700,26950,7140,15880,23020,32000TWI
R72 02604 0005,7250,19570,26820,7140,19780,26920,32000TWI
R72 02604 0006,7250,23710,30960,7140,25810,32950,32000TWI
R72 02604 0007,7250,7980,15230,3570,0,3570,32000TWI
R72 02604 0008,7250,19710,26960,7140,3430,10570,32000TWI
R72 02604 0009,7250,20330,27580,7140,21600,28740,32000TWI
R72 02604 0010,7250,24450,31700,7140,13840,20980,32000TWI
R72 02604 0011,5410,20670,26080,5490,10580,16070,32000TWI
R72 02604 0012,9530,29240,38770,9490,30720,40210,32000TWI
R72 02604 0017,8230,21960,30190,8070,3000,11070,32000TWI
R72 02604 0018,8190,24310,32500,8080,14280,22360,32000TWI
R72 02604 0019,7640,19120,26760,7620,15470,23090,32000TWI
R72 02604 0020,4810,0,4810,4710,0,4710,32000TWI
R72 02604 0022,9610,25500,35110,9430,21340,30770,32000TWI
R72 02604 0023,9610,27270,36880,9430,31490,40920,32000TWI
R72 02604 0024,7170,19610,26780,7110,20650,27760,32000TWI
R72 02604 0025,1920,0,1920,1920,0,1920,32000TWI
R72 02604 0026,8610,27530,36140,8230,19740,27970,32000TWI
R72 02604 0027,6030,0,6030,5560,0,5560,32000TWI
R72 02604 0028,5440,23950,29390,5720,24450,30170,32000TWI
R72 02604 0029,6000,9290,15290,6000,16600,22600,32000TWI
R72 02604 0030,6000,13290,19290,4800,0,4800,32000TWI
R72 02604 0031,7480,27330,34810,3670,0,3670,32000TWI
R72 02604 0032,6000,24020,30020,6000,30830,36830,32000TWI
R72 02604 0034,7250,23780,31030,7140,28510,35650,32000TWI
R72 02604 0036,5050,9460,14510,5300,8970,14270,32000TWI
R72 02604 0037,7250,20240,27490,7210,22990,30200,32000TWI
R72 02604 0038,6890,20710,27600,6860,3170,10030,32000TWI
R72 02604 0039,7250,23920,31170,7140,20260,27400,32000TWI
R72 02604 0041,8900,32650,41550,32530,12990,45520,32000TWI
R72 02604 0045,240,0,240,240,0,240,32000TWI
R72 02605 0001,7130,5090,12220,3540,0,3540,32000TWI
R72 02605 0002,7920,18260,26180,7720,41580,49300,32000TWI
R72 02605 0003,6770,20260,27030,6750,8810,15560,32000TWI
R72 02605 0005,6600,19490,26090,3290,0,3290,32000TWI
R72 02605 0006,6200,23810,30010,6270,19760,26030,32000TWI
R72 02605 0008,6200,23490,29690,6270,18590,24860,32000TWI
R72 02605 0009,6770,12730,19500,6750,16690,23440,32000TWI
R72 02605 0010,8910,20230,29140,8900,4950,13850,32000TWI
R72 02605 0011,8370,24270,32640,8240,33900,42140,32000TWI
R72 02605 0013,8280,21890,30170,8070,23250,31320,32000TWI
R72 02605 0014,8550,22220,30770,8420,26900,35320,32000TWI
R72 02605 0015,6440,21040,27480,6420,11360,17780,32000TWI
R72 02605 0016,2900,0,2900,2890,0,2890,32000TWI
R72 02605 0018,6440,6110,12550,6420,11400,17820,32000TWI
R72 02605 0019,6440,13820,20260,6420,18330,24750,32000TWI
R72 02605 0021,7250,21270,28520,7140,19250,26390,32000TWI
R72 02605 0022,8630,22210,30840,8380,16940,25320,32000TWI
R72 02605 0023,8340,30770,39110,8140,31230,39370,32000TWI
R72 02605 0025,9020,22460,31480,9200,22010,31210,32000TWI
R72 02605 0026,12990,54170,67160,13030,50900,63930,32000TWI
R72 02605 0027,9350,23000,32350,5360,0,5360,32000TWI
R72 02605 0029,6800,23860,30660,6710,14480,21190,32000TWI
R72 02605 0031,8880,24490,33370,9050,30840,39890,32000TWI
R72 02605 0032,9020,24480,33500,9200,20460,29660,32000TWI
R72 02605 0034,6000,27000,33000,6000,16970,22970,32000TWI
R72 02605 0036,8330,23780,32110,8510,17290,25800,32000TWI
R72 02605 0038,9190,32100,41290,7370,0,7370,32000TWI
R72 02605 0039,6340,24740,31080,6370,19690,26060,32000TWI
R72 02605 0040,7380,31710,39090,7240,47810,55050,32000TWI
R72 02605 0041,5720,28070,33790,5970,17560,23530,32000TWI
R72 02605 0042,7250,12950,20200,7140,10680,17820,32000TWI
R72 02605 0043,7830,24030,31860,7680,29690,37370,32000TWI
R72 02605 0044,6660,20580,27240,6550,8480,15030,32000TWI
R72 02605 0046,8280,20500,28780,8070,15950,24020,32000TWI
R72 02605 0047,10830,22960,33790,11010,18570,29580,32000TWI
R72 02605 0050,8010,33530,41540,7810,50030,57840,32000TWI
R72 02605 0051,4240,0,4240,8370,0,8370,32000TWI
R72 02605 0053,10640,19770,30410,10510,2720,13230,32000TWI
R72 02605 0054,8010,31600,39610,7850,17310,25160,32000TWI
R72 02606 0008,22620,36890,59510,22370,38960,61330,HISTXSPK
R72 02606 0009,5830,0,5830,5840,0,5840,HISTXSPK
R72 02606 0010,22080,18730,40810,7910,32170,40080,32000TWI
R72 02606 0011,16440,2220,18660,16250,2920,19170,HISTXSPK
R72 02606 0012,25750,33170,58920,26280,65190,91470,HISTXSPK
R72 02606 0013,27840,4270,32110,10730,30010,40740,32000TWI
R72 02606 0016,22620,22080,44700,22500,41330,63830,HISTXSPK
R72 02607 0001,8930,26030,34960,8820,36550,45370,32000TWI
R72 02607 0013,8740,20640,29380,4450,0,4450,32000TWI
R72 02607 0016,8740,18220,26960,4450,0,4450,32000TWI
R72 02607 0019,8740,24920,33660,4000,0,4000,32000TWI
R72 02607 0022,8740,21590,30330,8890,21530,30420,32000TWI
R72 02607 0025,9710,4400,14110,4490,0,4490,32000TWI
R72 02607 0027,8340,25340,33680,8490,27910,36400,32000TWI
R72 02607 0028,10590,19820,30410,11350,26920,38270,32000TWI
R72 02607 0030,10620,59340,69960,11690,46160,57850,32000TWI
R72 02607 0032,4870,11030,15900,5320,4370,9690,32000TWI
R72 02607 0033,6930,23950,30880,3110,0,3110,32000TWI
R72 02607 0034,6590,9860,16450,6570,15890,22460,32000TWI
R72 02607 0035,3550,0,3550,2950,0,2950,32000TWI
R72 02607 0037,3720,0,3720,7180,0,7180,32000TWI
R72 02607 0041,5400,18870,24270,4880,0,4880,32000TWI
R72 02607 0042,1370,0,1370,1340,0,1340,32000TWI
R72 02607 0043,3110,0,3110,2840,0,2840,32000TWI
R72 02608 0014,6000,33120,39120,6000,25550,31550,32000TWI
R72 02608 0016,9140,32080,41220,9200,32010,41210,32000TWI
R72 02608 0018,16050,37790,53840,16250,45560,61810,32000TWI
R72 02608 0019,10150,26020,36170,10730,21550,32280,32000TWI
R72 02608 0020,10150,30370,40520,10730,34060,44790,32000TWI
R72 02608 0021,5080,0,5080,4830,0,4830,32000TWI
R72 02608 0022,10150,15220,25370,10730,27780,38510,32000TWI
R72 02608 0025,8700,28810,37510,4040,0,4040,32000TWI
R72 02608 0026,10330,28890,39220,5090,0,5090,32000TWI
R72 02608 0036,14600,23190,37790,14550,14830,29380,32000TWI
R72 02608 0038,4880,9090,13970,4920,0,4920,32000TWI
R72 02609 0011,4270,0,4270,3800,0,3800,32000TWI
R72 02609 0013,3180,0,3180,2870,0,2870,32000TWI
R72 02609 0015,6240,20050,26290,6260,24080,30340,32000TWI
R72 02609 0016,1250,0,1250,1350,0,1350,32000TWI
R72 02609 0017,9440,3340,12780,9250,0,9250,32000TWI
R72 02609 0018,5880,19940,25820,5920,3190,9110,32000TWI
R72 02609 0019,5880,16480,22360,5920,20390,26310,32000TWI
R72 02609 0020,2980,0,2980,2750,0,2750,32000TWI
R72 02610 0019,7760,23220,30980,7910,13270,21180,32000TWI
R72 02610 0021,22270,21770,44040,22080,18100,40180,HISTXSPK
R72 02610 0022,22620,24120,46740,22500,57920,80420,HISTXSPK
R72 02610 0024,22620,41570,64190,22500,95000,117500,HISTXSPK
R72 02610 0028,35880,44980,80860,14860,52520,67380,32000TWI
R72 02610 0030,9200,26190,35390,8890,24910,33800,32000TWI
R72 02610 0032,22620,5700,28320,22500,5120,27620,HISTXSPK
R72 02610 0036,20030,800,20830,10570,21750,32320,HISTXSPK
R72 02610 0037,7200,10080,17280,7180,23530,30710,32000TWI
R72 02610 0055,12940,1590,14530,13310,1650,14960,HISTXSPK
R72 02801 0001,3670,0,3670,3640,0,3640,11000SOP
R72 02801 0002,8100,21970,30070,4830,0,4830,11000SOP
R72 02801 0012,13040,53390,66430,14380,56290,70670,11000SOP
R72 02801 0013,10890,23970,34860,11780,22690,34470,11000SOP
R72 02801 0014,10790,31140,41930,11740,25840,37580,11000SOP
R72 02801 0016,11060,24880,35940,11980,18680,30660,11000SOP
R72 02801 0018,10300,39570,49870,11240,47190,58430,11000SOP
R72 02801 0020,10850,36470,47320,11790,39340,51130,11000SOP
R72 02801 0021,6870,0,6870,7070,0,7070,11000SOP
R72 02801 0022,6990,0,6990,7410,0,7410,11000SOP
R72 02801 0034,9830,34670,44500,5490,0,5490,11000SOP
R72 02804 0020,22680,37770,60450,22430,60840,83270,HISTXSPK
R72 02804 0021,22470,36640,59110,22350,44870,67220,HISTXSPK
R72 02804 0022,22120,28510,50630,22150,51680,73830,HISTXSPK
R72 02804 0024,20880,24500,45380,21000,39750,60750,HISTXSPK
R72 02804 0025,19440,35900,55340,19900,95360,115260,HISTXSPK
R72 02805 0009,23000,22050,45050,25270,10030,35300,11000UNP
R72 02805 0010,23000,11200,34200,25270,15200,40470,11000UNP
R72 02805 0011,23000,7070,30070,12630,9940,22570,11000UNP
R72 02805 0012,23000,19150,42150,25270,29060,54330,11000UNP
R72 02805 0013,23000,32550,55550,25270,24640,49910,11000UNP
R72 02805 0014,25200,20080,45280,13920,42400,56320,11000UNP
R72 02805 0015,25200,12550,37750,13920,44860,58780,11000UNP
R72 02805 0016,18590,6230,24820,10070,11510,21580,11000UNP
R72 02805 0025,23000,5160,28160,12590,12620,25210,11000UNP
R72 02805 0026,19530,8090,27620,10590,10860,21450,11000UNP
R72 02805 0027,9770,8590,18360,10590,1860,12450,11000UNP
R72 02805 0029,25200,34400,59600,27830,72330,100160,11000UNP
R72 02805 0030,11500,31300,42800,25270,41570,66840,11000UNP
R72 02805 0032,11500,0,11500,11330,0,11330,11000UNP
R72 02805 0033,23000,21980,44980,12590,30020,42610,11000UNP
R72 02805 0034,23000,16190,39190,25180,25970,51150,11000UNP
R72 02805 0035,23000,15770,38770,12590,10080,22670,11000UNP
R72 02805 0036,23000,18790,41790,12590,29430,42020,11000UNP
R72 02805 0037,23000,30930,53930,25180,26070,51250,11000UNP
R72 02805 0042,21760,38120,59880,23860,32630,56490,11000UNP
R72 02805 0043,28810,31930,60740,31380,32980,64360,11000UNP
R72 02805 0058,21090,36620,57710,23300,55370,78670,11000UNP
R72 02805 0059,21090,43320,64410,23300,55090,78390,11000UNP
R72 02805 0060,3780,0,3780,4140,0,4140,11000UNP
R72 02805 0061,19530,5520,25050,10590,7020,17610,11000UNP
R72 02805 0071,20790,30730,51520,22640,44440,67080,11000UNP
R72 02805 0076,17080,12070,29150,9910,35330,45240,11000UNP
R72 02805 0079,19990,18470,38460,22060,40720,62780,11000UNP
R72 02806 0013,20590,27800,48390,22640,23860,46500,11000UNP
R72 02806 0021,21170,37210,58380,23230,48820,72050,11000UNP
R72 02806 0025,15910,55850,71760,18830,70450,89280,11000UNP
R72 02806 0053,9160,83620,92780,24140,0,24140,11000UNP
R72 02806 0054,9160,45010,54170,24140,0,24140,11000UNP
R72 02806 0081,16690,0,16690,16730,0,16730,11000UNP
R72 02807 0011,9070,57430,66500,24050,58340,82390,11000UNP
R72 02807 0012,9070,76850,85920,24050,78590,102640,11000UNP
R72 02808 0003,9160,62050,71210,24140,84760,108900,11000UNP
R72 02811 0016,17930,40760,58690,16230,57840,74070,12000WAL
R72 02811 0017,17930,35000,52930,16230,48820,65050,12000WAL
R72 02811 0018,17930,35830,53760,16230,56780,73010,12000WAL
R72 02811 0019,17930,38420,56350,16230,43620,59850,12000WAL
R72 02811 0020,24190,52640,76830,22320,68950,91270,12000WAL
R72 02811 0025,16200,46310,62510,20340,62060,82400,12000WAL
R72 02811 0026,13120,45110,58230,12000,69360,81360,12000WAL
R72 02811 0027,13730,48010,61740,12460,75620,88080,12000WAL
R72 02811 0028,16900,108930,125830,16580,0,16580,12000WAL
R72 02811 0029,11090,26770,37860,10660,55240,65900,12000WAL
R72 02811 0031,12780,32710,45490,11660,61830,73490,12000WAL
R72 02811 0033,21300,22060,43360,19440,42620,62060,12000WAL
R72 02811 0034,17600,51600,69200,15840,69710,85550,12000WAL
R72 02811 0035,16000,28500,44500,14400,79010,93410,12000WAL
R72 02811 0038,15440,28800,44240,13930,72680,86610,12000WAL
R72 02811 0039,15440,38900,54340,13930,53720,67650,12000WAL
R72 02811 0040,15440,35330,50770,13870,84530,98400,12000WAL
R72 02811 0041,15440,35010,50450,13870,16360,30230,12000WAL
R72 02811 0042,15290,23840,39130,13810,26980,40790,12000WAL
R72 02811 0043,15290,15330,30620,13810,38190,52000,12000WAL
R72 02811 0044,7640,2180,9820,6900,2860,9760,12000WAL
R72 02811 0045,15290,28580,43870,13810,62140,75950,12000WAL
R72 02811 0047,1850,0,1850,380,0,380,12000WAL
R72 02811 0050,15480,26510,41990,13800,64010,77810,12000WAL
R72 02811 0052,14720,41620,56340,13200,40500,53700,12000WAL
R72 02811 0054,14620,51870,66490,13140,64950,78090,12000WAL
R72 02811 0055,7310,0,7310,5910,0,5910,12000WAL
R72 02811 0056,12900,41960,54860,11820,57810,69630,12000WAL
R72 02811 0057,16000,51540,67540,14400,72210,86610,12000WAL
R72 02811 0058,16000,47530,63530,14400,57660,72060,12000WAL
R72 02811 0060,12960,44080,57040,5890,0,5890,12000WAL
R72 02811 0064,16560,37340,53900,14700,36550,51250,12000WAL
R72 02811 0065,12900,50860,63760,11820,90420,102240,12000WAL
R72 02811 0066,14720,33510,48230,13200,44830,58030,12000WAL
R72 02811 0068,14430,35910,50340,12960,38950,51910,12000WAL
R72 02811 0072,15440,37630,53070,13930,50750,64680,12000WAL
R72 02811 0074,12900,37850,50750,11820,79860,91680,12000WAL
R72 02811 0075,12900,33720,46620,11820,91020,102840,12000WAL
R72 02811 0079,28000,67790,95790,25200,150510,175710,12000WAL
R72 02811 0080,3920,0,3920,920,0,920,12000WAL
R72 02811 0081,18630,40320,58950,17470,64080,81550,12000WAL
R72 02811 0084,4600,0,4600,4040,0,4040,12000WAL
R72 02811 0085,4050,0,4050,970,0,970,12000WAL
R72 02811 0086,17600,73730,91330,15840,100740,116580,12000WAL
R72 02811 0087,350,0,350,360,0,360,12000WAL
R72 02902 0021,18050,0,18050,19780,0,19780,11000UNP
R72 02902 0022,22560,33700,56260,24730,48020,72750,11000UNP
R72 02902 0023,22560,27650,50210,24730,49070,73800,11000UNP
R72 02902 0024,22560,29830,52390,24820,44220,69040,11000UNP
R72 02902 0025,22340,50130,72470,24540,111890,136430,11000UNP
R72 02902 0026,22560,32590,55150,24730,47740,72470,11000UNP
R72 02902 0027,22560,48300,70860,24820,82520,107340,11000UNP
R72 02902 0028,22560,42810,65370,24820,78970,103790,11000UNP
R72 02902 0044,38300,0,38300,30510,0,30510,1101LITE
R72 02902 0045,76590,114740,191330,40680,139570,180250,1101LITE
R72 02902 0053,!,!,!
R72 02902 0054,!,!,!
R72 02902 0055,!,!,!
R72 02902 0056,!,!,!
R72 02902 0057,!,!,!
R72 02902 0058,!,!,!
R72 02902 0059,!,!,!
R72 02902 0060,!,!,!
R72 02902 0061,!,!,!
R72 02902 0062,!,!,!
R72 02902 0063,!,!,!
R72 02902 0064,!,!,!
R72 02902 0065,!,!,!
R72 02902 0066,!,!,!
R72 02902 0067,!,!,!
R72 02902 0068,!,!,!
R72 02903 0004,11630,0,11630,11510,0,11510,11000UNP
R72 02903 0006,11320,0,11320,11200,0,11200,11000UNP
R72 02903 0007,23870,35400,59270,26260,72460,98720,11000UNP
R72 02903 0011,20500,8000,28500,22480,71610,94090,11000UNP
R72 02903 0014,22340,37730,60070,24630,64790,89420,11000UNP
R72 02903 0015,22340,54700,77040,24630,103820,128450,11000UNP
R72 02903 0016,22340,44950,67290,24630,84680,109310,11000UNP
R72 02903 0019,22340,54120,76460,24630,82390,107020,11000UNP
R72 02903 0020,22340,54080,76420,24630,91020,115650,11000UNP
R72 02903 0022,11990,34570,46560,13180,44190,57370,11000UNP
R72 02903 0023,20250,40520,60770,22440,64560,87000,11000UNP
R72 02903 0024,20250,39470,59720,22440,44700,67140,11000UNP
R72 02903 0025,18900,43520,62420,21120,47960,69080,11000UNP
R72 02903 0026,18900,30470,49370,21100,47550,68650,11000UNP
R72 02903 0027,20250,37640,57890,22440,68260,90700,11000UNP
R72 02903 0028,20250,30790,51040,22440,47190,69630,11000UNP
R72 02903 0029,18900,33100,52000,21120,48420,69540,11000UNP
R72 02903 0030,17820,42900,60720,20060,46440,66500,11000UNP
R72 02903 0031,17420,48250,65670,19710,50480,70190,11000UNP
R72 02903 0044,20870,36120,56990,23090,46340,69430,11000UNP
R72 02903 0046,20870,44940,65810,23090,58880,81970,11000UNP
R72 02903 0048,20870,54110,74980,23090,53450,76540,11000UNP
R72 02903 0050,20870,84690,105560,23090,92780,115870,11000UNP
R72 02903 0052,21170,32740,53910,23410,58240,81650,11000UNP
R72 02903 0054,20580,25180,45760,22770,73600,96370,11000UNP
R72 02903 0056,20870,67470,88340,23090,79260,102350,11000UNP
R72 02903 0058,20870,86340,107210,23090,84390,107480,11000UNP
R72 02903 0060,20870,33190,54060,20990,26500,47490,11000UNP
R72 02903 0062,20870,43880,64750,20990,29020,50010,11000UNP
R72 02903 0064,22050,19990,42040,24370,57380,81750,11000UNP
R72 02903 0066,9850,20110,29960,10900,0,10900,11000UNP
R72 02903 0068,10400,0,10400,10180,0,10180,11000UNP
R72 02903 0072,22370,34400,56770,24450,31550,56000,11000UNP
R72 02903 0073,22370,32110,54480,24450,25180,49630,11000UNP
R72 02903 0074,22370,34440,56810,24450,32150,56600,11000UNP
R72 02903 0075,22370,37450,59820,24450,31460,55910,11000UNP
R72 02903 0077,22370,60980,83350,24450,57450,81900,11000UNP
R72 02903 0079,22370,31430,53800,24450,46980,71430,11000UNP
R72 02903 0081,22370,31490,53860,24450,48430,72880,11000UNP
R72 02903 0082,22370,57170,79540,24450,59510,83960,11000UNP
R72 02903 0088,10440,0,10440,10380,0,10380,11000UNP
R72 02903 0090,15980,36560,52540,19170,63840,83010,11000UNP
R72 02903 0093,17820,34640,52460,20060,58000,78060,11000UNP
R72 02903 0095,6940,0,6940,7430,0,7430,11000UNP
R72 02903 0100,17280,49210,66490,19890,65720,85610,11000UNP
R72 02903 0101,22030,71990,94020,24200,54170,78370,11000UNP
R72 02903 0102,10710,22310,33020,23600,44660,68260,11000UNP
R72 02903 0105,22370,14570,36940,24450,23430,47880,11000UNP
R72 02903 0107,21730,40120,61850,23940,57920,81860,11000UNP
R72 02903 0110,22370,90640,113010,24450,83950,108400,11000UNP
R72 02903 0115,24480,5110,29590,26950,55660,82610,11000UNP
R72 02903 0120,10440,0,10440,10380,0,10380,11000UNP
R72 02903 0122,22370,22780,45150,24450,62640,87090,11000UNP
R72 02903 0123,17820,34790,52610,20060,43940,64000,11000UNP
R72 02904 0008,21290,106450,127740,22180,100520,122700,11000UNP
R72 02904 0009,23870,59150,83020,26270,82580,108850,11000UNP
R72 02904 0010,24530,44350,68880,27060,58220,85280,11000UNP
R72 02904 0011,24530,33390,57920,27060,41360,68420,11000UNP
R72 02904 0012,19290,26510,45800,20720,31200,51920,11000UNP
R72 02904 0013,18640,28290,46930,19930,47020,66950,11000UNP
R72 02904 0014,24530,29000,53530,27060,52850,79910,11000UNP
R72 02904 0015,24530,28890,53420,27060,37260,64320,11000UNP
R72 02904 0016,24530,83050,107580,27060,82040,109100,11000UNP
R72 02904 0017,24530,61120,85650,27060,56820,83880,11000UNP
R72 02904 0018,12260,0,12260,12180,0,12180,11000UNP
R72 02904 0019,9320,0,9320,8960,0,8960,11000UNP
R72 02904 0020,10130,0,10130,10090,0,10090,11000UNP
R72 02904 0029,7090,0,7090,8000,0,8000,11000UNP
R72 02908 0001,26150,105140,131290,28930,99540,128470,11000UNP
R72 02908 0002,23630,62650,86280,26000,92630,118630,11000UNP
R72 02908 0003,23630,102010,125640,26000,97610,123610,11000UNP
R72 02908 0005,23630,109560,133190,26000,107540,133540,11000UNP
R72 02908 0007,23310,119510,142820,25640,144940,170580,11000UNP
R72 02908 0009,23630,99620,123250,26000,92630,118630,11000UNP
R72 02908 0010,19850,119730,139580,21610,97210,118820,11000UNP
R72 02908 0029,23630,31950,55580,26000,48180,74180,11000UNP
R72 02908 0030,23310,30840,54150,25640,45060,70700,11000UNP
R72 02908 0032,23630,32610,56240,26000,47610,73610,11000UNP
R72 02908 0034,23310,35320,58630,25640,29860,55500,11000UNP
R72 02908 0036,23630,41320,64950,26000,57150,83150,11000UNP
R72 02909 0001,6990,0,6990,7800,0,7800,11000UNP
R72 02909 0002,16850,29860,46710,19620,39050,58670,11000UNP
R72 02909 0003,16850,27030,43880,19620,32740,52360,11000UNP
R72 02909 0005,1260,0,1260,1450,0,1450,11000UNP
R72 02909 0006,7220,13060,20280,8000,0,8000,11000UNP
R72 02909 0008,7100,0,7100,7890,0,7890,11000UNP
R72 02909 0010,7100,0,7100,7890,0,7890,11000UNP
R72 02909 0011,6860,0,6860,8020,0,8020,11000UNP
R72 02909 0012,7100,0,7100,7890,0,7890,11000UNP
R72 02909 0013,17520,32140,49660,20190,38190,58380,11000UNP
R72 02909 0015,17540,36040,53580,20390,42250,62640,11000UNP
R72 02909 0029,22680,85280,107960,24900,82640,107540,11000UNP
R72 02909 0030,19530,44780,64310,21250,46180,67430,11000UNP
R72 02909 0031,27090,37470,64560,30020,58940,88960,11000UNP
R72 02909 0032,21420,35650,57070,23440,47650,71090,11000UNP
R72 02909 0033,21420,43270,64690,23440,39730,63170,11000UNP
R72 02909 0035,21420,16330,37750,23440,26440,49880,11000UNP
R72 02909 0036,21420,38610,60030,23440,40590,64030,11000UNP
R72 02909 0038,21110,102200,123310,23080,101390,124470,11000UNP
R72 02909 0041,14950,17740,32690,16420,24630,41050,11000UNP
R72 02909 0042,23310,37970,61280,25640,64110,89750,11000UNP
R72 02909 0044,22680,83810,106490,24900,81710,106610,11000UNP
R72 02909 0046,23940,31090,55030,26370,54010,80380,11000UNP
R72 02909 0047,19850,47350,67200,21610,48850,70460,11000UNP
R72 02909 0048,27090,57380,84470,30020,73900,103920,11000UNP
R72 02909 0049,19850,89780,109630,21610,65610,87220,11000UNP
R72 02909 0050,19850,33800,53650,21610,48430,70040,11000UNP
R72 02909 0051,19850,22820,42670,21610,23580,45190,11000UNP
R72 02909 0052,9920,0,9920,9720,0,9720,11000UNP
R72 02909 0062,10820,0,10820,10690,0,10690,11000UNP
R72 02909 0065,18230,31360,49590,20800,67200,88000,11000UNP
R72 02909 0066,6240,0,6240,1770,0,1770,11000UNP
R72 02909 0068,6910,0,6910,7800,0,7800,11000UNP
R72 02909 0069,7100,0,7100,7920,0,7920,11000UNP
R72 02909 0070,20160,22870,43030,21980,37010,58990,11000UNP
R72 02909 0072,7990,0,7990,8580,0,8580,11000UNP
R72 02909 0074,20160,41900,62060,21980,47200,69180,11000UNP
R72 02909 0075,14210,28460,42670,12690,0,12690,11000UNP
R72 02909 0076,1220,0,1220,1430,0,1430,11000UNP
R72 02909 0078,7100,0,7100,7890,0,7890,11000UNP
R72 02909 0091,4920,0,4920,5440,0,5440,11000UNP
R72 02909 0093,14900,32110,47010,16550,47800,64350,11000UNP
R72 02909 0096,7100,0,7100,7890,0,7890,11000UNP
R72 02909 0099,15640,24470,40110,18880,36410,55290,11000UNP
R72 02909 0100,1920,0,1920,580,0,580,11000UNP
R72 02909 0101,8510,0,8510,8230,0,8230,11000UNP
R72 02909 0102,19530,43640,63170,21250,76770,98020,11000UNP
R72 02909 0104,12650,32070,44720,14230,49470,63700,11000UNP
R72 02909 0105,12650,40800,53450,14230,46500,60730,11000UNP
R72 02909 0106,!,!,!
R72 02910 0020,10260,0,10260,10210,0,10210,11000UNP
R72 02910 0038,11830,0,11830,11660,0,11660,11000UNP
R72 02910 0039,13770,0,13770,13740,0,13740,11000UNP
R72 02910 0042,10040,0,10040,9740,0,9740,11000UNP
R72 02910 0043,9230,0,9230,8870,0,8870,11000UNP
R72 02910 0046,27540,35050,62590,30530,32060,62590,11000UNP
R72 02910 0049,7560,0,7560,8350,0,8350,11000UNP
R72 02910 0050,8290,0,8290,8770,0,8770,11000UNP
R72 02911 0001,20000,100400,120400,17120,163840,180960,11000UNP
R72 02911 0002,20000,97390,117390,17490,154960,172450,11000UNP
R72 02911 0003,20000,91060,111060,17090,144580,161670,11000UNP
R72 02911 0004,20000,92870,112870,17690,154400,172090,11000UNP
R72 02911 0005,20000,98260,118260,17510,156420,173930,11000UNP
R72 02911 0006,20000,88230,108230,17650,137910,155560,11000UNP
R72 02911 0007,20000,97050,117050,17590,154400,171990,11000UNP
R72 02911 0008,15000,0,15000,15010,0,15010,11000UNP
R72 02911 0009,20000,97050,117050,17630,154400,172030,11000UNP
R72 02911 0010,20000,99120,119120,16900,158760,175660,11000UNP
R72 03005A0004,36690,113840,150530,35950,139870,175820,11030UNP
R72 03005A0005,37400,123090,160490,35950,153110,189060,11030UNP
R72 03005A0007,49720,100460,150180,51980,125760,177740,11030UNP
R72 03005A0009,30600,125690,156290,30590,168590,199180,11030UNP
R72 03005A0010,32070,82700,114770,31950,101290,133240,11030UNP
R72 03005A0011,27830,96510,124340,27940,121340,149280,11030UNP
R72 03005A0012,33530,150700,184230,33370,192350,225720,11030UNP
R72 03005A0013,17430,0,17430,15580,0,15580,11030UNP
R72 03005A0016,37220,107910,145130,36490,132920,169410,11030UNP
R72 03005A0017,33000,98910,131910,32860,115820,148680,11030UNP
R72 03005A0018,32340,93970,126310,32150,132220,164370,11030UNP
R72 03005A0019,33000,66210,99210,32840,80680,113520,11030UNP
R72 03005A0020,33330,116010,149340,33390,145030,178420,11030UNP
R72 03005A0021,33990,158620,192610,33940,138110,172050,11030UNP
R72 03005A0022,37400,132790,170190,37370,165740,203110,11030UNP
R72 03005A0023,16500,0,16500,14840,0,14840,11030UNP
R72 03005A0024,41680,139180,180860,42150,191720,233870,11030UNP
R72 03005A0025,41100,129470,170570,41530,158340,199870,11030UNP
R72 03005A0026,34890,103610,138500,34950,127150,162100,11030UNP
R72 03005A0027,34220,122170,156390,34090,154920,189010,11030UNP
R72 03005A0029,16270,0,16270,10900,0,10900,11030UNP
R72 03005A0030,33090,162930,196020,32990,204410,237400,11030UNP
R72 03005A0031,15470,0,15470,13890,0,13890,11030UNP
R72 03005A0040,2140,0,2140,2280,0,2280,11030UNP
R72 03005A0041,2110,0,2110,2250,0,2250,11030UNP
R72 03005A0045,!,!,!
R72 03005B0008,28780,80970,109750,28830,98800,127630,11030UNP
R72 03005B0009,28780,98500,127280,28710,133220,161930,11030UNP
R72 03005B0010,28150,97250,125400,28330,118160,146490,11030UNP
R72 03005B0011,28460,77090,105550,28450,95930,124380,11030UNP
R72 03005B0012,28460,82670,111130,28580,165020,193600,11030UNP
R72 03005B0013,23420,0,23420,23420,172960,196380,11030UNP
R72 03005B0014,27320,91400,118720,27590,114630,142220,11030UNP
R72 03005B0016,40580,125720,166300,40030,140230,180260,11030UNP
R72 03005B0017,32890,97070,129960,32680,124210,156890,11030UNP
R72 03005B0019,27830,89290,117120,27940,118440,146380,11030UNP
R72 03005B0020,27830,75990,103820,27940,91390,119330,11030UNP
R72 03005B0022,26570,102190,128760,26690,114510,141200,11030UNP
R72 03005B0024,26530,87710,114240,26810,107000,133810,11030UNP
R72 03005B0026,26530,91620,118150,26710,112250,138960,11030UNP
R72 03005B0027,13110,0,13110,11960,0,11960,11030UNP
R72 03005B0029,44180,98770,142950,41890,182260,224150,11030UNP
R72 03005B0031,10730,0,10730,10260,0,10260,11030UNP
R72 03005B0032,28410,85060,113470,28460,112050,140510,11030UNP
R72 03005B0033,28070,95200,123270,28170,107660,135830,11030UNP
R72 03005B0034,14040,0,14040,28320,235850,264170,11030UNP
R72 03005B0035,25930,82680,108610,26560,94950,121510,11030UNP
R72 03006 0006,55030,165490,220520,60090,174700,234790,11030UNP
R72 03006 0007,35000,120000,155000,35000,143030,178030,11030UNP
R72 03006 0014,34790,99140,133930,35610,111890,147500,11030UNP
R72 03006 0015,35090,90400,125490,35720,111150,146870,11030UNP
R72 03006 0016,35090,84490,119580,35950,96310,132260,11030UNP
R72 03006 0017,35090,121590,156680,35970,150050,186020,11030UNP
R72 03006 0026,33280,73530,106810,33210,86990,120200,11030UNP
R72 03006 0027,33580,100880,134460,33550,121920,155470,11030UNP
R72 03006 0029,33880,176480,210360,34010,213850,247860,11030UNP
R72 03006 0045,51100,120210,171310,53990,129160,183150,11030UNP
R72 03006 0046,4160,0,4160,4200,0,4200,11030UNP
R72 03006 0047,58820,151860,210680,64100,211140,275240,11030UNP
R72 03006 0048,54700,186570,241270,60320,265170,325490,11030UNP
R72 03006 0049,46900,192420,239320,47450,292390,339840,11030UNP
R72 03006 0050,58000,195390,253390,61140,243240,304380,11030UNP
R72 03006 0051,55940,139490,195430,59360,207580,266940,11030UNP
R72 03006 0052,38810,89650,128460,39300,148480,187780,11030UNP
R72 03006 0054,35000,106520,141520,35000,131110,166110,11030UNP
R72 03006 0058,38810,124240,163050,39460,126970,166430,11030UNP
R72 03006 0076,42460,169970,212430,57230,204790,262020,11030UNP
R72 03011 0002,15980,0,15980,30100,122520,152620,11030UNP
R72 03011 0003,121690,0,121690,30580,0,30580,11030UNP
R72 03102 0002,9500,42300,51800,9480,56450,65930,11020UNP
R72 03102 0022,9990,68580,78570,9980,123890,133870,11020UNP
R72 03104 0038,8230,61540,69770,8320,0,8320,11020UNP
R72 03104 0043,7250,42950,50200,7380,0,7380,11020UNP
R72 03105 0030,9190,43890,53080,9180,72060,81240,11020UNP
R72 03105 0044,7480,31520,39000,7570,52480,60050,11020UNP
R72 03105 0053,10030,57250,67280,9990,71410,81400,11020UNP
R72 03105 0063,12010,95270,107280,12250,133580,145830,11020UNP
R72 03105 0083,5400,38010,43410,5480,0,5480,11020UNP
R72 03105 0099,7480,37360,44840,7570,45360,52930,11020UNP
R72 03105 0107,11580,52040,63620,11760,67820,79580,11020UNP
R72 03106 0023,12710,46500,59210,13050,78090,91140,11020UNP
R72 03108 0015,10170,54550,64720,10150,76550,86700,11020UNP
R72 03108 0026,7840,36640,44480,7860,58030,65890,11020UNP
R72 03109 0012,8170,50530,58700,8220,86480,94700,11020UNP
R72 03109 0024,9180,47460,56640,9020,77250,86270,11020UNP
R72 03110 0005,9180,19710,28890,9020,49860,58880,11020UNP
R72 03110 0006,9180,19090,28270,9020,49020,58040,11020UNP
R72 03110 0007,12710,40540,53250,13050,96600,109650,11020UNP
R72 03110 0011,9180,22600,31780,9020,66570,75590,11020UNP
R72 03110 0023,8900,25410,34310,8700,40560,49260,11020UNP
R72 03110 0029,8170,33840,42010,8220,62280,70500,11020UNP
R72 03110 0030,8170,23080,31250,8220,47350,55570,11020UNP
R72 03110 0037,8900,18630,27530,8700,47900,56600,11020UNP
R72 03110 0038,9460,22490,31950,9340,57020,66360,11020UNP
R72 03110 0044,8170,27600,35770,8220,53750,61970,11020UNP
R72 03110 0047,8900,17520,26420,8700,40840,49540,11020UNP
R72 03110 0048,8170,20870,29040,8220,57590,65810,11020UNP
R72 03110 0052,9180,16070,25250,9020,47930,56950,11020UNP
R72 03111 0007,8280,34040,42320,8320,54140,62460,11020UNP
R72 03111 0013,8170,55030,63200,8220,87590,95810,11020UNP
R72 03111 0016,8170,41760,49930,8220,65560,73780,11020UNP
R72 03111 0022,8170,34220,42390,8220,68410,76630,11020UNP
R72 03111 0024,8170,34260,42430,8220,56920,65140,11020UNP
R72 03111 0027,8170,33730,41900,8220,56070,64290,11020UNP
R72 03111 0031,8170,32420,40590,8220,56800,65020,11020UNP
R72 03111 0036,8170,32670,40840,8220,0,8220,11020UNP
R72 03111 0037,8170,37790,45960,8220,0,8220,11020UNP
R72 03111 0046,10530,56270,66800,10580,73490,84070,11020UNP
R72 03112 0015,8820,25990,34810,9000,112820,121820,11020UNP
R72 03112 0019,10030,36370,46400,9990,0,9990,11020UNP
R72 03112 0021,10740,62360,73100,10800,94170,104970,11020UNP
R72 03112 0028,9040,43220,52260,8860,65360,74220,11020UNP
R72 03112 0029,10030,37920,47950,9990,55540,65530,11020UNP
R72 03112 0030,10310,31700,42010,10310,53140,63450,11020UNP
R72 03112 0031,10450,40020,50470,10470,63990,74460,11020UNP
R72 03112 0036,12710,49030,61740,13050,80110,93160,11020UNP
R72 03112 0046,7820,47400,55220,7900,62690,70590,11020UNP
R72 03112 0080,10030,76180,86210,9990,118260,128250,11020UNP
R72 03113 0015,9040,52910,61950,8860,57940,66800,11020UNP
R72 03113 0068,!,!,!
R72 03202A0003,19800,67280,87080,19790,101500,121290,11010UNP
R72 03202A0006,22510,49450,71960,22220,88880,111100,11010UNP
R72 03202A0007,20740,78690,99430,20600,101850,122450,11010UNP
R72 03202A0019,720,0,720,720,0,720,11010UNP
R72 03202A0020,720,0,720,720,0,720,11010UNP
R72 03203 0011,21600,46460,68060,21470,102130,123600,11010UNP
R72 03203 0013,9660,45330,54990,9530,64480,74010,11020UNP
R72 03203 0016,9400,48220,57620,9360,70600,79960,11020UNP
R72 03203 0023,9120,39490,48610,9110,75830,84940,11020UNP
R72 03203 0033,630,0,630,630,0,630,11020UNP
R72 03203 0047,10400,117900,128300,20000,151710,171710,11020UNP
R72 03203 0048,12090,47580,59670,11460,64930,76390,11020UNP
R72 03204A0001,24570,74880,99450,24660,60080,84740,11010SHR
R72 03204A0002,22500,74740,97240,22500,78120,100620,11010SHR
R72 03204A0003,11700,0,11700,10580,0,10580,11010SHR
R72 03204A0004,23400,75320,98720,23440,115250,138690,11010SHR
R72 03204A0005,24570,98950,123520,24660,121640,146300,11010SHR
R72 03204A0006,26470,48890,75360,24660,95330,119990,11010SHR
R72 03204A0007,24340,71300,95640,24320,77740,102060,11010SHR
R72 03204A0008,25470,55340,80810,25670,79390,105060,11010SHR
R72 03204A0009,24260,75640,99900,22970,91250,114220,11010SHR
R72 03204A0010,23400,77480,100880,23440,81430,104870,11010SHR
R72 03204A0011,23400,81910,105310,23440,93850,117290,11010SHR
R72 03204A0012,23400,59460,82860,23440,54830,78270,11010SHR
R72 03204A0013,23400,69130,92530,23440,87110,110550,11010SHR
R72 03204A0014,23400,77920,101320,23440,84850,108290,11010SHR
R72 03204A0015,23400,67530,90930,23440,85460,108900,11010SHR
R72 03204A0016,30240,70700,100940,30720,76190,106910,11010SHR
R72 03204A0017,23330,52560,75890,23330,67640,90970,11010SHR
R72 03204A0018,23270,73690,96960,23300,84720,108020,11010SHR
R72 03204A0019,23900,66980,90880,24120,75220,99340,11010SHR
R72 03204A0020,23940,71940,95880,24080,99320,123400,11010SHR
R72 03204A0021,23400,70590,93990,23350,77040,100390,11010SHR
R72 03204A0022,22500,66040,88540,22500,76130,98630,11010SHR
R72 03204A0023,22500,65350,87850,22500,88900,111400,11010SHR
R72 03204A0024,23630,68090,91720,23630,89130,112760,11010SHR
R72 03204A0025,24570,71830,96400,24660,87740,112400,11010SHR
R72 03204A0026,23870,51620,75490,23930,100240,124170,11010SHR
R72 03204A0028,23870,83410,107280,23930,99830,123760,11010SHR
R72 03204A0029,20320,76660,96980,20320,66650,86970,11010SHR
R72 03204A0030,24300,41970,66270,24290,76070,100360,11010SHR
R72 03204A0031,22870,64740,87610,22810,72090,94900,11010SHR
R72 03204A0032,38640,93330,131970,39700,107560,147260,11010SHR
R72 03204A0034,24340,70580,94920,24420,85360,109780,11010SHR
R72 03204A0035,22930,81420,104350,23040,85340,108380,11010SHR
R72 03204A0036,23170,69330,92500,23290,62630,85920,11010SHR
R72 03204A0037,22940,64620,87560,23010,67690,90700,11010SHR
R72 03204A0038,23400,80890,104290,23440,83790,107230,11010SHR
R72 03204A0039,23400,62290,85690,23440,67050,90490,11010SHR
R72 03204A0040,23400,76740,100140,23440,93520,116960,11010SHR
R72 03204A0041,23400,84730,108130,23440,94640,118080,11010SHR
R72 03204A0042,23400,68870,92270,23440,61170,84610,11010SHR
R72 03204A0043,23400,84610,108010,23440,92880,116320,11010SHR
R72 03204A0044,23400,86840,110240,23440,97640,121080,11010SHR
R72 03204A0045,23400,78840,102240,23440,92780,116220,11010SHR
R72 03204A0046,23400,66540,89940,23440,75150,98590,11010SHR
R72 03204A0047,31120,58570,89690,31510,63240,94750,11010SHR
R72 03204A0048,3910,0,3910,3860,0,3860,11010SHR
R72 03204A0049,23400,63660,87060,23440,66980,90420,11010SHR
R72 03204A0050,23400,100290,123690,23440,111350,134790,11010SHR
R72 03204A0051,23400,73830,97230,23440,64530,87970,11010SHR
R72 03204A0052,8170,0,8170,7280,0,7280,11010SHR
R72 03204A0053,23400,75110,98510,23440,89180,112620,11010SHR
R72 03204A0054,22500,90160,112660,22500,97230,119730,11010SHR
R72 03204A0055,8760,0,8760,7830,0,7830,11010SHR
R72 03204A0056,29020,76140,105160,29310,89450,118760,11010SHR
R72 03204A0057,25040,69830,94870,25260,70650,95910,11010SHR
R72 03204A0058,20160,80890,101050,20050,95620,115670,11010SHR
R72 03204A0059,22500,77420,99920,22550,88370,110920,11010SHR
R72 03204A0060,24960,62100,87060,25940,67600,93540,11010SHR
R72 03204A0061,23630,79680,103310,23630,87770,111400,11010SHR
R72 03204A0062,23870,81550,105420,24030,93390,117420,11010SHR
R72 03204A0063,28000,71700,99700,30870,80310,111180,11010SHR
R72 03204A0064,24260,71420,95680,24300,77610,101910,11010SHR
R72 03204A0065,32400,67990,100390,31900,117480,149380,11010SHR
R72 03204A0067,22460,63140,85600,22460,73080,95540,11010SHR
R72 03204A0071,8760,0,8760,7830,0,7830,11010SHR
R72 03204A0073,6830,0,6830,6990,0,6990,11010SHR
R72 03204A0074,140,0,140,140,0,140,11010SHR
R72 03204B0001,18000,71510,89510,18000,87900,105900,11010SHR
R72 03204B0002,18000,73140,91140,18000,45600,63600,11010SHR
R72 03204B0003,18000,69130,87130,18000,67490,85490,11010SHR
R72 03204B0004,18000,68060,86060,18000,80120,98120,11010SHR
R72 03204B0005,19800,76500,96300,19800,86000,105800,11010SHR
R72 03204B0006,26470,48890,75360,27010,75990,103000,11010SHR
R72 03204B0007,26470,81200,107670,27010,92830,119840,11010SHR
R72 03204B0008,24260,74850,99110,24190,83610,107800,11010SHR
R72 03204B0009,24260,75640,99900,24190,90210,114400,11010SHR
R72 03204B0010,24260,63340,87600,24190,97640,121830,11010SHR
R72 03204B0011,22270,64490,86760,22250,63090,85340,11010SHR
R72 03204B0013,21850,79260,101110,21550,93940,115490,11010SHR
R72 03204B0014,19800,79410,99210,19800,87690,107490,11010SHR
R72 03204B0015,18000,65770,83770,18000,77230,95230,11010SHR
R72 03204B0016,21840,48660,70500,18000,57510,75510,11010SHR
R72 03204B0018,22490,43610,66100,22460,72700,95160,11010SHR
R72 03204B0020,18000,60650,78650,18000,65960,83960,11010SHR
R72 03205 0012,21160,14240,35400,17720,55830,73550,12010BEL
R72 03205 0013,20610,41510,62120,16780,54670,71450,12010BEL
R72 03205 0014,19690,23160,42850,15830,44930,60760,12010BEL
R72 03205 0015,18790,49470,68260,15070,61380,76450,12010BEL
R72 03206 0001,40000,158280,198280,40000,228890,268890,11021SHR
R72 03206 0002,40000,129590,169590,40000,135100,175100,11021SHR
R72 03206 0003,44000,222120,266120,40000,233520,273520,11021SHR
R72 03206 0004,40000,180360,220360,40000,172470,212470,11021SHR
R72 03206 0005,40000,198690,238690,40000,198980,238980,11021SHR
R72 03206 0006,40000,173530,213530,40000,169350,209350,11021SHR
R72 03206 0007,44000,158920,202920,40000,177560,217560,11021SHR
R72 03206 0008,44000,188490,232490,40000,205650,245650,11021SHR
R72 03206 0009,44000,164550,208550,40000,151660,191660,11021SHR
R72 03206 0010,40000,186130,226130,40000,176020,216020,11021SHR
R72 03206 0011,40000,173280,213280,40000,242180,282180,11021SHR
R72 03206 0012,40000,170190,210190,40000,174660,214660,11021SHR
R72 03206 0013,40000,150090,190090,40000,158350,198350,11021SHR
R72 03206 0014,40000,168960,208960,40000,146300,186300,11021SHR
R72 03206 0015,40000,167190,207190,40000,177400,217400,11021SHR
R72 03206 0016,40000,129090,169090,40000,140360,180360,11021SHR
R72 03206 0017,44000,169350,213350,40000,195350,235350,11021SHR
R72 03206 0018,44000,183990,227990,40000,189030,229030,11021SHR
R72 03206 0019,40000,137740,177740,40000,155750,195750,11021SHR
R72 03206 0020,32000,0,32000,20000,0,20000,11021SHR
R72 03206 0021,40000,269140,309140,40000,231360,271360,11021SHR
R72 03206 0022,40000,126940,166940,40000,100090,140090,11021SHR
R72 03206 0023,40000,153340,193340,40000,141440,181440,11021SHR
R72 03206 0024,40000,78200,118200,40000,113660,153660,11021SHR
R72 03206 0025,40000,113430,153430,40000,96950,136950,11021SHR
R72 03301 0038,2710,0,2710,840,0,840,12000WAL
R72 03301 0050,17280,38370,55650,15600,53650,69250,12000WAL
R72 03301 0060,22130,58390,80520,23920,76970,100890,12000WAL
R72 03301 0061,5250,0,5250,1420,0,1420,12000WAL
R72 03302 0001,9840,0,9840,9620,9540,19160,12000WAL
R72 03302 0002,21600,30670,52270,21450,35210,56660,12000WAL
R72 03302 0003,14400,20100,34500,12900,39940,52840,12000WAL
R72 03302 0004,16800,27420,44220,15750,31380,47130,12000WAL
R72 03302 0005,16080,25020,41100,14900,28930,43830,12000WAL
R72 03302 0006,8760,0,8760,7490,0,7490,12000WAL
R72 03302 0007,17520,39410,56930,16610,53050,69660,12000WAL
R72 03302 0009,17520,33560,51080,16610,47750,64360,12000WAL
R72 03302 0013,16200,30570,46770,14310,31450,45760,12000WAL
R72 03302 0014,14790,26330,41120,13190,24510,37700,12000WAL
R72 03302 0016,19400,25090,44490,17370,25080,42450,12000WAL
R72 03302 0018,15040,23020,38060,13440,23490,36930,12000WAL
R72 03302 0020,14450,32840,47290,12930,44090,57020,12000WAL
R72 03302 0021,10620,32520,43140,10430,51130,61560,12000WAL
R72 03302 0025,19440,92550,111990,17700,98480,116180,12000WAL
R72 03302 0029,8960,0,8960,7310,0,7310,12000WAL
R72 03302 0031,7560,0,7560,6070,0,6070,12000WAL
R72 03302 0033,7780,0,7780,6260,0,6260,12000WAL
R72 03302 0034,15120,42680,57800,13760,46180,59940,12000WAL
R72 03302 0036,8530,0,8530,6930,0,6930,12000WAL
R72 03302 0037,7780,0,7780,6260,0,6260,12000WAL
R72 03302 0038,7880,0,7880,6360,0,6360,12000WAL
R72 03302 0039,8100,0,8100,6550,0,6550,12000WAL
R72 03302 0040,14900,34050,48950,13460,46440,59900,12000WAL
R72 03302 0042,16800,28610,45410,15180,33570,48750,12000WAL
R72 03303 0001,20520,204090,224610,18670,209460,228130,12000WAL
R72 03303 0002,25440,7070,32510,23410,21590,45000,12000WAL
R72 03303 0003,21600,35110,56710,21450,43370,64820,12000WAL
R72 03303 0004,24000,50210,74210,21870,42310,64180,12000WAL
R72 03303 0005,21600,44040,65640,21450,53080,74530,12000WAL
R72 03303 0006,23520,44710,68230,21360,53240,74600,12000WAL
R72 03303 0009,18240,50070,68310,17460,55390,72850,12000WAL
R72 03303 0010,19200,33080,52280,18600,45750,64350,12000WAL
R72 03303 0011,18360,46880,65240,16580,48290,64870,12000WAL
R72 03303 0014,16740,41890,58630,14850,47030,61880,12000WAL
R72 03303 0016,21600,36760,58360,21450,42310,63760,12000WAL
R72 03303 0017,21240,36520,57760,20700,43370,64070,12000WAL
R72 03304 0001,20520,45980,66500,19200,87890,107090,12000WAL
R72 03304 0002,20520,39980,60500,19200,37010,56210,12000WAL
R72 03304 0003,20520,30440,50960,19200,42260,61460,12000WAL
R72 03304 0004,23630,31880,55510,23210,50700,73910,12000WAL
R72 03304 0005,15980,37090,53070,14400,41590,55990,12000WAL
R72 03304 0021,17600,31340,48940,16080,23900,39980,12000WAL
R72 03304 0032,22790,39270,62060,21800,74270,96070,12000WAL
R72 03304 0033,20700,60080,80780,19580,119930,139510,12000WAL
R72 03304 0035,9320,2330,11650,8690,3080,11770,12000WAL
R72 03304 0038,21850,49410,71260,20810,70810,91620,12000WAL
R72 03304 0040,21290,33790,55080,20600,48500,69100,12000WAL
R72 03304 0041,21060,37830,58890,20330,32010,52340,12000WAL
R72 03304 0042,21060,31420,52480,20330,39120,59450,12000WAL
R72 03304 0043,14060,32580,46640,12640,32730,45370,12000WAL
R72 03304 0045,15050,30330,45380,13520,36460,49980,12000WAL
R72 03304 0049,8100,0,8100,6580,0,6580,12000WAL
R72 03304 0050,11790,36670,48460,11010,51050,62060,12000WAL
R72 03304 0051,12120,31520,43640,11260,38510,49770,12000WAL
R72 03304 0052,14480,34270,48750,13060,42940,56000,12000WAL
R72 03304 0054,11790,36920,48710,11010,34800,45810,12000WAL
R72 03304 0059,18560,34360,52920,17460,37270,54730,12000WAL
R72 03304 0060,20290,49100,69390,19030,57930,76960,12000WAL
R72 03304 0063,21060,38140,59200,15050,10800,25850,12000WAL
R72 03304 0064,21060,31120,52180,20330,30240,50570,12000WAL
R72 03304 0065,21060,41870,62930,20330,46840,67170,12000WAL
R72 03304 0066,25270,39890,65160,25050,36210,61260,12000WAL
R72 03304 0067,18160,59020,77180,16390,58290,74680,12000WAL
R72 03304 0070,16320,34130,50450,14700,37020,51720,12000WAL
R72 03304 0071,16320,39430,55750,14700,41670,56370,12000WAL
R72 03304 0074,130,0,130,120,0,120,12000WAL
R72 03305 0003,16220,57570,73790,14610,65350,79960,12000WAL
R72 03305 0004,16220,26250,42470,14610,47340,61950,12000WAL
R72 03305 0005,16220,47970,64190,14610,58520,73130,12000WAL
R72 03305 0006,16220,52260,68480,14610,60000,74610,12000WAL
R72 03305 0007,16220,34290,50510,14610,60210,74820,12000WAL
R72 03305 0008,16220,40930,57150,14610,52770,67380,12000WAL
R72 03305 0009,16220,47790,64010,14610,56970,71580,12000WAL
R72 03305 0010,16220,44160,60380,14610,57200,71810,12000WAL
R72 03305 0011,16220,41940,58160,14610,59260,73870,12000WAL
R72 03305 0012,16220,19440,35660,14610,57270,71880,12000WAL
R72 03305 0013,16220,57450,73670,14610,59170,73780,12000WAL
R72 03305 0014,16220,40400,56620,14610,48740,63350,12000WAL
R72 03305 0015,16220,44220,60440,14610,55320,69930,12000WAL
R72 03305 0016,16220,44610,60830,14610,49020,63630,12000WAL
R72 03305 0017,16850,53550,70400,15200,73250,88450,12000WAL
R72 03305 0018,15040,19350,34390,13540,50380,63920,12000WAL
R72 03305 0020,14010,35480,49490,12580,54400,66980,12000WAL
R72 03305 0022,14760,37810,52570,13200,53180,66380,12000WAL
R72 03305 0024,15000,34630,49630,13500,41460,54960,12000WAL
R72 03305 0025,15000,35440,50440,13500,45120,58620,12000WAL
R72 03305 0026,15000,35740,50740,13500,52400,65900,12000WAL
R72 03305 0027,15000,34050,49050,13500,46310,59810,12000WAL
R72 03305 0028,15000,38850,53850,13500,50390,63890,12000WAL
R72 03305 0029,15000,34950,49950,13500,46660,60160,12000WAL
R72 03305 0030,15000,35480,50480,13500,68020,81520,12000WAL
R72 03305 0031,14720,43740,58460,13200,63170,76370,12000WAL
R72 03305 0032,15260,33610,48870,13640,47840,61480,12000WAL
R72 03305 0033,17250,27990,45240,15920,46720,62640,12000WAL
R72 03305 0034,16500,33290,49790,14810,54790,69600,12000WAL
R72 03305 0035,14850,31540,46390,13340,45460,58800,12000WAL
R72 03305 0036,13050,43870,56920,11870,44230,56100,12000WAL
R72 03305 0037,12600,33960,46560,11660,46030,57690,12000WAL
R72 03305 0038,15800,38660,54460,14220,46790,61010,12000WAL
R72 03305 0039,15000,33150,48150,13500,46620,60120,12000WAL
R72 03305 0040,15000,40170,55170,13500,53490,66990,12000WAL
R72 03305 0042,15000,32240,47240,13500,44040,57540,12000WAL
R72 03305 0043,15400,37890,53290,13860,52620,66480,12000WAL
R72 03305 0044,18560,37150,55710,17400,47800,65200,12000WAL
R72 03305 0045,11150,34640,45790,10730,36130,46860,12000WAL
R72 03305 0046,16270,49290,65560,14330,55960,70290,12000WAL
R72 03305 0047,14980,41190,56170,13470,54940,68410,12000WAL
R72 03305 0048,12160,35970,48130,11400,46880,58280,12000WAL
R72 03305 0049,11560,29060,40620,10980,42960,53940,12000WAL
R72 03305 0052,15000,39590,54590,13500,54420,67920,12000WAL
R72 03306 0001,16000,32050,48050,14400,46780,61180,12000WAL
R72 03306 0002,16000,53620,69620,14400,54450,68850,12000WAL
R72 03306 0003,16400,41830,58230,14760,81600,96360,12000WAL
R72 03306 0005,16000,36550,52550,14400,42840,57240,12000WAL
R72 03306 0006,15600,28590,44190,7020,0,7020,12000WAL
R72 03306 0007,16000,35350,51350,14400,43800,58200,12000WAL
R72 03306 0008,17200,41060,58260,15480,27800,43280,12000WAL
R72 03306 0009,14800,32890,47690,13320,44040,57360,12000WAL
R72 03306 0010,14800,38500,53300,13320,50880,64200,12000WAL
R72 03306 0011,14800,40990,55790,13320,51780,65100,12000WAL
R72 03306 0013,15800,35230,51030,14220,58380,72600,12000WAL
R72 03306 0014,7900,0,7900,6400,0,6400,12000WAL
R72 03306 0015,15800,19590,35390,14220,39700,53920,12000WAL
R72 03306 0016,7900,0,7900,6400,0,6400,12000WAL
R72 03306 0017,15800,38770,54570,14220,40870,55090,12000WAL
R72 03306 0018,15800,21840,37640,14220,31940,46160,12000WAL
R72 03306 0019,15800,22610,38410,14220,20550,34770,12000WAL
R72 03306 0020,15800,30220,46020,14220,27240,41460,12000WAL
R72 03306 0021,15800,27120,42920,14220,32650,46870,12000WAL
R72 03306 0022,15800,39560,55360,14220,42290,56510,12000WAL
R72 03306 0023,15800,37560,53360,14220,42610,56830,12000WAL
R72 03306 0024,15800,36100,51900,14220,51750,65970,12000WAL
R72 03306 0025,16400,31510,47910,14760,50420,65180,12000WAL
R72 03306 0029,15800,15540,31340,14220,36700,50920,12000WAL
R72 03306 0030,15800,25170,40970,14220,54870,69090,12000WAL
R72 03306 0031,15800,20730,36530,14220,63120,77340,12000WAL
R72 03306 0032,16000,38690,54690,14130,44370,58500,12000WAL
R72 03306 0033,16000,36060,52060,14130,48270,62400,12000WAL
R72 03306 0035,15100,27610,42710,13580,23240,36820,12000WAL
R72 03306 0036,17320,26180,43500,16130,26260,42390,12000WAL
R72 03306 0037,8660,0,8660,7270,0,7270,12000WAL
R72 03306 0038,17320,14140,31460,7270,0,7270,12000WAL
R72 03306 0039,16380,35520,51900,15080,43970,59050,12000WAL
R72 03306 0040,17780,40290,58070,16650,61360,78010,12000WAL
R72 03306 0042,17780,42010,59790,16650,81530,98180,12000WAL
R72 03306 0044,17320,31080,48400,16130,42990,59120,12000WAL
R72 03306 0045,16800,149250,166050,15120,183690,198810,12000WAL
R72 03306 0048,16800,188830,205630,15120,220590,235710,12000WAL
R72 03306 0049,24890,187120,212010,22210,209400,231610,12000WAL
R72 03307 0001,15800,38640,54440,14220,43600,57820,12000WAL
R72 03307 0002,15800,35190,50990,14220,34230,48450,12000WAL
R72 03307 0003,15800,29900,45700,14220,26600,40820,12000WAL
R72 03307 0004,15800,35560,51360,14220,38380,52600,12000WAL
R72 03307 0005,15200,26570,41770,13680,29940,43620,12000WAL
R72 03307 0006,16000,38080,54080,14400,84120,98520,12000WAL
R72 03307 0007,16000,38080,54080,14400,84120,98520,12000WAL
R72 03307 0008,15680,35570,51250,14100,46600,60700,12000WAL
R72 03307 0011,15680,34090,49770,14100,39800,53900,12000WAL
R72 03307 0014,15680,33360,49040,14100,29960,44060,12000WAL
R72 03307 0017,15800,25900,41700,14220,31350,45570,12000WAL
R72 03307 0018,15800,29550,45350,14220,26720,40940,12000WAL
R72 03307 0019,15800,34220,50020,14220,33510,47730,12000WAL
R72 03307 0022,15800,22350,38150,14220,35110,49330,12000WAL
R72 03307 0023,15800,23530,39330,14220,37350,51570,12000WAL
R72 03307 0024,15800,38250,54050,14220,47710,61930,12000WAL
R72 03307 0025,15800,30360,46160,14220,25580,39800,12000WAL
R72 03307 0026,17920,34250,52170,16150,43220,59370,12000WAL
R72 03307 0027,17070,37100,54170,14980,35820,50800,12000WAL
R72 03307 0029,16860,33740,50600,14770,42990,57760,12000WAL
R72 03307 0030,13420,30700,44120,12160,40790,52950,12000WAL
R72 03307 0031,13420,22700,36120,12220,40380,52600,12000WAL
R72 03307 0032,13420,22360,35780,12220,29470,41690,12000WAL
R72 03307 0033,6710,0,6710,5480,0,5480,12000WAL
R72 03307 0034,13420,23490,36910,12220,25700,37920,12000WAL
R72 03307 0035,13570,27410,40980,12270,34270,46540,12000WAL
R72 03307 0037,8890,29730,38620,8010,33950,41960,12000WAL
R72 03307 0038,17080,41660,58740,15860,53660,69520,12000WAL
R72 03307 0039,8660,0,8660,7270,0,7270,12000WAL
R72 03307 0040,17320,3160,20480,16130,4130,20260,12000WAL
R72 03307 0045,17320,33500,50820,16130,36190,52320,12000WAL
R72 03307 0046,17320,30330,47650,17900,8600,26500,12000WAL
R72 03307 0047,17320,41760,59080,16130,45280,61410,12000WAL
R72 03307 0048,17320,37240,54560,12850,0,12850,12000WAL
R72 03308 0004,10950,6970,17920,7510,4980,12490,12000WAL
R72 03308 0005,20420,36280,56700,18820,15450,34270,12000WAL
R72 03308 0008,16950,45880,62830,14760,56250,71010,12000WAL
R72 03308 0010,17170,38080,55250,14840,30840,45680,12000WAL
R72 03308 0012,23740,46440,70180,22350,39870,62220,12000WAL
R72 03308 0014,18170,33180,51350,16970,41350,58320,12000WAL
R72 03308 0020,18170,19430,37600,16970,39140,56110,12000WAL
R72 03308 0025,18170,37740,55910,16970,40360,57330,12000WAL
R72 03308 0030,18170,42370,60540,16970,45330,62300,12000WAL
R72 03308 0035,16650,32780,49430,15080,41350,56430,12000WAL
R72 03308 0036,16210,33320,49530,14630,42010,56640,12000WAL
R72 03308 0037,16210,31300,47510,14630,48450,63080,12000WAL
R72 03308 0038,16210,39750,55960,14630,56820,71450,12000WAL
R72 03308 0039,16210,26320,42530,14630,53510,68140,12000WAL
R72 03308 0040,16210,29430,45640,14630,31780,46410,12000WAL
R72 03308 0041,16210,33820,50030,14630,26170,40800,12000WAL
R72 03308 0042,16210,32790,49000,14630,56680,71310,12000WAL
R72 03308 0043,16650,26110,42760,15080,67280,82360,12000WAL
R72 03308 0044,18870,39720,58590,17330,46410,63740,12000WAL
R72 03308 0046,16650,32790,49440,15080,42000,57080,12000WAL
R72 03308 0048,15540,38360,53900,13950,47500,61450,12000WAL
R72 03308 0049,16650,28960,45610,15080,38500,53580,12000WAL
R72 03308 0050,16650,28670,45320,7540,8270,15810,12000WAL
R72 03308 0051,16650,32910,49560,15080,44420,59500,12000WAL
R72 03308 0052,16650,29490,46140,15080,48480,63560,12000WAL
R72 03308 0053,16650,33790,50440,15050,47610,62660,12000WAL
R72 03308 0054,9440,0,9440,8030,0,8030,12000WAL
R72 03308 0055,23870,128590,152460,14050,151820,165870,12000WAL
R72 03308 0056,18530,57470,76000,16920,61960,78880,12000WAL
R72 03308 0058,17440,49050,66490,15840,53260,69100,12000WAL
R72 03308 0059,17440,33890,51330,17590,24670,42260,12000WAL
R72 03308 0060,17280,39500,56780,15750,42810,58560,12000WAL
R72 03308 0061,17280,27870,45150,15540,74180,89720,12000WAL
R72 03308 0066,17170,34560,51730,14840,28590,43430,12000WAL
R72 03308 0068,17850,33370,51220,15380,36640,52020,12000WAL
R72 03401 0013,18430,76780,95210,16940,98050,114990,12000WAL
R72 03401 0014,18430,42980,61410,16940,71870,88810,12000WAL
R72 03401 0015,15540,42060,57600,14000,58380,72380,12000WAL
R72 03401 0022,15340,26370,41710,13910,30630,44540,12000WAL
R72 03401 0023,14460,17100,31560,12780,43170,55950,12000WAL
R72 03401 0024,13990,25630,39620,12430,23980,36410,12000WAL
R72 03401 0025,11520,21620,33140,10530,20550,31080,12000WAL
R72 03401 0027,18790,34390,53180,17660,52240,69900,12000WAL
R72 03401 0028,18790,36390,55180,17660,43690,61350,12000WAL
R72 03401 0029,18790,33610,52400,8850,0,8850,12000WAL
R72 03401 0031,18490,20560,39050,17380,26620,44000,12000WAL
R72 03401 0032,14980,25280,40260,13460,28490,41950,12000WAL
R72 03401 0034,14510,25890,40400,12940,29190,42130,12000WAL
R72 03401 0035,16600,14110,30710,14940,75230,90170,12000WAL
R72 03401 0037,16600,32910,49510,14940,41080,56020,12000WAL
R72 03401 0038,7990,0,7990,6340,0,6340,12000WAL
R72 03401 0040,15860,7700,23560,14810,30880,45690,12000WAL
R72 03401 0041,10560,19560,30120,9930,9940,19870,12000WAL
R72 03402 0005,19490,35980,55470,18420,52780,71200,12000WAL
R72 03402 0009,9740,0,9740,5000,0,5000,12000WAL
R72 03402 0013,19490,25630,45120,18420,41580,60000,12000WAL
R72 03402 0017,18790,39330,58120,17660,65030,82690,12000WAL
R72 03402 0018,18790,38080,56870,17660,46800,64460,12000WAL
R72 03402 0019,18790,37220,56010,17660,87940,105600,12000WAL
R72 03402 0020,18790,35980,54770,17660,33790,51450,12000WAL
R72 03402 0021,12850,33060,45910,11750,44690,56440,12000WAL
R72 03402 0022,23090,4420,27510,21700,75310,97010,12000WAL
R72 03402 0024,23090,47500,70590,21700,107190,128890,12000WAL
R72 03402 0027,14600,44780,59380,13140,58800,71940,12000WAL
R72 03402 0028,15400,47770,63170,13860,57720,71580,12000WAL
R72 03402 0029,15400,47920,63320,13860,62980,76840,12000WAL
R72 03402 0031,16200,44200,60400,14580,58550,73130,12000WAL
R72 03402 0033,16320,37850,54170,16250,34920,51170,12000WAL
R72 03402 0037,16320,34080,50400,11710,0,11710,12000WAL
R72 03402 0041,16320,30000,46320,14640,46600,61240,12000WAL
R72 03402 0045,18700,43150,61850,17320,59430,76750,12000WAL
R72 03402 0046,18700,43040,61740,17320,56170,73490,12000WAL
R72 03402 0047,19430,33610,53040,17210,41960,59170,12000WAL
R72 03402 0052,8380,36680,45060,7780,41240,49020,12000WAL
R72 03402 0053,14280,53080,67360,12810,80680,93490,12000WAL
R72 03402 0054,15200,31830,47030,13680,36990,50670,12000WAL
R72 03402 0055,14600,30630,45230,13140,31720,44860,12000WAL
R72 03402 0059,14400,26330,40730,12960,28060,41020,12000WAL
R72 03402 0060,14400,35720,50120,12960,64120,77080,12000WAL
R72 03403 0001,13870,42030,55900,12500,46440,58940,12000WAL
R72 03403 0002,10800,27090,37890,10470,23910,34380,12000WAL
R72 03403 0003,13870,39340,53210,12500,46350,58850,12000WAL
R72 03403 0004,15770,30140,45910,14130,50880,65010,12000WAL
R72 03403 0005,15770,30080,45850,14130,54000,68130,12000WAL
R72 03403 0006,15770,19700,35470,14130,35870,50000,12000WAL
R72 03403 0007,10950,34860,45810,10610,45450,56060,12000WAL
R72 03403 0009,7510,0,7510,6050,0,6050,12000WAL
R72 03403 0010,14440,45560,60000,12980,76610,89590,12000WAL
R72 03403 0011,14440,30690,45130,12980,48040,61020,12000WAL
R72 03403 0012,14440,28830,43270,12980,33740,46720,12000WAL
R72 03403 0013,14440,41470,55910,12980,40390,53370,12000WAL
R72 03403 0014,14440,42950,57390,12980,48870,61850,12000WAL
R72 03403 0015,15180,23150,38330,6810,3270,10080,12000WAL
R72 03403 0016,15180,54510,69690,6810,0,6810,12000WAL
R72 03403 0017,15180,35380,50560,6810,0,6810,12000WAL
R72 03403 0018,15180,33280,48460,6810,0,6810,12000WAL
R72 03403 0019,15180,35260,50440,13640,49260,62900,12000WAL
R72 03403 0020,15180,29390,44570,13640,25530,39170,12000WAL
R72 03403 0021,15180,47600,62780,13640,69880,83520,12000WAL
R72 03403 0022,14440,40730,55170,14400,10570,24970,12000WAL
R72 03403 0023,14440,41160,55600,12980,60870,73850,12000WAL
R72 03403 0024,14440,45880,60320,12980,56830,69810,12000WAL
R72 03403 0025,14440,41710,56150,12980,9000,21980,12000WAL
R72 03403 0026,14440,6490,20930,14400,36220,50620,12000WAL
R72 03403 0027,15010,40690,55700,13460,54310,67770,12000WAL
R72 03403 0028,12990,35380,48370,11850,57320,69170,12000WAL
R72 03403 0029,8940,38890,47830,8060,58590,66650,12000WAL
R72 03403 0030,15770,48920,64690,14130,65520,79650,12000WAL
R72 03403 0032,15770,39040,54810,14130,50860,64990,12000WAL
R72 03403 0034,18790,51900,70690,17070,67540,84610,12000WAL
R72 03403 0036,16850,64600,81450,15180,100070,115250,12000WAL
R72 03403 0037,8620,46390,55010,7870,53770,61640,12000WAL
R72 03403 0038,15800,50990,66790,14280,65770,80050,12000WAL
R72 03403 0040,15200,31130,46330,13730,37420,51150,12000WAL
R72 03403 0042,15200,26990,42190,13730,45780,59510,12000WAL
R72 03403 0044,15200,40850,56050,13680,53320,67000,12000WAL
R72 03403 0046,14440,30870,45310,13030,49850,62880,12000WAL
R72 03403 0047,14440,41470,55910,13030,75160,88190,12000WAL
R72 03403 0048,14440,28130,42570,13030,47550,60580,12000WAL
R72 03403 0049,14440,31720,46160,13030,44510,57540,12000WAL
R72 03403 0050,15200,41770,56970,13730,51990,65720,12000WAL
R72 03403 0051,15200,34690,49890,13730,52370,66100,12000WAL
R72 03403 0052,15200,45940,61140,13730,74640,88370,12000WAL
R72 03403 0054,12310,13020,25330,11060,14290,25350,12000WAL
R72 03403 0055,17060,19240,36300,15390,8150,23540,12000WAL
R72 03403 0056,18100,30880,48980,16370,33630,50000,12000WAL
R72 03403 0057,15390,53590,68980,13830,54800,68630,12000WAL
R72 03403 0058,16850,15770,32620,15200,71390,86590,12000WAL
R72 03403 0061,10950,32070,43020,10610,44730,55340,12000WAL
R72 03403 0063,10950,33200,44150,10610,43460,54070,12000WAL
R72 03403 0065,14250,44710,58960,12870,44160,57030,12000WAL
R72 03403 0066,10950,31520,42470,10610,24730,35340,12000WAL
R72 03403 0069,14320,45340,59660,12920,60710,73630,12000WAL
R72 03403 0071,640,0,640,580,0,580,12000WAL
R72 03404 0001,8530,29040,37570,7890,36270,44160,12000WAL
R72 03404 0002,13070,47880,60950,11900,62800,74700,12000WAL
R72 03404 0003,1360,0,1360,310,0,310,12000WAL
R72 03404 0004,15960,16780,32740,14330,51610,65940,12000WAL
R72 03404 0005,15960,27080,43040,14330,64560,78890,12000WAL
R72 03404 0006,15960,35470,51430,14330,57420,71750,12000WAL
R72 03404 0007,15960,34350,50310,11410,0,11410,12000WAL
R72 03404 0008,15960,29390,45350,14330,65990,80320,12000WAL
R72 03404 0009,16040,68970,85010,14320,79170,93490,12000WAL
R72 03404 0010,14210,25860,40070,12810,37680,50490,12000WAL
R72 03404 0011,14020,25450,39470,12650,73740,86390,12000WAL
R72 03404 0012,14020,42050,56070,12650,48440,61090,12000WAL
R72 03404 0013,14720,35760,50480,13260,39690,52950,12000WAL
R72 03404 0014,14350,22370,36720,12960,76780,89740,12000WAL
R72 03404 0015,14350,35420,49770,12960,47330,60290,12000WAL
R72 03404 0016,14170,38830,53000,12810,49620,62430,12000WAL
R72 03404 0017,14720,26050,40770,13260,23600,36860,12000WAL
R72 03404 0018,14950,16800,31750,13370,36840,50210,12000WAL
R72 03404 0019,16020,24110,40130,14250,23810,38060,12000WAL
R72 03404 0020,12280,15460,27740,11290,27740,39030,12000WAL
R72 03404 0021,14980,39640,54620,13440,48850,62290,12000WAL
R72 03404 0022,14980,42020,57000,13440,61550,74990,12000WAL
R72 03404 0023,14980,32380,47360,13440,35930,49370,12000WAL
R72 03404 0024,14980,44920,59900,13440,40690,54130,12000WAL
R72 03404 0025,14980,33870,48850,13440,39340,52780,12000WAL
R72 03404 0026,14980,56710,71690,13440,54960,68400,12000WAL
R72 03404 0027,14980,38500,53480,13440,51270,64710,12000WAL
R72 03404 0028,14980,39540,54520,6710,0,6710,12000WAL
R72 03404 0029,10920,24710,35630,10320,0,10320,12000WAL
R72 03404 0030,10510,36560,47070,10320,47670,57990,12000WAL
R72 03404 0031,15260,43060,58320,13680,59370,73050,12000WAL
R72 03404 0032,15260,31880,47140,13680,56820,70500,12000WAL
R72 03404 0033,15260,4340,19600,13630,3800,17430,12000WAL
R72 03404 0034,15480,50190,65670,13830,44630,58460,12000WAL
R72 03404 0035,15260,38900,54160,13630,51070,64700,12000WAL
R72 03404 0037,15690,42140,57830,14030,54490,68520,12000WAL
R72 03404 0039,15900,33680,49580,14240,51980,66220,12000WAL
R72 03404 0041,15260,34740,50000,13680,46140,59820,12000WAL
R72 03404 0042,15260,22260,37520,13680,74350,88030,12000WAL
R72 03404 0043,15260,28200,43460,13630,47580,61210,12000WAL
R72 03404 0044,15690,22860,38550,14030,63330,77360,12000WAL
R72 03404 0045,15900,39190,55090,14240,52990,67230,12000WAL
R72 03404 0046,15260,42760,58020,13630,57840,71470,12000WAL
R72 03404 0047,7630,34400,42030,7070,46760,53830,12000WAL
R72 03404 0056,14360,39510,53870,12910,8090,21000,12000WAL
R72 03404 0057,11930,1610,13540,4910,0,4910,12000WAL
R72 03404 0058,11930,7020,18950,4910,0,4910,12000WAL
R72 03404 0059,14500,39600,54100,14500,16940,31440,12000WAL
R72 03404 0061,11750,26360,38110,10870,39620,50490,12000WAL
R72 03404 0065,14590,44510,59100,13140,57460,70600,12000WAL
R72 03405 0001,13430,28100,41530,12100,29470,41570,12000WAL
R72 03405 0004,17960,42160,60120,16430,50580,67010,12000WAL
R72 03405 0005,17960,32060,50020,16130,44480,60610,12000WAL
R72 03405 0006,17960,2360,20320,16640,3090,19730,12000WAL
R72 03405 0007,17810,37470,55280,17300,41250,58550,12000WAL
R72 03405 0010,14450,6380,20830,10560,26380,36940,12000WAL
R72 03405 0011,12950,28260,41210,11870,33140,45010,12000WAL
R72 03405 0013,17670,43380,61050,17100,51400,68500,12000WAL
R72 03405 0014,17670,8270,25940,17100,47250,64350,12000WAL
R72 03405 0015,21050,42680,63730,19170,55780,74950,12000WAL
R72 03405 0016,17670,42210,59880,17100,23260,40360,12000WAL
R72 03405 0020,17670,15880,33550,17100,50830,67930,12000WAL
R72 03405 0023,10660,9190,19850,10420,39140,49560,12000WAL
R72 03405 0024,10920,27480,38400,10310,40890,51200,12000WAL
R72 03405 0025,14980,42110,57090,13410,52740,66150,12000WAL
R72 03405 0027,13430,33040,46470,12100,53320,65420,12000WAL
R72 03405 0030,13720,30410,44130,12450,35350,47800,12000WAL
R72 03405 0033,13430,33280,46710,12100,31790,43890,12000WAL
R72 03405 0036,13250,23730,36980,11950,0,11950,12000WAL
R72 03405 0039,14360,34620,48980,12910,45380,58290,12000WAL
R72 03405 0041,12640,37050,49690,11650,39870,51520,12000WAL
R72 03405 0042,12820,34880,47700,11710,34250,45960,12000WAL
R72 03405 0043,13430,32340,45770,12100,29620,41720,12000WAL
R72 03405 0047,0,0,0,0,0,0,99999999
R72 03406 0001,11400,35110,46510,10880,44800,55680,12000WAL
R72 03406 0002,11970,37930,49900,11160,44190,55350,12000WAL
R72 03406 0003,12530,28980,41510,11520,38090,49610,12000WAL
R72 03406 0004,12700,40700,53400,11660,73090,84750,12000WAL
R72 03406 0005,3810,0,3810,3470,0,3470,12000WAL
R72 03406 0006,14260,37300,51560,12860,50310,63170,12000WAL
R72 03406 0007,14980,43490,58470,13390,58580,71970,12000WAL
R72 03406 0008,14980,35510,50490,13440,37420,50860,12000WAL
R72 03406 0009,14980,40190,55170,13440,42350,55790,12000WAL
R72 03406 0010,14980,19530,34510,13440,45300,58740,12000WAL
R72 03406 0011,14980,35440,50420,13440,53870,67310,12000WAL
R72 03406 0012,14980,34020,49000,13440,43340,56780,12000WAL
R72 03406 0013,14980,25020,40000,13440,57930,71370,12000WAL
R72 03406 0014,14980,25520,40500,13440,28240,41680,12000WAL
R72 03406 0015,10660,6690,17350,10460,34300,44760,12000WAL
R72 03406 0016,11760,34180,45940,10940,35730,46670,12000WAL
R72 03406 0018,13720,39880,53600,12330,44240,56570,12000WAL
R72 03406 0019,14560,38770,53330,13100,56170,69270,12000WAL
R72 03406 0020,14000,41850,55850,12650,52450,65100,12000WAL
R72 03406 0021,12880,26160,39040,11700,34300,46000,12000WAL
R72 03406 0022,11550,32190,43740,10930,35300,46230,12000WAL
R72 03406 0023,16850,25720,42570,16870,49430,66300,12000WAL
R72 03406 0025,13940,27930,41870,13830,51400,65230,12000WAL
R72 03406 0026,6450,0,6450,5170,0,5170,12000WAL
R72 03406 0027,15770,39510,55280,14130,55070,69200,12000WAL
R72 03406 0028,15690,31760,47450,14140,55010,69150,12000WAL
R72 03406 0031,14140,33500,47640,12660,49860,62520,12000WAL
R72 03406 0032,14980,30460,45440,13440,38390,51830,12000WAL
R72 03406 0034,14980,48620,63600,13440,58780,72220,12000WAL
R72 03406 0035,14980,30420,45400,13440,50840,64280,12000WAL
R72 03406 0036,8530,25920,34450,7890,40700,48590,12000WAL
R72 03406 0037,12560,31040,43600,11560,59730,71290,12000WAL
R72 03406 0038,15180,35090,50270,13640,43490,57130,12000WAL
R72 03406 0039,15180,40720,55900,13640,47300,60940,12000WAL
R72 03406 0040,15180,38580,53760,13640,47970,61610,12000WAL
R72 03406 0041,15600,37850,53450,14030,77730,91760,12000WAL
R72 03406 0043,14890,40420,55310,13440,65350,78790,12000WAL
R72 03406 0047,14430,37790,52220,12960,58410,71370,12000WAL
R72 03406 0048,5900,0,5900,4950,0,4950,12000WAL
R72 03406 0050,9070,44750,53820,8120,51250,59370,12000WAL
R72 03406 0052,10640,32380,43020,10350,16520,26870,12000WAL
R72 03407 0001,14170,39970,54140,23850,14150,38000,12000WAL
R72 03407 0002,13620,37890,51510,12300,52480,64780,12000WAL
R72 03407 0003,16050,36720,52770,14390,52720,67110,12000WAL
R72 03407 0004,17550,53130,70680,16340,58160,74500,12000WAL
R72 03407 0005,17550,37520,55070,16340,35650,51990,12000WAL
R72 03407 0006,17550,37840,55390,16340,54340,70680,12000WAL
R72 03407 0007,12010,35370,47380,11300,45950,57250,12000WAL
R72 03407 0009,13350,34240,47590,12080,42710,54790,12000WAL
R72 03407 0012,17550,57180,74730,16340,59990,76330,12000WAL
R72 03407 0013,17550,50240,67790,16340,54680,71020,12000WAL
R72 03407 0014,16850,40440,57290,15550,54840,70390,12000WAL
R72 03407 0015,18250,23470,41720,17120,61010,78130,12000WAL
R72 03407 0016,17550,35100,52650,16340,24270,40610,12000WAL
R72 03407 0017,17550,33310,50860,16340,66820,83160,12000WAL
R72 03407 0018,17550,42730,60280,16340,57740,74080,12000WAL
R72 03407 0019,17780,41530,59310,16600,59220,75820,12000WAL
R72 03407 0020,17550,28430,45980,18140,10580,28720,12000WAL
R72 03407 0021,15770,57690,73460,14130,45620,59750,12000WAL
R72 03407 0022,15910,34050,49960,14330,39440,53770,12000WAL
R72 03407 0023,19440,50860,70300,17700,77660,95360,12000WAL
R72 03407 0025,19440,55590,75030,17700,61870,79570,12000WAL
R72 03407 0027,15770,30650,46420,14130,41010,55140,12000WAL
R72 03407 0028,15770,38180,53950,14130,50110,64240,12000WAL
R72 03407 0029,15770,27510,43280,14130,62660,76790,12000WAL
R72 03407 0030,15770,35120,50890,14130,43370,57500,12000WAL
R72 03407 0031,15770,36450,52220,14130,52130,66260,12000WAL
R72 03407 0032,12160,50350,62510,11360,82930,94290,12000WAL
R72 03407 0033,17550,32900,50450,16340,36440,52780,12000WAL
R72 03407 0034,17550,43190,60740,16340,35510,51850,12000WAL
R72 03407 0035,17550,51340,68890,16340,39210,55550,12000WAL
R72 03407 0036,17550,27890,45440,16340,44890,61230,12000WAL
R72 03407 0037,17550,52540,70090,16340,63010,79350,12000WAL
R72 03407 0038,17550,51320,68870,16340,66650,82990,12000WAL
R72 03407 0039,17550,40840,58390,16340,53520,69860,12000WAL
R72 03407 0040,17550,44990,62540,16340,60920,77260,12000WAL
R72 03407 0041,17320,51520,68840,16070,60520,76590,12000WAL
R72 03407 0042,17550,40450,58000,16340,50910,67250,12000WAL
R72 03407 0043,17550,45600,63150,16340,59300,75640,12000WAL
R72 03407 0044,14700,15510,30210,13190,57520,70710,12000WAL
R72 03407 0045,12160,43800,55960,11400,45150,56550,12000WAL
R72 03407 0046,10640,26860,37500,10350,25140,35490,12000WAL
R72 03407 0047,17550,42210,59760,16340,44710,61050,12000WAL
R72 03407 0048,17550,26160,43710,16340,42070,58410,12000WAL
R72 03407 0049,17550,32280,49830,16340,33860,50200,12000WAL
R72 03407 0050,17550,32590,50140,16340,38150,54490,12000WAL
R72 03407 0051,17550,41370,58920,16340,44530,60870,12000WAL
R72 03407 0052,15480,40860,56340,15390,24130,39520,12000WAL
R72 03407 0053,13540,35740,49280,12240,46310,58550,12000WAL
R72 03407 0056,11400,20020,31420,12060,13640,25700,12000WAL
R72 03407 0058,11400,25070,36470,10880,32870,43750,12000WAL
R72 03407 0060,11400,16510,27910,10880,39870,50750,12000WAL
R72 03407 0062,11100,29220,40320,10670,40650,51320,12000WAL
R72 03407 0064,12620,30020,42640,11630,45730,57360,12000WAL
R72 03407 0066,12950,37970,50920,11870,45530,57400,12000WAL
R72 03407 0068,10800,28460,39260,10350,29810,40160,12000WAL
R72 03407 0070,12220,25800,38020,11140,36040,47180,12000WAL
R72 03407 0073,13350,29560,42910,12080,35920,48000,12000WAL
R72 03407 0076,12220,28070,40290,11140,37010,48150,12000WAL
R72 03407 0079,11400,30320,41720,10880,41620,52500,12000WAL
R72 03407 0084,13350,27370,40720,12080,40980,53060,12000WAL
R72 03407 0087,11400,20120,31520,10880,37660,48540,12000WAL
R72 03407 0089,11100,31710,42810,10670,32580,43250,12000WAL
R72 03407 0091,11120,21110,32230,10510,54530,65040,12000WAL
R72 03408 0001,7990,0,7990,6450,0,6450,12000WAL
R72 03408 0002,7990,0,7990,6450,0,6450,12000WAL
R72 03408 0003,15980,55250,71230,14340,104120,118460,12000WAL
R72 03408 0004,15980,39080,55060,14340,46240,60580,12000WAL
R72 03408 0005,7990,0,7990,6450,0,6450,12000WAL
R72 03408 0006,7990,0,7990,6450,0,6450,12000WAL
R72 03408 0007,15980,54900,70880,14340,60190,74530,12000WAL
R72 03408 0008,15980,31340,47320,14340,62740,77080,12000WAL
R72 03408 0009,15770,42090,57860,14130,52750,66880,12000WAL
R72 03408 0010,16280,38160,54440,14600,52010,66610,12000WAL
R72 03408 0011,16280,40070,56350,14600,45730,60330,12000WAL
R72 03408 0012,16280,37390,53670,14600,45540,60140,12000WAL
R72 03408 0013,16280,45020,61300,14600,53670,68270,12000WAL
R72 03408 0014,16280,42460,58740,14650,55070,69720,12000WAL
R72 03408 0015,16280,36670,52950,14650,42690,57340,12000WAL
R72 03408 0016,16280,37330,53610,14650,52650,67300,12000WAL
R72 03408 0017,16280,38240,54520,14700,49190,63890,12000WAL
R72 03408 0018,16280,38920,55200,14700,48890,63590,12000WAL
R72 03408 0022,11840,33100,44940,4410,0,4410,12000WAL
R72 03408 0024,12160,36700,48860,11300,44350,55650,12000WAL
R72 03408 0026,12160,31120,43280,11360,42680,54040,12000WAL
R72 03408 0028,12800,37910,50710,11820,45970,57790,12000WAL
R72 03408 0030,16130,39280,55410,14540,55950,70490,12000WAL
R72 03408 0031,16130,38940,55070,14540,47530,62070,12000WAL
R72 03408 0032,16130,36650,52780,16140,32970,49110,12000WAL
R72 03408 0033,16130,34360,50490,14540,43970,58510,12000WAL
R72 03408 0034,16130,37920,54050,14540,46150,60690,12000WAL
R72 03408 0035,16130,32920,49050,14540,47650,62190,12000WAL
R72 03408 0036,16130,38080,54210,14540,38020,52560,12000WAL
R72 03408 0037,16130,37400,53530,14540,52650,67190,12000WAL
R72 03408 0038,16130,40910,57040,14540,54130,68670,12000WAL
R72 03408 0039,8070,0,8070,6550,0,6550,12000WAL
R72 03408 0040,13160,27740,40900,11930,42840,54770,12000WAL
R72 03408 0043,11660,25470,37130,10670,32000,42670,12000WAL
R72 03408 0044,10640,26130,36770,10350,32440,42790,12000WAL
R72 03408 0046,10640,28930,39570,10350,40410,50760,12000WAL
R72 03408 0048,11100,9400,20500,10670,37620,48290,12000WAL
R72 03408 0050,13200,27710,40910,12030,38750,50780,12000WAL
R72 03408 0051,16350,38470,54820,14760,48270,63030,12000WAL
R72 03408 0052,16350,38440,54790,16380,26950,43330,12000WAL
R72 03408 0053,17220,39510,56730,15620,71840,87460,12000WAL
R72 03408 0054,16350,44120,60470,14760,53790,68550,12000WAL
R72 03408 0055,17220,29700,46920,15620,68080,83700,12000WAL
R72 03408 0056,7950,0,7950,6320,0,6320,12000WAL
R72 03408 0058,13430,24070,37500,13570,48850,62420,12000WAL
R72 03408 0060,11540,37240,48780,10960,48230,59190,12000WAL
R72 03408 0061,8330,0,8330,6760,0,6760,12000WAL
R72 03408 0062,16650,37750,54400,15020,53800,68820,12000WAL
R72 03408 0063,12300,30300,42600,11400,38770,50170,12000WAL
R72 03408 0064,12300,34890,47190,11400,43880,55280,12000WAL
R72 03408 0065,12300,28770,41070,11400,40880,52280,12000WAL
R72 03408 0066,13910,24780,38690,12560,52030,64590,12000WAL
R72 03408 0069,13910,37040,50950,12560,59020,71580,12000WAL
R72 03409 0002,7400,0,7400,6010,0,6010,12000WAL
R72 03409 0003,15980,35860,51840,14340,41190,55530,12000WAL
R72 03409 0004,15980,34810,50790,14340,56680,71020,12000WAL
R72 03409 0005,15980,24200,40180,14340,47300,61640,12000WAL
R72 03409 0006,15980,36050,52030,14340,37230,51570,12000WAL
R72 03409 0007,15980,30710,46690,14340,62910,77250,12000WAL
R72 03409 0008,15980,36720,52700,14340,44030,58370,12000WAL
R72 03409 0009,15980,34400,50380,14340,46790,61130,12000WAL
R72 03409 0010,18060,55850,73910,17710,58850,76560,12000WAL
R72 03409 0011,17320,59410,76730,16020,66370,82390,12000WAL
R72 03409 0012,21520,28750,50270,18620,52960,71580,12000WAL
R72 03409 0013,14210,34990,49200,12760,37170,49930,12000WAL
R72 03409 0014,16500,35960,52460,13960,50080,64040,12000WAL
R72 03409 0015,19140,31580,50720,15550,54840,70390,12000WAL
R72 03409 0016,5570,0,5570,5000,0,5000,12000WAL
R72 03409 0017,15900,26410,42310,14290,30710,45000,12000WAL
R72 03409 0018,15900,39570,55470,14290,78080,92370,12000WAL
R72 03409 0019,15900,34450,50350,14290,48630,62920,12000WAL
R72 03409 0020,15900,35110,51010,14290,50900,65190,12000WAL
R72 03409 0021,15900,38530,54430,14290,55440,69730,12000WAL
R72 03409 0022,15900,34840,50740,14290,42830,57120,12000WAL
R72 03409 0023,7950,0,7950,6430,0,6430,12000WAL
R72 03409 0025,27220,65720,92940,25260,55390,80650,12000WAL
R72 03409 0026,16420,22540,38960,14760,26520,41280,12000WAL
R72 03409 0027,16420,27010,43430,14760,43970,58730,12000WAL
R72 03409 0028,16420,28300,44720,14760,49920,64680,12000WAL
R72 03409 0029,16420,37600,54020,14760,53530,68290,12000WAL
R72 03409 0030,16420,42760,59180,14760,58730,73490,12000WAL
R72 03409 0031,16420,27600,44020,14760,40940,55700,12000WAL
R72 03409 0032,16420,32210,48630,14760,69930,84690,12000WAL
R72 03409 0033,15900,34690,50590,14290,49190,63480,12000WAL
R72 03409 0034,15900,42420,58320,14290,44170,58460,12000WAL
R72 03409 0035,15900,41100,57000,14290,38800,53090,12000WAL
R72 03409 0036,15900,33810,49710,14290,46550,60840,12000WAL
R72 03409 0037,15900,41180,57080,14290,44240,58530,12000WAL
R72 03409 0038,15900,27110,43010,14290,47940,62230,12000WAL
R72 03409 0039,15900,29930,45830,14290,46070,60360,12000WAL
R72 03409 0040,15900,29500,45400,14290,58010,72300,12000WAL
R72 03409 0041,15900,38830,54730,14290,55960,70250,12000WAL
R72 03409 0042,15900,42360,58260,14290,63810,78100,12000WAL
R72 03409 0043,15960,34240,50200,14030,51420,65450,12000WAL
R72 03409 0045,16870,18850,35720,14660,23460,38120,12000WAL
R72 03410 0001,9900,40010,49910,9030,13510,22540,12000WAL
R72 03410 0003,15980,41030,57010,14340,46030,60370,12000WAL
R72 03410 0006,15120,17970,33090,13470,56240,69710,12000WAL
R72 03410 0008,16050,0,16050,14390,0,14390,12000WAL
R72 03410 0009,16050,39500,55550,14390,50820,65210,12000WAL
R72 03410 0010,16050,42420,58470,7200,14110,21310,12000WAL
R72 03410 0011,16050,44490,60540,14390,47680,62070,12000WAL
R72 03410 0012,16050,42450,58500,14390,54460,68850,12000WAL
R72 03410 0013,16050,43430,59480,14390,29230,43620,12000WAL
R72 03410 0014,16050,34170,50220,14390,48940,63330,12000WAL
R72 03410 0015,16050,44440,60490,4610,50430,55040,12000WAL
R72 03410 0016,16050,49220,65270,14390,61980,76370,12000WAL
R72 03410 0017,23330,44260,67590,21380,69330,90710,12000WAL
R72 03410 0019,17330,34000,51330,15630,68060,83690,12000WAL
R72 03410 0020,16050,42120,58170,14390,48750,63140,12000WAL
R72 03410 0021,16050,39080,55130,14390,52720,67110,12000WAL
R72 03410 0022,16050,36050,52100,14390,62840,77230,12000WAL
R72 03410 0023,16050,48240,64290,9170,0,9170,12000WAL
R72 03410 0024,16050,42470,58520,14390,43970,58360,12000WAL
R72 03410 0025,16050,42340,58390,15980,7020,23000,12000WAL
R72 03410 0026,16050,50360,66410,14390,61620,76010,12000WAL
R72 03410 0027,16050,40800,56850,14390,50770,65160,12000WAL
R72 03410 0028,16050,51590,67640,14390,61930,76320,12000WAL
R72 03410 0029,16050,41730,57780,14390,53140,67530,12000WAL
R72 03410 0030,16050,36530,52580,14390,46570,60960,12000WAL
R72 03410 0031,17330,47570,64900,15630,57350,72980,12000WAL
R72 03410 0032,18620,39850,58470,16860,73770,90630,12000WAL
R72 03410 0036,17330,14770,32100,7820,0,7820,12000WAL
R72 03410 0038,20330,13820,34150,9280,0,9280,12000WAL
R72 03410 0041,10160,28760,38920,10010,66240,76250,12000WAL
R72 03410 0042,10470,37370,47840,10220,18690,28910,12000WAL
R72 03410 0043,9640,38540,48180,8890,24690,33580,12000WAL
R72 03411 0001,15620,22310,37930,13980,50390,64370,12000WAL
R72 03411 0002,15620,41040,56660,13980,45490,59470,12000WAL
R72 03411 0003,15620,40100,55720,13980,56140,70120,12000WAL
R72 03411 0004,15620,57690,73310,13980,36490,50470,12000WAL
R72 03411 0005,15840,53060,68900,14190,54490,68680,12000WAL
R72 03411 0006,15620,42410,58030,13980,54110,68090,12000WAL
R72 03411 0007,15620,43600,59220,13980,46350,60330,12000WAL
R72 03411 0008,15620,49830,65450,13980,58520,72500,12000WAL
R72 03411 0009,15620,37540,53160,13980,48890,62870,12000WAL
R72 03411 0010,15620,44160,59780,13980,57550,71530,12000WAL
R72 03411 0011,15620,37200,52820,13980,50680,64660,12000WAL
R72 03411 0012,15620,49510,65130,13980,57150,71130,12000WAL
R72 03411 0013,15620,19830,35450,13980,23340,37320,12000WAL
R72 03411 0014,15620,46040,61660,13980,57490,71470,12000WAL
R72 03411 0015,15620,45200,60820,13980,48910,62890,12000WAL
R72 03411 0016,15620,43410,59030,13980,46850,60830,12000WAL
R72 03411 0017,15620,46480,62100,13980,53260,67240,12000WAL
R72 03411 0018,15620,43240,58860,13980,54790,68770,12000WAL
R72 03411 0019,15620,40200,55820,13980,52970,66950,12000WAL
R72 03411 0020,15620,46490,62110,13980,56780,70760,12000WAL
R72 03411 0021,15620,46250,61870,13980,57900,71880,12000WAL
R72 03411 0022,15620,55910,71530,13980,64720,78700,12000WAL
R72 03411 0023,17760,53970,71730,16040,56630,72670,12000WAL
R72 03411 0024,16050,54450,70500,14390,56200,70590,12000WAL
R72 03411 0025,16050,41240,57290,14390,50550,64940,12000WAL
R72 03411 0026,16050,27360,43410,14390,53060,67450,12000WAL
R72 03411 0027,16050,41140,57190,14390,52480,66870,12000WAL
R72 03411 0028,16050,51050,67100,14390,62110,76500,12000WAL
R72 03411 0029,16050,37480,53530,14390,44700,59090,12000WAL
R72 03411 0030,16050,19250,35300,14390,48200,62590,12000WAL
R72 03411 0031,14980,30940,45920,13370,37670,51040,12000WAL
R72 03411 0032,14980,33560,48540,13370,46300,59670,12000WAL
R72 03411 0033,13910,27290,41200,13690,20390,34080,12000WAL
R72 03411 0034,14980,39250,54230,13370,48570,61940,12000WAL
R72 03411 0035,13910,25900,39810,12340,38700,51040,12000WAL
R72 03412 0001,15480,40950,56430,13930,46500,60430,12000WAL
R72 03412 0002,15480,39340,54820,13930,48590,62520,12000WAL
R72 03412 0003,15480,26620,42100,13930,45170,59100,12000WAL
R72 03412 0004,15480,37610,53090,13930,44450,58380,12000WAL
R72 03412 0005,15480,40480,55960,13930,45310,59240,12000WAL
R72 03412 0006,15480,42690,58170,13930,56560,70490,12000WAL
R72 03412 0007,15480,48830,64310,13930,56570,70500,12000WAL
R72 03412 0008,15480,38140,53620,13930,53760,67690,12000WAL
R72 03412 0009,15480,54960,70440,13930,63650,77580,12000WAL
R72 03412 0010,15620,21310,36930,13980,41670,55650,12000WAL
R72 03412 0011,15620,41340,56960,13980,51000,64980,12000WAL
R72 03412 0012,15620,39170,54790,13980,53110,67090,12000WAL
R72 03412 0013,15620,22570,38190,15520,40990,56510,12000WAL
R72 03412 0014,15620,48870,64490,13980,62110,76090,12000WAL
R72 03412 0015,15620,48140,63760,13980,54170,68150,12000WAL
R72 03412 0016,15620,40660,56280,13980,49060,63040,12000WAL
R72 03412 0017,15620,34680,50300,15520,17480,33000,12000WAL
R72 03412 0018,15620,53790,69410,13980,60400,74380,12000WAL
R72 03412 0019,15620,37910,53530,13980,54140,68120,12000WAL
R72 03412 0020,15620,41700,57320,13980,52530,66510,12000WAL
R72 03412 0021,15620,29980,45600,13980,60230,74210,12000WAL
R72 03412 0022,15620,43220,58840,13980,56200,70180,12000WAL
R72 03412 0024,15620,39300,54920,13980,55300,69280,12000WAL
R72 03412 0025,15620,55520,71140,13980,72710,86690,12000WAL
R72 03412 0026,15620,39030,54650,13980,44540,58520,12000WAL
R72 03412 0027,15620,43180,58800,13980,61220,75200,12000WAL
R72 03412 0028,15620,39700,55320,13980,54320,68300,12000WAL
R72 03501 0002,15180,21400,36580,13590,19700,33290,12000WAL
R72 03501 0003,15180,50120,65300,13590,58910,72500,12000WAL
R72 03501 0005,15350,56660,72010,13790,58220,72010,12000WAL
R72 03501 0006,15550,31520,47070,13970,67720,81690,12000WAL
R72 03501 0007,15550,32630,48180,13970,69920,83890,12000WAL
R72 03501 0008,15550,29410,44960,13970,72320,86290,12000WAL
R72 03501 0009,14950,51630,66580,13420,46630,60050,12000WAL
R72 03501 0010,14950,46640,61590,13420,47480,60900,12000WAL
R72 03501 0011,13760,49230,62990,12400,52810,65210,12000WAL
R72 03501 0012,18560,47700,66260,24130,53380,77510,12000WAL
R72 03501 0013,18620,50370,68990,24530,25630,50160,12000WAL
R72 03501 0014,13760,48270,62030,12400,51640,64040,12000WAL
R72 03501 0015,14950,32540,47490,13420,51930,65350,12000WAL
R72 03501 0016,14950,44220,59170,13420,55300,68720,12000WAL
R72 03501 0017,14750,29700,44450,13240,61260,74500,12000WAL
R72 03501 0018,14950,43090,58040,13420,55130,68550,12000WAL
R72 03501 0019,14950,43150,58100,13420,57540,70960,12000WAL
R72 03501 0020,16970,37770,54740,15250,79730,94980,12000WAL
R72 03501 0022,14950,23590,38540,13420,42890,56310,12000WAL
R72 03501 0025,16280,44380,60660,14600,56360,70960,12000WAL
R72 03501 0026,16280,43290,59570,14600,54170,68770,12000WAL
R72 03501 0027,16280,46960,63240,14600,59880,74480,12000WAL
R72 03501 0028,16280,52210,68490,14600,63250,77850,12000WAL
R72 03501 0029,16280,39790,56070,14600,48790,63390,12000WAL
R72 03501 0030,16500,35420,51920,14810,39380,54190,12000WAL
R72 03501 0031,16500,44390,60890,14810,46960,61770,12000WAL
R72 03501 0032,16500,42300,58800,14810,44980,59790,12000WAL
R72 03501 0033,16500,33920,50420,14810,41590,56400,12000WAL
R72 03501 0034,8250,0,8250,6670,0,6670,12000WAL
R72 03501 0035,16500,40890,57390,14810,58750,73560,12000WAL
R72 03501 0036,16500,40530,57030,14810,49850,64660,12000WAL
R72 03501 0037,16500,47360,63860,14810,61910,76720,12000WAL
R72 03501 0038,16500,55770,72270,14810,66510,81320,12000WAL
R72 03501 0039,16500,44370,60870,14810,48120,62930,12000WAL
R72 03501 0040,15410,53050,68460,13780,60280,74060,12000WAL
R72 03501 0041,15410,32040,47450,13780,61200,74980,12000WAL
R72 03501 0042,15410,58280,73690,13780,61590,75370,12000WAL
R72 03501 0043,15410,49700,65110,13780,57610,71390,12000WAL
R72 03501 0044,15410,50940,66350,13780,63970,77750,12000WAL
R72 03501 0045,15840,44330,60170,14190,47370,61560,12000WAL
R72 03501 0046,15410,54730,70140,13780,66520,80300,12000WAL
R72 03501 0047,15410,41990,57400,13780,48780,62560,12000WAL
R72 03501 0048,15410,56250,71660,13780,62060,75840,12000WAL
R72 03501 0049,15410,14370,29780,13780,56470,70250,12000WAL
R72 03501 0050,15410,36740,52150,13780,51770,65550,12000WAL
R72 03501 0051,15190,41280,56470,13570,15580,29150,12000WAL
R72 03501 0052,15190,58470,73660,13570,63680,77250,12000WAL
R72 03501 0053,15190,33090,48280,13570,56530,70100,12000WAL
R72 03501 0054,15190,40750,55940,13570,60610,74180,12000WAL
R72 03501 0055,15190,43690,58880,13570,58190,71760,12000WAL
R72 03501 0056,15190,42100,57290,13570,53680,67250,12000WAL
R72 03501 0057,15190,46940,62130,8820,59250,68070,12000WAL
R72 03501 0058,15190,49960,65150,13570,56510,70080,12000WAL
R72 03501 0059,15410,37840,53250,10970,0,10970,12000WAL
R72 03501 0060,15410,57300,72710,13780,60310,74090,12000WAL
R72 03501 0061,15410,62740,78150,15290,31710,47000,12000WAL
R72 03501 0062,15410,46660,62070,13780,56780,70560,12000WAL
R72 03501 0063,15410,48350,63760,13780,56560,70340,12000WAL
R72 03501 0064,15410,45560,60970,13780,56060,69840,12000WAL
R72 03501 0065,15410,42780,58190,13780,52950,66730,12000WAL
R72 03501 0066,15410,45210,60620,13780,54520,68300,12000WAL
R72 03501 0067,14020,45120,59140,12600,56560,69160,12000WAL
R72 03501 0068,12620,43920,56540,11570,54970,66540,12000WAL
R72 03501 0069,12620,39930,52550,11570,50770,62340,12000WAL
R72 03501 0070,12620,45470,58090,11570,77080,88650,12000WAL
R72 03501 0071,12620,40520,53140,11570,48200,59770,12000WAL
R72 03501 0072,12950,47850,60800,11820,49370,61190,12000WAL
R72 03501 0073,16690,37530,54220,15010,71090,86100,12000WAL
R72 03501 0074,16690,34590,51280,15010,72390,87400,12000WAL
R72 03501 0075,15410,46810,62220,13780,53530,67310,12000WAL
R72 03501 0076,15410,43690,59100,15290,22210,37500,12000WAL
R72 03501 0077,15410,47010,62420,13780,53350,67130,12000WAL
R72 03501 0078,15410,41430,56840,13780,52500,66280,12000WAL
R72 03501 0079,15410,40350,55760,13780,53160,66940,12000WAL
R72 03501 0080,15410,44630,60040,13780,54420,68200,12000WAL
R72 03501 0081,20400,37500,57900,18270,57270,75540,12000WAL
R72 03501 0082,16800,28620,45420,15930,58620,74550,12000WAL
R72 03501 0083,16100,44680,60780,14630,46420,61050,12000WAL
R72 03501 0084,22050,52680,74730,20160,93610,113770,12000WAL
R72 03501 0085,12170,28680,40850,11420,26350,37770,12000WAL
R72 03501 0087,15540,54570,70110,13930,63710,77640,12000WAL
R72 03501 0088,15840,42920,58760,14190,54810,69000,12000WAL
R72 03501 0089,15840,50810,66650,14190,57110,71300,12000WAL
R72 03501 0090,15410,42760,58170,13780,51870,65650,12000WAL
R72 03501 0091,15410,43680,59090,13780,51630,65410,12000WAL
R72 03501 0092,15410,39520,54930,13780,52810,66590,12000WAL
R72 03501 0093,15410,39520,54930,13780,52120,65900,12000WAL
R72 03501 0094,15410,40400,55810,13780,51840,65620,12000WAL
R72 03501 0095,15410,42130,57540,13780,54330,68110,12000WAL
R72 03501 0096,15410,43010,58420,13780,57400,71180,12000WAL
R72 03501 0097,15410,31430,46840,13780,54770,68550,12000WAL
R72 03501 0098,15410,42190,57600,13780,56550,70330,12000WAL
R72 03501 0099,17120,40660,57780,15420,83090,98510,12000WAL
R72 03501 0100,17760,48070,65830,16040,78170,94210,12000WAL
R72 03501 0101,17120,52620,69740,15420,68450,83870,12000WAL
R72 03501 0102,15410,55610,71020,13780,56090,69870,12000WAL
R72 03501 0103,9520,15140,24660,4260,0,4260,12000WAL
R72 03501 0104,16910,53520,70430,15210,81180,96390,12000WAL
R72 03501 0105,13700,29170,42870,17460,33200,50660,12000WAL
R72 03501 0106,130,0,130,120,0,120,12000WAL
R72 03501 0107,17120,42850,59970,15420,80730,96150,12000WAL
R72 03501 0109,15390,47340,62730,13780,44500,58280,12000WAL
R72 03502 0001,23970,41510,65480,22000,47100,69100,12000WAL
R72 03502 0003,14980,42770,57750,13370,73870,87240,12000WAL
R72 03502 0004,14980,39860,54840,13370,45540,58910,12000WAL
R72 03502 0005,14980,41390,56370,13370,52430,65800,12000WAL
R72 03502 0006,14980,41670,56650,13370,45340,58710,12000WAL
R72 03502 0007,14980,41020,56000,13370,48160,61530,12000WAL
R72 03502 0008,14980,40780,55760,13370,44490,57860,12000WAL
R72 03502 0009,14980,41370,56350,13370,46940,60310,12000WAL
R72 03502 0010,14980,40320,55300,13370,48340,61710,12000WAL
R72 03502 0011,14980,41100,56080,13370,50990,64360,12000WAL
R72 03502 0012,14980,42430,57410,13370,69670,83040,12000WAL
R72 03502 0013,14980,41460,56440,13370,50020,63390,12000WAL
R72 03502 0014,14980,28040,43020,13370,42890,56260,12000WAL
R72 03502 0015,14980,41320,56300,13370,48770,62140,12000WAL
R72 03502 0016,14980,38430,53410,13370,45300,58670,12000WAL
R72 03502 0017,14980,39710,54690,13370,57440,70810,12000WAL
R72 03502 0018,14980,38810,53790,13370,52820,66190,12000WAL
R72 03502 0019,15620,32110,47730,14030,45470,59500,12000WAL
R72 03502 0020,15620,39620,55240,14030,42020,56050,12000WAL
R72 03502 0021,15620,38450,54070,14030,45150,59180,12000WAL
R72 03502 0022,15620,21740,37360,14030,41380,55410,12000WAL
R72 03502 0023,15620,28000,43620,14030,22350,36380,12000WAL
R72 03502 0024,15620,35920,51540,14030,46340,60370,12000WAL
R72 03502 0025,15620,36800,52420,14030,45500,59530,12000WAL
R72 03502 0026,15620,38990,54610,14030,45370,59400,12000WAL
R72 03502 0027,15620,44940,60560,14030,56590,70620,12000WAL
R72 03502 0028,15620,23500,39120,14030,41450,55480,12000WAL
R72 03502 0029,15620,39490,55110,14030,49530,63560,12000WAL
R72 03502 0030,15620,38410,54030,14030,45030,59060,12000WAL
R72 03502 0031,15620,43440,59060,14030,52190,66220,12000WAL
R72 03502 0032,15620,33890,49510,14030,47220,61250,12000WAL
R72 03502 0033,15770,36840,52610,14080,35460,49540,12000WAL
R72 03502 0034,15620,38240,53860,15570,33570,49140,12000WAL
R72 03502 0035,15620,41830,57450,14030,53790,67820,12000WAL
R72 03502 0036,15620,36070,51690,14030,41090,55120,12000WAL
R72 03502 0037,16050,54150,70200,14390,59940,74330,12000WAL
R72 03502 0038,15620,28990,44610,13980,27800,41780,12000WAL
R72 03502 0039,16050,40730,56780,14390,48190,62580,12000WAL
R72 03502 0042,15620,25320,40940,13980,55170,69150,12000WAL
R72 03502 0043,15620,40390,56010,13980,56220,70200,12000WAL
R72 03502 0044,15620,39620,55240,13980,53320,67300,12000WAL
R72 03502 0045,15620,47590,63210,13980,60420,74400,12000WAL
R72 03502 0046,15620,41500,57120,3490,0,3490,12000WAL
R72 03502 0047,15620,39930,55550,13980,54170,68150,12000WAL
R72 03502 0048,15620,44800,60420,13980,52850,66830,12000WAL
R72 03502 0049,15620,40680,56300,13980,52640,66620,12000WAL
R72 03502 0050,15190,41270,56460,13570,43910,57480,12000WAL
R72 03502 0051,15190,41850,57040,13570,54600,68170,12000WAL
R72 03502 0052,15190,50220,65410,13570,64070,77640,12000WAL
R72 03502 0053,15190,40290,55480,13570,58380,71950,12000WAL
R72 03502 0054,15410,39490,54900,13780,54240,68020,12000WAL
R72 03502 0055,15190,47810,63000,13570,54780,68350,12000WAL
R72 03502 0056,15190,32600,47790,13570,53600,67170,12000WAL
R72 03502 0057,15190,41010,56200,13570,57600,71170,12000WAL
R72 03502 0058,15190,40650,55840,13570,56840,70410,12000WAL
R72 03502 0059,15190,43500,58690,13570,59260,72830,12000WAL
R72 03502 0060,15190,48530,63720,13570,57260,70830,12000WAL
R72 03502 0061,15190,47940,63130,13570,53010,66580,12000WAL
R72 03502 0062,15190,46510,61700,13570,59220,72790,12000WAL
R72 03502 0063,15190,48510,63700,13570,55800,69370,12000WAL
R72 03502 0064,15190,40450,55640,13570,52110,65680,12000WAL
R72 03502 0065,15190,36230,51420,13570,33530,47100,12000WAL
R72 03502 0066,15190,35310,50500,13570,38230,51800,12000WAL
R72 03502 0071,16960,35120,52080,15300,43860,59160,12000WAL
R72 03502 0072,16960,35640,52600,15300,56730,72030,12000WAL
R72 03502 0073,16960,60800,77760,15300,60270,75570,12000WAL
R72 03502 0074,16960,40910,57870,15300,48900,64200,12000WAL
R72 03502 0075,16960,24780,41740,15300,26750,42050,12000WAL
R72 03502 0076,16960,35640,52600,15300,67270,82570,12000WAL
R72 03502 0077,16960,38520,55480,15300,44040,59340,12000WAL
R72 03502 0078,16960,42420,59380,15300,46570,61870,12000WAL
R72 03502 0080,16960,36400,53360,15300,44790,60090,12000WAL
R72 03502 0081,15410,52280,67690,13780,59710,73490,12000WAL
R72 03502 0082,15410,47430,62840,13780,64200,77980,12000WAL
R72 03502 0083,15410,38740,54150,13780,48900,62680,12000WAL
R72 03502 0084,15410,51220,66630,13780,63660,77440,12000WAL
R72 03502 0085,15410,46110,61520,13780,56160,69940,12000WAL
R72 03502 0086,15620,48200,63820,13980,62250,76230,12000WAL
R72 03502 0101,15840,45790,61630,14190,44400,58590,12000WAL
R72 03502 0102,15620,41810,57430,13980,47250,61230,12000WAL
R72 03502 0103,16480,43390,59870,14800,53560,68360,12000WAL
R72 03502 0104,16480,37000,53480,14800,45190,59990,12000WAL
R72 03502 0105,15620,37150,52770,13980,48990,62970,12000WAL
R72 03502 0106,15620,43580,59200,13980,49070,63050,12000WAL
R72 03502 0107,16480,44540,61020,14800,49860,64660,12000WAL
R72 03502 0108,16480,48160,64640,14800,56110,70910,12000WAL
R72 03502 0109,7810,0,7810,6290,0,6290,12000WAL
R72 03502 0110,16480,40890,57370,14800,44380,59180,12000WAL
R72 03502 0111,16480,36970,53450,14800,47740,62540,12000WAL
R72 03502 0112,15620,46420,62040,13980,45580,59560,12000WAL
R72 03502 0113,15330,41580,56910,13730,41260,54990,12000WAL
R72 03502 0114,16480,37560,54040,14800,45270,60070,12000WAL
R72 03502 0115,16480,39250,55730,14800,41470,56270,12000WAL
R72 03502 0116,15620,41740,57360,13980,47210,61190,12000WAL
R72 03502 0117,15620,37380,53000,13980,32030,46010,12000WAL
R72 03502 0118,17760,45220,62980,16200,45120,61320,12000WAL
R72 03502 0119,17760,30250,48010,16200,59650,75850,12000WAL
R72 03502 0120,17760,37350,55110,16200,42820,59020,12000WAL
R72 03502 0121,16320,37510,53830,14700,34620,49320,12000WAL
R72 03502 0127,15620,38610,54230,13980,54560,68540,12000WAL
R72 03503 0001,16260,55900,72160,14600,73610,88210,12000WAL
R72 03503 0002,16260,51280,67540,14600,86010,100610,12000WAL
R72 03503 0005,17760,44660,62420,16040,51850,67890,12000WAL
R72 03503 0006,15410,39640,55050,13780,64260,78040,12000WAL
R72 03503 0007,16050,37430,53480,14390,55910,70300,12000WAL
R72 03503 0008,16500,39370,55870,14870,47690,62560,12000WAL
R72 03503 0009,16500,40220,56720,22070,16500,38570,12000WAL
R72 03503 0010,16050,32800,48850,14390,34470,48860,12000WAL
R72 03503 0011,16050,16710,32760,12950,111460,124410,12000WAL
R72 03503 0012,16050,40520,56570,14390,40390,54780,12000WAL
R72 03503 0013,16050,59550,75600,14390,61190,75580,12000WAL
R72 03503 0014,16050,27940,43990,15980,21630,37610,12000WAL
R72 03503 0015,15840,37090,52930,14190,49050,63240,12000WAL
R72 03503 0016,15840,41330,57170,14190,48430,62620,12000WAL
R72 03503 0017,15840,39320,55160,14190,47460,61650,12000WAL
R72 03503 0018,14770,40580,55350,13260,50180,63440,12000WAL
R72 03503 0019,9790,32840,42630,8920,44570,53490,12000WAL
R72 03503 0020,11550,40870,52420,10980,38310,49290,12000WAL
R72 03503 0021,14140,29870,44010,12710,70390,83100,12000WAL
R72 03503 0022,14140,29560,43700,12710,60260,72970,12000WAL
R72 03503 0023,16050,29090,45140,14390,39060,53450,12000WAL
R72 03503 0024,16050,29560,45610,14390,65680,80070,12000WAL
R72 03503 0025,16050,35870,51920,14390,47490,61880,12000WAL
R72 03503 0026,15900,45720,61620,14340,50680,65020,12000WAL
R72 03503 0027,16050,29590,45640,14390,34380,48770,12000WAL
R72 03503 0028,15900,41940,57840,14340,45720,60060,12000WAL
R72 03503 0029,15900,32910,48810,14340,67540,81880,12000WAL
R72 03503 0030,15900,35930,51830,14340,44690,59030,12000WAL
R72 03503 0031,15900,36260,52160,14340,51660,66000,12000WAL
R72 03503 0032,15900,24180,40080,14340,41800,56140,12000WAL
R72 03503 0033,15900,41700,57600,14340,45750,60090,12000WAL
R72 03503 0034,15900,30100,46000,14340,41330,55670,12000WAL
R72 03503 0035,15900,36020,51920,14340,39170,53510,12000WAL
R72 03503 0036,15690,34530,50220,14140,51450,65590,12000WAL
R72 03503 0037,15690,35760,51450,14140,47910,62050,12000WAL
R72 03503 0038,15690,80860,96550,14140,91000,105140,12000WAL
R72 03504 0001,16050,43760,59810,14390,23830,38220,12000WAL
R72 03504 0003,16050,31730,47780,14390,44650,59040,12000WAL
R72 03504 0004,16050,26130,42180,14390,48850,63240,12000WAL
R72 03504 0005,16050,35260,51310,14390,39110,53500,12000WAL
R72 03504 0006,16050,30830,46880,14390,67100,81490,12000WAL
R72 03504 0007,16050,36170,52220,14390,59960,74350,12000WAL
R72 03504 0008,16050,32210,48260,14390,72120,86510,12000WAL
R72 03504 0009,15620,32840,48460,13980,42990,56970,12000WAL
R72 03504 0010,15190,38340,53530,13570,40850,54420,12000WAL
R72 03504 0011,15190,9310,24500,13570,39850,53420,12000WAL
R72 03504 0012,15190,36280,51470,13570,36030,49600,12000WAL
R72 03504 0013,15190,36950,52140,13570,41660,55230,12000WAL
R72 03504 0014,15190,42760,57950,13570,46420,59990,12000WAL
R72 03504 0016,15190,38650,53840,13570,40580,54150,12000WAL
R72 03504 0017,15190,32840,48030,13570,42990,56560,12000WAL
R72 03504 0018,15190,41620,56810,13570,44200,57770,12000WAL
R72 03504 0019,15410,21630,37040,13780,29170,42950,12000WAL
R72 03504 0021,16050,45520,61570,14390,60800,75190,12000WAL
R72 03504 0022,15190,3310,18500,13570,42110,55680,12000WAL
R72 03505 0001,16050,35910,51960,14390,36660,51050,12000WAL
R72 03505 0002,16050,37470,53520,14390,44440,58830,12000WAL
R72 03505 0003,16050,11560,27610,14390,40110,54500,12000WAL
R72 03505 0004,16050,35040,51090,14390,41370,55760,12000WAL
R72 03505 0005,16050,35490,51540,14390,37240,51630,12000WAL
R72 03505 0006,8130,0,8130,6570,0,6570,12000WAL
R72 03505 0007,16050,35320,51370,14390,53090,67480,12000WAL
R72 03505 0008,8030,0,8030,6480,0,6480,12000WAL
R72 03505 0009,16050,39830,55880,14390,43990,58380,12000WAL
R72 03505 0010,15190,36470,51660,13570,47530,61100,12000WAL
R72 03505 0011,15190,38020,53210,13570,40060,53630,12000WAL
R72 03505 0012,15190,39070,54260,13570,43690,57260,12000WAL
R72 03505 0013,15190,36390,51580,13570,44550,58120,12000WAL
R72 03505 0014,15190,35180,50370,15060,12090,27150,12000WAL
R72 03505 0015,15190,45340,60530,13570,57330,70900,12000WAL
R72 03505 0016,15190,40280,55470,13570,43750,57320,12000WAL
R72 03505 0017,15190,37060,52250,13570,43370,56940,12000WAL
R72 03505 0018,15410,38150,53560,15290,21110,36400,12000WAL
R72 03505 0019,16050,43510,59560,14390,45170,59560,12000WAL
R72 03506 0001,16960,41500,58460,15300,44440,59740,12000WAL
R72 03506 0002,15620,37810,53430,14030,41310,55340,12000WAL
R72 03506 0003,15620,33000,48620,15570,23030,38600,12000WAL
R72 03506 0004,15620,36980,52600,14030,74660,88690,12000WAL
R72 03506 0005,15840,36810,52650,14240,41700,55940,12000WAL
R72 03506 0006,15840,22730,38570,14240,28030,42270,12000WAL
R72 03506 0007,15840,39280,55120,14240,40960,55200,12000WAL
R72 03506 0008,15840,41080,56920,14240,50230,64470,12000WAL
R72 03506 0009,15840,37080,52920,14240,56180,70420,12000WAL
R72 03506 0010,15840,48780,64620,14240,53920,68160,12000WAL
R72 03506 0011,15840,46130,61970,14240,48610,62850,12000WAL
R72 03506 0012,19470,34390,53860,17760,71930,89690,12000WAL
R72 03506 0014,19470,36420,55890,17760,70960,88720,12000WAL
R72 03506 0016,15840,36530,52370,14240,31690,45930,12000WAL
R72 03506 0017,15840,44160,60000,14240,51390,65630,12000WAL
R72 03506 0018,16960,39890,56850,15300,53180,68480,12000WAL
R72 03506 0019,17120,44010,61130,15480,60820,76300,12000WAL
R72 03507 0001,16050,48060,64110,14390,40360,54750,12000WAL
R72 03507 0003,16050,51970,68020,14390,55270,69660,12000WAL
R72 03507 0005,16050,44160,60210,14390,56060,70450,12000WAL
R72 03507 0007,16050,45660,61710,14390,54880,69270,12000WAL
R72 03507 0008,16050,45420,61470,14390,47140,61530,12000WAL
R72 03507 0010,16050,44630,60680,14390,55690,70080,12000WAL
R72 03507 0012,16050,43040,59090,14390,48990,63380,12000WAL
R72 03507 0014,16050,50180,66230,14390,64750,79140,12000WAL
R72 03507 0015,16540,46250,62790,14950,58180,73130,12000WAL
R72 03507 0017,15900,45840,61740,14340,110440,124780,12000WAL
R72 03507 0018,16110,39170,55280,14540,51570,66110,12000WAL
R72 03507 0020,16110,37200,53310,14540,50180,64720,12000WAL
R72 03507 0022,16750,38750,55500,15160,41210,56370,12000WAL
R72 03507 0024,16960,41650,58610,15360,43780,59140,12000WAL
R72 03507 0027,15900,41000,56900,14340,52030,66370,12000WAL
R72 03507 0029,15900,35000,50900,14340,53160,67500,12000WAL
R72 03507 0032,16050,54900,70950,14390,61450,75840,12000WAL
R72 03507 0034,16050,44580,60630,14390,54300,68690,12000WAL
R72 03507 0036,16260,42500,58760,14600,52290,66890,12000WAL
R72 03507 0037,15620,53290,68910,13980,65780,79760,12000WAL
R72 03507 0038,15620,49330,64950,13980,58630,72610,12000WAL
R72 03507 0039,15620,50940,66560,13980,72280,86260,12000WAL
R72 03507 0040,18020,50830,68850,16380,61970,78350,12000WAL
R72 03507 0041,16050,47680,63730,14390,51870,66260,12000WAL
R72 03507 0044,16690,45560,62250,15010,59360,74370,12000WAL
R72 03507 0045,16050,45700,61750,14390,46050,60440,12000WAL
R72 03507 0047,16050,45040,61090,14390,50010,64400,12000WAL
R72 03507 0049,15900,41720,57620,14340,52600,66940,12000WAL
R72 03507 0050,16110,37970,54080,14540,52100,66640,12000WAL
R72 03507 0051,15900,35450,51350,14340,53360,67700,12000WAL
R72 03507 0053,15900,46160,62060,14340,53590,67930,12000WAL
R72 03507 0055,16110,41620,57730,14540,49090,63630,12000WAL
R72 03507 0057,16110,41080,57190,14540,54240,68780,12000WAL
R72 03507 0059,16960,35410,52370,15360,38670,54030,12000WAL
R72 03507 0062,16960,35200,52160,15360,35710,51070,12000WAL
R72 03508 0001,16320,41630,57950,14700,46400,61100,12000WAL
R72 03508 0002,17760,39870,57630,16200,44890,61090,12000WAL
R72 03508 0003,17760,46770,64530,16200,50300,66500,12000WAL
R72 03508 0004,17760,27630,45390,16200,29560,45760,12000WAL
R72 03508 0005,17760,32740,50500,16200,34910,51110,12000WAL
R72 03508 0006,15680,36690,52370,14100,45090,59190,12000WAL
R72 03508 0007,20650,32400,53050,19130,35180,54310,12000WAL
R72 03508 0008,20870,34320,55190,19350,35440,54790,12000WAL
R72 03508 0009,20650,33500,54150,19130,31620,50750,12000WAL
R72 03508 0011,16430,18490,34920,14850,68790,83640,12000WAL
R72 03508 0012,16430,43430,59860,14850,50660,65510,12000WAL
R72 03508 0013,16430,38650,55080,14850,42580,57430,12000WAL
R72 03508 0014,16430,33560,49990,14850,38700,53550,12000WAL
R72 03508 0023,15620,36870,52490,13980,36410,50390,12000WAL
R72 03508 0024,16480,22900,39380,14800,54010,68810,12000WAL
R72 03508 0025,16480,43680,60160,14800,46550,61350,12000WAL
R72 03508 0026,15620,37880,53500,13980,48500,62480,12000WAL
R72 03508 0027,15620,38580,54200,13980,41140,55120,12000WAL
R72 03508 0028,15620,41470,57090,13980,37390,51370,12000WAL
R72 03508 0029,16480,39970,56450,14800,47670,62470,12000WAL
R72 03508 0030,16480,41140,57620,14800,49270,64070,12000WAL
R72 03508 0031,15620,45760,61380,13980,49780,63760,12000WAL
R72 03508 0032,15620,43470,59090,13980,49750,63730,12000WAL
R72 03508 0033,16480,40370,56850,14800,40830,55630,12000WAL
R72 03508 0034,16480,39070,55550,14800,44980,59780,12000WAL
R72 03508 0035,15620,38170,53790,13980,45190,59170,12000WAL
R72 03508 0036,15620,44410,60030,13980,38970,52950,12000WAL
R72 03508 0037,15620,39430,55050,13980,44300,58280,12000WAL
R72 03508 0038,16480,45330,61810,14800,54020,68820,12000WAL
R72 03508 0039,16480,40200,56680,14800,31670,46470,12000WAL
R72 03508 0040,16050,41070,57120,14390,44030,58420,12000WAL
R72 03508 0041,1440,0,1440,390,0,390,12000WAL
R72 03508 0042,8640,3250,11890,7910,4250,12160,12000WAL
R72 03509 0001,16320,30900,47220,14750,111460,126210,12000WAL
R72 03509 0002,15690,46440,62130,14140,53460,67600,12000WAL
R72 03509 0003,16320,27560,43880,16370,16630,33000,12000WAL
R72 03509 0004,15900,30130,46030,14340,86290,100630,12000WAL
R72 03509 0005,15090,35210,50300,13500,58620,72120,12000WAL
R72 03509 0007,14560,32800,47360,13080,35340,48420,12000WAL
R72 03509 0008,14980,37770,52750,13470,35490,48960,12000WAL
R72 03509 0009,14210,21350,35560,12760,43620,56380,12000WAL
R72 03509 0010,13520,40540,54060,12200,50410,62610,12000WAL
R72 03509 0011,14310,39280,53590,14250,28750,43000,12000WAL
R72 03509 0012,14310,35710,50020,12840,34870,47710,12000WAL
R72 03509 0013,14310,32420,46730,12840,40670,53510,12000WAL
R72 03509 0014,9150,24980,34130,8130,29910,38040,12000WAL
R72 03509 0015,9150,35890,45040,8130,35760,43890,12000WAL
R72 03509 0017,14620,46350,60970,13140,54120,67260,12000WAL
R72 03509 0018,9390,34940,44330,8730,31150,39880,12000WAL
R72 03509 0019,9550,34940,44490,8780,35600,44380,12000WAL
R72 03509 0020,9550,27570,37120,8780,20730,29510,12000WAL
R72 03509 0021,9550,25590,35140,8830,35800,44630,12000WAL
R72 03509 0022,9800,40280,50080,8950,38050,47000,12000WAL
R72 03509 0023,14340,21590,35930,5170,3800,8970,12000WAL
R72 03509 0024,14910,29740,44650,13340,31690,45030,12000WAL
R72 03509 0025,17960,46520,64480,16130,57570,73700,12000WAL
R72 03509 0026,17960,39560,57520,16330,43210,59540,12000WAL
R72 03509 0028,13940,42300,56240,12620,4940,17560,12000WAL
R72 03509 0029,12850,32220,45070,11700,28450,40150,12000WAL
R72 03509 0030,13250,41620,54870,13150,0,13150,12000WAL
R72 03509 0031,11530,26510,38040,10910,27080,37990,12000WAL
R72 03509 0032,13430,25770,39200,12150,55130,67280,12000WAL
R72 03509 0040,17250,15530,32780,15410,72560,87970,12000WAL
R72 03509 0041,14720,31260,45980,13260,38120,51380,12000WAL
R72 03509 0042,13050,36800,49850,11870,38310,50180,12000WAL
R72 03509 0043,14720,30750,45470,13200,38340,51540,12000WAL
R72 03509 0044,14510,31370,45880,13010,34340,47350,12000WAL
R72 03509 0045,14660,32970,47630,13130,41710,54840,12000WAL
R72 03509 0046,15130,29650,44780,13580,21680,35260,12000WAL
R72 03509 0047,16360,36440,52800,14700,35480,50180,12000WAL
R72 03509 0048,14820,30770,45590,13300,43720,57020,12000WAL
R72 03509 0049,15520,34410,49930,13980,56170,70150,12000WAL
R72 03509 0051,16320,44150,60470,14640,62170,76810,12000WAL
R72 03509 0054,12750,27450,40200,12940,15060,28000,12000WAL
R72 03509 0055,12410,21510,33920,11460,26060,37520,12000WAL
R72 03509 0056,16480,32160,48640,14820,55860,70680,12000WAL
R72 03509 0059,4080,0,4080,3600,0,3600,12000WAL
R72 03509 0063,10220,34340,44560,10180,45130,55310,12000WAL
R72 03509 0064,10220,23490,33710,10180,23440,33620,12000WAL
R72 03510 0003,17760,36060,53820,16200,36830,53030,12000WAL
R72 03510 0004,17760,44920,62680,16200,46880,63080,12000WAL
R72 03510 0005,17760,29270,47030,16200,45900,62100,12000WAL
R72 03510 0008,17760,48850,66610,16200,39560,55760,12000WAL
R72 03510 0009,17760,58010,75770,16200,54770,70970,12000WAL
R72 03510 0010,17760,55890,73650,16200,50970,67170,12000WAL
R72 03510 0012,18190,42100,60290,16450,38960,55410,12000WAL
R72 03510 0013,16260,48320,64580,14600,48510,63110,12000WAL
R72 03510 0015,16260,41860,58120,14600,51220,65820,12000WAL
R72 03510 0016,16260,44580,60840,14600,54090,68690,12000WAL
R72 03510 0017,16260,45870,62130,14600,2550,17150,12000WAL
R72 03510 0018,17330,63190,80520,15630,61780,77410,12000WAL
R72 03510 0019,20760,61430,82190,18910,66760,85670,12000WAL
R72 03510 0022,16260,33010,49270,14600,24720,39320,12000WAL
R72 03510 0023,15000,49730,64730,13500,47910,61410,12000WAL
R72 03510 0024,16110,33900,50010,14540,39650,54190,12000WAL
R72 03510 0025,15410,89740,105150,13780,98680,112460,12000WAL
R72 03510 0026,14100,45430,59530,12710,57530,70240,12000WAL
R72 03510 0027,22200,40330,62530,19980,53910,73890,12000WAL
R72 03510 0030,18620,42380,61000,16860,75220,92080,12000WAL
R72 03510 0031,15000,45610,60610,13550,49530,63080,12000WAL
R72 03510 0034,16050,28130,44180,14390,66040,80430,12000WAL
R72 03511 0001,16650,55160,71810,15080,57580,72660,12000WAL
R72 03511 0002,13800,46810,60610,12450,54350,66800,12000WAL
R72 03511 0003,16650,37180,53830,15080,41110,56190,12000WAL
R72 03511 0005,16650,39980,56630,15080,48420,63500,12000WAL
R72 03511 0006,16650,44480,61130,15080,59800,74880,12000WAL
R72 03511 0008,24420,36390,60810,22950,33930,56880,12000WAL
R72 03511 0010,16650,41030,57680,15080,50810,65890,12000WAL
R72 03511 0011,13050,44950,58000,11930,52000,63930,12000WAL
R72 03511 0012,16350,45250,61600,14660,56610,71270,12000WAL
R72 03511 0013,16350,40490,56840,14660,45160,59820,12000WAL
R72 03511 0014,16350,43010,59360,14660,50500,65160,12000WAL
R72 03511 0015,16350,38040,54390,14660,43030,57690,12000WAL
R72 03511 0016,16380,62190,78570,14480,66400,80880,12000WAL
R72 03511 0017,13860,44980,58840,12470,53670,66140,12000WAL
R72 03511 0018,17120,47290,64410,15420,60200,75620,12000WAL
R72 03511 0019,16050,58580,74630,14390,79270,93660,12000WAL
R72 03511 0020,9940,20860,30800,8940,38540,47480,12000WAL
R72 03511 0021,11520,44580,56100,11040,53620,64660,12000WAL
R72 03511 0022,16650,44390,61040,15080,46490,61570,12000WAL
R72 03511 0023,16650,32130,48780,15080,40030,55110,12000WAL
R72 03601 0001,14950,37280,52230,13420,49720,63140,12000WAL
R72 03601 0002,14950,41130,56080,13420,48750,62170,12000WAL
R72 03601 0003,14950,54830,69780,13420,61430,74850,12000WAL
R72 03601 0004,14950,56800,71750,13420,65990,79410,12000WAL
R72 03601 0005,11110,40650,51760,11020,13950,24970,12000WAL
R72 03601 0006,15960,40180,56140,14340,57130,71470,12000WAL
R72 03601 0007,15760,12450,28210,14150,54120,68270,12000WAL
R72 03601 0008,15760,40060,55820,14150,75890,90040,12000WAL
R72 03601 0009,16560,36310,52870,14890,73010,87900,12000WAL
R72 03601 0010,16280,38380,54660,14600,43450,58050,12000WAL
R72 03601 0011,16280,36170,52450,14600,46290,60890,12000WAL
R72 03601 0012,15690,40820,56510,14090,47980,62070,12000WAL
R72 03601 0013,16280,39480,55760,14600,73090,87690,12000WAL
R72 03601 0014,16280,41060,57340,14600,42880,57480,12000WAL
R72 03601 0015,16500,38340,54840,14810,36860,51670,12000WAL
R72 03601 0016,16500,35260,51760,14810,43340,58150,12000WAL
R72 03601 0017,16500,45210,61710,14810,71790,86600,12000WAL
R72 03601 0018,16500,27000,43500,14810,41450,56260,12000WAL
R72 03601 0019,16500,45230,61730,14810,45000,59810,12000WAL
R72 03601 0020,16500,42880,59380,14810,52250,67060,12000WAL
R72 03601 0021,16130,36100,52230,14540,44090,58630,12000WAL
R72 03601 0022,16130,40530,56660,14540,40220,54760,12000WAL
R72 03601 0023,16130,40760,56890,14540,48820,63360,12000WAL
R72 03601 0024,16130,15420,31550,14540,48920,63460,12000WAL
R72 03601 0025,16130,29030,45160,14540,48110,62650,12000WAL
R72 03601 0026,16350,37850,54200,14760,38250,53010,12000WAL
R72 03601 0027,16350,40650,57000,14760,47310,62070,12000WAL
R72 03601 0028,18970,28340,47310,17350,73420,90770,12000WAL
R72 03601 0030,18970,42300,61270,17350,49970,67320,12000WAL
R72 03601 0032,18970,54930,73900,17350,76340,93690,12000WAL
R72 03601 0034,15400,34730,50130,13860,50970,64830,12000WAL
R72 03601 0035,14400,39820,54220,12960,52930,65890,12000WAL
R72 03601 0036,14400,39470,53870,12960,47020,59980,12000WAL
R72 03601 0037,11390,14430,25820,10860,41300,52160,12000WAL
R72 03601 0038,8940,41580,50520,8930,31250,40180,12000WAL
R72 03601 0039,15000,41030,56030,13500,48210,61710,12000WAL
R72 03601 0040,15000,33050,48050,13500,40580,54080,12000WAL
R72 03601 0041,15200,32050,47250,13680,70490,84170,12000WAL
R72 03601 0042,7600,0,7600,6150,0,6150,12000WAL
R72 03601 0043,16640,68310,84950,15000,74560,89560,12000WAL
R72 03601 0044,16640,35210,51850,15000,36130,51130,12000WAL
R72 03601 0045,16640,43370,60010,15000,38890,53890,12000WAL
R72 03601 0046,16640,47950,64590,15000,47790,62790,12000WAL
R72 03601 0047,16640,32500,49140,15000,46080,61080,12000WAL
R72 03601 0048,16640,38900,55540,15000,47700,62700,12000WAL
R72 03601 0049,16640,57540,74180,15000,88230,103230,12000WAL
R72 03601 0050,16640,35020,51660,15000,39970,54970,12000WAL
R72 03601 0051,16000,43050,59050,14400,54720,69120,12000WAL
R72 03601 0052,16000,35240,51240,14400,44980,59380,12000WAL
R72 03601 0053,16000,35630,51630,14400,72270,86670,12000WAL
R72 03601 0054,16000,15610,31610,14400,50930,65330,12000WAL
R72 03601 0055,16000,53820,69820,14400,60650,75050,12000WAL
R72 03601 0056,16000,38860,54860,14400,50350,64750,12000WAL
R72 03601 0057,16000,38960,54960,14400,52450,66850,12000WAL
R72 03601 0058,16000,44220,60220,14400,47950,62350,12000WAL
R72 03601 0059,11310,40650,51960,11230,13950,25180,12000WAL
R72 03602 0001,3950,12050,16000,14810,30660,45470,12000WAL
R72 03602 0002,16500,42410,58910,14810,34540,49350,12000WAL
R72 03602 0003,16500,24000,40500,14810,39430,54240,12000WAL
R72 03602 0004,16500,31050,47550,16440,15120,31560,12000WAL
R72 03602 0005,16350,49760,66110,14760,48510,63270,12000WAL
R72 03602 0006,16350,54970,71320,14760,49260,64020,12000WAL
R72 03602 0007,16350,40990,57340,14760,50480,65240,12000WAL
R72 03602 0008,16130,49790,65920,14540,47400,61940,12000WAL
R72 03602 0009,14720,45640,60360,13200,56240,69440,12000WAL
R72 03602 0010,14720,22800,37520,14650,14200,28850,12000WAL
R72 03602 0011,14720,40560,55280,13200,47020,60220,12000WAL
R72 03602 0012,14720,18910,33630,13200,19320,32520,12000WAL
R72 03602 0013,5890,0,5890,5270,0,5270,12000WAL
R72 03602 0014,14720,6010,20730,13200,57880,71080,12000WAL
R72 03602 0015,14720,16610,31330,13200,27380,40580,12000WAL
R72 03602 0016,5890,0,5890,5270,0,5270,12000WAL
R72 03602 0017,14720,37190,51910,13200,35270,48470,12000WAL
R72 03602 0018,14720,51390,66110,13200,43310,56510,12000WAL
R72 03602 0019,14720,9520,24240,13200,26500,39700,12000WAL
R72 03602 0020,21710,26930,48640,18900,26680,45580,12000WAL
R72 03602 0021,15090,24240,39330,13500,28080,41580,12000WAL
R72 03602 0023,14720,36460,51180,13200,40450,53650,12000WAL
R72 03602 0024,14720,31030,45750,13200,40810,54010,12000WAL
R72 03602 0025,14720,35050,49770,13200,39890,53090,12000WAL
R72 03602 0026,14720,28660,43380,13200,28660,41860,12000WAL
R72 03602 0027,14720,51060,65780,13200,28120,41320,12000WAL
R72 03602 0028,14720,41090,55810,14650,26670,41320,12000WAL
R72 03602 0029,16000,26950,42950,14460,25630,40090,12000WAL
R72 03602 0030,12800,1820,14620,11570,1150,12720,12000WAL
R72 03602 0031,6400,0,6400,5780,0,5780,12000WAL
R72 03602 0032,16000,34930,50930,14460,33020,47480,12000WAL
R72 03602 0033,6400,0,6400,5780,0,5780,12000WAL
R72 03602 0034,16000,47250,63250,14460,46010,60470,12000WAL
R72 03602 0035,16000,40410,56410,14400,40780,55180,12000WAL
R72 03602 0036,16000,40580,56580,14400,39890,54290,12000WAL
R72 03602 0037,16000,40300,56300,14400,39560,53960,12000WAL
R72 03602 0038,16000,39910,55910,14400,37840,52240,12000WAL
R72 03602 0039,16640,38490,55130,15000,47490,62490,12000WAL
R72 03602 0040,16640,38190,54830,15000,65660,80660,12000WAL
R72 03602 0041,16640,46780,63420,15000,75940,90940,12000WAL
R72 03602 0042,16640,25280,41920,15000,41700,56700,12000WAL
R72 03602 0043,15040,35790,50830,13440,37990,51430,12000WAL
R72 03602 0044,15040,49270,64310,13440,64720,78160,12000WAL
R72 03602 0045,15040,23910,38950,13440,30450,43890,12000WAL
R72 03602 0046,15040,28770,43810,13440,61210,74650,12000WAL
R72 03602 0048,15040,45900,60940,13440,53330,66770,12000WAL
R72 03602 0049,15040,42140,57180,13440,42480,55920,12000WAL
R72 03602 0050,15040,42670,57710,13440,42860,56300,12000WAL
R72 03602 0051,15040,43260,58300,13440,43720,57160,12000WAL
R72 03602 0052,15040,44880,59920,13440,44660,58100,12000WAL
R72 03602 0053,15040,33370,48410,13440,64290,77730,12000WAL
R72 03602 0054,16000,41990,57990,15980,32960,48940,12000WAL
R72 03602 0055,16000,52290,68290,14400,51950,66350,12000WAL
R72 03602 0056,16000,39800,55800,14400,47810,62210,12000WAL
R72 03602 0057,16000,41070,57070,14400,60330,74730,12000WAL
R72 03602 0058,16000,51120,67120,14400,59070,73470,12000WAL
R72 03602 0059,16000,35990,51990,14400,45880,60280,12000WAL
R72 03602 0060,16000,37970,53970,14400,39120,53520,12000WAL
R72 03602 0061,16000,46290,62290,14400,44430,58830,12000WAL
R72 03602 0062,16000,35630,51630,14400,50700,65100,12000WAL
R72 03602 0063,16000,36930,52930,14400,44020,58420,12000WAL
R72 03602 0064,16000,35720,51720,14400,40030,54430,12000WAL
R72 03602 0065,16000,40710,56710,14400,40540,54940,12000WAL
R72 03602 0066,16000,38250,54250,14400,45810,60210,12000WAL
R72 03602 0067,16000,31530,47530,14400,35500,49900,12000WAL
R72 03603 0001,14400,34450,48850,12900,36370,49270,12000WAL
R72 03603 0002,14400,37270,51670,12900,41980,54880,12000WAL
R72 03603 0003,14400,40500,54900,12900,31530,44430,12000WAL
R72 03603 0004,8000,0,8000,6480,0,6480,12000WAL
R72 03603 0005,14400,33340,47740,12900,39320,52220,12000WAL
R72 03603 0006,7200,0,7200,5800,0,5800,12000WAL
R72 03603 0007,21600,34000,55600,18600,35810,54410,12000WAL
R72 03603 0009,14400,36010,50410,14310,29720,44030,12000WAL
R72 03603 0010,14400,41820,56220,12900,40260,53160,12000WAL
R72 03603 0011,14400,47190,61590,12900,45820,58720,12000WAL
R72 03603 0012,19680,34760,54440,17800,34040,51840,12000WAL
R72 03603 0013,19680,35950,55630,17800,35380,53180,12000WAL
R72 03603 0014,19680,51980,71660,17800,38620,56420,12000WAL
R72 03603 0015,7840,0,7840,6320,0,6320,12000WAL
R72 03603 0016,5780,0,5780,4680,0,4680,12000WAL
R72 03603 0017,17960,19730,37690,15760,25160,40920,12000WAL
R72 03603 0018,19680,109820,129500,17800,123840,141640,12000WAL
R72 03603 0019,9230,0,9230,8200,0,8200,12000WAL
R72 03603 0020,20910,32860,53770,19200,40260,59460,12000WAL
R72 03603 0021,13120,29290,42410,12000,33420,45420,12000WAL
R72 03603 0023,15040,41600,56640,13440,43040,56480,12000WAL
R72 03603 0024,15040,44680,59720,13440,41220,54660,12000WAL
R72 03603 0025,15040,42760,57800,13440,45060,58500,12000WAL
R72 03603 0026,15040,46750,61790,13440,48560,62000,12000WAL
R72 03603 0027,15040,12640,27680,13440,48060,61500,12000WAL
R72 03603 0028,15040,42360,57400,13440,41860,55300,12000WAL
R72 03603 0029,15040,40050,55090,13440,54440,67880,12000WAL
R72 03603 0030,15040,32180,47220,13440,41320,54760,12000WAL
R72 03603 0031,15040,38140,53180,13440,37010,50450,12000WAL
R72 03603 0032,15040,37770,52810,13440,39290,52730,12000WAL
R72 03603 0033,15040,32050,47090,13440,39220,52660,12000WAL
R72 03603 0034,15040,35270,50310,13440,43190,56630,12000WAL
R72 03603 0035,16000,38910,54910,14400,44110,58510,12000WAL
R72 03603 0036,16000,45810,61810,14400,36980,51380,12000WAL
R72 03603 0037,16000,47030,63030,14400,48760,63160,12000WAL
R72 03603 0038,16000,38610,54610,14400,49430,63830,12000WAL
R72 03603 0039,16000,44940,60940,14400,46240,60640,12000WAL
R72 03603 0040,16000,41520,57520,14400,47600,62000,12000WAL
R72 03603 0041,16000,47350,63350,14400,49280,63680,12000WAL
R72 03603 0042,16000,50010,66010,14400,51460,65860,12000WAL
R72 03603 0043,16000,50110,66110,14400,58210,72610,12000WAL
R72 03603 0044,16000,47140,63140,14400,45150,59550,12000WAL
R72 03603 0045,16000,48480,64480,14400,49770,64170,12000WAL
R72 03603 0046,16000,47040,63040,14400,48590,62990,12000WAL
R72 03603 0047,9200,0,9200,7710,0,7710,12000WAL
R72 03603 0048,18400,54110,72510,17100,59860,76960,12000WAL
R72 03603 0049,13330,6800,20130,11990,14340,26330,12000WAL
R72 03603 0051,13330,22840,36170,11990,21630,33620,12000WAL
R72 03603 0055,2700,0,2700,2500,0,2500,12000WAL
R72 03604 0001,7200,0,7200,5800,0,5800,12000WAL
R72 03604 0002,14400,13950,28350,12900,29260,42160,12000WAL
R72 03604 0003,7200,0,7200,5800,0,5800,12000WAL
R72 03604 0004,640,0,640,160,0,160,12000WAL
R72 03604 0005,27600,23050,50650,27000,31310,58310,12000WAL
R72 03604 0007,2050,0,2050,1860,0,1860,12000WAL
R72 03604 0008,2050,0,2050,1860,0,1860,12000WAL
R72 03604 0009,2050,0,2050,1860,0,1860,12000WAL
R72 03604 0010,2050,0,2050,1860,0,1860,12000WAL
R72 03604 0011,2080,0,2080,1890,0,1890,12000WAL
R72 03604 0012,2080,0,2080,1890,0,1890,12000WAL
R72 03604 0013,2080,0,2080,1890,0,1890,12000WAL
R72 03604 0014,2080,0,2080,1890,0,1890,12000WAL
R72 03604 0015,2080,0,2080,1890,0,1890,12000WAL
R72 03604 0016,2080,0,2080,1890,0,1890,12000WAL
R72 03604 0017,2080,0,2080,1890,0,1890,12000WAL
R72 03604 0018,2080,0,2080,1890,0,1890,12000WAL
R72 03604 0019,2080,0,2080,1890,0,1890,12000WAL
R72 03604 0020,2050,0,2050,1860,0,1860,12000WAL
R72 03604 0021,2050,0,2050,1860,0,1860,12000WAL
R72 03604 0022,2050,0,2050,1860,0,1860,12000WAL
R72 03604 0023,2080,0,2080,1890,0,1890,12000WAL
R72 03604 0024,2080,0,2080,1890,0,1890,12000WAL
R72 03604 0025,2080,0,2080,1890,0,1890,12000WAL
R72 03604 0026,2080,0,2080,1890,0,1890,12000WAL
R72 03604 0027,2080,0,2080,1890,0,1890,12000WAL
R72 03604 0028,2080,0,2080,1890,0,1890,12000WAL
R72 03604 0029,2080,0,2080,1890,0,1890,12000WAL
R72 03604 0030,2080,0,2080,1890,0,1890,12000WAL
R72 03604 0031,15040,44180,59220,13440,40610,54050,12000WAL
R72 03604 0032,15040,34110,49150,13440,33960,47400,12000WAL
R72 03604 0033,15680,35210,50890,14160,38760,52920,12000WAL
R72 03604 0034,15680,34340,50020,14160,37050,51210,12000WAL
R72 03604 0035,15680,33300,48980,14160,37470,51630,12000WAL
R72 03604 0036,15680,34140,49820,14160,35650,49810,12000WAL
R72 03604 0037,15680,35540,51220,14160,40930,55090,12000WAL
R72 03604 0038,15680,32230,47910,14160,35650,49810,12000WAL
R72 03604 0039,15680,29970,45650,14160,30940,45100,12000WAL
R72 03604 0040,15680,36500,52180,14160,47820,61980,12000WAL
R72 03604 0041,15680,41100,56780,15720,21670,37390,12000WAL
R72 03604 0042,15680,35600,51280,14160,38930,53090,12000WAL
R72 03604 0043,15680,34580,50260,14160,40140,54300,12000WAL
R72 03604 0044,16000,34220,50220,14400,37550,51950,12000WAL
R72 03604 0045,16000,31310,47310,14340,35490,49830,12000WAL
R72 03604 0046,16000,38200,54200,14340,43410,57750,12000WAL
R72 03604 0047,16000,37050,53050,14340,41930,56270,12000WAL
R72 03604 0048,16000,36750,52750,14340,46320,60660,12000WAL
R72 03604 0049,16000,34510,50510,14340,30510,44850,12000WAL
R72 03604 0050,16000,41360,57360,14340,47770,62110,12000WAL
R72 03604 0051,16000,34850,50850,14340,36170,50510,12000WAL
R72 03604 0052,16000,43840,59840,14340,55640,69980,12000WAL
R72 03604 0053,16000,35450,51450,14340,42460,56800,12000WAL
R72 03604 0054,16000,36560,52560,14340,40830,55170,12000WAL
R72 03604 0055,16000,41520,57520,14340,53700,68040,12000WAL
R72 03604 0056,16000,33900,49900,14340,39100,53440,12000WAL
R72 03604 0058,19680,41150,60830,16800,0,16800,12000WAL
R72 03604 0060,16960,3000,19960,15360,1170,16530,12000WAL
R72 03605 0001,8640,0,8640,7030,0,7030,12000WAL
R72 03605 0005,8100,0,8100,6550,0,6550,12000WAL
R72 03605 0009,24840,58610,83450,22950,72960,95910,12000WAL
R72 03605 0029,15680,31050,46730,14160,71530,85690,12000WAL
R72 03605 0030,15680,31880,47560,14160,36260,50420,12000WAL
R72 03605 0031,15680,35230,50910,14160,37080,51240,12000WAL
R72 03605 0032,15680,38170,53850,14160,43950,58110,12000WAL
R72 03605 0033,15680,45140,60820,14160,53480,67640,12000WAL
R72 03605 0034,15680,40660,56340,14160,46330,60490,12000WAL
R72 03605 0035,15680,38540,54220,14160,45660,59820,12000WAL
R72 03605 0036,15680,44150,59830,14160,56560,70720,12000WAL
R72 03605 0037,17220,51090,68310,15510,82090,97600,12000WAL
R72 03605 0038,17220,36290,53510,15510,46980,62490,12000WAL
R72 03605 0039,17220,41700,58920,15570,54710,70280,12000WAL
R72 03605 0040,17220,41990,59210,15510,55620,71130,12000WAL
R72 03605 0041,17220,24580,41800,15510,45050,60560,12000WAL
R72 03605 0042,17220,38910,56130,15510,42700,58210,12000WAL
R72 03605 0043,16130,52380,68510,14440,58990,73430,12000WAL
R72 03605 0044,16130,43960,60090,14440,48550,62990,12000WAL
R72 03605 0045,16130,42140,58270,14440,46150,60590,12000WAL
R72 03605 0046,19440,53540,72980,17630,63550,81180,12000WAL
R72 03605 0048,15980,29700,45680,14290,40010,54300,12000WAL
R72 03605 0050,16200,45090,61290,14500,77020,91520,12000WAL
R72 03605 0051,19440,4960,24400,17630,42790,60420,12000WAL
R72 03605 0052,18790,67020,85810,17000,64110,81110,12000WAL
R72 03605 0053,17280,18720,36000,15540,29890,45430,12000WAL
R72 03605 0054,17280,29290,46570,15540,73560,89100,12000WAL
R72 03605 0055,17280,42910,60190,15540,49610,65150,12000WAL
R72 03605 0056,11400,0,11400,9010,0,9010,12000WAL
R72 03605 0057,16970,42220,59190,15320,52590,67910,12000WAL
R72 03605 0058,16160,31490,47650,14580,49180,63760,12000WAL
R72 03605 0059,15350,36200,51550,13840,46220,60060,12000WAL
R72 03605 0060,13740,33740,47480,12370,50020,62390,12000WAL
R72 03605 0061,13740,37420,51160,12320,44180,56500,12000WAL
R72 03605 0062,16000,42810,58810,14400,27450,41850,12000WAL
R72 03605 0063,15800,34190,49990,14220,70240,84460,12000WAL
R72 03605 0064,14720,37810,52530,13200,49070,62270,12000WAL
R72 03605 0065,14720,40400,55120,13200,50370,63570,12000WAL
R72 03605 0066,14720,33900,48620,13200,33330,46530,12000WAL
R72 03605 0067,14720,36390,51110,13200,70920,84120,12000WAL
R72 03605 0068,14720,34630,49350,13200,34560,47760,12000WAL
R72 03605 0069,14720,32700,47420,13200,36600,49800,12000WAL
R72 03605 0070,16000,39960,55960,14340,38310,52650,12000WAL
R72 03605 0071,16000,38210,54210,14340,43330,57670,12000WAL
R72 03606 0001,19000,31660,50660,17100,28920,46020,12000WAL
R72 03606 0002,18000,46100,64100,16200,54270,70470,12000WAL
R72 03606 0003,16000,34680,50680,14400,41640,56040,12000WAL
R72 03606 0004,16000,44560,60560,14400,47540,61940,12000WAL
R72 03606 0005,16000,43850,59850,14400,48330,62730,12000WAL
R72 03606 0006,16000,36870,52870,14400,70320,84720,12000WAL
R72 03606 0007,16000,38350,54350,14400,43760,58160,12000WAL
R72 03606 0008,16000,49400,65400,14400,55080,69480,12000WAL
R72 03606 0009,16000,43510,59510,14400,18980,33380,12000WAL
R72 03606 0010,16000,36190,52190,14400,41430,55830,12000WAL
R72 03606 0011,16000,39180,55180,14400,47360,61760,12000WAL
R72 03606 0012,16000,33280,49280,14400,41110,55510,12000WAL
R72 03606 0013,16000,56060,72060,14400,64980,79380,12000WAL
R72 03606 0014,16000,39850,55850,15980,19360,35340,12000WAL
R72 03606 0015,16000,45390,61390,14400,58910,73310,12000WAL
R72 03606 0016,16000,33780,49780,14400,36690,51090,12000WAL
R72 03606 0017,16000,48210,64210,14400,59460,73860,12000WAL
R72 03606 0018,16000,40240,56240,14400,43030,57430,12000WAL
R72 03606 0019,16000,43500,59500,14400,57560,71960,12000WAL
R72 03606 0020,16000,33910,49910,14400,37970,52370,12000WAL
R72 03606 0021,16000,44410,60410,14400,57940,72340,12000WAL
R72 03606 0022,16000,38140,54140,14400,44140,58540,12000WAL
R72 03606 0023,16000,43300,59300,14400,40180,54580,12000WAL
R72 03606 0024,16000,37680,53680,14400,47410,61810,12000WAL
R72 03606 0025,16000,33700,49700,14400,33530,47930,12000WAL
R72 03606 0026,16000,3330,19330,14400,4340,18740,12000WAL
R72 03606 0027,16000,47170,63170,14400,58590,72990,12000WAL
R72 03606 0028,16000,43440,59440,14400,47670,62070,12000WAL
R72 03606 0029,16000,57350,73350,14400,53870,68270,12000WAL
R72 03606 0030,16000,33870,49870,14400,49170,63570,12000WAL
R72 03606 0031,16000,41630,57630,14400,51870,66270,12000WAL
R72 03606 0032,16000,41810,57810,14400,71060,85460,12000WAL
R72 03606 0033,16000,43010,59010,14400,38620,53020,12000WAL
R72 03606 0034,16000,33140,49140,14400,37600,52000,12000WAL
R72 03606 0035,16000,31130,47130,14400,41200,55600,12000WAL
R72 03606 0036,16000,35490,51490,14400,40090,54490,12000WAL
R72 03606 0037,16000,37830,53830,14400,41130,55530,12000WAL
R72 03606 0038,16000,43530,59530,14400,49480,63880,12000WAL
R72 03606 0039,16000,40400,56400,14400,50170,64570,12000WAL
R72 03606 0040,16000,33150,49150,14400,50340,64740,12000WAL
R72 03606 0041,16000,34840,50840,14400,49510,63910,12000WAL
R72 03606 0042,16000,38290,54290,14400,39410,53810,12000WAL
R72 03606 0043,16000,35380,51380,14400,37620,52020,12000WAL
R72 03606 0044,16000,46010,62010,14400,50280,64680,12000WAL
R72 03606 0045,16000,30810,46810,14400,52130,66530,12000WAL
R72 03606 0046,16000,35070,51070,14400,44730,59130,12000WAL
R72 03606 0047,16000,48020,64020,14400,57920,72320,12000WAL
R72 03606 0048,16000,40660,56660,14400,55780,70180,12000WAL
R72 03606 0051,16000,44840,60840,14400,55360,69760,12000WAL
R72 03606 0052,16000,43670,59670,14400,54440,68840,12000WAL
R72 03606 0053,16000,33560,49560,14400,37680,52080,12000WAL
R72 03606 0054,16000,43090,59090,14400,61050,75450,12000WAL
R72 03606 0056,19000,31900,50900,17100,33150,50250,12000WAL
R72 03606 0057,16000,47060,63060,14400,51410,65810,12000WAL
R72 03606 0058,8000,0,8000,6450,0,6450,12000WAL
R72 03606 0059,16000,49630,65630,14340,75060,89400,12000WAL
R72 03606 0060,15800,42460,58260,14160,50220,64380,12000WAL
R72 03606 0061,16200,25500,41700,14520,36380,50900,12000WAL
R72 03606 0062,16000,44260,60260,14340,55780,70120,12000WAL
R72 03606 0063,16000,50480,66480,14340,69730,84070,12000WAL
R72 03606 0064,16000,39990,55990,14400,31880,46280,12000WAL
R72 03606 0065,16000,40270,56270,14340,37220,51560,12000WAL
R72 03607 0001,56000,114240,170240,50400,120070,170470,12000WAL
R72 03607 0002,16000,54330,70330,14400,52230,66630,12000WAL
R72 03607 0003,16000,9920,25920,14400,9520,23920,12000WAL
R72 03607 0004,16000,45200,61200,14400,59240,73640,12000WAL
R72 03607 0005,16000,35050,51050,14400,55480,69880,12000WAL
R72 03607 0006,16000,47200,63200,14400,48870,63270,12000WAL
R72 03607 0007,16000,35830,51830,14400,44200,58600,12000WAL
R72 03607 0008,16000,34270,50270,14400,47120,61520,12000WAL
R72 03607 0009,16000,41830,57830,14400,44600,59000,12000WAL
R72 03607 0010,16000,30330,46330,14400,36970,51370,12000WAL
R72 03607 0011,16000,46460,62460,14400,59720,74120,12000WAL
R72 03607 0012,16000,37940,53940,14400,50990,65390,12000WAL
R72 03607 0013,16000,43940,59940,14400,52930,67330,12000WAL
R72 03607 0014,16000,43770,59770,14400,54370,68770,12000WAL
R72 03607 0015,16000,43320,59320,14400,50370,64770,12000WAL
R72 03607 0016,16000,35520,51520,14400,53100,67500,12000WAL
R72 03607 0017,16000,36870,52870,14400,44890,59290,12000WAL
R72 03607 0018,16000,35960,51960,14400,46050,60450,12000WAL
R72 03607 0019,16000,40840,56840,14400,43550,57950,12000WAL
R72 03607 0020,14000,2050,16050,12600,2710,15310,12000WAL
R72 03607 0021,16000,97460,113460,14400,103590,117990,12000WAL
R72 03607 0022,9350,0,9350,7690,0,7690,12000WAL
R72 03607 0023,9350,0,9350,7690,0,7690,12000WAL
R72 03607 0024,9350,0,9350,7690,0,7690,12000WAL
R72 03607 0027,18000,34970,52970,16200,48880,65080,12000WAL
R72 03607 0029,16000,37880,53880,14400,75000,89400,12000WAL
R72 03607 0030,16000,33090,49090,14400,35870,50270,12000WAL
R72 03607 0031,16000,30340,46340,14400,38340,52740,12000WAL
R72 03607 0032,16000,41430,57430,14400,58270,72670,12000WAL
R72 03607 0033,16000,39470,55470,14400,57290,71690,12000WAL
R72 03607 0034,15600,37590,53190,14040,52580,66620,12000WAL
R72 03607 0035,16000,42840,58840,14400,54700,69100,12000WAL
R72 03607 0036,16000,34360,50360,14400,42980,57380,12000WAL
R72 03607 0037,16000,14460,30460,14400,70100,84500,12000WAL
R72 03607 0038,16000,52120,68120,14400,64430,78830,12000WAL
R72 03607 0039,16000,27150,43150,14400,68030,82430,12000WAL
R72 03607 0040,16000,48590,64590,14400,48730,63130,12000WAL
R72 03607 0041,16000,41830,57830,14400,37230,51630,12000WAL
R72 03607 0042,16000,33680,49680,14400,40320,54720,12000WAL
R72 03607 0043,16000,35860,51860,14400,44770,59170,12000WAL
R72 03607 0044,16000,56620,72620,14400,55710,70110,12000WAL
R72 03607 0045,16000,37780,53780,14400,46850,61250,12000WAL
R72 03607 0046,16000,25950,41950,14400,51440,65840,12000WAL
R72 03607 0047,16000,47440,63440,14400,63160,77560,12000WAL
R72 03607 0048,16000,41580,57580,14400,34160,48560,12000WAL
R72 03607 0049,16000,48730,64730,14400,59360,73760,12000WAL
R72 03607 0051,16000,53650,69650,14400,63550,77950,12000WAL
R72 03607 0057,2500,0,2500,2230,0,2230,12000WAL
R72 03608 0001,19440,38990,58430,16680,43590,60270,12000WAL
R72 03608 0004,16000,38750,54750,14400,41420,55820,12000WAL
R72 03608 0005,16000,30410,46410,14400,33290,47690,12000WAL
R72 03608 0006,17000,62150,79150,15300,79250,94550,12000WAL
R72 03608 0008,15000,40600,55600,13500,39320,52820,12000WAL
R72 03608 0009,16000,34260,50260,14400,36660,51060,12000WAL
R72 03608 0010,16000,38510,54510,14400,49360,63760,12000WAL
R72 03608 0011,12600,37590,50190,11610,41030,52640,12000WAL
R72 03608 0013,13280,40090,53370,12110,25120,37230,12000WAL
R72 03608 0014,13940,17530,31470,12560,47130,59690,12000WAL
R72 03608 0015,16000,44460,60460,14400,52640,67040,12000WAL
R72 03608 0016,16800,27660,44460,15120,42540,57660,12000WAL
R72 03608 0018,16400,29850,46250,14760,55820,70580,12000WAL
R72 03608 0019,16400,27280,43680,14760,54480,69240,12000WAL
R72 03608 0020,16000,31740,47740,14400,54320,68720,12000WAL
R72 03608 0021,16000,34180,50180,14400,67780,82180,12000WAL
R72 03608 0022,20000,33000,53000,9020,0,9020,12000WAL
R72 03608 0024,20000,42250,62250,18000,54500,72500,12000WAL
R72 03608 0026,16000,30930,46930,14400,28840,43240,12000WAL
R72 03608 0027,16000,49850,65850,14400,56110,70510,12000WAL
R72 03608 0028,16000,39750,55750,14400,44680,59080,12000WAL
R72 03608 0029,15000,40620,55620,13500,46810,60310,12000WAL
R72 03608 0030,17000,60820,77820,15300,60470,75770,12000WAL
R72 03608 0032,16400,56770,73170,14760,62250,77010,12000WAL
R72 03608 0034,23600,44090,67690,21240,57800,79040,12000WAL
R72 03608 0035,16000,52410,68410,14400,55840,70240,12000WAL
R72 03608 0036,16000,34240,50240,14400,49350,63750,12000WAL
R72 03608 0037,16000,42390,58390,14400,54030,68430,12000WAL
R72 03608 0038,16000,40470,56470,14400,94100,108500,12000WAL
R72 03608 0039,16400,49630,66030,14760,69820,84580,12000WAL
R72 03608 0040,16400,40440,56840,14760,36090,50850,12000WAL
R72 03608 0041,16400,30190,46590,14760,48210,62970,12000WAL
R72 03608 0042,16400,30920,47320,14760,53510,68270,12000WAL
R72 03608 0045,16000,40760,56760,14400,41080,55480,12000WAL
R72 03608 0046,16000,30190,46190,14400,48280,62680,12000WAL
R72 03608 0047,16000,52650,68650,14400,38090,52490,12000WAL
R72 03608 0048,16000,38600,54600,14400,37280,51680,12000WAL
R72 03608 0049,16000,33180,49180,14400,42620,57020,12000WAL
R72 03608 0050,16000,45830,61830,14400,64740,79140,12000WAL
R72 03608 0051,16000,30910,46910,14400,46610,61010,12000WAL
R72 03608 0052,16000,38650,54650,14400,53410,67810,12000WAL
R72 03608 0053,31680,63850,95530,28440,70830,99270,12000WAL
R72 03608 0056,29960,67810,97770,27900,84290,112190,12000WAL
R72 03608 0059,19260,54500,73760,17550,57040,74590,12000WAL
R72 03608 0061,18190,39980,58170,16520,76440,92960,12000WAL
R72 03608 0063,18190,38150,56340,16520,87920,104440,12000WAL
R72 03608 0065,16000,42940,58940,14340,43730,58070,12000WAL
R72 03608 0066,16000,34240,50240,14340,41520,55860,12000WAL
R72 03608 0068,13280,30420,43700,12120,38180,50300,12000WAL
R72 03609 0001,20000,36640,56640,18000,67380,85380,12000WAL
R72 03609 0003,20000,46280,66280,18000,50400,68400,12000WAL
R72 03609 0008,13800,36120,49920,12420,46840,59260,12000WAL
R72 03609 0015,16000,37600,53600,14400,52610,67010,12000WAL
R72 03609 0016,16000,31910,47910,14400,40380,54780,12000WAL
R72 03609 0017,16320,36330,52650,14760,36380,51140,12000WAL
R72 03609 0018,16000,34210,50210,14400,57830,72230,12000WAL
R72 03609 0019,16000,35380,51380,14400,45340,59740,12000WAL
R72 03609 0020,16000,52290,68290,14400,68230,82630,12000WAL
R72 03609 0021,16000,57860,73860,14400,57510,71910,12000WAL
R72 03609 0022,16000,42230,58230,14400,47960,62360,12000WAL
R72 03609 0023,16000,49910,65910,14400,47320,61720,12000WAL
R72 03609 0024,16000,49050,65050,14400,43110,57510,12000WAL
R72 03609 0025,16000,46890,62890,14400,47650,62050,12000WAL
R72 03609 0026,16000,40570,56570,14400,55020,69420,12000WAL
R72 03609 0030,16400,30570,46970,14760,70650,85410,12000WAL
R72 03609 0031,16400,47250,63650,14760,81090,95850,12000WAL
R72 03609 0032,16400,43710,60110,14760,51530,66290,12000WAL
R72 03609 0034,16000,33970,49970,14400,37440,51840,12000WAL
R72 03609 0035,16000,48900,64900,14400,48010,62410,12000WAL
R72 03609 0036,16000,32330,48330,14400,34470,48870,12000WAL
R72 03609 0037,16000,31270,47270,14400,36670,51070,12000WAL
R72 03609 0038,16000,41300,57300,14400,43540,57940,12000WAL
R72 03609 0039,16000,43070,59070,14400,47650,62050,12000WAL
R72 03609 0040,!,!,!
R72 03609 0041,!,!,!
R72 03701 0001,16000,46810,62810,14400,50190,64590,12000WAL
R72 03701 0002,16000,18860,34860,14400,45880,60280,12000WAL
R72 03701 0003,16000,53570,69570,14400,41520,55920,12000WAL
R72 03701 0004,16000,36300,52300,14400,45110,59510,12000WAL
R72 03701 0005,16000,58320,74320,14400,56590,70990,12000WAL
R72 03701 0006,16000,51810,67810,14400,57050,71450,12000WAL
R72 03701 0007,16000,49700,65700,14400,70590,84990,12000WAL
R72 03701 0008,16000,30940,46940,14400,62820,77220,12000WAL
R72 03701 0009,16000,30250,46250,14400,30870,45270,12000WAL
R72 03701 0010,16000,39670,55670,14400,42660,57060,12000WAL
R72 03701 0011,16000,42330,58330,14400,48920,63320,12000WAL
R72 03701 0012,16000,42150,58150,14400,58760,73160,12000WAL
R72 03701 0013,16000,58230,74230,14400,62850,77250,12000WAL
R72 03701 0014,16000,36020,52020,14400,50650,65050,12000WAL
R72 03701 0015,16000,35290,51290,14400,45260,59660,12000WAL
R72 03701 0016,16000,40520,56520,14400,54640,69040,12000WAL
R72 03701 0017,16000,3230,19230,14400,4220,18620,12000WAL
R72 03701 0018,16000,29860,45860,14400,27440,41840,12000WAL
R72 03701 0019,16000,33690,49690,14400,23120,37520,12000WAL
R72 03701 0020,16000,37570,53570,14400,35970,50370,12000WAL
R72 03701 0021,16000,33600,49600,14400,27150,41550,12000WAL
R72 03701 0022,16000,41680,57680,14400,56280,70680,12000WAL
R72 03701 0023,16640,38240,54880,15000,43370,58370,12000WAL
R72 03701 0024,16000,36200,52200,14400,47260,61660,12000WAL
R72 03701 0025,16000,40580,56580,14400,76620,91020,12000WAL
R72 03701 0026,16000,36720,52720,14400,60760,75160,12000WAL
R72 03701 0027,16000,41180,57180,14400,58370,72770,12000WAL
R72 03701 0028,18000,46160,64160,16200,52600,68800,12000WAL
R72 03701 0030,7000,0,7000,5660,0,5660,12000WAL
R72 03701 0031,16000,54330,70330,14400,51300,65700,12000WAL
R72 03701 0032,16000,62020,78020,14200,71360,85560,12000LIN
R72 03701 0033,16000,35630,51630,14200,48280,62480,12000LIN
R72 03701 0034,16000,47750,63750,14200,52490,66690,12000LIN
R72 03701 0035,16000,41480,57480,14200,49540,63740,12000LIN
R72 03701 0036,16000,40970,56970,14200,58530,72730,12000LIN
R72 03701 0037,16200,40590,56790,14350,53510,67860,12000LIN
R72 03701 0038,17800,32140,49940,15620,67450,83070,12000LIN
R72 03701 0040,16000,30930,46930,14200,44200,58400,12000LIN
R72 03701 0041,16000,33050,49050,14200,60420,74620,12000LIN
R72 03701 0042,16000,45340,61340,14200,70200,84400,12000LIN
R72 03701 0043,16000,40250,56250,14200,42790,56990,12000LIN
R72 03701 0044,16000,42520,58520,14200,94830,109030,12000LIN
R72 03701 0047,16000,19340,35340,14200,66520,80720,12000LIN
R72 03701 0050,16000,45170,61170,14200,50800,65000,12000LIN
R72 03701 0053,16000,41490,57490,14200,44970,59170,12000LIN
R72 03701 0054,16000,36350,52350,14200,39250,53450,12000LIN
R72 03701 0055,15800,36230,52030,14040,38090,52130,12000LIN
R72 03701 0056,17200,41840,59040,15150,81050,96200,12000LIN
R72 03701 0057,16000,41620,57620,14200,60040,74240,12000LIN
R72 03701 0058,16000,36570,52570,14200,49080,63280,12000LIN
R72 03701 0059,16000,40050,56050,14200,47080,61280,12000LIN
R72 03701 0060,14000,39210,53210,12610,45740,58350,12000LIN
R72 03701 0061,12800,38500,51300,11820,39060,50880,12000LIN
R72 03701 0063,12800,34330,47130,11820,39600,51420,12000LIN
R72 03701 0065,15800,39890,55690,14040,41590,55630,12000LIN
R72 03702 0005,7800,0,7800,6320,0,6320,12000WAL
R72 03702 0006,16000,36660,52660,14400,52180,66580,12000WAL
R72 03702 0007,16000,43040,59040,14400,44690,59090,12000WAL
R72 03702 0008,16000,44070,60070,14400,56460,70860,12000WAL
R72 03702 0009,16000,41930,57930,14400,45440,59840,12000WAL
R72 03702 0010,16000,49120,65120,14400,51930,66330,12000WAL
R72 03702 0011,16000,48240,64240,14400,55140,69540,12000WAL
R72 03702 0012,16000,30480,46480,14400,41600,56000,12000WAL
R72 03702 0013,16000,36940,52940,14400,52800,67200,12000WAL
R72 03702 0014,16000,74110,90110,14400,71400,85800,12000WAL
R72 03702 0015,16000,37520,53520,14400,46410,60810,12000WAL
R72 03702 0016,16000,45250,61250,14400,84640,99040,12000WAL
R72 03702 0017,16000,39130,55130,14400,43290,57690,12000WAL
R72 03702 0018,17000,37070,54070,15300,53440,68740,12000WAL
R72 03702 0019,16800,2940,19740,14760,38990,53750,12000WAL
R72 03702 0021,17400,38080,55480,15210,82680,97890,12000WAL
R72 03702 0023,16400,53890,70290,14510,69130,83640,12000LIN
R72 03702 0026,15600,35490,51090,13880,58410,72290,12000LIN
R72 03702 0029,16000,27400,43400,14200,78100,92300,12000LIN
R72 03702 0032,16000,35800,51800,14200,53280,67480,12000LIN
R72 03702 0033,16000,40270,56270,14200,51620,65820,12000LIN
R72 03702 0034,17000,39960,56960,14990,47870,62860,12000LIN
R72 03702 0035,17800,42780,60580,15620,68450,84070,12000LIN
R72 03702 0036,16000,45350,61350,14200,49150,63350,12000LIN
R72 03702 0037,16000,40800,56800,14200,46550,60750,12000LIN
R72 03702 0038,16000,42830,58830,14200,49770,63970,12000LIN
R72 03702 0039,16000,31120,47120,14200,34500,48700,12000LIN
R72 03702 0040,16000,28710,44710,14200,50070,64270,12000LIN
R72 03702 0041,16000,46950,62950,14200,62810,77010,12000LIN
R72 03702 0044,16000,42910,58910,14200,52130,66330,12000LIN
R72 03702 0047,16000,36710,52710,14200,48120,62320,12000LIN
R72 03702 0050,20000,47550,67550,17360,58200,75560,12000LIN
R72 03702 0051,19200,34020,53220,16730,54400,71130,12000LIN
R72 03715 0001,27980,0,27980,27980,0,27980,52001PHI
R72 03715 0002,0,0,0,0,0,0,52001PHI
R72 03715 0003,33930,0,33930,33930,0,33930,52001PHI
R72 03715 0004,25050,0,25050,53440,243780,297220,52001PHI
R72 03715 0005,56800,193420,250220,56800,238020,294820,52001PHI
R72 03715 0006,0,0,0,0,0,0,52001PHI
R72 03715 0007,64050,284890,348940,64050,209470,273520,52001PHI
R72 03715 0008,73630,331320,404950,73630,219060,292690,52001PHI
R72 03715 0009,66440,403120,469560,66440,249280,315720,52001PHI
R72 03715 0010,72450,377660,450110,72450,240490,312940,52001PHI
R72 03715 0011,32010,0,32010,32010,0,32010,52001PHI
R72 03715 0012,22470,0,22470,22470,0,22470,52001PHI
R72 03715 0013,22700,0,22700,22700,0,22700,52001PHI
R72 03715 0014,108220,229410,337630,108220,266780,375000,52001PHI
R72 03715 0015,250790,147660,398450,200530,101650,302180,52001PHI
R72 03715 0016,0,0,0,0,0,0,52001PHI
R72 03715 0017,0,0,0,0,0,0,52001PHI
R72 03715 0018,6860,0,6860,6750,0,6750,52001PHI
R72 03715 0019,14900,0,14900,14850,0,14850,52001PHI
R72 03721 0001,12000,183310,195310,24000,162380,186380,52000HIL
R72 03801 0003,16000,34660,50660,14400,50920,65320,12000WAL
R72 03801 0004,16000,38310,54310,14400,43950,58350,12000WAL
R72 03801 0005,16000,41710,57710,14400,43830,58230,12000WAL
R72 03801 0006,16000,39830,55830,14400,43860,58260,12000WAL
R72 03801 0007,16000,28760,44760,14400,32420,46820,12000WAL
R72 03801 0008,16000,42400,58400,14400,48850,63250,12000WAL
R72 03801 0009,16000,33100,49100,14400,60600,75000,12000WAL
R72 03801 0010,16000,42310,58310,14400,46580,60980,12000WAL
R72 03801 0012,16730,47820,64550,15010,58770,73780,12000WAL
R72 03801 0013,16730,47880,64610,15010,51030,66040,12000WAL
R72 03801 0015,16730,32450,49180,15010,48320,63330,12000WAL
R72 03801 0016,16730,36560,53290,15010,34750,49760,12000WAL
R72 03801 0017,16000,39120,55120,14400,44030,58430,12000WAL
R72 03801 0018,16000,34720,50720,14400,51150,65550,12000WAL
R72 03801 0019,16000,40780,56780,14400,43600,58000,12000WAL
R72 03801 0020,16000,39090,55090,14400,56090,70490,12000WAL
R72 03801 0021,16000,39860,55860,14400,42390,56790,12000WAL
R72 03801 0022,16000,38450,54450,14400,48150,62550,12000WAL
R72 03801 0023,16000,40750,56750,14400,51630,66030,12000WAL
R72 03801 0024,16000,36260,52260,15980,6020,22000,12000WAL
R72 03801 0025,16000,58170,74170,7200,0,7200,12000WAL
R72 03801 0026,16000,46470,62470,14400,42890,57290,12000WAL
R72 03801 0027,16000,37340,53340,14400,39090,53490,12000WAL
R72 03801 0028,16000,32850,48850,14400,72880,87280,12000WAL
R72 03801 0029,16000,19890,35890,14400,75990,90390,12000WAL
R72 03801 0030,16000,46040,62040,14400,59530,73930,12000WAL
R72 03801 0031,16000,51240,67240,15980,23210,39190,12000WAL
R72 03801 0032,16000,46320,62320,14400,56010,70410,12000WAL
R72 03801 0037,20810,44380,65190,18820,56010,74830,12000WAL
R72 03801 0039,17400,14180,31580,15660,52220,67880,12000WAL
R72 03801 0040,16000,28710,44710,14400,32630,47030,12000WAL
R72 03801 0041,16000,45040,61040,14400,48990,63390,12000WAL
R72 03801 0042,8000,0,8000,6480,0,6480,12000WAL
R72 03801 0043,16000,44120,60120,14400,51880,66280,12000WAL
R72 03801 0044,6560,4700,11260,5900,5750,11650,12000WAL
R72 03801 0045,13120,35150,48270,12000,50830,62830,12000WAL
R72 03801 0046,13120,35300,48420,12000,38480,50480,12000WAL
R72 03801 0047,16000,57340,73340,14400,76200,90600,12000WAL
R72 03801 0048,16000,37580,53580,14400,43370,57770,12000WAL
R72 03801 0049,16000,37950,53950,14400,47450,61850,12000WAL
R72 03801 0050,16000,41650,57650,14400,42080,56480,12000WAL
R72 03801 0051,16000,62460,78460,14400,60810,75210,12000WAL
R72 03801 0052,16000,56870,72870,14400,63510,77910,12000WAL
R72 03801 0053,16000,51740,67740,14400,55440,69840,12000WAL
R72 03801 0054,16000,49430,65430,14400,52590,66990,12000WAL
R72 03801 0056,13120,30520,43640,12000,39940,51940,12000WAL
R72 03802 0001,16000,46930,62930,14400,52630,67030,12000WAL
R72 03802 0002,16000,44750,60750,14400,49230,63630,12000WAL
R72 03802 0003,16000,40600,56600,14400,37030,51430,12000WAL
R72 03802 0004,16000,36420,52420,14400,72250,86650,12000WAL
R72 03802 0005,16000,41700,57700,14400,50460,64860,12000WAL
R72 03802 0006,16000,65010,81010,14400,69590,83990,12000WAL
R72 03802 0007,16000,51320,67320,14400,51630,66030,12000WAL
R72 03802 0008,16000,35590,51590,14400,45610,60010,12000WAL
R72 03802 0009,16000,39340,55340,14400,43730,58130,12000WAL
R72 03802 0010,16000,0,16000,14400,0,14400,12000WAL
R72 03802 0011,16000,45310,61310,14400,81320,95720,12000WAL
R72 03802 0012,16000,37320,53320,14400,42990,57390,12000WAL
R72 03802 0013,16000,28370,44370,15980,52520,68500,12000WAL
R72 03802 0014,16000,40350,56350,14400,44330,58730,12000WAL
R72 03802 0015,16000,45950,61950,14400,47590,61990,12000WAL
R72 03802 0016,16000,30290,46290,14400,30040,44440,12000WAL
R72 03802 0017,16000,14930,30930,14400,48710,63110,12000WAL
R72 03802 0018,12000,4130,16130,21600,31990,53590,12000WAL
R72 03802 0020,16000,40850,56850,14400,49790,64190,12000WAL
R72 03802 0021,16000,1220,17220,14400,480,14880,12000WAL
R72 03802 0022,16000,41050,57050,14400,47440,61840,12000WAL
R72 03802 0023,16000,30870,46870,14400,33340,47740,12000WAL
R72 03802 0024,16000,37000,53000,14400,40240,54640,12000WAL
R72 03802 0025,16000,34980,50980,14400,29050,43450,12000WAL
R72 03802 0026,16000,63150,79150,14400,68920,83320,12000WAL
R72 03802 0027,16000,23580,39580,14400,23870,38270,12000WAL
R72 03802 0028,16000,36900,52900,14400,42170,56570,12000WAL
R72 03802 0029,16000,35930,51930,14400,46060,60460,12000WAL
R72 03802 0030,16000,34560,50560,14400,41070,55470,12000WAL
R72 03802 0031,16000,42940,58940,14400,52470,66870,12000WAL
R72 03802 0032,16000,43940,59940,14400,48130,62530,12000WAL
R72 03802 0033,16000,45870,61870,14400,56420,70820,12000WAL
R72 03802 0034,16000,37970,53970,14400,40240,54640,12000WAL
R72 03802 0035,16000,38930,54930,15980,16520,32500,12000WAL
R72 03802 0036,16000,36640,52640,14400,107680,122080,12000WAL
R72 03802 0037,16000,41410,57410,14400,47460,61860,12000WAL
R72 03802 0038,16000,25500,41500,14400,51800,66200,12000WAL
R72 03802 0039,16000,44710,60710,14400,46470,60870,12000WAL
R72 03802 0040,16000,43330,59330,14400,45830,60230,12000WAL
R72 03802 0041,16000,38740,54740,14400,41520,55920,12000WAL
R72 03802 0042,16000,38110,54110,14400,36210,50610,12000WAL
R72 03802 0043,16000,42190,58190,14400,46050,60450,12000WAL
R72 03802 0044,16000,17960,33960,14400,43150,57550,12000WAL
R72 03802 0045,16000,40810,56810,14400,36250,50650,12000WAL
R72 03802 0046,8000,0,8000,6480,0,6480,12000WAL
R72 03802 0047,16000,52980,68980,14400,63280,77680,12000WAL
R72 03802 0048,16000,25620,41620,14400,26320,40720,12000WAL
R72 03802 0049,16600,49450,66050,14940,63370,78310,12000WAL
R72 03802 0051,16000,46710,62710,14400,49250,63650,12000WAL
R72 03802 0052,16000,33570,49570,14400,48310,62710,12000WAL
R72 03802 0053,16000,61060,77060,14400,51910,66310,12000WAL
R72 03802 0054,16000,36770,52770,14400,35700,50100,12000WAL
R72 03802 0055,16000,54420,70420,14400,73790,88190,12000WAL
R72 03802 0056,16000,40440,56440,14400,44280,58680,12000WAL
R72 03802 0057,16000,50170,66170,14400,58130,72530,12000WAL
R72 03802 0058,16000,56290,72290,14400,52570,66970,12000WAL
R72 03802 0059,16000,47680,63680,14400,43550,57950,12000WAL
R72 03802 0060,16000,32860,48860,14400,34480,48880,12000WAL
R72 03802 0061,16000,49040,65040,14400,50080,64480,12000WAL
R72 03802 0062,16000,36910,52910,14400,46560,60960,12000WAL
R72 03802 0063,16000,58390,74390,14400,60290,74690,12000WAL
R72 03802 0064,16000,43440,59440,14400,45570,59970,12000WAL
R72 03802 0065,16000,49200,65200,14400,54760,69160,12000WAL
R72 03802 0066,15600,58600,74200,14040,57540,71580,12000WAL
R72 03803 0001,16000,36070,52070,14400,39280,53680,12000WAL
R72 03803 0002,16000,38450,54450,14400,54530,68930,12000WAL
R72 03803 0003,16000,47280,63280,14400,46700,61100,12000WAL
R72 03803 0004,16000,32790,48790,14400,43550,57950,12000WAL
R72 03803 0005,16000,37410,53410,14400,42300,56700,12000WAL
R72 03803 0006,16000,59020,75020,14400,60680,75080,12000WAL
R72 03803 0007,16000,30860,46860,14400,69460,83860,12000WAL
R72 03803 0008,16000,36330,52330,14400,40570,54970,12000WAL
R72 03803 0009,16000,38310,54310,14400,38290,52690,12000WAL
R72 03803 0010,16000,50490,66490,14400,55430,69830,12000WAL
R72 03803 0011,16000,36480,52480,14400,46810,61210,12000WAL
R72 03803 0012,16000,49520,65520,14400,54850,69250,12000WAL
R72 03803 0013,16000,40690,56690,14400,45350,59750,12000WAL
R72 03803 0014,8000,0,8000,6480,0,6480,12000WAL
R72 03803 0015,16000,35790,51790,14400,39680,54080,12000WAL
R72 03803 0016,16000,48990,64990,14400,51080,65480,12000WAL
R72 03803 0017,16000,61810,77810,14400,52250,66650,12000WAL
R72 03803 0018,8000,0,8000,6480,0,6480,12000WAL
R72 03803 0019,16000,67100,83100,14400,74230,88630,12000WAL
R72 03803 0020,20000,55450,75450,18000,50300,68300,12000WAL
R72 03803 0024,16000,37870,53870,14400,38800,53200,12000WAL
R72 03803 0025,16000,37420,53420,14400,43040,57440,12000WAL
R72 03803 0026,16000,57840,73840,14400,55120,69520,12000WAL
R72 03803 0027,16000,38670,54670,14400,58990,73390,12000WAL
R72 03803 0028,16000,45180,61180,14400,71540,85940,12000WAL
R72 03803 0029,16000,48260,64260,14400,47720,62120,12000WAL
R72 03803 0030,16000,39580,55580,14400,48110,62510,12000WAL
R72 03803 0031,16000,46750,62750,14400,50430,64830,12000WAL
R72 03803 0032,16000,47100,63100,14400,49670,64070,12000WAL
R72 03803 0033,16000,45880,61880,14400,50930,65330,12000WAL
R72 03803 0034,16000,35710,51710,14400,40570,54970,12000WAL
R72 03803 0035,8000,0,8000,6480,0,6480,12000WAL
R72 03803 0036,16600,38040,54640,14940,53480,68420,12000WAL
R72 03803 0038,16000,48020,64020,14400,39570,53970,12000WAL
R72 03803 0039,16000,32890,48890,14400,48370,62770,12000WAL
R72 03803 0040,16000,35400,51400,14400,43580,57980,12000WAL
R72 03803 0041,16000,45960,61960,14400,43400,57800,12000WAL
R72 03803 0042,16000,40390,56390,14400,46730,61130,12000WAL
R72 03803 0043,16000,10050,26050,14400,40750,55150,12000WAL
R72 03803 0044,8000,0,8000,6480,0,6480,12000WAL
R72 03803 0045,16000,42070,58070,14400,47940,62340,12000WAL
R72 03803 0046,16000,40480,56480,14400,47450,61850,12000WAL
R72 03803 0047,16000,38390,54390,14400,45990,60390,12000WAL
R72 03803 0048,16000,64350,80350,14400,66000,80400,12000WAL
R72 03803 0049,8000,0,8000,6480,0,6480,12000WAL
R72 03803 0050,16000,6100,22100,14400,72590,86990,12000WAL
R72 03803 0051,16000,40130,56130,14400,40260,54660,12000WAL
R72 03803 0052,16000,43760,59760,14400,52170,66570,12000WAL
R72 03803 0053,16000,49990,65990,14400,52180,66580,12000WAL
R72 03803 0054,16000,40330,56330,14400,50050,64450,12000WAL
R72 03803 0055,16000,65780,81780,14400,72490,86890,12000WAL
R72 03803 0056,16000,40750,56750,14400,50720,65120,12000WAL
R72 03803 0057,16000,34270,50270,14400,51480,65880,12000WAL
R72 03803 0058,16000,28170,44170,14400,67580,81980,12000WAL
R72 03803 0059,16000,35190,51190,14400,39680,54080,12000WAL
R72 03803 0060,16000,41250,57250,14400,76460,90860,12000WAL
R72 03803 0061,16000,31440,47440,14400,79690,94090,12000WAL
R72 03803 0062,16000,44720,60720,14400,51400,65800,12000WAL
R72 03803 0063,16000,39780,55780,14400,45610,60010,12000WAL
R72 03803 0064,16000,49910,65910,14400,55830,70230,12000WAL
R72 03803 0065,16000,31610,47610,14400,68350,82750,12000WAL
R72 03803 0066,6000,0,6000,4840,0,4840,12000WAL
R72 03803 0069,15400,39590,54990,13860,49640,63500,12000WAL
R72 03803 0070,!,!,!
R72 03804 0001,16000,21400,37400,14400,72600,87000,12000WAL
R72 03804 0002,16000,42740,58740,14400,45390,59790,12000WAL
R72 03804 0003,16000,44540,60540,14400,59220,73620,12000WAL
R72 03804 0004,16000,35750,51750,14400,37750,52150,12000WAL
R72 03804 0005,16000,34610,50610,14400,36810,51210,12000WAL
R72 03804 0006,16000,49590,65590,14400,65300,79700,12000WAL
R72 03804 0007,16000,45660,61660,14400,60010,74410,12000WAL
R72 03804 0008,16000,35820,51820,14400,58800,73200,12000WAL
R72 03804 0009,16000,23330,39330,14400,28410,42810,12000WAL
R72 03804 0010,16000,44230,60230,14400,56590,70990,12000WAL
R72 03804 0011,16000,40450,56450,14400,47390,61790,12000WAL
R72 03804 0012,16000,36770,52770,14400,45640,60040,12000WAL
R72 03804 0013,16000,41740,57740,14400,57010,71410,12000WAL
R72 03804 0014,16000,27700,43700,14400,45020,59420,12000WAL
R72 03804 0015,16000,35880,51880,14400,39610,54010,12000WAL
R72 03804 0016,16000,38360,54360,14400,49430,63830,12000WAL
R72 03804 0017,16000,38690,54690,14400,52050,66450,12000WAL
R72 03804 0018,16000,60110,76110,14400,74980,89380,12000WAL
R72 03804 0019,16000,32630,48630,14400,41630,56030,12000WAL
R72 03804 0020,16000,17500,33500,14400,48610,63010,12000WAL
R72 03804 0021,16000,36040,52040,14400,41080,55480,12000WAL
R72 03804 0022,16000,56560,72560,14400,71120,85520,12000WAL
R72 03804 0023,16000,37210,53210,14400,45490,59890,12000WAL
R72 03804 0024,16000,45550,61550,14400,55850,70250,12000WAL
R72 03804 0025,16000,54200,70200,14400,60620,75020,12000WAL
R72 03804 0026,16000,36640,52640,14400,42980,57380,12000WAL
R72 03804 0027,16000,40050,56050,14400,54390,68790,12000WAL
R72 03804 0028,16000,31150,47150,14400,65040,79440,12000WAL
R72 03804 0029,16000,39650,55650,14400,52170,66570,12000WAL
R72 03804 0030,16000,55890,71890,14400,69840,84240,12000WAL
R72 03804 0031,16000,48070,64070,15980,25940,41920,12000WAL
R72 03804 0032,16000,34720,50720,14400,36750,51150,12000WAL
R72 03804 0033,16000,49400,65400,14400,18970,33370,12000WAL
R72 03804 0034,16000,38780,54780,14400,43630,58030,12000WAL
R72 03804 0035,16000,60020,76020,14400,60880,75280,12000WAL
R72 03804 0036,16000,37250,53250,14400,51560,65960,12000WAL
R72 03804 0037,16000,43910,59910,14400,62400,76800,12000WAL
R72 03804 0038,16000,37320,53320,14400,50630,65030,12000WAL
R72 03804 0039,16000,56420,72420,14400,61360,75760,12000WAL
R72 03804 0040,16000,45370,61370,14400,60910,75310,12000WAL
R72 03804 0041,16000,30950,46950,14400,48150,62550,12000WAL
R72 03804 0042,16000,36050,52050,14400,50330,64730,12000WAL
R72 03804 0043,16000,33340,49340,14400,46780,61180,12000WAL
R72 03804 0044,16000,39640,55640,14400,58290,72690,12000WAL
R72 03804 0045,16000,57360,73360,14400,58880,73280,12000WAL
R72 03804 0046,16000,33020,49020,14400,32010,46410,12000WAL
R72 03804 0047,16000,46780,62780,14400,46230,60630,12000WAL
R72 03804 0048,16000,47150,63150,14400,48480,62880,12000WAL
R72 03804 0049,16000,43470,59470,14400,39930,54330,12000WAL
R72 03804 0050,16000,37610,53610,14400,70680,85080,12000WAL
R72 03804 0051,16000,52430,68430,14400,61710,76110,12000WAL
R72 03804 0052,16000,21800,37800,14400,50630,65030,12000WAL
R72 03804 0053,16000,38910,54910,14400,49100,63500,12000WAL
R72 03804 0054,16000,45430,61430,14400,64790,79190,12000WAL
R72 03804 0055,16000,42930,58930,14400,48610,63010,12000WAL
R72 03804 0056,16000,41500,57500,14400,50760,65160,12000WAL
R72 03804 0057,16000,41610,57610,14400,49240,63640,12000WAL
R72 03804 0058,16000,36530,52530,14400,71640,86040,12000WAL
R72 03804 0059,16000,41540,57540,14400,50870,65270,12000WAL
R72 03804 0060,16000,52430,68430,14400,53780,68180,12000WAL
R72 03805 0001,16000,53560,69560,14400,78530,92930,12000WAL
R72 03805 0002,16000,46880,62880,14400,58310,72710,12000WAL
R72 03805 0003,16000,39840,55840,14400,57410,71810,12000WAL
R72 03805 0004,16000,40640,56640,14400,41110,55510,12000WAL
R72 03805 0005,16000,77240,93240,14400,77730,92130,12000WAL
R72 03805 0006,16000,69690,85690,14400,69640,84040,12000WAL
R72 03805 0007,16000,40150,56150,14400,62350,76750,12000WAL
R72 03805 0008,16000,44920,60920,14400,53380,67780,12000WAL
R72 03805 0009,16000,35060,51060,14400,41180,55580,12000WAL
R72 03805 0010,16000,39760,55760,14400,48720,63120,12000WAL
R72 03805 0011,16000,45390,61390,14400,50770,65170,12000WAL
R72 03805 0014,16000,48900,64900,14400,83910,98310,12000WAL
R72 03805 0015,16000,34320,50320,14400,37720,52120,12000WAL
R72 03805 0016,16000,51040,67040,14400,53570,67970,12000WAL
R72 03805 0017,16000,37180,53180,14400,47150,61550,12000WAL
R72 03805 0018,16000,50780,66780,14400,58450,72850,12000WAL
R72 03805 0019,16000,40880,56880,14400,53950,68350,12000WAL
R72 03805 0020,16000,40660,56660,14400,46130,60530,12000WAL
R72 03805 0021,16000,42120,58120,14400,49680,64080,12000WAL
R72 03805 0022,16000,47660,63660,14400,60830,75230,12000WAL
R72 03805 0023,16000,41870,57870,14400,45340,59740,12000WAL
R72 03805 0024,16000,49060,65060,14400,51340,65740,12000WAL
R72 03805 0027,16000,53980,69980,14400,55190,69590,12000WAL
R72 03805 0028,16000,45910,61910,14400,62370,76770,12000WAL
R72 03805 0029,16000,51600,67600,14400,47450,61850,12000WAL
R72 03805 0030,16000,47840,63840,14400,61860,76260,12000WAL
R72 03805 0031,16000,44400,60400,14400,59010,73410,12000WAL
R72 03805 0032,16000,44140,60140,14400,54100,68500,12000WAL
R72 03805 0033,16000,28560,44560,14400,27650,42050,12000WAL
R72 03805 0034,16000,42680,58680,14400,62170,76570,12000WAL
R72 03805 0035,16000,37230,53230,14400,43230,57630,12000WAL
R72 03805 0036,16000,36660,52660,14400,52830,67230,12000WAL
R72 03805 0037,16000,45360,61360,14400,49360,63760,12000WAL
R72 03805 0040,16000,38490,54490,14400,55460,69860,12000WAL
R72 03805 0041,16000,23590,39590,14400,56020,70420,12000WAL
R72 03805 0042,16000,48210,64210,14400,49870,64270,12000WAL
R72 03805 0043,16000,46260,62260,14400,45380,59780,12000WAL
R72 03805 0044,16000,46350,62350,14400,59080,73480,12000WAL
R72 03805 0045,16000,42130,58130,14400,56190,70590,12000WAL
R72 03805 0046,16000,45370,61370,14400,52110,66510,12000WAL
R72 03805 0047,16000,37270,53270,14400,42960,57360,12000WAL
R72 03805 0048,16000,44430,60430,14400,47820,62220,12000WAL
R72 03805 0049,16000,1820,17820,14400,2820,17220,12000WAL
R72 03805 0050,16000,92930,108930,14400,72990,87390,12000WAL
R72 03806 0001,1660,0,1660,1500,0,1500,12000WAL
R72 03806 0002,15960,64530,80490,14400,64550,78950,12000WAL
R72 03806 0003,16560,64530,81090,14950,64550,79500,12000WAL
R72 03806 0006,21010,62140,83150,19010,60800,79810,12000WAL
R72 03806 0007,16000,42510,58510,14400,62710,77110,12000WAL
R72 03806 0008,16000,40090,56090,14400,50110,64510,12000WAL
R72 03806 0009,16000,40450,56450,14400,52530,66930,12000WAL
R72 03806 0010,16000,44910,60910,14400,52910,67310,12000WAL
R72 03806 0011,16000,35530,51530,14400,80940,95340,12000WAL
R72 03806 0012,16000,57200,73200,14400,67380,81780,12000WAL
R72 03806 0013,16000,43760,59760,14400,55160,69560,12000WAL
R72 03806 0014,16000,45790,61790,14400,47820,62220,12000WAL
R72 03806 0017,16000,38640,54640,14400,66340,80740,12000WAL
R72 03806 0018,16000,40010,56010,14400,53480,67880,12000WAL
R72 03806 0019,16000,33970,49970,14400,56600,71000,12000WAL
R72 03806 0020,16000,42660,58660,14400,54980,69380,12000WAL
R72 03806 0021,16000,49200,65200,14400,51810,66210,12000WAL
R72 03806 0022,16000,38440,54440,14400,50780,65180,12000WAL
R72 03806 0023,16000,55980,71980,14400,53670,68070,12000WAL
R72 03806 0024,16000,44690,60690,14400,64460,78860,12000WAL
R72 03806 0027,16560,40670,57230,14890,62210,77100,12000WAL
R72 03806 0028,16560,37600,54160,14890,45240,60130,12000WAL
R72 03806 0029,16560,43640,60200,14890,50950,65840,12000WAL
R72 03806 0030,16560,32020,48580,14890,46690,61580,12000WAL
R72 03806 0031,16560,46670,63230,14890,60210,75100,12000WAL
R72 03806 0032,15250,45210,60460,13630,63280,76910,12000WAL
R72 03806 0033,16000,39930,55930,14400,45860,60260,12000WAL
R72 03806 0034,16000,37040,53040,14400,50950,65350,12000WAL
R72 03806 0035,16000,38870,54870,14400,41700,56100,12000WAL
R72 03806 0036,16000,38840,54840,14400,49640,64040,12000WAL
R72 03806 0037,16000,36650,52650,14400,86930,101330,12000WAL
R72 03806 0038,16000,35750,51750,14400,48660,63060,12000WAL
R72 03806 0039,16000,37220,53220,14400,32170,46570,12000WAL
R72 03806 0040,16000,37450,53450,14400,43920,58320,12000WAL
R72 03806 0043,16000,47700,63700,14400,47500,61900,12000WAL
R72 03806 0044,16000,14200,30200,14400,47620,62020,12000WAL
R72 03806 0045,16000,40610,56610,14400,47280,61680,12000WAL
R72 03806 0046,16000,47970,63970,14400,53620,68020,12000WAL
R72 03806 0047,16000,41790,57790,14400,68810,83210,12000WAL
R72 03806 0048,16000,54710,70710,14400,51540,65940,12000WAL
R72 03806 0049,16000,60950,76950,14400,65660,80060,12000WAL
R72 03806 0050,15360,55600,70960,13800,59970,73770,12000WAL
R72 03806 0052,170,0,170,180,0,180,12000WAL
R72 03807 0001,16560,62850,79410,14890,66710,81600,12000WAL
R72 03807 0002,17400,44040,61440,15730,53840,69570,12000WAL
R72 03807 0003,17000,40590,57590,15370,36490,51860,12000WAL
R72 03807 0004,16000,42160,58160,14460,17540,32000,12000WAL
R72 03807 0005,16000,38770,54770,14460,67680,82140,12000WAL
R72 03807 0006,16000,45250,61250,14460,49680,64140,12000WAL
R72 03807 0007,16000,63920,79920,14400,57830,72230,12000WAL
R72 03807 0008,16000,41450,57450,14400,48060,62460,12000WAL
R72 03807 0009,16000,44640,60640,14400,51860,66260,12000WAL
R72 03807 0010,16000,57920,73920,14400,55150,69550,12000WAL
R72 03807 0011,16000,54670,70670,14400,63450,77850,12000WAL
R72 03807 0012,14400,52340,66740,12900,48990,61890,12000WAL
R72 03807 0013,16000,57650,73650,14400,56280,70680,12000WAL
R72 03807 0014,16000,41980,57980,14400,31260,45660,12000WAL
R72 03807 0015,16000,51860,67860,14400,49750,64150,12000WAL
R72 03807 0016,16000,50010,66010,14400,44160,58560,12000WAL
R72 03807 0017,8000,0,8000,6480,0,6480,12000WAL
R72 03807 0018,16000,44820,60820,14400,53660,68060,12000WAL
R72 03807 0019,16000,26420,42420,14400,27880,42280,12000WAL
R72 03807 0020,16000,41150,57150,14400,44370,58770,12000WAL
R72 03807 0021,16000,35070,51070,14400,51500,65900,12000WAL
R72 03807 0022,16000,54240,70240,14400,55200,69600,12000WAL
R72 03807 0023,12640,42380,55020,11700,47920,59620,12000WAL
R72 03807 0024,16000,51510,67510,14400,64240,78640,12000WAL
R72 03807 0025,16000,37720,53720,14400,70810,85210,12000WAL
R72 03807 0026,16000,31140,47140,14400,59070,73470,12000WAL
R72 03807 0053,9860,30250,40110,8910,37520,46430,12000WAL
R72 03808 0001,16000,50140,66140,14400,50310,64710,12000WAL
R72 03808 0002,16000,37730,53730,14400,48410,62810,12000WAL
R72 03808 0003,16000,37870,53870,14400,33020,47420,12000WAL
R72 03808 0004,16000,39150,55150,14400,48630,63030,12000WAL
R72 03808 0005,16000,41620,57620,14400,52100,66500,12000WAL
R72 03808 0006,16000,75600,91600,14400,82000,96400,12000WAL
R72 03808 0007,16000,33660,49660,14400,36140,50540,12000WAL
R72 03808 0008,16000,48730,64730,15980,32020,48000,12000WAL
R72 03808 0009,16000,55470,71470,14400,64460,78860,12000WAL
R72 03808 0010,16000,42250,58250,14400,31870,46270,12000WAL
R72 03808 0011,16000,38800,54800,14400,51090,65490,12000WAL
R72 03808 0012,16000,38990,54990,14400,40270,54670,12000WAL
R72 03808 0013,16000,55480,71480,14400,38660,53060,12000WAL
R72 03808 0014,16000,50170,66170,14400,47970,62370,12000WAL
R72 03808 0015,16000,37590,53590,14400,76380,90780,12000WAL
R72 03808 0016,16000,42880,58880,14400,50410,64810,12000WAL
R72 03808 0017,16000,52540,68540,14400,48890,63290,12000WAL
R72 03808 0018,16000,48030,64030,14400,55690,70090,12000WAL
R72 03808 0019,16000,51150,67150,14400,54360,68760,12000WAL
R72 03808 0020,16000,39940,55940,14400,67040,81440,12000WAL
R72 03808 0021,16000,34810,50810,14400,43480,57880,12000WAL
R72 03808 0022,16000,48980,64980,14400,57690,72090,12000WAL
R72 03808 0023,16000,41880,57880,14400,54440,68840,12000WAL
R72 03808 0024,16000,28310,44310,14400,31730,46130,12000WAL
R72 03808 0025,16000,40880,56880,14400,40150,54550,12000WAL
R72 03808 0026,16000,37810,53810,14400,44660,59060,12000WAL
R72 03808 0027,16000,30730,46730,14400,51400,65800,12000WAL
R72 03808 0028,16000,46560,62560,14400,46980,61380,12000WAL
R72 03808 0041,16000,37130,53130,14200,56450,70650,12000LIN
R72 03808 0042,16000,42590,58590,14200,43780,57980,12000LIN
R72 03808 0043,16000,39960,55960,14200,54750,68950,12000LIN
R72 03808 0044,16000,56160,72160,14200,59700,73900,12000LIN
R72 03808 0045,16000,42140,58140,14200,49560,63760,12000LIN
R72 03808 0046,8100,0,8100,4680,0,4680,12000LIN
R72 03808 0047,13120,41140,54260,12080,45210,57290,12000LIN
R72 03808 0048,13120,36070,49190,12080,49530,61610,12000LIN
R72 03808 0049,16000,39480,55480,14200,63690,77890,12000LIN
R72 03808 0050,16000,26310,42310,14200,77020,91220,12000LIN
R72 03808 0051,16000,28840,44840,14200,37400,51600,12000LIN
R72 03808 0052,16000,38040,54040,14200,46820,61020,12000LIN
R72 03808 0053,13120,41830,54950,12080,43080,55160,12000LIN
R72 03808 0054,6000,0,6000,4990,0,4990,12000LIN
R72 03809 0001,8000,0,8000,6480,0,6480,12000WAL
R72 03809 0002,16000,59180,75180,14400,57460,71860,12000WAL
R72 03809 0003,6000,0,6000,4840,0,4840,12000WAL
R72 03809 0004,6000,0,6000,4840,0,4840,12000WAL
R72 03809 0005,16000,35450,51450,14400,49010,63410,12000WAL
R72 03809 0006,16000,42260,58260,14400,48320,62720,12000WAL
R72 03809 0007,16000,42520,58520,14400,42080,56480,12000WAL
R72 03809 0008,16000,30010,46010,14400,31660,46060,12000WAL
R72 03809 0009,16000,51090,67090,14400,49850,64250,12000WAL
R72 03809 0010,16000,54550,70550,14400,56670,71070,12000WAL
R72 03809 0011,16000,50330,66330,14400,45970,60370,12000WAL
R72 03809 0012,16000,47340,63340,14400,73630,88030,12000WAL
R72 03809 0013,16000,37700,53700,14400,55290,69690,12000WAL
R72 03809 0014,16000,42120,58120,14400,50310,64710,12000WAL
R72 03809 0015,16000,34230,50230,14400,50150,64550,12000WAL
R72 03809 0016,16000,46690,62690,14400,59100,73500,12000WAL
R72 03809 0017,16000,25730,41730,14400,35710,50110,12000WAL
R72 03809 0018,16000,42980,58980,14400,53920,68320,12000WAL
R72 03809 0019,16000,50590,66590,14400,49530,63930,12000WAL
R72 03809 0020,16000,24980,40980,14400,39060,53460,12000WAL
R72 03809 0021,16000,39470,55470,15980,58020,74000,12000WAL
R72 03809 0022,16000,52620,68620,14200,56170,70370,12000LIN
R72 03809 0023,16000,38980,54980,10150,25850,36000,12000LIN
R72 03809 0024,16000,42580,58580,14200,50520,64720,12000LIN
R72 03809 0025,16000,45810,61810,14200,50410,64610,12000LIN
R72 03809 0026,16000,41050,57050,14200,53080,67280,12000LIN
R72 03809 0027,16600,41080,57680,14670,54010,68680,12000LIN
R72 03809 0028,15200,38570,53770,13560,41130,54690,12000LIN
R72 03809 0029,16000,39310,55310,14200,53920,68120,12000LIN
R72 03809 0030,16000,49730,65730,14200,69030,83230,12000LIN
R72 03809 0031,8000,0,8000,6420,0,6420,12000LIN
R72 03809 0034,16400,37530,53930,14200,63330,77530,12000LIN
R72 03809 0035,16400,61360,77760,14200,71790,85990,12000LIN
R72 03809 0038,16000,32370,48370,14200,49870,64070,12000LIN
R72 03809 0039,16000,38640,54640,14200,45640,59840,12000LIN
R72 03809 0040,16000,41870,57870,14200,51450,65650,12000LIN
R72 03809 0041,16200,50940,67140,14350,58950,73300,12000LIN
R72 03809 0042,24000,73990,97990,20530,96080,116610,12000LIN
R72 03901 0010,13470,22350,35820,13530,25170,38700,12000TWI
R72 03901 0011,7100,0,7100,6410,0,6410,12000TWI
R72 03901 0012,14950,33650,48600,14900,38110,53010,12000TWI
R72 03901 0013,15540,33170,48710,15520,37640,53160,12000TWI
R72 03901 0014,15980,38010,53990,15970,44300,60270,12000TWI
R72 03901 0015,14060,27950,42010,14040,48070,62110,12000TWI
R72 03901 0016,16130,31030,47160,12750,8790,21540,12000TWI
R72 03901 0017,16130,31520,47650,16140,8030,24170,12000TWI
R72 03901 0018,16130,21660,37790,16140,46860,63000,12000TWI
R72 03901 0020,16130,18540,34670,16140,20750,36890,12000TWI
R72 03901 0021,16130,35240,51370,8100,0,8100,12000TWI
R72 03901 0022,16130,30240,46370,16140,33930,50070,12000TWI
R72 03901 0023,16130,35910,52040,16140,40500,56640,12000TWI
R72 03901 0050,8160,28940,37100,8060,15750,23810,12000TWI
R72 03902 0001,19840,30100,49940,20230,47560,67790,12000TWI
R72 03902 0003,19840,27590,47430,20230,39720,59950,12000TWI
R72 03902 0004,16130,38110,54240,16140,37070,53210,12000TWI
R72 03902 0005,16130,31870,48000,16140,32590,48730,12000TWI
R72 03902 0006,16130,2640,18770,16140,3470,19610,12000TWI
R72 03902 0007,16130,48530,64660,16140,45840,61980,12000TWI
R72 03902 0008,16130,26010,42140,16140,51860,68000,12000TWI
R72 03902 0009,16130,23070,39200,16140,39130,55270,12000TWI
R72 03902 0010,16130,37750,53880,16140,29850,45990,12000TWI
R72 03902 0055,14980,27850,42830,16420,67070,83490,12000TWI
R72 03902 0056,14980,30930,45910,14950,54140,69090,12000TWI
R72 03902 0057,14980,30160,45140,14950,43090,58040,12000TWI
R72 03902 0058,14980,34280,49260,14950,57160,72110,12000TWI
R72 03902 0059,15740,45490,61230,15680,38560,54240,12000TWI
R72 03902 0063,14980,26460,41440,14950,20840,35790,12000TWI
R72 03902 0064,14980,32370,47350,14950,26950,41900,12000TWI
R72 03902 0065,14980,28860,43840,14950,23590,38540,12000TWI
R72 03902 0066,14210,27290,41500,14210,27420,41630,12000TWI
R72 03902 0067,14980,29930,44910,14950,22050,37000,12000TWI
R72 03902 0068,14980,35150,50130,14200,22050,36250,12000TWI
R72 03902 0069,14980,31970,46950,14950,34190,49140,12000TWI
R72 03903 0001,15980,10670,26650,11310,0,11310,12000LIN
R72 03903 0002,15120,35270,50390,13400,40840,54240,12000LIN
R72 03903 0004,7560,0,7560,6060,0,6060,12000LIN
R72 03903 0005,15120,2790,17910,13400,0,13400,12000LIN
R72 03903 0006,7560,0,7560,6060,0,6060,12000LIN
R72 03903 0007,17710,32870,50580,15620,28540,44160,12000LIN
R72 03903 0008,12190,31690,43880,11350,0,11350,12000LIN
R72 03903 0009,16240,29220,45460,14350,10240,24590,12000LIN
R72 03903 0010,16240,41000,57240,7200,0,7200,12000LIN
R72 03903 0011,6940,0,6940,5690,0,5690,12000LIN
R72 03904 0017,16070,51120,67190,14230,64310,78540,12000LIN
R72 03905 0003,14890,17560,32450,13310,22390,35700,12000LIN
R72 03905 0004,7980,0,7980,6280,0,6280,12000LIN
R72 03905 0006,11660,28840,40500,11200,48210,59410,12000LIN
R72 03905 0007,12100,0,12100,11410,0,11410,12000LIN
R72 03905 0008,6120,0,6120,5200,0,5200,12000LIN
R72 03905 0009,12240,590,12830,11450,0,11450,12000LIN
R72 03905 0010,12240,10390,22630,5200,0,5200,12000LIN
R72 03905 0017,15040,29270,44310,13390,30560,43950,12000LIN
R72 03905 0019,14980,26340,41320,13310,39920,53230,12000LIN
R72 03905 0020,18430,37000,55430,15990,55120,71110,12000LIN
R72 03905 0022,15450,30480,45930,13730,74740,88470,12000LIN
R72 03905 0023,7730,0,7730,6200,0,6200,12000LIN
R72 03905 0024,15240,37030,52270,13560,63110,76670,12000LIN
R72 03905 0025,15240,41470,56710,13560,53620,67180,12000LIN
R72 03905 0026,15240,31900,47140,13560,33990,47550,12000LIN
R72 03905 0027,15240,43800,59040,13560,55790,69350,12000LIN
R72 03905 0028,15240,27870,43110,13560,25690,39250,12000LIN
R72 03905 0029,15240,37860,53100,13560,52460,66020,12000LIN
R72 03905 0034,15840,31740,47580,14040,72240,86280,12000LIN
R72 03905 0038,15450,23170,38620,13730,51970,65700,12000LIN
R72 03905 0039,5250,0,5250,1880,0,1880,12000LIN
R72 03905 0041,12300,31180,43480,11690,33060,44750,12000LIN
R72 03905 0043,15240,32070,47310,13560,89480,103040,12000LIN
R72 03905 0044,11660,23860,35520,11200,5700,16900,12000LIN
R72 03905 0045,6830,0,6830,0,0,0,12000LIN
R72 03905 0046,19680,45820,65500,33160,46100,79260,12000LIN
R72 03905 0050,17030,37190,54220,15020,60530,75550,12000LIN
R72 03906 0001,16420,68090,84510,7290,0,7290,12000LIN
R72 03906 0002,16420,11420,27840,7290,0,7290,12000LIN
R72 03906 0005,13980,40960,54940,12610,54520,67130,12000LIN
R72 03906 0006,12000,34380,46380,11450,54800,66250,12000LIN
R72 03906 0007,16420,32300,48720,14510,64570,79080,12000LIN
R72 03906 0008,16420,34430,50850,14510,72380,86890,12000LIN
R72 03906 0009,16420,30150,46570,14510,62860,77370,12000LIN
R72 03906 0010,16420,26630,43050,14510,66970,81480,12000LIN
R72 03906 0011,16420,6940,23360,14510,49410,63920,12000LIN
R72 03906 0012,16420,55310,71730,14510,65640,80150,12000LIN
R72 03906 0015,16420,23380,39800,14510,53930,68440,12000LIN
R72 03906 0016,15500,23380,38880,13800,76340,90140,12000LIN
R72 03906 0018,14590,34300,48890,13040,59360,72400,12000LIN
R72 03906 0019,14740,36920,51660,13230,47950,61180,12000LIN
R72 03906 0020,14900,34090,48990,13370,50550,63920,12000LIN
R72 03906 0021,16540,40830,57370,14680,43310,57990,12000LIN
R72 03906 0022,17170,45760,62930,15220,43610,58830,12000LIN
R72 03906 0023,16320,40800,57120,14500,69050,83550,12000LIN
R72 03906 0024,15480,24660,40140,13780,60120,73900,12000LIN
R72 03906 0025,7810,32710,40520,7470,52480,59950,12000LIN
R72 03906 0026,15260,35960,51220,13600,53960,67560,12000LIN
R72 03906 0029,12160,38930,51090,11560,56670,68230,12000LIN
R72 03906 0031,16320,38140,54460,14500,61590,76090,12000LIN
R72 03906 0032,16320,54220,70540,14500,11160,25660,12000LIN
R72 03906 0033,15900,44180,60080,14140,65660,79800,12000LIN
R72 03906 0034,16320,35050,51370,14500,62810,77310,12000LIN
R72 03906 0035,12480,20050,32530,11710,54130,65840,12000LIN
R72 03906 0036,14400,37760,52160,12930,51970,64900,12000LIN
R72 03906 0037,15290,39270,54560,13680,56010,69690,12000LIN
R72 03906 0038,15090,42020,57110,13530,54910,68440,12000LIN
R72 03906 0039,16320,48100,64420,14500,62060,76560,12000LIN
R72 03906 0040,16320,40410,56730,14500,52200,66700,12000LIN
R72 03906 0041,14490,32400,46890,12950,40130,53080,12000LIN
R72 03906 0042,15330,43220,58550,13650,56580,70230,12000LIN
R72 03906 0043,15540,38600,54140,13830,51380,65210,12000LIN
R72 03906 0044,15540,53850,69390,13830,56520,70350,12000LIN
R72 03906 0045,15540,39850,55390,13830,60090,73920,12000LIN
R72 03906 0046,12160,32360,44520,11560,64110,75670,12000LIN
R72 03906 0047,14780,31270,46050,9500,36980,46480,12000LIN
R72 03906 0048,16170,38380,54550,14360,61280,75640,12000LIN
R72 03906 0049,16320,39640,55960,14450,62400,76850,12000LIN
R72 03906 0050,15090,49240,64330,13530,60120,73650,12000LIN
R72 03906 0053,13140,39340,52480,12040,49120,61160,12000LIN
R72 03906 0054,14310,37720,52030,9240,32760,42000,12000LIN
R72 03906 0055,7600,0,7600,6130,0,6130,12000LIN
R72 03906 0056,12000,27470,39470,11500,48840,60340,12000LIN
R72 03906 0057,4550,13450,18000,12680,60280,72960,12000LIN
R72 03906 0058,660,0,660,620,0,620,12000LIN
R72 03906 0060,14040,25250,39290,12680,51350,64030,12000LIN
R72 03906 0061,13880,16600,30480,12520,49060,61580,12000LIN
R72 03907 0001,15900,36330,52230,14140,66390,80530,12000LIN
R72 03907 0002,16320,46230,62550,14500,58250,72750,12000LIN
R72 03907 0003,13060,0,13060,11600,0,11600,12000LIN
R72 03907 0004,16320,45280,61600,14500,64920,79420,12000LIN
R72 03907 0005,16320,32270,48590,14500,52960,67460,12000LIN
R72 03907 0006,16320,35630,51950,14500,57820,72320,12000LIN
R72 03907 0007,16320,20910,37230,14500,55360,69860,12000LIN
R72 03907 0008,16320,31730,48050,14500,53880,68380,12000LIN
R72 03907 0009,16320,32110,48430,14500,54330,68830,12000LIN
R72 03907 0010,16320,36130,52450,14500,53490,67990,12000LIN
R72 03907 0011,16320,37050,53370,14500,60850,75350,12000LIN
R72 03907 0012,16320,30770,47090,14500,63450,77950,12000LIN
R72 03907 0013,16320,38820,55140,14500,49760,64260,12000LIN
R72 03907 0014,16540,40060,56600,14680,66960,81640,12000LIN
R72 03907 0015,15690,43310,59000,13960,54740,68700,12000LIN
R72 03907 0016,15690,28720,44410,7010,0,7010,12000LIN
R72 03907 0017,16320,20950,37270,14500,64690,79190,12000LIN
R72 03907 0018,16320,38550,54870,14500,76410,90910,12000LIN
R72 03907 0019,16320,34820,51140,14500,35890,50390,12000LIN
R72 03907 0020,16320,36940,53260,14500,45550,60050,12000LIN
R72 03907 0021,16320,33950,50270,14500,56180,70680,12000LIN
R72 03907 0022,16320,35550,51870,14500,56040,70540,12000LIN
R72 03907 0023,16320,37500,53820,14500,54640,69140,12000LIN
R72 03907 0024,16320,32270,48590,14500,53600,68100,12000LIN
R72 03907 0025,16320,35360,51680,14500,51310,65810,12000LIN
R72 03907 0026,14630,49240,63870,13070,71670,84740,12000LIN
R72 03907 0027,15480,42200,57680,13780,69060,82840,12000LIN
R72 03907 0028,15480,35190,50670,13780,56720,70500,12000LIN
R72 03907 0029,18870,43450,62320,16660,78010,94670,12000LIN
R72 03907 0030,17380,19570,36950,11010,15010,26020,12000LIN
R72 03907 0031,15260,34380,49640,13600,59770,73370,12000LIN
R72 03907 0032,15260,39620,54880,13600,59590,73190,12000LIN
R72 03907 0033,16320,55840,72160,14500,77500,92000,12000LIN
R72 03907 0034,16320,15880,32200,14500,32760,47260,12000LIN
R72 03907 0035,16320,18560,34880,14500,42850,57350,12000LIN
R72 03907 0036,16320,47120,63440,14500,59590,74090,12000LIN
R72 03907 0037,16320,36710,53030,14500,57780,72280,12000LIN
R72 03907 0038,16320,47470,63790,14500,59860,74360,12000LIN
R72 03907 0039,16320,41990,58310,14500,62440,76940,12000LIN
R72 03907 0040,16320,49800,66120,14500,61050,75550,12000LIN
R72 03907 0041,16320,47490,63810,10370,28110,38480,12000LIN
R72 03907 0042,16320,49400,65720,14500,63360,77860,12000LIN
R72 03907 0043,16170,43130,59300,14310,64200,78510,12000LIN
R72 03907 0044,16320,29330,45650,14500,76570,91070,12000LIN
R72 03907 0045,16320,43150,59470,14500,80640,95140,12000LIN
R72 03907 0047,7840,0,7840,6310,0,6310,12000LIN
R72 03907 0048,15690,54340,70030,13960,84040,98000,12000LIN
R72 03907 0049,16320,63050,79370,14500,79720,94220,12000LIN
R72 03907 0050,16320,41860,58180,14500,66000,80500,12000LIN
R72 03907 0051,16320,42110,58430,14500,65160,79660,12000LIN
R72 03907 0052,16320,36650,52970,14500,51110,65610,12000LIN
R72 03907 0053,16320,50500,66820,14500,60330,74830,12000LIN
R72 03907 0054,16320,52350,68670,14500,65290,79790,12000LIN
R72 03907 0055,16320,45190,61510,14500,66900,81400,12000LIN
R72 03907 0056,16320,56390,72710,14500,68870,83370,12000LIN
R72 03907 0057,16320,53630,69950,14500,67130,81630,12000LIN
R72 03907 0058,16320,36340,52660,14500,58640,73140,12000LIN
R72 03907 0059,16320,57030,73350,14500,71140,85640,12000LIN
R72 03907 0060,16320,41520,57840,14500,67250,81750,12000LIN
R72 03907 0061,16320,48700,65020,14500,62090,76590,12000LIN
R72 03907 0062,16540,46340,62880,14680,67480,82160,12000LIN
R72 03907 0063,15690,45230,60920,13960,65980,79940,12000LIN
R72 03907 0064,15690,37370,53060,13960,55340,69300,12000LIN
R72 03907 0065,670,0,670,620,0,620,12000LIN
R72 03908 0001,15690,43090,58780,13960,63450,77410,12000LIN
R72 03908 0002,15690,23870,39560,13960,61030,74990,12000LIN
R72 03908 0003,15690,36100,51790,13960,50790,64750,12000LIN
R72 03908 0004,15690,35550,51240,13960,41380,55340,12000LIN
R72 03908 0005,15690,34590,50280,7010,0,7010,12000LIN
R72 03908 0006,15690,37470,53160,13960,60610,74570,12000LIN
R72 03908 0007,15690,31410,47100,9990,29520,39510,12000LIN
R72 03908 0008,16540,33660,50200,14680,58390,73070,12000LIN
R72 03908 0009,16750,41900,58650,14860,66710,81570,12000LIN
R72 03908 0010,16320,39020,55340,14500,71240,85740,12000LIN
R72 03908 0011,16320,35500,51820,14500,58180,72680,12000LIN
R72 03908 0012,16320,45860,62180,14500,70320,84820,12000LIN
R72 03908 0013,16320,14390,30710,14500,17570,32070,12000LIN
R72 03908 0014,16320,42060,58380,14500,58610,73110,12000LIN
R72 03908 0015,16320,36630,52950,14500,54530,69030,12000LIN
R72 03908 0016,16320,40820,57140,14500,45530,60030,12000LIN
R72 03908 0017,16320,45580,61900,14500,64320,78820,12000LIN
R72 03908 0018,15690,31760,47450,13960,51180,65140,12000LIN
R72 03908 0019,15690,36220,51910,13960,55440,69400,12000LIN
R72 03908 0020,15690,21870,37560,13960,67340,81300,12000LIN
R72 03908 0021,15690,39380,55070,13960,46990,60950,12000LIN
R72 03908 0022,15690,35610,51300,13960,56150,70110,12000LIN
R72 03908 0023,15690,43920,59610,13960,62710,76670,12000LIN
R72 03908 0024,13570,35050,48620,12170,59990,72160,12000LIN
R72 03908 0025,16540,44550,61090,14680,62610,77290,12000LIN
R72 03908 0026,16750,43440,60190,14860,70940,85800,12000LIN
R72 03908 0027,16320,47480,63800,14500,74900,89400,12000LIN
R72 03908 0028,16320,53130,69450,14500,59060,73560,12000LIN
R72 03908 0029,16320,40810,57130,14500,60440,74940,12000LIN
R72 03908 0030,16320,42510,58830,14500,56450,70950,12000LIN
R72 03908 0031,16320,41600,57920,14500,63620,78120,12000LIN
R72 03908 0032,16320,31850,48170,14500,53990,68490,12000LIN
R72 03908 0033,16320,36510,52830,14500,56280,70780,12000LIN
R72 03908 0034,16320,45750,62070,14500,69420,83920,12000LIN
R72 03908 0035,15690,54410,70100,13960,70470,84430,12000LIN
R72 03908 0036,15690,28500,44190,13960,72580,86540,12000LIN
R72 03908 0037,15690,49210,64900,13960,59920,73880,12000LIN
R72 03908 0038,15690,56830,72520,13960,82050,96010,12000LIN
R72 03908 0039,15690,53810,69500,13960,68190,82150,12000LIN
R72 03908 0040,15690,44360,60050,13960,65250,79210,12000LIN
R72 03908 0041,15690,43960,59650,13960,69820,83780,12000LIN
R72 03908 0042,16540,65920,82460,14680,92670,107350,12000LIN
R72 03908 0043,16750,53870,70620,14860,77970,92830,12000LIN
R72 03908 0044,16320,44350,60670,14500,67400,81900,12000LIN
R72 03908 0045,16320,54050,70370,14500,73250,87750,12000LIN
R72 03908 0046,16320,45720,62040,14500,69370,83870,12000LIN
R72 03908 0047,16320,43220,59540,14500,65850,80350,12000LIN
R72 03908 0048,16320,49510,65830,14500,61940,76440,12000LIN
R72 03908 0049,16320,42070,58390,14500,60610,75110,12000LIN
R72 03908 0050,16320,62660,78980,14500,70190,84690,12000LIN
R72 03908 0051,16320,42390,58710,14500,62240,76740,12000LIN
R72 03908 0052,15690,36610,52300,13870,60400,74270,12000LIN
R72 03908 0053,15690,34500,50190,13870,51270,65140,12000LIN
R72 03908 0054,15690,52460,68150,13870,69520,83390,12000LIN
R72 03908 0055,15690,45610,61300,13870,49360,63230,12000LIN
R72 03908 0056,15690,37450,53140,13870,62550,76420,12000LIN
R72 03908 0057,15690,47450,63140,13870,59760,73630,12000LIN
R72 03908 0058,15690,42950,58640,13870,59360,73230,12000LIN
R72 03908 0059,16540,49140,65680,14580,79200,93780,12000LIN
R72 03908 0060,24850,226800,251650,21930,313920,335850,12000LIN
R72 03909 0001,16320,37340,53660,14500,56700,71200,12000LIN
R72 03909 0002,16320,28260,44580,14500,52020,66520,12000LIN
R72 03909 0003,16320,33700,50020,14500,58870,73370,12000LIN
R72 03909 0004,16750,41940,58690,14860,78330,93190,12000LIN
R72 03909 0005,15480,40910,56390,13780,54870,68650,12000LIN
R72 03909 0006,15480,32860,48340,13780,58020,71800,12000LIN
R72 03909 0007,15480,36580,52060,13780,58500,72280,12000LIN
R72 03909 0008,15260,36910,52170,13600,53060,66660,12000LIN
R72 03909 0009,15960,41990,57950,14130,66620,80750,12000LIN
R72 03909 0010,15960,37600,53560,14130,52490,66620,12000LIN
R72 03909 0011,15960,40120,56080,14130,54650,68780,12000LIN
R72 03909 0012,15960,49650,65610,14130,73340,87470,12000LIN
R72 03909 0013,16320,49540,65860,14500,72770,87270,12000LIN
R72 03909 0014,16320,39280,55600,14500,57550,72050,12000LIN
R72 03909 0015,16320,61690,78010,14500,77560,92060,12000LIN
R72 03909 0016,16750,42950,59700,14860,69480,84340,12000LIN
R72 03909 0017,16320,47610,63930,14500,65780,80280,12000LIN
R72 03909 0018,16320,44400,60720,14500,63930,78430,12000LIN
R72 03909 0019,16320,42170,58490,14500,64150,78650,12000LIN
R72 03909 0020,16750,56590,73340,14860,66170,81030,12000LIN
R72 03910 0002,13630,36820,50450,12360,63610,75970,12000LIN
R72 03910 0004,13820,29950,43770,12510,43690,56200,12000LIN
R72 03910 0005,14020,32990,47010,12650,39590,52240,12000LIN
R72 03910 0006,13820,25640,39460,12510,71400,83910,12000LIN
R72 03910 0007,13820,28560,42380,12510,51470,63980,12000LIN
R72 03910 0008,14980,16790,31770,13380,54710,68090,12000LIN
R72 03910 0009,15740,41480,57220,13960,49860,63820,12000LIN
R72 03910 0010,14980,10470,25450,13430,73950,87380,12000LIN
R72 03910 0011,14400,31730,46130,12940,60220,73160,12000LIN
R72 03910 0012,14020,35670,49690,12650,64400,77050,12000LIN
R72 03910 0013,14020,43820,57840,12650,50640,63290,12000LIN
R72 03910 0014,14020,40370,54390,12650,38070,50720,12000LIN
R72 03910 0015,14020,10360,24380,9050,20120,29170,12000LIN
R72 03910 0016,13820,35240,49060,12510,58140,70650,12000LIN
R72 03910 0020,18540,35450,53990,16240,66380,82620,12000LIN
R72 03910 0024,18540,37230,55770,16240,67830,84070,12000LIN
R72 03911 0024,14790,39620,54410,13210,63590,76800,12000LIN
R72 03911 0025,14790,35340,50130,13210,76740,89950,12000LIN
R72 03911 0026,20740,44670,65410,17730,52330,70060,12000LIN
R72 03911 0028,6720,0,6720,5520,0,5520,12000LIN
R72 03912 0008,16380,31240,47620,14480,82770,97250,12000LIN
R72 03912 0009,16380,40600,56980,14480,86010,100490,12000LIN
R72 03912 0010,16380,24140,40520,14480,87460,101940,12000LIN
R72 03912 0011,16800,27220,44020,14830,62970,77800,12000LIN
R72 03913 0001,15900,37720,53620,14140,62970,77110,12000LIN
R72 03913 0002,15900,38410,54310,14140,85510,99650,12000LIN
R72 03913 0003,15900,43130,59030,14140,73120,87260,12000LIN
R72 03913 0004,15900,38600,54500,14140,54800,68940,12000LIN
R72 03913 0007,15500,39820,55320,13750,77290,91040,12000LIN
R72 03913 0008,15500,41840,57340,13750,64470,78220,12000LIN
R72 03913 0009,15500,41720,57220,13750,53610,67360,12000LIN
R72 03913 0010,15500,48740,64240,13750,63700,77450,12000LIN
R72 03913 0011,12300,35140,47440,11090,67670,78760,12000LIN
R72 03913 0012,15500,47430,62930,13750,67350,81100,12000LIN
R72 03913 0013,15900,39470,55370,14140,55420,69560,12000LIN
R72 03913 0014,15900,52590,68490,14140,65860,80000,12000LIN
R72 03913 0015,15900,46440,62340,14140,53610,67750,12000LIN
R72 03913 0016,15900,52150,68050,14140,64590,78730,12000LIN
R72 03913 0017,15600,35480,51080,13870,84900,98770,12000LIN
R72 03913 0018,15600,31580,47180,13870,70030,83900,12000LIN
R72 03913 0019,15600,42030,57630,13870,85590,99460,12000LIN
R72 03913 0020,15600,38300,53900,13870,56120,69990,12000LIN
R72 03913 0021,15300,33520,48820,13590,52520,66110,12000LIN
R72 03913 0022,15300,43290,58590,13590,56540,70130,12000LIN
R72 03913 0023,15300,43060,58360,13590,33280,46870,12000LIN
R72 03913 0024,15100,41500,56600,13430,67200,80630,12000LIN
R72 03913 0025,15100,42190,57290,13430,77130,90560,12000LIN
R72 03913 0029,15600,37540,53140,13870,67560,81430,12000LIN
R72 03913 0030,15600,35100,50700,13870,54050,67920,12000LIN
R72 03913 0031,14980,36640,51620,13350,44640,57990,12000LIN
R72 03913 0032,16220,41270,57490,14380,77490,91870,12000LIN
R72 03913 0033,12320,38010,50330,11620,73770,85390,12000LIN
R72 03913 0035,13600,43340,56940,12430,36320,48750,12000LIN
R72 03913 0039,13650,42740,56390,12340,83410,95750,12000LIN
R72 03913 0040,13600,38600,52200,12430,41920,54350,12000LIN
R72 03913 0042,13760,39510,53270,12540,38170,50710,12000LIN
R72 03913 0049,12300,0,12300,11090,0,11090,12000LIN
R72 04001 0001,15710,30680,46390,13970,47900,61870,12000LIN
R72 04001 0002,15710,33090,48800,13970,28140,42110,12000LIN
R72 04001 0003,15710,34040,49750,13970,53530,67500,12000LIN
R72 04001 0004,15710,31410,47120,13970,58330,72300,12000LIN
R72 04001 0005,20740,41550,62290,18130,61410,79540,12000LIN
R72 04001 0007,9980,41210,51190,8730,72300,81030,12000LIN
R72 04001 0008,15150,20290,35440,13540,39840,53380,12000LIN
R72 04001 0009,3600,0,3600,3250,0,3250,12000LIN
R72 04001 0011,13970,12690,26660,12630,35960,48590,12000LIN
R72 04001 0012,13800,35780,49580,12490,41330,53820,12000LIN
R72 04001 0013,14600,42580,57180,13130,48500,61630,12000LIN
R72 04001 0014,14600,33580,48180,13130,44090,57220,12000LIN
R72 04001 0015,14600,36010,50610,13130,41200,54330,12000LIN
R72 04001 0016,14600,41300,55900,13130,42390,55520,12000LIN
R72 04001 0017,15200,45280,60480,13610,46250,59860,12000LIN
R72 04001 0019,15960,37840,53800,14140,60780,74920,12000LIN
R72 04001 0020,14950,35240,50190,13340,39070,52410,12000LIN
R72 04001 0021,14950,33150,48100,13340,55190,68530,12000LIN
R72 04001 0022,14950,41160,56110,13340,65140,78480,12000LIN
R72 04001 0023,14950,36040,50990,13340,61790,75130,12000LIN
R72 04001 0024,14950,34870,49820,13340,58280,71620,12000LIN
R72 04001 0025,14950,30050,45000,13340,56120,69460,12000LIN
R72 04001 0026,14950,35680,50630,9540,31250,40790,12000LIN
R72 04001 0027,14950,38630,53580,13340,57510,70850,12000LIN
R72 04001 0028,14950,33570,48520,13340,53590,66930,12000LIN
R72 04001 0029,14950,35360,50310,13340,57670,71010,12000LIN
R72 04001 0030,15350,34510,49860,13660,53600,67260,12000LIN
R72 04001 0031,15150,32720,47870,13500,54100,67600,12000LIN
R72 04001 0032,15350,24040,39390,13660,29130,42790,12000LIN
R72 04001 0033,14750,33920,48670,13170,51680,64850,12000LIN
R72 04001 0034,14750,41660,56410,13170,59490,72660,12000LIN
R72 04001 0035,14750,29320,44070,13170,51740,64910,12000LIN
R72 04001 0036,14750,36320,51070,13170,59920,73090,12000LIN
R72 04001 0037,2730,0,2730,2540,0,2540,12000LIN
R72 04001 0038,14750,34330,49080,13170,58280,71450,12000LIN
R72 04001 0039,14750,29570,44320,13170,42200,55370,12000LIN
R72 04001 0040,14750,29560,44310,13170,40910,54080,12000LIN
R72 04001 0041,14750,29490,44240,13170,63440,76610,12000LIN
R72 04001 0042,14750,33670,48420,13170,50320,63490,12000LIN
R72 04001 0043,15960,31480,47440,14140,53950,68090,12000LIN
R72 04001 0044,13940,29890,43830,12530,51630,64160,12000LIN
R72 04001 0045,15350,34260,49610,13660,65310,78970,12000LIN
R72 04001 0046,15350,37970,53320,13660,74770,88430,12000LIN
R72 04001 0047,15350,29690,45040,13660,52450,66110,12000LIN
R72 04001 0048,15350,34020,49370,13660,51690,65350,12000LIN
R72 04001 0050,15760,52000,67760,13980,73900,87880,12000LIN
R72 04001 0051,15350,36620,51970,13660,58480,72140,12000LIN
R72 04001 0052,15150,40290,55440,13500,63600,77100,12000LIN
R72 04001 0053,15150,36040,51190,13500,58740,72240,12000LIN
R72 04001 0054,15150,42550,57700,13500,70860,84360,12000LIN
R72 04001 0055,15150,31730,46880,13500,61560,75060,12000LIN
R72 04001 0056,15150,37820,52970,13500,49940,63440,12000LIN
R72 04001 0057,15150,40070,55220,13500,63270,76770,12000LIN
R72 04001 0058,15150,39590,54740,13500,63500,77000,12000LIN
R72 04001 0059,15150,32290,47440,13500,59640,73140,12000LIN
R72 04001 0060,15150,33230,48380,13500,70400,83900,12000LIN
R72 04001 0061,15150,50080,65230,13500,76630,90130,12000LIN
R72 04001 0062,14950,37430,52380,13340,62610,75950,12000LIN
R72 04001 0063,14950,34990,49940,13340,58060,71400,12000LIN
R72 04001 0064,14950,37880,52830,13340,60410,73750,12000LIN
R72 04001 0065,14950,39040,53990,13340,64070,77410,12000LIN
R72 04001 0066,14950,37990,52940,13340,69430,82770,12000LIN
R72 04001 0067,15760,33200,48960,13980,68770,82750,12000LIN
R72 04001 0068,14510,37330,51840,12980,59880,72860,12000LIN
R72 04001 0069,14510,35950,50460,12980,61770,74750,12000LIN
R72 04001 0070,14510,34470,48980,12980,56010,68990,12000LIN
R72 04001 0071,6330,12670,19000,12980,31150,44130,12000LIN
R72 04001 0072,14510,40520,55030,12980,63540,76520,12000LIN
R72 04001 0073,14510,38770,53280,12980,55950,68930,12000LIN
R72 04001 0074,14510,40470,54980,12980,59240,72220,12000LIN
R72 04001 0075,14510,36980,51490,12980,47710,60690,12000LIN
R72 04001 0076,14510,35820,50330,12980,59630,72610,12000LIN
R72 04001 0077,14510,35670,50180,12980,51000,63980,12000LIN
R72 04001 0078,14510,41090,55600,12980,66300,79280,12000LIN
R72 04001 0079,14140,35640,49780,12710,50340,63050,12000LIN
R72 04001 0080,14140,36460,50600,12710,56320,69030,12000LIN
R72 04001 0081,14140,36660,50800,12710,50340,63050,12000LIN
R72 04001 0082,14140,34940,49080,12710,58450,71160,12000LIN
R72 04001 0083,13950,36840,50790,12570,60000,72570,12000LIN
R72 04001 0084,13950,33090,47040,12570,64660,77230,12000LIN
R72 04001 0085,17300,40840,58140,15000,62140,77140,12000LIN
R72 04001 0086,14140,37060,51200,12710,56650,69360,12000LIN
R72 04001 0087,14140,34760,48900,12710,57950,70660,12000LIN
R72 04001 0088,14140,34350,48490,12710,57480,70190,12000LIN
R72 04001 0089,13830,30570,44400,12520,46430,58950,12000LIN
R72 04001 0090,12240,31710,43950,11370,47220,58590,12000LIN
R72 04001 0091,15800,40850,56650,14040,49690,63730,12000LIN
R72 04001 0092,14500,24560,39060,12980,70320,83300,12000LIN
R72 04001 0093,13760,22300,36060,12440,12850,25290,12000LIN
R72 04001 0094,13500,37010,50510,6150,0,6150,12000LIN
R72 04001 0096,13470,28570,42040,12210,58920,71130,12000LIN
R72 04001 0097,14550,33570,48120,6570,0,6570,12000LIN
R72 04002 0004,14600,33700,48300,13130,53190,66320,12000LIN
R72 04002 0005,14600,36920,51520,13130,51850,64980,12000LIN
R72 04002 0006,14800,36520,51320,13290,49650,62940,12000LIN
R72 04002 0007,15400,35160,50560,13770,52090,65860,12000LIN
R72 04002 0008,14600,37280,51880,13130,53420,66550,12000LIN
R72 04002 0009,15400,35490,50890,13770,44970,58740,12000LIN
R72 04002 0010,14600,38110,52710,13130,55270,68400,12000LIN
R72 04002 0011,15400,33600,49000,13770,56500,70270,12000LIN
R72 04002 0012,14600,31860,46460,13130,54630,67760,12000LIN
R72 04002 0013,15400,25200,40600,13770,45820,59590,12000LIN
R72 04002 0014,14600,36730,51330,13130,52030,65160,12000LIN
R72 04002 0015,15400,27370,42770,13770,42610,56380,12000LIN
R72 04002 0016,14600,31620,46220,13130,48610,61740,12000LIN
R72 04002 0017,15400,28100,43500,13770,26230,40000,12000LIN
R72 04002 0018,14600,32360,46960,13130,39070,52200,12000LIN
R72 04003 0001,13580,36420,50000,12300,50400,62700,12000LIN
R72 04003 0002,13950,35550,49500,12570,67110,79680,12000LIN
R72 04003 0003,13950,41010,54960,12570,55100,67670,12000LIN
R72 04003 0004,13950,38040,51990,12570,65810,78380,12000LIN
R72 04003 0005,13950,38350,52300,12570,61770,74340,12000LIN
R72 04003 0006,13950,41010,54960,12570,56570,69140,12000LIN
R72 04003 0007,13950,39790,53740,12570,71990,84560,12000LIN
R72 04003 0008,13950,37620,51570,12570,60490,73060,12000LIN
R72 04003 0009,13760,36380,50140,12440,59620,72060,12000LIN
R72 04003 0010,13760,37980,51740,12440,69300,81740,12000LIN
R72 04003 0011,13950,45000,58950,12570,65020,77590,12000LIN
R72 04003 0012,14340,38520,52860,12850,40160,53010,12000LIN
R72 04003 0013,14140,31870,46010,12690,50560,63250,12000LIN
R72 04003 0014,14750,36600,51350,13170,52700,65870,12000LIN
R72 04003 0015,14750,40860,55610,13170,55510,68680,12000LIN
R72 04003 0016,14750,36970,51720,13170,55920,69090,12000LIN
R72 04003 0017,14750,39220,53970,13170,58810,71980,12000LIN
R72 04003 0018,14750,37110,51860,13170,58740,71910,12000LIN
R72 04003 0019,14750,42880,57630,13170,62000,75170,12000LIN
R72 04003 0020,14750,39150,53900,13170,56200,69370,12000LIN
R72 04003 0021,14750,36220,50970,13170,57440,70610,12000LIN
R72 04003 0022,14750,35490,50240,13170,54130,67300,12000LIN
R72 04003 0023,14750,37550,52300,13170,57850,71020,12000LIN
R72 04003 0024,14750,38370,53120,13170,63660,76830,12000LIN
R72 04003 0025,14750,31380,46130,13170,45830,59000,12000LIN
R72 04003 0026,14750,37240,51990,13170,59960,73130,12000LIN
R72 04003 0027,14750,46430,61180,13170,72090,85260,12000LIN
R72 04003 0028,14750,40950,55700,13170,49530,62700,12000LIN
R72 04003 0029,14750,33350,48100,13170,50420,63590,12000LIN
R72 04003 0030,14750,40980,55730,9420,26580,36000,12000LIN
R72 04003 0031,14750,32340,47090,13170,51890,65060,12000LIN
R72 04003 0032,14750,42460,57210,13170,56690,69860,12000LIN
R72 04003 0033,14750,32110,46860,13170,49200,62370,12000LIN
R72 04003 0034,14750,40310,55060,13170,43190,56360,12000LIN
R72 04003 0035,14750,39220,53970,13170,70610,83780,12000LIN
R72 04003 0036,14750,17540,32290,13170,74860,88030,12000LIN
R72 04003 0038,14750,44060,58810,13170,94180,107350,12000LIN
R72 04003 0039,14750,40120,54870,13170,73100,86270,12000LIN
R72 04003 0040,14340,43370,57710,12850,60990,73840,12000LIN
R72 04003 0041,14540,43860,58400,13010,67770,80780,12000LIN
R72 04003 0042,14340,38980,53320,12850,64050,76900,12000LIN
R72 04003 0043,15150,41360,56510,13500,64070,77570,12000LIN
R72 04003 0044,14750,39420,54170,13170,61890,75060,12000LIN
R72 04003 0045,15150,36430,51580,13500,63540,77040,12000LIN
R72 04003 0046,15150,36180,51330,13500,59630,73130,12000LIN
R72 04003 0047,15150,46590,61740,13500,66880,80380,12000LIN
R72 04003 0048,15150,37650,52800,13500,60760,74260,12000LIN
R72 04003 0049,15150,28080,43230,13500,61920,75420,12000LIN
R72 04003 0050,15150,37710,52860,13500,58640,72140,12000LIN
R72 04003 0051,15150,38530,53680,13500,63340,76840,12000LIN
R72 04003 0052,15150,38740,53890,13500,55260,68760,12000LIN
R72 04003 0053,14750,37340,52090,13170,56500,69670,12000LIN
R72 04003 0054,14750,33850,48600,13170,57770,70940,12000LIN
R72 04003 0055,14750,38230,52980,13170,48920,62090,12000LIN
R72 04003 0056,14750,41300,56050,13170,62120,75290,12000LIN
R72 04003 0057,14750,43280,58030,13170,64760,77930,12000LIN
R72 04003 0058,14750,33840,48590,13170,54410,67580,12000LIN
R72 04003 0059,14750,38180,52930,13170,57900,71070,12000LIN
R72 04003 0060,14750,44790,59540,13170,51800,64970,12000LIN
R72 04003 0061,14750,33870,48620,13170,55890,69060,12000LIN
R72 04003 0062,14750,41210,55960,9420,23240,32660,12000LIN
R72 04003 0063,14750,36050,50800,13170,58870,72040,12000LIN
R72 04003 0064,18380,37840,56220,16070,61840,77910,12000LIN
R72 04003 0066,20400,34960,55360,17680,82000,99680,12000LIN
R72 04003 0068,14750,36890,51640,13170,53200,66370,12000LIN
R72 04003 0069,14750,31970,46720,13170,55220,68390,12000LIN
R72 04003 0070,14750,33670,48420,13170,56220,69390,12000LIN
R72 04003 0071,14750,36420,51170,13170,58360,71530,12000LIN
R72 04003 0072,14750,33630,48380,13170,56810,69980,12000LIN
R72 04003 0073,14750,37410,52160,13170,60750,73920,12000LIN
R72 04003 0074,14750,32190,46940,13170,54160,67330,12000LIN
R72 04003 0075,14750,34690,49440,13170,49920,63090,12000LIN
R72 04003 0076,14750,36520,51270,13170,59550,72720,12000LIN
R72 04003 0077,14750,38750,53500,13170,64820,77990,12000LIN
R72 04003 0078,14750,33220,47970,13170,57600,70770,12000LIN
R72 04003 0079,14750,36200,50950,13170,56930,70100,12000LIN
R72 04003 0080,14750,39650,54400,13170,59490,72660,12000LIN
R72 04003 0081,14750,33410,48160,13170,51750,64920,12000LIN
R72 04003 0082,14750,19020,33770,13170,57110,70280,12000LIN
R72 04003 0083,14750,36800,51550,13170,57680,70850,12000LIN
R72 04003 0084,14750,31640,46390,13170,43290,56460,12000LIN
R72 04003 0097,11600,53110,64710,10730,87750,98480,12000LIN
R72 04003 0098,7300,0,7300,5940,0,5940,12000LIN
R72 04003 0099,14600,36430,51030,13130,64490,77620,12000LIN
R72 04003 0100,14600,33100,47700,13130,55730,68860,12000LIN
R72 04003 0101,14600,36330,50930,13130,65240,78370,12000LIN
R72 04003 0102,14600,35780,50380,13130,52510,65640,12000LIN
R72 04003 0103,15180,37590,52770,13520,57170,70690,12000LIN
R72 04003 0104,14600,41610,56210,13130,53390,66520,12000LIN
R72 04003 0105,14600,34940,49540,13130,57740,70870,12000LIN
R72 04003 0106,14600,35030,49630,13130,50250,63380,12000LIN
R72 04003 0107,14600,33330,47930,13130,55950,69080,12000LIN
R72 04003 0108,14600,38140,52740,13130,52000,65130,12000LIN
R72 04003 0109,15900,42980,58880,14140,113480,127620,12000LIN
R72 04003 0110,15900,39490,55390,14140,58070,72210,12000LIN
R72 04003 0111,15900,41760,57660,14140,63530,77670,12000LIN
R72 04003 0112,15690,42130,57820,13960,59720,73680,12000LIN
R72 04003 0113,16110,42730,58840,14320,59080,73400,12000LIN
R72 04003 0114,16960,70260,87220,15040,83950,98990,12000LIN
R72 04003 0115,15900,42990,58890,14140,67180,81320,12000LIN
R72 04003 0116,16960,39610,56570,15040,83810,98850,12000LIN
R72 04003 0118,16960,38120,55080,14990,82640,97630,12000LIN
R72 04003 0120,15900,42560,58460,14100,58830,72930,12000LIN
R72 04003 0122,24990,38230,63220,21620,80700,102320,12000LIN
R72 04003 0125,20990,49210,70200,18300,61550,79850,12000LIN
R72 04003 0126,15900,47920,63820,14100,48200,62300,12000LIN
R72 04003 0127,15900,39940,55840,14100,55660,69760,12000LIN
R72 04003 0128,15900,38410,54310,14100,52930,67030,12000LIN
R72 04003 0129,15900,43870,59770,14100,86640,100740,12000LIN
R72 04003 0130,15900,41650,57550,14100,53900,68000,12000LIN
R72 04003 0131,15900,0,15900,14100,0,14100,12000LIN
R72 04003 0132,15900,0,15900,14100,0,14100,12000LIN
R72 04003 0133,12720,0,12720,11420,0,11420,12000LIN
R72 04003 0134,19080,90790,109870,16770,106140,122910,12000LIN
R72 04003 0135,15900,40570,56470,14100,57490,71590,12000LIN
R72 04003 0136,7740,0,7740,6210,0,6210,12000LIN
R72 04003 0137,8170,30870,39040,7570,36060,43630,12000LIN
R72 04003 0140,13620,40660,54280,12390,40840,53230,12000LIN
R72 04003 0141,13620,37270,50890,12390,58930,71320,12000LIN
R72 04003 0142,13620,37880,51500,12390,54600,66990,12000LIN
R72 04003 0143,13620,39050,52670,12390,62050,74440,12000LIN
R72 04003 0144,13620,37460,51080,12390,60580,72970,12000LIN
R72 04003 0145,13620,38930,52550,8870,17130,26000,12000LIN
R72 04003 0146,13620,37340,50960,12390,59610,72000,12000LIN
R72 04003 0147,13620,38020,51640,12390,59670,72060,12000LIN
R72 04003 0148,13980,37330,51310,12660,50690,63350,12000LIN
R72 04003 0149,13110,37160,50270,12030,124850,136880,12000LIN
R72 04003 0150,9590,37000,46590,8860,58490,67350,12000LIN
R72 04003 0151,12780,39370,52150,11820,58420,70240,12000LIN
R72 04003 0152,12780,42790,55570,11820,60300,72120,12000LIN
R72 04003 0153,12780,42030,54810,11820,72220,84040,12000LIN
R72 04003 0154,12780,41170,53950,11820,66320,78140,12000LIN
R72 04003 0155,12780,36870,49650,11820,50360,62180,12000LIN
R72 04003 0156,12780,34540,47320,11820,45610,57430,12000LIN
R72 04003 0157,12780,38970,51750,11820,60530,72350,12000LIN
R72 04003 0158,12780,39440,52220,11860,64350,76210,12000LIN
R72 04003 0159,12780,36480,49260,11820,49600,61420,12000LIN
R72 04003 0160,12780,18280,31060,11820,62670,74490,12000LIN
R72 04003 0161,13110,48820,61930,12030,67880,79910,12000LIN
R72 04003 0163,25010,45230,70240,23280,54750,78030,12000LIN
R72 04004 0001,16380,37910,54290,14480,53280,67760,12000LIN
R72 04004 0002,15540,38190,53730,13780,66190,79970,12000LIN
R72 04004 0003,15540,35850,51390,13780,61960,75740,12000LIN
R72 04004 0004,15540,45640,61180,13780,70380,84160,12000LIN
R72 04004 0005,15540,34320,49860,13780,53760,67540,12000LIN
R72 04004 0006,15540,47530,63070,13780,66570,80350,12000LIN
R72 04004 0007,15540,36260,51800,13780,62420,76200,12000LIN
R72 04004 0008,15540,41450,56990,13780,62300,76080,12000LIN
R72 04004 0009,15540,32760,48300,13780,50920,64700,12000LIN
R72 04004 0010,18200,14880,33080,18050,56040,74090,12000LIN
R72 04004 0011,10510,34880,45390,10650,55450,66100,12000LIN
R72 04004 0013,14350,36020,50370,12830,56900,69730,12000LIN
R72 04004 0014,15120,38500,53620,13440,61130,74570,12000LIN
R72 04004 0015,15120,43080,58200,13440,74560,88000,12000LIN
R72 04004 0016,15120,39740,54860,13440,57780,71220,12000LIN
R72 04004 0017,15120,36380,51500,13440,54250,67690,12000LIN
R72 04004 0018,15120,38800,53920,13440,63260,76700,12000LIN
R72 04004 0019,15120,37500,52620,13440,67580,81020,12000LIN
R72 04004 0020,15120,37830,52950,13440,68840,82280,12000LIN
R72 04004 0021,15120,38070,53190,13440,60610,74050,12000LIN
R72 04004 0022,18900,38540,57440,16570,56660,73230,12000LIN
R72 04004 0023,18690,39320,58010,16400,48110,64510,12000LIN
R72 04004 0025,18690,40880,59570,16400,46730,63130,12000LIN
R72 04004 0026,18690,41230,59920,16400,47320,63720,12000LIN
R72 04004 0028,18690,46460,65150,16400,57810,74210,12000LIN
R72 04004 0029,7980,0,7980,6390,0,6390,12000LIN
R72 04004 0030,7140,0,7140,5810,0,5810,12000LIN
R72 04004 0031,16540,50740,67280,14510,60270,74780,12000LIN
R72 04004 0032,16730,46190,62920,14650,55890,70540,12000LIN
R72 04004 0034,16730,58980,75710,14650,71510,86160,12000LIN
R72 04004 0035,16730,33420,50150,14650,48990,63640,12000LIN
R72 04004 0037,16920,60260,77180,14790,80140,94930,12000LIN
R72 04004 0038,23530,47980,71510,20420,56500,76920,12000LIN
R72 04004 0040,15690,42670,58360,13870,57770,71640,12000LIN
R72 04004 0041,19720,44900,64620,17230,54970,72200,12000LIN
R72 04004 0043,5940,0,5940,4840,0,4840,12000LIN
R72 04004 0044,19290,55710,75000,16880,91000,107880,12000LIN
R72 04004 0049,17260,32600,49860,15240,32910,48150,12000LIN
R72 04004 0051,17260,33240,50500,15240,37560,52800,12000LIN
R72 04004 0052,17060,33780,50840,15070,39390,54460,12000LIN
R72 04004 0054,17260,39690,56950,15240,47160,62400,12000LIN
R72 04004 0056,17470,38660,56130,15470,41000,56470,12000LIN
R72 04004 0058,17680,34570,52250,15640,38040,53680,12000LIN
R72 04004 0059,14540,41510,56050,13060,70960,84020,12000LIN
R72 04004 0060,14170,39150,53320,12790,65790,78580,12000LIN
R72 04004 0061,14170,40660,54830,12790,65600,78390,12000LIN
R72 04004 0062,14170,44560,58730,12790,62020,74810,12000LIN
R72 04004 0063,14170,35910,50080,12790,55520,68310,12000LIN
R72 04004 0064,14170,38240,52410,12790,29660,42450,12000LIN
R72 04004 0065,14170,35570,49740,9150,35850,45000,12000LIN
R72 04004 0066,14170,36400,50570,12790,84420,97210,12000LIN
R72 04004 0067,14170,37640,51810,12790,61140,73930,12000LIN
R72 04004 0068,14170,35560,49730,12790,57940,70730,12000LIN
R72 04004 0069,14170,36990,51160,12790,62150,74940,12000LIN
R72 04004 0070,14170,37270,51440,12790,61380,74170,12000LIN
R72 04004 0071,14540,39350,53890,13060,61210,74270,12000LIN
R72 04004 0072,14540,42550,57090,13060,51660,64720,12000LIN
R72 04004 0073,14170,36680,50850,12790,57150,69940,12000LIN
R72 04004 0074,14170,37040,51210,12790,57380,70170,12000LIN
R72 04004 0075,14170,36820,50990,12790,57600,70390,12000LIN
R72 04004 0076,14170,38550,52720,12790,42800,55590,12000LIN
R72 04004 0077,14170,38290,52460,12790,59770,72560,12000LIN
R72 04004 0078,14170,38360,52530,12790,61650,74440,12000LIN
R72 04004 0079,14170,36850,51020,12790,56510,69300,12000LIN
R72 04004 0080,14170,21970,36140,12790,66130,78920,12000LIN
R72 04004 0081,14170,36810,50980,12790,52520,65310,12000LIN
R72 04004 0082,14170,38480,52650,12790,62290,75080,12000LIN
R72 04004 0083,14170,39870,54040,12790,65120,77910,12000LIN
R72 04004 0084,14540,45580,60120,13060,65610,78670,12000LIN
R72 04004 0085,13980,41780,55760,12660,69930,82590,12000LIN
R72 04004 0087,13620,35950,49570,12390,45600,57990,12000LIN
R72 04004 0089,13620,38530,52150,12390,62190,74580,12000LIN
R72 04004 0091,13620,39130,52750,12390,62930,75320,12000LIN
R72 04004 0092,13800,40020,53820,12530,98610,111140,12000LIN
R72 04004 0093,13800,40460,54260,12530,61770,74300,12000LIN
R72 04004 0094,13800,39930,53730,12530,49930,62460,12000LIN
R72 04004 0095,13800,39410,53210,12530,58570,71100,12000LIN
R72 04004 0096,14900,39420,54320,13330,63370,76700,12000LIN
R72 04004 0098,6350,0,6350,5300,0,5300,12000LIN
R72 04004 0099,13430,58480,71910,12260,79130,91390,12000LIN
R72 04004 0100,13430,35420,48850,12260,58640,70900,12000LIN
R72 04004 0101,13800,34950,48750,12530,59630,72160,12000LIN
R72 04004 0102,13800,35330,49130,12530,57830,70360,12000LIN
R72 04004 0103,13800,37690,51490,12530,53160,65690,12000LIN
R72 04004 0104,13800,35180,48980,12530,59450,71980,12000LIN
R72 04004 0105,13800,42210,56010,12530,59280,71810,12000LIN
R72 04004 0106,13800,35660,49460,12530,57810,70340,12000LIN
R72 04004 0107,13800,36250,50050,12530,59000,71530,12000LIN
R72 04004 0108,13800,35670,49470,12530,54840,67370,12000LIN
R72 04004 0109,13800,38250,52050,12530,63060,75590,12000LIN
R72 04004 0110,13430,34690,48120,12260,61890,74150,12000LIN
R72 04004 0111,13900,40950,54850,12540,60330,72870,12000LIN
R72 04004 0112,13730,41700,55430,12420,68510,80930,12000LIN
R72 04004 0113,13730,28290,42020,12420,71280,83700,12000LIN
R72 04004 0114,13730,37460,51190,12420,61350,73770,12000LIN
R72 04004 0115,13730,46800,60530,12420,67340,79760,12000LIN
R72 04004 0116,13730,43990,57720,12420,65830,78250,12000LIN
R72 04004 0117,13730,44910,58640,12420,74390,86810,12000LIN
R72 04004 0118,13730,35510,49240,12420,63560,75980,12000LIN
R72 04004 0119,13730,59470,73200,12420,86200,98620,12000LIN
R72 04004 0120,13900,31230,45130,12540,76050,88590,12000LIN
R72 04004 0121,13900,36880,50780,12540,52720,65260,12000LIN
R72 04004 0122,13730,34180,47910,12420,49610,62030,12000LIN
R72 04004 0123,13730,44930,58660,12420,66830,79250,12000LIN
R72 04004 0124,13730,42580,56310,12420,60090,72510,12000LIN
R72 04004 0125,13730,38920,52650,12420,60460,72880,12000LIN
R72 04004 0126,13730,43400,57130,12420,63410,75830,12000LIN
R72 04004 0127,13730,41530,55260,12420,60460,72880,12000LIN
R72 04004 0128,13730,29630,43360,12420,52100,64520,12000LIN
R72 04004 0129,13730,34110,47840,12420,64280,76700,12000LIN
R72 04004 0130,13900,39730,53630,12540,62530,75070,12000LIN
R72 04004 0137,5940,0,5940,4840,0,4840,12000LIN
R72 04004 0138,17060,39050,56110,15070,44910,59980,12000LIN
R72 04004 0141,17260,42930,60190,15240,51540,66780,12000LIN
R72 04005 0001,16380,39090,55470,14480,62790,77270,12000LIN
R72 04005 0002,16380,37980,54360,14480,61560,76040,12000LIN
R72 04005 0003,16380,42470,58850,14480,68080,82560,12000LIN
R72 04005 0004,16380,41380,57760,14480,64010,78490,12000LIN
R72 04005 0005,16380,63670,80050,14480,78980,93460,12000LIN
R72 04005 0006,8300,0,8300,6620,0,6620,12000LIN
R72 04005 0007,13020,38210,51230,11940,59590,71530,12000LIN
R72 04005 0008,13020,35330,48350,11940,56170,68110,12000LIN
R72 04005 0009,13020,37590,50610,11940,54790,66730,12000LIN
R72 04005 0010,13020,28360,41380,11940,65380,77320,12000LIN
R72 04005 0011,13020,44390,57410,11940,69690,81630,12000LIN
R72 04005 0012,13200,39400,52600,12060,79780,91840,12000LIN
R72 04005 0013,13200,41150,54350,12060,69770,81830,12000LIN
R72 04005 0014,13200,40940,54140,12060,58520,70580,12000LIN
R72 04005 0015,13200,40080,53280,12060,64790,76850,12000LIN
R72 04005 0016,13200,38010,51210,12060,60190,72250,12000LIN
R72 04005 0017,13200,47050,60250,12060,61300,73360,12000LIN
R72 04005 0018,13200,36940,50140,12060,60140,72200,12000LIN
R72 04005 0019,13200,38810,52010,12060,61230,73290,12000LIN
R72 04005 0020,13200,41060,54260,12060,62420,74480,12000LIN
R72 04005 0021,13200,40270,53470,12060,49830,61890,12000LIN
R72 04005 0022,13200,33780,46980,12060,31620,43680,12000LIN
R72 04005 0024,13200,37860,51060,12060,51580,63640,12000LIN
R72 04005 0025,13200,38390,51590,12060,60660,72720,12000LIN
R72 04005 0026,13200,38970,52170,8630,12740,21370,12000LIN
R72 04005 0027,13200,43530,56730,8630,26610,35240,12000LIN
R72 04005 0028,13200,41440,54640,12060,32610,44670,12000LIN
R72 04005 0029,13200,41020,54220,12060,59730,71790,12000LIN
R72 04005 0030,13020,41250,54270,11940,61140,73080,12000LIN
R72 04005 0031,13020,40950,53970,4800,0,4800,12000LIN
R72 04005 0032,13020,39480,52500,11940,53620,65560,12000LIN
R72 04005 0033,13020,37690,50710,11940,59900,71840,12000LIN
R72 04005 0034,13020,42970,55990,11940,60650,72590,12000LIN
R72 04005 0036,13200,46130,59330,12060,72640,84700,12000LIN
R72 04006 0001,7880,0,7880,6320,0,6320,12000LIN
R72 04006 0002,14450,32910,47360,13000,56570,69570,12000LIN
R72 04006 0003,14160,29020,43180,12740,56600,69340,12000LIN
R72 04006 0004,15010,29830,44840,13420,45860,59280,12000LIN
R72 04006 0005,15090,27630,42720,13530,53060,66590,12000LIN
R72 04006 0006,14540,30590,45130,13060,54940,68000,12000LIN
R72 04006 0007,15330,30100,45430,13610,54530,68140,12000LIN
R72 04006 0008,15330,30640,45970,13610,55510,69120,12000LIN
R72 04006 0009,15330,27870,43200,13610,54020,67630,12000LIN
R72 04006 0010,15330,38420,53750,13610,64670,78280,12000LIN
R72 04006 0011,15750,29520,45270,13960,53880,67840,12000LIN
R72 04006 0012,14080,35790,49870,12660,57100,69760,12000LIN
R72 04006 0013,13900,33040,46940,12540,57500,70040,12000LIN
R72 04006 0014,13900,32690,46590,12540,54600,67140,12000LIN
R72 04006 0015,13900,34080,47980,12540,50700,63240,12000LIN
R72 04006 0016,13900,17650,31550,12540,63100,75640,12000LIN
R72 04006 0017,13900,33780,47680,12540,56190,68730,12000LIN
R72 04006 0018,12850,29810,42660,11820,49710,61530,12000LIN
R72 04006 0019,12850,29660,42510,11820,56870,68690,12000LIN
R72 04006 0020,14080,39340,53420,12660,57850,70510,12000LIN
R72 04006 0022,14890,34300,49190,13310,57750,71060,12000LIN
R72 04006 0023,7450,0,7450,6010,0,6010,12000LIN
R72 04006 0024,7450,0,7450,6010,0,6010,12000LIN
R72 04006 0025,7450,0,7450,6010,0,6010,12000LIN
R72 04006 0026,16000,46990,62990,22400,87040,109440,12000LIN
R72 04006 0028,8980,0,8980,6920,0,6920,12000LIN
R72 04006 0029,14080,50110,64190,12660,66120,78780,12000LIN
R72 04006 0030,14080,30420,44500,12660,47230,59890,12000LIN
R72 04006 0031,12850,36130,48980,11820,30550,42370,12000LIN
R72 04006 0032,12850,32120,44970,11820,55340,67160,12000LIN
R72 04006 0033,13900,44940,58840,12540,65880,78420,12000LIN
R72 04006 0034,13900,34170,48070,8980,27000,35980,12000LIN
R72 04006 0035,13900,36270,50170,12540,56500,69040,12000LIN
R72 04006 0037,13900,33670,47570,12540,49810,62350,12000LIN
R72 04006 0038,14080,43920,58000,12660,63670,76330,12000LIN
R72 04006 0039,15090,35850,50940,13400,60370,73770,12000LIN
R72 04006 0041,14720,34170,48890,13140,51130,64270,12000LIN
R72 04006 0043,14720,32160,46880,13140,36960,50100,12000LIN
R72 04006 0045,14720,47600,62320,13140,68710,81850,12000LIN
R72 04006 0046,14720,58830,73550,13140,62700,75840,12000LIN
R72 04006 0047,14720,43440,58160,13140,55320,68460,12000LIN
R72 04006 0048,13980,37940,51920,12610,68960,81570,12000LIN
R72 04006 0049,13980,38050,52030,12610,58250,70860,12000LIN
R72 04006 0050,13980,33760,47740,12610,56470,69080,12000LIN
R72 04006 0051,13980,38290,52270,12610,62060,74670,12000LIN
R72 04006 0052,15640,40800,56440,13800,52350,66150,12000LIN
R72 04006 0053,14720,41960,56680,13140,54880,68020,12000LIN
R72 04006 0061,14900,134190,149090,6020,0,6020,12000LIN
R72 04006 0062,7360,0,7360,13190,156190,169380,12000LIN
R72 04006 0063,14720,38360,53080,13190,74080,87270,12000LIN
R72 04006 0064,14720,44400,59120,13190,67160,80350,12000LIN
R72 04006 0065,14720,47710,62430,13190,71510,84700,12000LIN
R72 04006 0066,14720,39260,53980,13190,63770,76960,12000LIN
R72 04006 0067,14720,48330,63050,13190,72490,85680,12000LIN
R72 04006 0068,14720,42290,57010,13190,63670,76860,12000LIN
R72 04006 0070,14720,10960,25680,13190,60640,73830,12000LIN
R72 04006 0072,14350,33850,48200,12930,51950,64880,12000LIN
R72 04006 0074,14350,34870,49220,12930,58430,71360,12000LIN
R72 04006 0076,15090,42620,57710,13460,69990,83450,12000LIN
R72 04006 0078,14350,33800,48150,9250,26280,35530,12000LIN
R72 04006 0079,14350,36570,50920,12930,56870,69800,12000LIN
R72 04006 0080,14350,35270,49620,12930,59450,72380,12000LIN
R72 04006 0081,14350,35250,49600,12930,49650,62580,12000LIN
R72 04006 0082,14350,32640,46990,12930,51850,64780,12000LIN
R72 04006 0083,14350,35350,49700,12930,59430,72360,12000LIN
R72 04006 0084,14350,33210,47560,12930,64850,77780,12000LIN
R72 04006 0085,14350,34710,49060,12930,60970,73900,12000LIN
R72 04006 0086,14350,32100,46450,12930,53840,66770,12000LIN
R72 04006 0087,14350,34420,48770,12930,59170,72100,12000LIN
R72 04006 0088,14350,34700,49050,12930,57150,70080,12000LIN
R72 04006 0089,13980,35770,49750,12660,60930,73590,12000LIN
R72 04006 0090,13980,34360,48340,12660,57360,70020,12000LIN
R72 04006 0091,13980,34360,48340,12660,57220,69880,12000LIN
R72 04006 0092,13980,38060,52040,12660,60670,73330,12000LIN
R72 04006 0093,13980,34620,48600,12660,57040,69700,12000LIN
R72 04006 0094,13800,34540,48340,12530,56580,69110,12000LIN
R72 04006 0095,14170,40450,54620,12790,91440,104230,12000LIN
R72 04006 0096,15640,30880,46520,13860,63190,77050,12000LIN
R72 04006 0097,8730,21930,30660,8470,36920,45390,12000LIN
R72 04006 0098,15300,32980,48280,13640,56940,70580,12000LIN
R72 04006 0100,14720,36550,51270,13140,45950,59090,12000LIN
R72 04006 0102,14720,33890,48610,13140,54580,67720,12000LIN
R72 04006 0104,14350,34850,49200,12930,91390,104320,12000LIN
R72 04006 0107,14350,37660,52010,12930,59370,72300,12000LIN
R72 04006 0110,14720,37780,52500,13190,61750,74940,12000LIN
R72 04006 0112,14350,33910,48260,12930,65300,78230,12000LIN
R72 04006 0114,11230,40210,51440,11070,61840,72910,12000LIN
R72 04006 0115,13800,67590,81390,12530,136450,148980,12000LIN
R72 04006 0117,6610,23800,30410,6190,36770,42960,12000LIN
R72 04102 0001,8290,30180,38470,8300,31250,39550,32000LIN
R72 04102 0002,8220,30720,38940,8240,32400,40640,32000LIN
R72 04102 0003,4110,2330,6440,4100,3080,7180,32000LIN
R72 04102 0004,8140,30560,38700,8140,35480,43620,32000LIN
R72 04102 0005,8060,33720,41780,8100,40220,48320,32000LIN
R72 04102 0006,8060,20450,28510,8040,36670,44710,32000LIN
R72 04102 0007,7980,24840,32820,7970,23580,31550,32000LIN
R72 04102 0008,7910,28290,36200,7940,24330,32270,32000LIN
R72 04102 0009,7780,33190,40970,7740,36190,43930,32000LIN
R72 04102 0010,5720,28770,34490,5970,25140,31110,32000LIN
R72 04102 0011,7880,53930,61810,7830,66570,74400,32000LIN
R72 04102 0013,7600,36510,44110,7570,37240,44810,32000LIN
R72 04102 0014,2660,6930,9590,7540,24300,31840,32000LIN
R72 04102 0016,7440,21130,28570,7400,30740,38140,32000LIN
R72 04102 0017,8640,18260,26900,8510,28700,37210,32000LIN
R72 04102 0020,7440,41430,48870,7400,26190,33590,32000LIN
R72 04102 0022,7520,36060,43580,11910,37680,49590,32000LIN
R72 04102 0023,7600,30030,37630,7570,36410,43980,32000LIN
R72 04102 0024,7670,20920,28590,7640,37470,45110,32000LIN
R72 04102 0025,7750,16630,24380,7700,38520,46220,32000LIN
R72 04102 0027,7910,30360,38270,7900,33480,41380,32000LIN
R72 04102 0028,7750,33030,40780,7740,36050,43790,32000LIN
R72 04102 0029,7980,17070,25050,8000,22180,30180,32000LIN
R72 04102 0030,8060,17020,25080,8070,6210,14280,32000LIN
R72 04102 0031,8140,27120,35260,8140,29990,38130,32000LIN
R72 04102 0032,4070,2060,6130,4090,2710,6800,32000LIN
R72 04102 0033,8220,35050,43270,8240,42000,50240,32000LIN
R72 04102 0034,8290,29920,38210,8300,26100,34400,32000LIN
R72 04102 0036,8370,31990,40360,8400,39680,48080,32000LIN
R72 04102 0037,5360,29500,34860,5480,33050,38530,32000LIN
R72 04102 0038,8290,17950,26240,8340,13130,21470,32000LIN
R72 04102 0039,7520,34560,42080,7470,33260,40730,32000LIN
R72 04102 0040,7520,29760,37280,7470,23720,31190,32000LIN
R72 04102 0041,3380,0,3380,3040,0,3040,32000LIN
R72 04103 0005,7990,33260,41250,7930,37170,45100,32000LIN
R72 04103 0006,7290,36720,44010,7210,40750,47960,32000LIN
R72 04103 0007,7210,28590,35800,7140,36960,44100,32000LIN
R72 04103 0010,6980,33220,40200,6910,12870,19780,32000LIN
R72 04103 0011,6900,18100,25000,6840,18720,25560,32000LIN
R72 04103 0012,6670,23500,30170,6640,42040,48680,32000LIN
R72 04103 0014,7600,31000,38600,7560,42390,49950,32000LIN
R72 04103 0015,7050,35420,42470,7050,40830,47880,32000LIN
R72 04103 0016,7290,27870,35160,7240,35400,42640,32000LIN
R72 04103 0017,7290,33250,40540,7210,38100,45310,32000LIN
R72 04103 0018,7210,35590,42800,7170,40150,47320,32000LIN
R72 04103 0019,8840,22030,30870,6900,0,6900,32000LIN
R72 04103 0022,3530,0,3530,3140,0,3140,32000LIN
R72 04103 0023,3580,0,3580,3180,0,3180,32000LIN
R72 04103 0026,6900,32910,39810,6830,37920,44750,32000LIN
R72 04103 0031,7130,31230,38360,7070,33360,40430,32000LIN
R72 04103 0032,7360,26220,33580,7280,99820,107100,32000LIN
R72 04103 0034,7050,31830,38880,6970,20850,27820,32000LIN
R72 04105 0030,8110,32150,40260,8140,28390,36530,32000LIN
R72 04105 0031,7400,38010,45410,7380,35120,42500,32000LIN
R72 04105 0032,5830,32050,37880,6010,11410,17420,32000LIN
R72 04105 0046,8030,900,8930,8000,23130,31130,32000LIN
R72 04106 0007,14400,33060,47460,12890,44740,57630,12000LIN
R72 04106 0008,4330,0,4330,4070,0,4070,12000LIN
R72 04106 0009,11950,34600,46550,11320,47990,59310,12000LIN
R72 04106 0010,12380,35810,48190,5820,0,5820,12000LIN
R72 04106 0011,8680,33500,42180,8870,37190,46060,32000LIN
R72 04106 0012,8760,41620,50380,9000,33690,42690,32000LIN
R72 04106 0013,8760,36510,45270,9000,33640,42640,32000LIN
R72 04106 0014,8760,42270,51030,9000,38690,47690,32000LIN
R72 04106 0015,4380,2200,6580,4500,2900,7400,32000LIN
R72 04106 0016,8480,33190,41670,8670,39420,48090,32000LIN
R72 04106 0017,9040,34460,43500,9300,40700,50000,32000LIN
R72 04106 0019,8760,27230,35990,4480,0,4480,32000LIN
R72 04106 0020,8620,33880,42500,8810,31040,39850,32000LIN
R72 04106 0021,4630,33880,38510,4770,61820,66590,32000LIN
R72 04106 0022,8240,38720,46960,8260,72240,80500,32000LIN
R72 04106 0023,4120,1940,6060,4130,2990,7120,32000LIN
R72 04106 0024,4120,0,4120,4130,0,4130,32000LIN
R72 04106 0025,4120,0,4120,4140,0,4140,32000LIN
R72 04106 0026,8390,104240,112630,8520,133800,142320,32000LIN
R72 04106 0033,7900,38890,46790,7550,27290,34840,32000LIN
R72 04106 0036,8030,32760,40790,8000,25050,33050,32000LIN
R72 04106 0037,8030,31330,39360,8000,18650,26650,32000LIN
R72 04106 0038,8030,32710,40740,8000,46910,54910,32000LIN
R72 04106 0039,8030,33010,41040,8000,35950,43950,32000LIN
R72 04106 0040,8030,36260,44290,8000,23000,31000,32000LIN
R72 04106 0041,8030,37110,45140,8000,36600,44600,32000LIN
R72 04106 0042,8030,30810,38840,8000,28280,36280,32000LIN
R72 04106 0043,8030,32680,40710,8000,57180,65180,32000LIN
R72 04106 0044,8030,15140,23170,8000,31410,39410,32000LIN
R72 04106 0045,8030,35380,43410,8000,34470,42470,32000LIN
R72 04106 0050,2940,0,2940,2720,0,2720,32000LIN
R72 04106 0054,8030,35070,43100,8000,31150,39150,32000LIN
R72 04106 0055,8030,33380,41410,8000,37920,45920,32000LIN
R72 04106 0056,8030,39420,47450,8000,36100,44100,32000LIN
R72 04106 0057,8030,34540,42570,8000,31380,39380,32000LIN
R72 04106 0058,8030,34330,42360,8000,35180,43180,32000LIN
R72 04106 0059,8030,26840,34870,8000,28940,36940,32000LIN
R72 04106 0061,8510,43430,51940,8550,46550,55100,32000LIN
R72 04106 0062,8510,43150,51660,8550,74080,82630,32000LIN
R72 04106 0063,8510,43810,52320,8550,61420,69970,32000LIN
R72 04106 0064,8510,32290,40800,8550,35680,44230,32000LIN
R72 04106 0068,12780,29680,42460,11790,40450,52240,12000LIN
R72 04107 0001,8670,0,8670,6910,0,6910,12000LIN
R72 04107 0002,16320,49300,65620,14460,71380,85840,12000LIN
R72 04107 0003,13350,42090,55440,12200,54530,66730,12000LIN
R72 04107 0004,15040,40090,55130,13390,52090,65480,12000LIN
R72 04107 0005,14850,37200,52050,13320,56340,69660,12000LIN
R72 04107 0006,15250,46860,62110,13620,16530,30150,12000LIN
R72 04107 0007,14400,13170,27570,12880,53070,65950,12000LIN
R72 04107 0008,14200,42950,57150,12810,14450,27260,12000LIN
R72 04107 0009,15760,41650,57410,14040,45330,59370,12000LIN
R72 04107 0010,19610,44150,63760,16460,47090,63550,12000LIN
R72 04107 0011,14010,37750,51760,12600,40920,53520,12000LIN
R72 04107 0013,12900,43490,56390,11930,44650,56580,12000LIN
R72 04107 0014,12600,40280,52880,11740,36860,48600,12000LIN
R72 04107 0015,12000,34150,46150,11420,35280,46700,12000LIN
R72 04107 0016,12170,38100,50270,11570,51300,62870,12000LIN
R72 04107 0017,19140,38820,57960,16390,39810,56200,12000LIN
R72 04107 0019,13050,41210,54260,12020,48880,60900,12000LIN
R72 04107 0020,13800,43830,57630,12480,49120,61600,12000LIN
R72 04107 0021,14720,42430,57150,13140,48380,61520,12000LIN
R72 04107 0022,15400,22630,38030,13640,47180,60820,12000LIN
R72 04107 0023,13800,42980,56780,12530,45810,58340,12000LIN
R72 04107 0024,14320,43510,57830,12890,55880,68770,12000LIN
R72 04107 0025,13860,46390,60250,12550,52810,65360,12000LIN
R72 04107 0026,13050,36270,49320,12020,46640,58660,12000LIN
R72 04107 0027,12750,40480,53230,11830,48990,60820,12000LIN
R72 04107 0029,12450,37540,49990,11650,34380,46030,12000LIN
R72 04107 0030,13500,26190,39690,12230,58140,70370,12000LIN
R72 04107 0031,13200,41110,54310,12110,44810,56920,12000LIN
R72 04107 0033,12150,34670,46820,11510,39570,51080,12000LIN
R72 04107 0035,14350,40270,54620,12880,40690,53570,12000LIN
R72 04107 0036,12000,36640,48640,11370,43060,54430,12000LIN
R72 04107 0037,14690,39480,54170,13110,42150,55260,12000LIN
R72 04107 0038,15290,39850,55140,13680,41430,55110,12000LIN
R72 04107 0040,13800,48550,62350,12480,62260,74740,12000LIN
R72 04107 0041,13800,27920,41720,12480,51950,64430,12000LIN
R72 04107 0042,10500,39470,49970,10510,51360,61870,12000LIN
R72 04107 0043,10150,37380,47530,10380,47150,57530,12000LIN
R72 04107 0044,12600,30430,43030,11870,48510,60380,12000LIN
R72 04107 0047,10950,37570,48520,10860,45600,56460,12000LIN
R72 04107 0049,14890,18800,33690,13310,67190,80500,12000LIN
R72 04107 0050,15690,44670,60360,13920,49440,63360,12000LIN
R72 04107 0052,7650,0,7650,6160,0,6160,12000LIN
R72 04107 0053,15500,37450,52950,13800,86850,100650,12000LIN
R72 04107 0054,15500,35960,51460,13800,71210,85010,12000LIN
R72 04107 0055,7750,0,7750,6240,0,6240,12000LIN
R72 04107 0056,15500,24670,40170,13800,64370,78170,12000LIN
R72 04107 0057,15500,37790,53290,13800,62930,76730,12000LIN
R72 04107 0058,15500,37560,53060,13800,63700,77500,12000LIN
R72 04107 0059,15500,44070,59570,13800,52160,65960,12000LIN
R72 04107 0060,7750,0,7750,6240,0,6240,12000LIN
R72 04107 0061,14310,0,14310,13800,81740,95540,12000LIN
R72 04107 0062,16730,42080,58810,14730,44400,59130,12000LIN
R72 04107 0063,15910,39760,55670,14130,68660,82790,12000LIN
R72 04201 0001,11380,39420,50800,5080,34480,39560,32000BUR
R72 04201 0005,6500,28790,35290,3780,7390,11170,32000BUR
R72 04201 0006,9040,28740,37780,4450,24240,28690,32000BUR
R72 04201 0007,9040,33390,42430,4450,26010,30460,32000BUR
R72 04201 0008,13840,56220,70060,5780,40350,46130,32000BUR
R72 04201 0010,9040,34330,43370,4450,19520,23970,32000BUR
R72 04201 0011,9040,31540,40580,4450,27520,31970,32000BUR
R72 04201 0012,9040,26970,36010,990,0,990,32000BUR
R72 04201 0013,9040,19550,28590,4450,3130,7580,32000BUR
R72 04201 0014,9040,20950,29990,4450,22380,26830,32000BUR
R72 04201 0015,9040,18980,28020,4450,19140,23590,32000BUR
R72 04201 0016,9040,21370,30410,4450,20510,24960,32000BUR
R72 04201 0017,9040,22530,31570,4450,8040,12490,32000BUR
R72 04201 0018,9040,19150,28190,4450,15450,19900,32000BUR
R72 04201 0019,9040,18570,27610,4450,14360,18810,32000BUR
R72 04201 0020,2260,0,2260,490,0,490,32000BUR
R72 04201 0021,9040,38920,47960,4450,34050,38500,32000BUR
R72 04201 0022,9040,27470,36510,4450,22750,27200,32000BUR
R72 04201 0023,2410,0,2410,530,0,530,32000BUR
R72 04201 0029,9040,29800,38840,4450,22870,27320,32000BUR
R72 04201 0030,9040,36370,45410,4450,32110,36560,32000BUR
R72 04201 0032,9040,32310,41350,890,0,890,32000BUR
R72 04201 0033,9040,48240,57280,4450,22980,27430,32000BUR
R72 04201 0034,9040,36320,45360,4450,11060,15510,32000BUR
R72 04201 0035,9040,44070,53110,4450,40920,45370,32000BUR
R72 04201 0036,9040,45410,54450,4450,47270,51720,32000BUR
R72 04201 0037,9040,46750,55790,4450,45960,50410,32000BUR
R72 04201 0038,9040,12840,21880,890,0,890,32000BUR
R72 04201 0039,9040,45870,54910,4450,44160,48610,32000BUR
R72 04201 0040,9040,37210,46250,4450,32850,37300,32000BUR
R72 04201 0041,9040,37820,46860,4450,18880,23330,32000BUR
R72 04201 0042,9040,36350,45390,4450,28880,33330,32000BUR
R72 04202 0047,23860,58610,82470,15390,84070,99460,33000EAH
R72 04202 0051,15910,58290,74200,10230,83740,93970,33000EAH
R72 04202 0052,15910,58580,74490,10230,81790,92020,33000EAH
R72 04202 0053,15910,58580,74490,10230,81790,92020,33000EAH
R72 04202 0054,15910,26250,42160,10230,49710,59940,33000EAH
R72 04202 0055,15200,47220,62420,9770,76020,85790,33000EAH
R72 04202 0056,15200,35120,50320,9770,54500,64270,33000EAH
R72 04202 0058,15200,29890,45090,9770,46680,56450,33000EAH
R72 04202 0060,15200,32440,47640,9770,46710,56480,33000EAH
R72 04202 0062,15200,28960,44160,9770,44690,54460,33000EAH
R72 04202 0064,15200,22690,37890,9770,8500,18270,33000EAH
R72 04202 0066,15200,38040,53240,9770,50350,60120,33000EAH
R72 04202 0068,15200,45210,60410,9770,62590,72360,33000EAH
R72 04202 0070,15910,48230,64140,10230,58140,68370,33000EAH
R72 04202 0071,15550,52110,67660,10000,10670,20670,33000EAH
R72 04202 0072,15200,47030,62230,9770,60710,70480,33000EAH
R72 04202 0074,15200,51590,66790,9770,59150,68920,33000EAH
R72 04202 0076,15200,49000,64200,9770,60660,70430,33000EAH
R72 04202 0078,15200,44520,59720,9770,52860,62630,33000EAH
R72 04202 0080,15200,41590,56790,9770,56660,66430,33000EAH
R72 04202 0082,15200,49130,64330,9770,57740,67510,33000EAH
R72 04202 0084,15200,30210,45410,9770,43020,52790,33000EAH
R72 04202 0085,15910,41640,57550,10230,63020,73250,33000EAH
R72 04202 0086,15910,30840,46750,10230,45310,55540,33000EAH
R72 04202 0087,15910,42490,58400,10230,51100,61330,33000EAH
R72 04202 0104,15730,29420,45150,10110,36160,46270,33000EAH
R72 04202 0106,16790,57570,74360,10800,66970,77770,33000EAH
R72 04202 0108,15910,30210,46120,10230,42270,52500,33000EAH
R72 04202 0109,15200,29240,44440,9770,41570,51340,33000EAH
R72 04202 0110,15200,49250,64450,9770,52640,62410,33000EAH
R72 04202 0112,15200,36310,51510,9770,37530,47300,33000EAH
R72 04202 0114,15200,39710,54910,9770,37530,47300,33000EAH
R72 04202 0116,15200,41970,57170,9770,50000,59770,33000EAH
R72 04202 0118,15200,46560,61760,9770,59750,69520,33000EAH
R72 04202 0120,15200,47040,62240,9770,56230,66000,33000EAH
R72 04202 0122,15550,35560,51110,10000,45080,55080,33000EAH
R72 04203 0007,5040,0,5040,3000,0,3000,32000BUR
R72 04203 0009,8880,20890,29770,4400,25610,30010,32000BUR
R72 04203 0012,8880,39100,47980,4400,33410,37810,32000BUR
R72 04203 0013,8880,55930,64810,4400,47760,52160,32000BUR
R72 04203 0014,1110,0,1110,240,0,240,32000BUR
R72 04203 0015,8880,52100,60980,4400,12330,16730,32000BUR
R72 04203 0016,8880,27480,36360,4400,27660,32060,32000BUR
R72 04203 0017,8880,29900,38780,4400,26940,31340,32000BUR
R72 04203 0018,9030,30740,39770,4320,15980,20300,32000BUR
R72 04203 0020,7430,53140,60570,3920,45950,49870,32000BUR
R72 04203 0021,9710,24300,34010,4630,25420,30050,32000BUR
R72 04203 0029,8880,25690,34570,960,0,960,32000BUR
R72 04203 0030,8880,32090,40970,4400,31250,35650,32000BUR
R72 04204 0001,8740,40330,49070,4360,34400,38760,32000BUR
R72 04204 0002,8740,46020,54760,4360,38400,42760,32000BUR
R72 04204 0003,8740,32950,41690,4360,23200,27560,32000BUR
R72 04204 0004,8740,47120,55860,4360,42510,46870,32000BUR
R72 04204 0005,8740,38850,47590,4360,33110,37470,32000BUR
R72 04204 0006,8740,46700,55440,4360,35030,39390,32000BUR
R72 04204 0007,8740,53970,62710,4360,40060,44420,32000BUR
R72 04204 0008,8190,29030,37220,4200,16800,21000,32000BUR
R72 04204 0010,8880,32970,41850,4400,32120,36520,32000BUR
R72 04204 0011,4440,0,4440,870,0,870,32000BUR
R72 04204 0015,8880,31420,40300,4400,11450,15850,32000BUR
R72 04204 0016,8880,52330,61210,4400,45370,49770,32000BUR
R72 04204 0017,8880,4200,13080,4400,27080,31480,32000BUR
R72 04204 0018,8880,24710,33590,4400,19850,24250,32000BUR
R72 04205 0002,8330,29030,37360,4250,24950,29200,32000BUR
R72 04205 0003,8600,32870,41470,4330,31840,36170,32000BUR
R72 04205 0005,8600,25830,34430,4330,42920,47250,32000BUR
R72 04205 0006,7480,30670,38150,4000,30500,34500,32000BUR
R72 04205 0007,9160,28490,37650,4480,15700,20180,32000BUR
R72 04205 0009,9020,38890,47910,4440,36380,40820,32000BUR
R72 04205 0011,4510,0,4510,880,0,880,32000BUR
R72 04205 0012,5400,18590,23990,3560,19240,22800,32000BUR
R72 04205 0017,9100,49100,58200,4430,46450,50880,32000BUR
R72 04205 0018,8190,30350,38540,4200,27090,31290,32000BUR
R72 04205 0021,3010,0,3010,520,0,520,32000BUR
R72 04205 0025,6480,34110,40590,3800,21910,25710,32000BUR
R72 04205 0027,6380,44360,50740,3780,42980,46760,32000BUR
R72 04205 0029,6180,45920,52100,3740,11800,15540,32000BUR
R72 04205 0030,2600,0,2600,130,0,130,32000BUR
R72 04205 0037,4720,0,4720,920,0,920,32000BUR
R72 04205 0040,8160,28600,36760,4200,16100,20300,32000BUR
R72 04205 0041,8290,20500,28790,4230,11230,15460,32000BUR
R72 04205 0044,2140,0,2140,400,0,400,32000BUR
R72 04205 0045,7230,23920,31150,3960,16070,20030,32000BUR
R72 04205 0046,8090,29750,37840,4160,31100,35260,32000BUR
R72 04205 0047,9100,57950,67050,4430,44240,48670,32000BUR
R72 04205 0048,8500,44790,53290,4270,24890,29160,32000BUR
R72 04205 0049,8630,41130,49760,4300,33880,38180,32000BUR
R72 04205 0050,4840,25610,30450,3500,31780,35280,32000BUR
R72 04205 0051,7720,31050,38770,4070,31440,35510,32000BUR
R72 04205 0052,3610,0,3610,660,0,660,32000BUR
R72 04205 0053,7350,22650,30000,3990,16540,20530,32000BUR
R72 04205 0054,1900,0,1900,390,0,390,32000BUR
R72 04205 0055,7590,25180,32770,4010,13360,17370,32000BUR
R72 04205 0060,13400,90560,103960,13440,79460,92900,32000BUR
R72 04205 0062,7280,27050,34330,3970,21020,24990,32000BUR
R72 04205 0063,7050,27120,34170,3910,21630,25540,32000BUR
R72 04205 0064,7350,27140,34490,3990,24060,28050,32000BUR
R72 04205 0065,8940,48950,57890,4360,34090,38450,32000BUR
R72 04205 0066,7350,27240,34590,3990,14590,18580,32000BUR
R72 04205 0067,7050,23990,31040,3910,40660,44570,32000BUR
R72 04205 0068,7230,25990,33220,3960,21980,25940,32000BUR
R72 04205 0069,7200,17750,24950,3960,29170,33130,32000BUR
R72 04205 0070,3530,0,3530,640,0,640,32000BUR
R72 04205 0071,8080,31940,40020,4130,26680,30810,32000BUR
R72 04206 0001,10310,2570,12880,4760,28460,33220,32000BUR
R72 04206 0002,6000,25320,31320,5000,22250,27250,32000BUR
R72 04206 0003,8390,29690,38080,4250,28560,32810,32000BUR
R72 04206 0005,8390,19730,28120,4250,31900,36150,32000BUR
R72 04206 0006,10310,32270,42580,4760,24020,28780,32000BUR
R72 04206 0007,9340,33140,42480,4570,24560,29130,32000BUR
R72 04206 0008,4670,0,4670,950,0,950,32000BUR
R72 04206 0009,9340,30610,39950,4570,12650,17220,32000BUR
R72 04206 0010,12360,30320,42680,5440,27570,33010,32000BUR
R72 04206 0012,6310,18990,25300,3750,11120,14870,32000BUR
R72 04207 0045,2890,0,2890,470,0,470,32000BUR
R72 04208 0001,6670,0,6670,1430,0,1430,32000BUR
R72 04208 0010,8330,25720,34050,4260,19860,24120,32000BUR
R72 04208 0011,8600,27320,35920,4330,18450,22780,32000BUR
R72 04208 0012,8600,31140,39740,4330,23230,27560,32000BUR
R72 04208 0013,8600,18510,27110,4330,19100,23430,32000BUR
R72 04208 0014,8600,15220,23820,4330,0,4330,32000BUR
R72 04208 0015,8600,29140,37740,4330,23940,28270,32000BUR
R72 04208 0016,8600,25210,33810,4330,19680,24010,32000BUR
R72 04208 0017,8600,28950,37550,4330,26210,30540,32000BUR
R72 04208 0018,8600,17590,26190,4330,14130,18460,32000BUR
R72 04208 0019,8880,57240,66120,4340,34820,39160,32000BUR
R72 04208 0020,9460,24360,33820,4420,95030,99450,32000BUR
R72 04208 0021,9000,23220,32220,4390,9620,14010,32000BUR
R72 04208 0022,8250,37880,46130,4210,42280,46490,32000BUR
R72 04208 0023,8050,39850,47900,4130,27700,31830,32000BUR
R72 04208 0024,8130,43910,52040,4170,21610,25780,32000BUR
R72 04208 0025,8130,29190,37320,4170,23640,27810,32000BUR
R72 04208 0026,8130,28410,36540,4170,26280,30450,32000BUR
R72 04208 0027,7630,26850,34480,4050,21020,25070,32000BUR
R72 04208 0028,8000,32650,40650,4140,29000,33140,32000BUR
R72 04208 0030,7750,26290,34040,4090,22350,26440,32000BUR
R72 04208 0032,11250,26760,38010,4930,14560,19490,32000BUR
R72 04208 0035,7750,24990,32740,4090,18600,22690,32000BUR
R72 04208 0037,7750,22820,30570,4090,25110,29200,32000BUR
R72 04208 0039,9750,29980,39730,4580,28510,33090,32000BUR
R72 04208 0042,10130,29580,39710,4670,30940,35610,32000BUR
R72 04208 0046,7630,31840,39470,4060,23830,27890,32000BUR
R72 04208 0048,7630,21850,29480,4060,5720,9780,32000BUR
R72 04208 0049,1710,0,1710,340,0,340,32000BUR
R72 04208 0050,1710,0,1710,340,0,340,32000BUR
R72 04208 0051,6850,21920,28770,3870,40850,44720,32000BUR
R72 04208 0052,1710,0,1710,340,0,340,32000BUR
R72 04208 0053,6850,21780,28630,3870,29220,33090,32000BUR
R72 04208 0054,6850,33560,40410,3870,9280,13150,32000BUR
R72 04208 0055,6850,28090,34940,3870,20840,24710,32000BUR
R72 04208 0056,6850,30520,37370,3870,25860,29730,32000BUR
R72 04208 0057,6850,28170,35020,3870,25060,28930,32000BUR
R72 04208 0058,6850,29230,36080,3870,25250,29120,32000BUR
R72 04208 0059,6850,26620,33470,3870,22280,26150,32000BUR
R72 04208 0060,6850,23540,30390,3870,18350,22220,32000BUR
R72 04208 0061,6850,24310,31160,3870,18140,22010,32000BUR
R72 04208 0062,6850,25800,32650,3870,21180,25050,32000BUR
R72 04208 0063,6850,20190,27040,3870,12570,16440,32000BUR
R72 04208 0064,6850,28430,35280,3870,25180,29050,32000BUR
R72 04208 0065,10440,40010,50450,4610,29780,34390,32000BUR
R72 04208 0067,6740,21750,28490,3850,22950,26800,32000BUR
R72 04208 0068,8630,27140,35770,4250,22220,26470,32000BUR
R72 04208 0069,8630,43280,51910,4250,30390,34640,32000BUR
R72 04208 0070,8910,41100,50010,4340,40990,45330,32000BUR
R72 04208 0072,8910,46570,55480,4340,40710,45050,32000BUR
R72 04208 0074,7720,31690,39410,4050,31570,35620,32000BUR
R72 04208 0076,6850,41000,47850,3870,26900,30770,32000BUR
R72 04208 0077,6850,28470,35320,3870,24210,28080,32000BUR
R72 04208 0078,6850,28270,35120,3870,27190,31060,32000BUR
R72 04208 0079,6850,41470,48320,3870,25510,29380,32000BUR
R72 04208 0080,6850,27300,34150,3870,22170,26040,32000BUR
R72 04208 0081,6850,37670,44520,3870,28960,32830,32000BUR
R72 04208 0082,6850,31070,37920,3870,25930,29800,32000BUR
R72 04208 0083,6850,37210,44060,3870,27380,31250,32000BUR
R72 04208 0084,6850,21180,28030,3870,9460,13330,32000BUR
R72 04208 0085,6850,22490,29340,3870,14430,18300,32000BUR
R72 04208 0086,6850,25990,32840,3870,14640,18510,32000BUR
R72 04208 0087,6850,47130,53980,3870,34740,38610,32000BUR
R72 04208 0088,6850,27190,34040,3870,29700,33570,32000BUR
R72 04208 0089,6850,24530,31380,3870,20750,24620,32000BUR
R72 04208 0090,6850,40050,46900,3870,29660,33530,32000BUR
R72 04208 0091,1710,0,1710,340,0,340,32000BUR
R72 04208 0092,6850,25010,31860,3870,26490,30360,32000BUR
R72 04208 0093,6850,26450,33300,3870,20610,24480,32000BUR
R72 04209 0001,800,0,800,160,0,160,32000BUR
R72 04209 0002,860,0,860,170,0,170,32000BUR
R72 04209 0003,6850,34220,41070,3870,33650,37520,32000BUR
R72 04209 0004,6850,23440,30290,3870,17360,21230,32000BUR
R72 04209 0005,6850,36140,42990,3870,27610,31480,32000BUR
R72 04209 0007,6850,26710,33560,3870,19430,23300,32000BUR
R72 04209 0008,6850,33520,40370,3870,27470,31340,32000BUR
R72 04209 0009,6850,25650,32500,3870,18750,22620,32000BUR
R72 04209 0010,6850,22220,29070,3870,15980,19850,32000BUR
R72 04209 0011,7500,29260,36760,4000,26250,30250,32000BUR
R72 04209 0012,7920,17000,24920,4080,7130,11210,32000BUR
R72 04209 0013,6850,20570,27420,3870,13550,17420,32000BUR
R72 04209 0014,7500,33330,40830,4000,29830,33830,32000BUR
R72 04209 0015,6740,25260,32000,3850,14210,18060,32000BUR
R72 04209 0016,6740,23270,30010,3850,12250,16100,32000BUR
R72 04209 0021,6850,20020,26870,3870,12640,16510,32000BUR
R72 04209 0022,7500,24540,32040,4000,17920,21920,32000BUR
R72 04209 0023,6690,20730,27420,3830,13690,17520,32000BUR
R72 04209 0024,7580,20060,27640,4050,12470,16520,32000BUR
R72 04209 0025,7580,22010,29590,4050,14300,18350,32000BUR
R72 04209 0026,7830,21420,29250,4110,17090,21200,32000BUR
R72 04209 0027,7830,24800,32630,4100,16910,21010,32000BUR
R72 04209 0028,7830,34310,42140,4100,23040,27140,32000BUR
R72 04209 0029,7830,39040,46870,4100,24330,28430,32000BUR
R72 04209 0030,7830,37260,45090,4100,27070,31170,32000BUR
R72 04209 0031,7830,27540,35370,4100,22230,26330,32000BUR
R72 04209 0032,7950,35380,43330,4130,11250,15380,32000BUR
R72 04209 0033,7950,22790,30740,4130,24690,28820,32000BUR
R72 04209 0034,7630,38010,45640,4060,28010,32070,32000BUR
R72 04209 0037,8530,28760,37290,4300,25870,30170,32000BUR
R72 04209 0038,8530,21800,30330,4300,16090,20390,32000BUR
R72 04209 0039,8530,25750,34280,4300,12260,16560,32000BUR
R72 04209 0040,8450,25070,33520,4260,18560,22820,32000BUR
R72 04209 0041,8530,27560,36090,4300,25380,29680,32000BUR
R72 04209 0042,8450,27000,35450,4260,13150,17410,32000BUR
R72 04209 0043,8660,18770,27430,4340,17260,21600,32000BUR
R72 04209 0044,8530,23020,31550,4300,9780,14080,32000BUR
R72 04209 0045,8530,31070,39600,4300,28380,32680,32000BUR
R72 04209 0046,8530,35220,43750,4300,23040,27340,32000BUR
R72 04209 0047,8530,25740,34270,4300,19490,23790,32000BUR
R72 04209 0048,9900,30470,40370,4670,25990,30660,32000BUR
R72 04209 0050,7580,22740,30320,4050,16300,20350,32000BUR
R72 04209 0058,630,0,630,110,0,110,32000BUR
R72 04301 0025,0,55710,55710,0,56900,56900,33000WRI
R72 04301 0037,7200,0,7200,7200,0,7200,33000EAH
R72 04301 0038,7430,0,7430,4310,0,4310,33000EAH
R72 04301 0039,14880,40410,55290,9590,45410,55000,33000EAH
R72 04301 0040,14880,35050,49930,9590,36880,46470,33000EAH
R72 04301 0041,7430,0,7430,4310,0,4310,33000EAH
R72 04301 0042,27130,80870,108000,17480,115230,132710,33000EAH
R72 04301 0045,7430,0,7430,4310,0,4310,33000EAH
R72 04301 0046,14880,32620,47500,9590,42650,52240,33000EAH
R72 04301 0047,14880,45070,59950,9590,55060,64650,33000EAH
R72 04301 0048,14880,51580,66460,10510,0,10510,33000EAH
R72 04302 0004,17010,35250,52260,8500,38750,47250,33000WRI
R72 04302 0005,17410,34670,52080,8710,35240,43950,33000WRI
R72 04302 0007,16850,50850,67700,8380,46520,54900,33000WRI
R72 04302 0008,17250,42350,59600,8620,46880,55500,33000WRI
R72 04302 0009,17250,37450,54700,8590,39960,48550,33000WRI
R72 04302 0010,8260,0,8260,3710,0,3710,33000WRI
R72 04302 0011,15110,39020,54130,7510,47870,55380,33000WRI
R72 04302 0012,28570,63280,91850,14530,69840,84370,33000WRI
R72 04302 0013,7430,0,7430,4310,0,4310,33000EAH
R72 04302 0014,13800,56240,70040,9590,62970,72560,33000EAH
R72 04302 0015,14880,33290,48170,9590,47070,56660,33000EAH
R72 04302 0016,14880,33730,48610,9590,48030,57620,33000EAH
R72 04302 0017,20650,37220,57870,13310,43350,56660,33000EAH
R72 04302 0019,14700,29230,43930,9480,41070,50550,33000EAH
R72 04302 0021,23300,61200,84500,11780,68670,80450,33000WRI
R72 04302 0022,11140,0,11140,2850,0,2850,33000WRI
R72 04302 0023,21750,65310,87060,11060,68620,79680,33000WRI
R72 04302 0024,6690,0,6690,2960,0,2960,33000WRI
R72 04302 0025,17390,57640,75030,8670,50260,58930,33000WRI
R72 04302 0026,18900,27750,46650,9450,46830,56280,33000WRI
R72 04302 0027,6620,0,6620,3290,0,3290,33000WRI
R72 04302 0028,15170,26570,41740,7570,54420,61990,33000WRI
R72 04302 0029,5870,0,5870,2650,0,2650,33000WRI
R72 04302 0030,20410,58780,79190,10250,55530,65780,33000WRI
R72 04302 0031,20210,42380,62590,10320,45070,55390,33000WRI
R72 04302 0033,20210,55650,75860,10320,73140,83460,33000WRI
R72 04302 0034,17330,38200,55530,8610,50060,58670,33000WRI
R72 04302 0035,17520,55060,72580,8720,47670,56390,33000WRI
R72 04302 0036,17330,41980,59310,8610,41590,50200,33000WRI
R72 04302 0037,19250,47610,66860,9670,53140,62810,33000WRI
R72 04302 0038,17330,42260,59590,8610,49820,58430,33000WRI
R72 04302 0039,5380,0,5380,2610,0,2610,33000WRI
R72 04302 0041,24090,30430,54520,15480,42880,58360,33000EAH
R72 04302 0043,14280,29420,43700,9170,40410,49580,33000EAH
R72 04302 0044,14280,29360,43640,9170,35120,44290,33000EAH
R72 04302 0046,17770,43460,61230,8880,44600,53480,33000WRI
R72 04302 0051,19250,52370,71620,9670,64980,74650,33000WRI
R72 04302 0059,0,0,0,0,0,0,33000WRI
R72 04303 0003,14990,32980,47970,9640,47250,56890,33000EAH
R72 04303 0004,14990,52380,67370,9640,66220,75860,33000EAH
R72 04303 0005,14990,54030,69020,9640,71920,81560,33000EAH
R72 04303 0006,14990,58420,73410,9640,71050,80690,33000EAH
R72 04303 0007,14820,33940,48760,9520,86990,96510,33000EAH
R72 04303 0008,14990,45850,60840,9640,48680,58320,33000EAH
R72 04303 0009,14990,37880,52870,9640,50100,59740,33000EAH
R72 04303 0010,14820,23260,38080,9520,39990,49510,33000EAH
R72 04303 0011,14820,27930,42750,9520,29580,39100,33000EAH
R72 04303 0012,14990,54230,69220,9640,69430,79070,33000EAH
R72 04303 0014,6210,0,6210,4000,0,4000,33000EAH
R72 04303 0015,14990,53690,68680,9640,64300,73940,33000EAH
R72 04303 0016,5850,0,5850,3760,0,3760,33000EAH
R72 04303 0018,14990,30700,45690,9640,43320,52960,33000EAH
R72 04303 0019,16880,44550,61430,10880,67660,78540,33000EAH
R72 04303 0020,16880,44160,61040,10880,62440,73320,33000EAH
R72 04303 0028,17620,35940,53560,11350,50410,61760,33000EAH
R72 04303 0029,18550,29760,48310,11990,34600,46590,33000EAH
R72 04303 0030,18550,36410,54960,11990,45730,57720,33000EAH
R72 04303 0031,18380,46820,65200,11890,54750,66640,33000EAH
R72 04303 0032,18380,43700,62080,11890,59760,71650,33000EAH
R72 04303 0033,17620,52870,70490,11350,59200,70550,33000EAH
R72 04303 0034,17440,48310,65750,11220,67550,78770,33000EAH
R72 04303 0035,17440,39680,57120,11220,47820,59040,33000EAH
R72 04303 0036,17440,15360,32800,11220,53500,64720,33000EAH
R72 04303 0037,17440,33440,50880,11220,53190,64410,33000EAH
R72 04303 0038,17620,47130,64750,11350,48430,59780,33000EAH
R72 04303 0039,18380,42230,60610,11890,52740,64630,33000EAH
R72 04303 0040,18380,47370,65750,11890,58460,70350,33000EAH
R72 04303 0043,17500,48850,66350,11280,81940,93220,33000EAH
R72 04303 0044,17500,42300,59800,11280,53000,64280,33000EAH
R72 04303 0045,17500,45520,63020,11280,55290,66570,33000EAH
R72 04303 0046,17500,44650,62150,11280,59580,70860,33000EAH
R72 04303 0047,17500,53150,70650,11280,65100,76380,33000EAH
R72 04303 0048,17500,41040,58540,11280,50780,62060,33000EAH
R72 04303 0049,17500,43350,60850,11280,54650,65930,33000EAH
R72 04303 0050,20130,44760,64890,12970,47730,60700,33000EAH
R72 04303 0051,6590,116140,122730,6590,167880,174470,33000EAH
R72 04303 0053,20210,65310,85520,0,0,0,33000EAH
R72 04303 0054,24060,50810,74870,0,0,0,33000EAH
R72 04303 0055,890,0,890,100,0,100,33000EAH
R72 04303 0061,20410,41390,61800,13200,75710,88910,33000EAH
R72 04303 0063,!,!,!
R72 04303 0064,!,!,!
R72 04304 0001,17200,39970,57170,11040,53520,64560,33000EAH
R72 04304 0002,17200,41130,58330,11040,55730,66770,33000EAH
R72 04304 0004,18550,52990,71540,11990,60370,72360,33000EAH
R72 04304 0005,18550,48950,67500,11990,58440,70430,33000EAH
R72 04304 0006,18360,49690,68050,11860,58860,70720,33000EAH
R72 04304 0007,17620,30870,48490,11350,55080,66430,33000EAH
R72 04304 0008,16700,58530,75230,10720,70870,81590,33000EAH
R72 04304 0009,16280,36930,53210,10490,56610,67100,33000EAH
R72 04304 0010,16100,41350,57450,10380,67260,77640,33000EAH
R72 04304 0011,16100,37400,53500,10380,52820,63200,33000EAH
R72 04304 0012,16100,36300,52400,10380,59550,69930,33000EAH
R72 04304 0013,16100,34010,50110,10380,52390,62770,33000EAH
R72 04304 0014,16630,33400,50030,10720,53530,64250,33000EAH
R72 04304 0015,14990,37890,52880,9640,55310,64950,33000EAH
R72 04304 0016,14820,30360,45180,9520,71590,81110,33000EAH
R72 04304 0017,20710,48870,69580,13400,57970,71370,33000EAH
R72 04304 0019,14820,38500,53320,9520,50910,60430,33000EAH
R72 04304 0020,14820,40730,55550,9520,47070,56590,33000EAH
R72 04304 0021,14820,43150,57970,9520,52180,61700,33000EAH
R72 04304 0022,14990,67640,82630,9640,80600,90240,33000EAH
R72 04304 0030,14990,47760,62750,9640,60460,70100,33000EAH
R72 04304 0031,16630,41280,57910,10720,58510,69230,33000EAH
R72 04304 0032,16630,39770,56400,10720,51810,62530,33000EAH
R72 04304 0033,16630,34120,50750,10720,39860,50580,33000EAH
R72 04304 0034,16280,36180,52460,10490,51200,61690,33000EAH
R72 04304 0035,16280,34920,51200,10490,45830,56320,33000EAH
R72 04304 0036,16630,40810,57440,10720,55840,66560,33000EAH
R72 04304 0037,16630,43070,59700,10720,58020,68740,33000EAH
R72 04304 0038,16630,41700,58330,10720,60470,71190,33000EAH
R72 04304 0039,16630,54110,70740,10720,62470,73190,33000EAH
R72 04304 0040,16630,41140,57770,10720,56950,67670,33000EAH
R72 04304 0041,16630,50450,67080,10720,53830,64550,33000EAH
R72 04304 0042,16450,42760,59210,10600,60770,71370,33000EAH
R72 04304 0043,18030,43310,61340,11660,59830,71490,33000EAH
R72 04304 0044,18030,43490,61520,11660,52850,64510,33000EAH
R72 04304 0045,18030,44390,62420,11660,59840,71500,33000EAH
R72 04304 0046,18030,49450,67480,11660,63630,75290,33000EAH
R72 04304 0047,16580,43170,59750,10690,68940,79630,33000EAH
R72 04305 0001,16800,45820,62620,10810,55660,66470,33000EAH
R72 04305 0002,16800,43520,60320,10810,53720,64530,33000EAH
R72 04305 0003,16800,40100,56900,10810,53990,64800,33000EAH
R72 04305 0004,19320,51790,71110,12360,60140,72500,33000EAH
R72 04305 0005,18020,47030,65050,11580,58640,70220,33000EAH
R72 04305 0006,18020,42880,60900,11580,58300,69880,33000EAH
R72 04305 0007,17840,40730,58570,11460,57470,68930,33000EAH
R72 04305 0008,17840,56970,74810,11460,86590,98050,33000EAH
R72 04305 0009,17840,53730,71570,11460,64200,75660,33000EAH
R72 04305 0010,18910,41860,60770,12230,58990,71220,33000EAH
R72 04305 0011,20340,39080,59420,12830,49160,61990,33000EAH
R72 04305 0012,18810,40190,59000,11770,63210,74980,33000EAH
R72 04305 0013,17200,42870,60070,11040,55030,66070,33000EAH
R72 04305 0014,17200,69500,86700,11040,84720,95760,33000EAH
R72 04305 0015,5360,0,5360,3360,0,3360,33000EAH
R72 04305 0016,17200,42790,59990,11040,57410,68450,33000EAH
R72 04305 0017,26960,44520,71480,17370,65490,82860,33000EAH
R72 04305 0018,15990,36210,52200,10230,50770,61000,33000EAH
R72 04305 0019,16750,45480,62230,10660,54910,65570,33000EAH
R72 04305 0020,17390,39030,56420,11150,59350,70500,33000EAH
R72 04305 0021,16800,48780,65580,10790,53410,64200,33000EAH
R72 04305 0022,18390,48440,66830,11850,57490,69340,33000EAH
R72 04305 0023,17850,62430,80280,11510,79950,91460,33000EAH
R72 04305 0024,18030,45530,63560,11620,53860,65480,33000EAH
R72 04305 0025,18030,37440,55470,11620,54100,65720,33000EAH
R72 04305 0026,17680,39830,57510,11390,51390,62780,33000EAH
R72 04305 0027,17330,48200,65530,11170,41970,53140,33000EAH
R72 04305 0028,17500,48080,65580,11280,51860,63140,33000EAH
R72 04305 0029,16800,48930,65730,10830,64280,75110,33000EAH
R72 04305 0030,16960,50250,67210,10970,60080,71050,33000EAH
R72 04305 0031,16630,51680,68310,10720,60430,71150,33000EAH
R72 04305 0032,16980,41190,58170,10940,57030,67970,33000EAH
R72 04305 0033,16630,58220,74850,10720,72640,83360,33000EAH
R72 04305 0034,16630,56360,72990,10720,61030,71750,33000EAH
R72 04305 0035,16630,42100,58730,10720,60150,70870,33000EAH
R72 04305 0036,16630,50650,67280,10720,66200,76920,33000EAH
R72 04305 0037,16630,50380,67010,10720,62030,72750,33000EAH
R72 04305 0038,16630,46760,63390,10720,54880,65600,33000EAH
R72 04305 0039,16630,42500,59130,10720,58440,69160,33000EAH
R72 04305 0040,16450,56950,73400,10600,64980,75580,33000EAH
R72 04305 0041,16100,43550,59650,10380,66420,76800,33000EAH
R72 04305 0042,18200,33590,51790,5870,0,5870,33000EAH
R72 04305 0043,16280,42690,58970,10490,70400,80890,33000EAH
R72 04305 0044,16280,42550,58830,10490,65450,75940,33000EAH
R72 04305 0045,16280,53080,69360,10490,41950,52440,33000EAH
R72 04305 0046,16280,40360,56640,10490,59080,69570,33000EAH
R72 04305 0048,5690,0,5690,3570,0,3570,33000EAH
R72 04306 0001,19250,144290,163540,12500,137500,150000,33000EAH
R72 04306 0002,9630,0,9630,5630,0,5630,33000EAH
R72 04306 0003,7060,0,7060,4550,0,4550,33000EAH
R72 04306 0004,18290,40470,58760,11770,55510,67280,33000EAH
R72 04306 0005,18290,42760,61050,11770,52040,63810,33000EAH
R72 04306 0006,18670,51510,70180,12050,76210,88260,33000EAH
R72 04306 0007,17500,39390,56890,11280,52420,63700,33000EAH
R72 04306 0008,17500,59770,77270,11280,84550,95830,33000EAH
R72 04306 0009,8750,0,8750,5080,0,5080,33000EAH
R72 04306 0010,17500,55440,72940,11280,79670,90950,33000EAH
R72 04306 0011,19250,59770,79020,12460,21990,34450,33000EAH
R72 04306 0012,19250,53280,72530,12460,67220,79680,33000EAH
R72 04306 0013,19250,77410,96660,12460,93300,105760,33000EAH
R72 04306 0014,19640,42660,62300,12730,67180,79910,33000EAH
R72 04306 0015,18020,50560,68580,11580,70940,82520,33000EAH
R72 04306 0016,18020,40510,58530,11580,55320,66900,33000EAH
R72 04306 0017,18020,29800,47820,11580,56190,67770,33000EAH
R72 04306 0018,18020,48890,66910,11580,67980,79560,33000EAH
R72 04306 0022,16800,40050,56850,10810,48280,59090,33000EAH
R72 04306 0023,16800,39700,56500,10810,57640,68450,33000EAH
R72 04306 0024,16800,46460,63260,10810,62510,73320,33000EAH
R72 04306 0025,16800,58020,74820,10810,79980,90790,33000EAH
R72 04306 0026,16800,48490,65290,10810,58850,69660,33000EAH
R72 04306 0027,17150,65430,82580,8820,0,8820,33000EAH
R72 04306 0028,19780,49460,69240,12750,58870,71620,33000EAH
R72 04307 0001,18380,45270,63650,11840,56380,68220,33000EAH
R72 04307 0002,16100,54080,70180,10380,62220,72600,33000EAH
R72 04307 0003,16100,51360,67460,10380,60830,71210,33000EAH
R72 04307 0004,16100,43030,59130,10380,56950,67330,33000EAH
R72 04307 0005,16100,45840,61940,10380,57520,67900,33000EAH
R72 04307 0006,19780,41650,61430,12750,57090,69840,33000EAH
R72 04307 0007,15750,42540,58290,10150,53910,64060,33000EAH
R72 04307 0008,15750,34020,49770,10150,43360,53510,33000EAH
R72 04307 0009,15750,39640,55390,10150,53450,63600,33000EAH
R72 04307 0010,15750,44460,60210,10150,55050,65200,33000EAH
R72 04307 0011,15750,50590,66340,10150,76440,86590,33000EAH
R72 04307 0012,15750,31290,47040,10150,50750,60900,33000EAH
R72 04307 0013,15750,53180,68930,10150,80260,90410,33000EAH
R72 04307 0014,16980,42080,59060,10880,56050,66930,33000EAH
R72 04307 0028,22920,38690,61610,15900,53070,68970,33000EAH
R72 04307 0029,18350,34550,52900,11870,44200,56070,33000EAH
R72 04307 0030,16790,47930,64720,10840,56050,66890,33000EAH
R72 04307 0031,15400,38380,53780,9930,47450,57380,33000EAH
R72 04307 0032,15400,42360,57760,9930,64620,74550,33000EAH
R72 04307 0033,15750,32730,48480,10150,54360,64510,33000EAH
R72 04307 0034,15750,58610,74360,10150,73060,83210,33000EAH
R72 04307 0035,16100,40060,56160,10380,56770,67150,33000EAH
R72 04307 0036,15930,44820,60750,10260,64590,74850,33000EAH
R72 04307 0037,15030,32690,47720,9790,37670,47460,33000EAH
R72 04307 0038,18000,29550,47550,18000,46890,64890,33000EAH
R72 04307 0039,13780,34170,47950,9160,42930,52090,33000EAH
R72 04307 0040,18670,41110,59780,11960,25120,37080,33000EAH
R72 04307 0041,17330,41980,59310,11190,68320,79510,33000EAH
R72 04307 0042,18160,56090,74250,11740,67400,79140,33000EAH
R72 04307 0043,18100,36040,54140,11720,45200,56920,33000EAH
R72 04307 0044,18260,42540,60800,11890,52770,64660,33000EAH
R72 04307 0045,18260,42030,60290,11890,50100,61990,33000EAH
R72 04307 0046,18100,42380,60480,11680,52500,64180,33000EAH
R72 04307 0047,17980,40820,58800,11610,53940,65550,33000EAH
R72 04307 0048,17330,42590,59920,11140,60800,71940,33000EAH
R72 04307 0049,18870,56320,75190,12130,71200,83330,33000EAH
R72 04307 0050,18670,40980,59650,11960,25930,37890,33000EAH
R72 04307 0051,17330,44270,61600,11190,57380,68570,33000EAH
R72 04307 0052,18160,41590,59750,11740,51460,63200,33000EAH
R72 04307 0053,18100,41240,59340,11680,44100,55780,33000EAH
R72 04307 0054,18260,41140,59400,11890,25250,37140,33000EAH
R72 04307 0055,18260,41750,60010,11890,51730,63620,33000EAH
R72 04307 0056,18100,41210,59310,11680,54230,65910,33000EAH
R72 04307 0057,17980,41390,59370,11610,56550,68160,33000EAH
R72 04307 0058,17330,41540,58870,11140,60690,71830,33000EAH
R72 04307 0059,18870,27050,45920,12130,34720,46850,33000EAH
R72 04308 0001,16280,42490,58770,10490,64260,74750,33000EAH
R72 04308 0002,16280,41740,58020,10490,57210,67700,33000EAH
R72 04308 0003,16280,42250,58530,10490,24510,35000,33000EAH
R72 04308 0004,16630,45980,62610,10720,64690,75410,33000EAH
R72 04308 0005,16980,32840,49820,10940,45760,56700,33000EAH
R72 04308 0006,16980,40940,57920,10940,54550,65490,33000EAH
R72 04308 0007,16980,44200,61180,10940,59290,70230,33000EAH
R72 04308 0008,16980,38320,55300,10940,52940,63880,33000EAH
R72 04308 0009,16980,39540,56520,10940,57910,68850,33000EAH
R72 04308 0010,16100,40080,56180,10380,61920,72300,33000EAH
R72 04308 0011,16100,46130,62230,10380,63790,74170,33000EAH
R72 04308 0012,16100,43290,59390,10380,57740,68120,33000EAH
R72 04308 0013,16100,46420,62520,10380,60290,70670,33000EAH
R72 04308 0014,16100,47930,64030,10380,61870,72250,33000EAH
R72 04308 0015,16100,37970,54070,10380,58800,69180,33000EAH
R72 04308 0016,16100,40380,56480,10380,56090,66470,33000EAH
R72 04308 0017,16100,38940,55040,10380,48150,58530,33000EAH
R72 04308 0018,16100,42920,59020,10380,67120,77500,33000EAH
R72 04308 0019,16100,52260,68360,10380,67400,77780,33000EAH
R72 04308 0020,16630,36580,53210,10720,53120,63840,33000EAH
R72 04308 0021,17500,41280,58780,11280,55490,66770,33000EAH
R72 04308 0022,17500,44430,61930,11280,62750,74030,33000EAH
R72 04308 0023,22750,32120,54870,14660,47580,62240,33000EAH
R72 04308 0024,27770,41250,69020,21980,63090,85070,33000EAH
R72 04308 0025,18900,44570,63470,12180,61880,74060,33000EAH
R72 04308 0026,18900,40560,59460,12180,57120,69300,33000EAH
R72 04308 0027,17500,39210,56710,11280,62150,73430,33000EAH
R72 04308 0028,16980,19980,36960,10950,10000,20950,33000EAH
R72 04308 0029,16280,36110,52390,10490,33020,43510,33000EAH
R72 04308 0030,16280,44140,60420,10490,49830,60320,33000EAH
R72 04308 0031,16130,40120,56250,10420,57590,68010,33000EAH
R72 04308 0032,16630,37950,54580,10720,50700,61420,33000EAH
R72 04308 0033,26910,42550,69460,21150,68090,89240,33000EAH
R72 04308 0034,13790,0,13790,9800,0,9800,33000EAH
R72 04308 0035,18900,47710,66610,12180,61460,73640,33000EAH
R72 04308 0036,18900,42180,61080,12180,54770,66950,33000EAH
R72 04308 0037,15750,53010,68760,10150,41710,51860,33000EAH
R72 04308 0038,15750,37170,52920,10150,48530,58680,33000EAH
R72 04309 0001,27980,52180,80160,22940,74650,97590,33000EAH
R72 04309 0003,18310,47960,66270,11630,68390,80020,33000EAH
R72 04309 0005,16070,39510,55580,10270,56290,66560,33000EAH
R72 04309 0006,15310,38340,53650,9890,51740,61630,33000EAH
R72 04309 0007,16630,46550,63180,10720,57490,68210,33000EAH
R72 04309 0008,16630,48380,65010,10720,65430,76150,33000EAH
R72 04309 0009,16630,42910,59540,10720,56490,67210,33000EAH
R72 04309 0010,16630,46270,62900,10720,56400,67120,33000EAH
R72 04309 0011,15930,48670,64600,10260,65900,76160,33000EAH
R72 04309 0012,15930,48860,64790,10260,60040,70300,33000EAH
R72 04309 0013,15930,44380,60310,10260,46430,56690,33000EAH
R72 04309 0014,15930,45730,61660,10260,54300,64560,33000EAH
R72 04309 0015,15930,53670,69600,10260,76600,86860,33000EAH
R72 04309 0016,15930,46810,62740,10260,62510,72770,33000EAH
R72 04309 0017,17680,47220,64900,11390,78320,89710,33000EAH
R72 04309 0018,17680,46530,64210,11390,61890,73280,33000EAH
R72 04309 0019,17680,56610,74290,11390,74030,85420,33000EAH
R72 04309 0020,18200,60160,78360,11730,72650,84380,33000EAH
R72 04309 0021,20160,55720,75880,12940,88850,101790,33000EAH
R72 04309 0022,22230,57070,79300,14520,71990,86510,33000EAH
R72 04309 0023,18010,46610,64620,11590,71100,82690,33000EAH
R72 04309 0024,18010,48940,66950,11590,66770,78360,33000EAH
R72 04309 0025,18010,34570,52580,11590,50520,62110,33000EAH
R72 04309 0026,17710,42110,59820,11280,61540,72820,33000EAH
R72 04309 0027,15580,32190,47770,10060,66500,76560,33000EAH
R72 04309 0028,15790,46090,61880,10220,52610,62830,33000EAH
R72 04309 0029,16290,38560,54850,10510,55900,66410,33000EAH
R72 04309 0030,17850,43660,61510,11460,63370,74830,33000EAH
R72 04310 0001,9630,22190,31820,4590,18640,23230,32000BUR
R72 04310 0002,9630,24360,33990,4590,18750,23340,32000BUR
R72 04310 0004,9630,23580,33210,4590,21740,26330,32000BUR
R72 04310 0006,9630,47560,57190,4590,37590,42180,32000BUR
R72 04310 0007,9630,47000,56630,4590,37900,42490,32000BUR
R72 04310 0009,9630,24200,33830,4590,17950,22540,32000BUR
R72 04310 0011,9630,28850,38480,4590,22920,27510,32000BUR
R72 04310 0012,9630,49030,58660,4590,26410,31000,32000BUR
R72 04310 0014,11000,64040,75040,4950,53820,58770,32000BUR
R72 04310 0015,11000,52350,63350,4950,45140,50090,32000BUR
R72 04310 0016,11000,43090,54090,4950,42690,47640,32000BUR
R72 04310 0017,11000,48010,59010,4950,32190,37140,32000BUR
R72 04310 0018,10800,25540,36340,4880,32500,37380,32000BUR
R72 04310 0019,11000,27100,38100,4950,36240,41190,32000BUR
R72 04310 0020,10730,29960,40690,4900,26430,31330,32000BUR
R72 04310 0021,9750,24950,34700,4570,20070,24640,32000BUR
R72 04310 0022,11000,40840,51840,4980,41960,46940,32000BUR
R72 04311 0001,17010,33670,50680,8470,67960,76430,33000WRI
R72 04311 0002,17010,16230,33240,8470,42620,51090,33000WRI
R72 04311 0003,17010,45280,62290,8470,50290,58760,33000WRI
R72 04311 0004,20030,48950,68980,10100,49950,60050,33000WRI
R72 04311 0006,17010,43270,60280,8470,53270,61740,33000WRI
R72 04311 0007,16800,46180,62980,8410,49270,57680,33000WRI
R72 04311 0008,19640,33530,53170,9900,38200,48100,33000WRI
R72 04311 0009,31750,9930,41680,17560,43760,61320,33000WRI
R72 04311 0010,19140,65110,84250,24670,63450,88120,33000WRI
R72 04311 0011,17010,83990,101000,8470,67670,76140,33000WRI
R72 04311 0012,34300,45780,80080,18290,97330,115620,33000WRI
R72 04311 0013,14930,49770,64700,7340,53390,60730,33000WRI
R72 04311 0014,17740,27410,45150,8840,35490,44330,33000WRI
R72 04311 0015,17390,63450,80840,8670,61620,70290,33000WRI
R72 04311 0016,17740,52160,69900,8840,46120,54960,33000WRI
R72 04311 0017,7220,0,7220,3600,0,3600,33000WRI
R72 04311 0019,17390,49440,66830,8670,44820,53490,33000WRI
R72 04311 0020,38310,44520,82830,20260,40440,60700,33000WRI
R72 04311 0021,17010,39330,56340,8470,38520,46990,33000WRI
R72 04311 0022,17580,39280,56860,8770,35890,44660,33000WRI
R72 04311 0023,21360,44680,66040,10820,44620,55440,33000WRI
R72 04311 0024,17010,49910,66920,8550,77640,86190,33000WRI
R72 04311 0025,17010,18510,35520,8550,16800,25350,33000WRI
R72 04311 0026,17770,44840,62610,8880,59610,68490,33000WRI
R72 04311 0037,16440,44280,60720,8160,45140,53300,33000WRI
R72 04311 0041,17170,47720,64890,8530,41690,50220,33000WRI
R72 04311 0042,19640,32520,52160,9900,34480,44380,33000WRI
R72 04311 0043,17580,31460,49040,8770,37520,46290,33000WRI
R72 04311 0045,20310,65990,86300,24960,72610,97570,33000WRI
R72 04311 0046,15750,40850,56600,7880,39880,47760,33000WRI
R72 04311 0048,21360,33780,55140,10820,43440,54260,33000WRI
R72 04311 0050,22490,78020,100510,11370,62030,73400,33000WRI
R72 04311 0051,23270,62170,85440,11840,50690,62530,33000WRI
R72 04311 0052,23700,57300,81000,12260,46850,59110,33000WRI
R72 04311 0053,24500,44570,69070,13970,58890,72860,33000WRI
R72 04311 0054,21920,38900,60820,11590,42260,53850,33000WRI
R72 04311 0055,20400,68350,88750,10860,60110,70970,33000WRI
R72 04311 0056,24280,72340,96620,13520,57770,71290,33000WRI
R72 04311 0057,24480,39470,63950,12760,41860,54620,33000WRI
R72 04311 0058,25190,51770,76960,14000,44330,58330,33000WRI
R72 04311 0059,25830,55240,81070,14790,44330,59120,33000WRI
R72 04311 0060,29490,43370,72860,18230,39610,57840,33000WRI
R72 04311 0063,22700,63290,85990,11530,54350,65880,33000WRI
R72 04311 0064,24800,50030,74830,12670,55110,67780,33000WRI
R72 04312 0006,10340,25210,35550,7560,44940,52500,32000WRI
R72 04312 0009,7400,42450,49850,5510,34460,39970,32000WRI
R72 04312 0012,7400,14040,21440,5510,22720,28230,32000WRI
R72 04312 0015,8340,64650,72990,6170,46470,52640,32000WRI
R72 04312 0018,9640,24960,34600,7070,21720,28790,32000WRI
R72 04312 0025,8660,65000,73660,6510,49560,56070,32000WRI
R72 04312 0026,8660,58680,67340,6510,43460,49970,32000WRI
R72 04312 0027,8660,41180,49840,6510,40080,46590,32000WRI
R72 04312 0028,8660,52780,61440,6510,44890,51400,32000WRI
R72 04312 0029,8660,41400,50060,6510,52070,58580,32000WRI
R72 04312 0030,9840,37680,47520,7440,29370,36810,32000WRI
R72 04312 0032,11340,97630,108970,8660,50720,59380,32000WRI
R72 04312 0034,8910,43610,52520,6710,38940,45650,32000WRI
R72 04312 0036,8910,68970,77880,6710,50990,57700,32000WRI
R72 04312 0038,5680,0,5680,3900,0,3900,32000WRI
R72 04312 0040,10260,96840,107100,7800,76010,83810,32000WRI
R72 04312 0042,11790,69430,81220,8970,75990,84960,32000WRI
R72 04312 0045,10110,43460,53570,7650,43770,51420,32000WRI
R72 04312 0048,12970,47310,60280,10370,35840,46210,32000WRI
R72 04312 0049,11970,39590,51560,9510,31210,40720,32000WRI
R72 04312 0050,9450,46460,55910,7210,38070,45280,32000WRI
R72 04312 0051,14850,92620,107470,11610,71440,83050,32000WRI
R72 04312 0053,8460,40130,48590,6250,28260,34510,32000WRI
R72 04312 0056,8930,35450,44380,6580,26090,32670,32000WRI
R72 04312 0059,9450,62490,71940,7210,47510,54720,32000WRI
R72 04312 0060,11970,56860,68830,9510,42960,52470,32000WRI
R72 04312 0061,11970,41340,53310,9510,37420,46930,32000WRI
R72 04312 0062,12260,41760,54020,9750,32820,42570,32000WRI
R72 04312 0063,11400,40720,52120,9010,33540,42550,32000WRI
R72 04312 0064,12260,41280,53540,9750,28920,38670,32000WRI
R72 04312 0065,11970,62030,74000,9510,43280,52790,32000WRI
R72 04312 0066,11970,21170,33140,9510,27950,37460,32000WRI
R72 04312 0067,11970,47690,59660,9510,36910,46420,32000WRI
R72 04312 0068,12830,49390,62220,10250,35000,45250,32000WRI
R72 04312 0069,10800,37680,48480,8310,45800,54110,32000WRI
R72 04312 0070,10800,24160,34960,8310,34270,42580,32000WRI
R72 04312 0071,12150,42330,54480,9410,35730,45140,32000WRI
R72 04312 0077,11000,29880,40880,2900,35600,38500,32000WRI
R72 04312 0078,11210,29670,40880,2900,35600,38500,32000WRI
R72 04313 0001,18000,97910,115910,18000,127950,145950,33000EAH
R72 04313 0002,18000,36760,54760,18000,42350,60350,33000EAH
R72 04313 0004,18000,116830,134830,18000,125700,143700,33000BEL
R72 04401 0002,11130,40150,51280,4950,28580,33530,32000BUR
R72 04401 0003,8880,35980,44860,4370,33690,38060,32000BUR
R72 04401 0004,4040,0,4040,850,0,850,32000BUR
R72 04401 0005,1150,0,1150,4540,27780,32320,32000BUR
R72 04401 0007,8880,37640,46520,4370,41390,45760,32000BUR
R72 04401 0008,9140,28870,38010,4440,24970,29410,32000BUR
R72 04401 0010,8420,34030,42450,4250,18990,23240,32000BUR
R72 04401 0011,8540,31340,39880,4290,27460,31750,32000BUR
R72 04401 0012,8450,31210,39660,4260,31570,35830,32000BUR
R72 04401 0013,8450,38270,46720,4260,28200,32460,32000BUR
R72 04401 0014,8450,30830,39280,4260,27170,31430,32000BUR
R72 04401 0015,8450,32070,40520,4260,27090,31350,32000BUR
R72 04401 0016,8450,29250,37700,4260,24900,29160,32000BUR
R72 04401 0017,8450,30730,39180,4260,25550,29810,32000BUR
R72 04401 0018,8450,38740,47190,4260,37630,41890,32000BUR
R72 04401 0021,7680,47960,55640,4060,45890,49950,32000BUR
R72 04401 0022,7680,63830,71510,4060,42360,46420,32000BUR
R72 04401 0023,7680,40060,47740,4060,29960,34020,32000BUR
R72 04401 0024,7680,21960,29640,4060,24700,28760,32000BUR
R72 04401 0025,7360,38130,45490,3980,7980,11960,32000BUR
R72 04401 0026,7680,32730,40410,4060,29230,33290,32000BUR
R72 04401 0027,9270,23450,32720,4460,35390,39850,32000BUR
R72 04402 0001,8500,32890,41390,4280,33500,37780,32000BUR
R72 04402 0002,8370,56350,64720,4250,28840,33090,32000BUR
R72 04402 0003,8370,45490,53860,4250,20740,24990,32000BUR
R72 04402 0004,8370,26620,34990,4250,30360,34610,32000BUR
R72 04402 0005,8630,33850,42480,4310,29590,33900,32000BUR
R72 04402 0006,8760,46690,55450,4340,38060,42400,32000BUR
R72 04402 0007,8760,30930,39690,4340,31090,35430,32000BUR
R72 04402 0008,8630,58130,66760,4310,46580,50890,32000BUR
R72 04402 0009,5320,28350,33670,3550,33470,37020,32000BUR
R72 04402 0010,4320,0,4320,820,0,820,32000BUR
R72 04402 0011,8630,24490,33120,4310,42400,46710,32000BUR
R72 04402 0012,8630,40470,49100,4310,28190,32500,32000BUR
R72 04402 0014,7980,7020,15000,4150,20550,24700,32000BUR
R72 04402 0015,7980,28000,35980,4150,25280,29430,32000BUR
R72 04402 0016,7980,28700,36680,4150,23410,27560,32000BUR
R72 04402 0017,7980,30630,38610,4150,26510,30660,32000BUR
R72 04402 0018,8110,38250,46360,4180,29380,33560,32000BUR
R72 04402 0019,6750,2640,9390,1460,0,1460,32000BUR
R72 04402 0021,8500,21380,29880,4280,22910,27190,32000BUR
R72 04402 0022,4190,0,4190,790,0,790,32000BUR
R72 04402 0023,8630,32810,41440,4310,30970,35280,32000BUR
R72 04402 0024,8760,30270,39030,4340,28090,32430,32000BUR
R72 04402 0025,8760,34030,42790,4340,32380,36720,32000BUR
R72 04402 0026,7650,49350,57000,4030,17810,21840,32000BUR
R72 04402 0027,4410,25360,29770,3090,21910,25000,32000BUR
R72 04402 0030,7980,30580,38560,4150,28000,32150,32000BUR
R72 04402 0031,8630,30080,38710,4310,34060,38370,32000BUR
R72 04402 0032,8630,33220,41850,4310,18000,22310,32000BUR
R72 04402 0033,7980,44620,52600,4150,37530,41680,32000BUR
R72 04402 0034,7980,29190,37170,4150,16870,21020,32000BUR
R72 04402 0035,7980,29630,37610,4150,19780,23930,32000BUR
R72 04402 0036,7980,28900,36880,4150,25310,29460,32000BUR
R72 04402 0037,8110,29690,37800,4180,13720,17900,32000BUR
R72 04402 0038,6620,39160,45780,3810,39370,43180,32000BUR
R72 04402 0039,6620,28020,34640,3820,24030,27850,32000BUR
R72 04402 0040,6620,31840,38460,3820,23030,26850,32000BUR
R72 04402 0041,6620,30920,37540,3820,12360,16180,32000BUR
R72 04402 0042,6620,29740,36360,3820,9570,13390,32000BUR
R72 04402 0043,6620,27050,33670,3820,25350,29170,32000BUR
R72 04402 0044,6620,25710,32330,3820,22730,26550,32000BUR
R72 04402 0045,6510,27930,34440,3800,28390,32190,32000BUR
R72 04402 0046,8160,28900,37060,4190,27640,31830,32000BUR
R72 04402 0047,8160,29390,37550,4190,26670,30860,32000BUR
R72 04402 0049,8160,39660,47820,4190,33760,37950,32000BUR
R72 04402 0051,8160,28150,36310,4190,24670,28860,32000BUR
R72 04402 0052,8160,28970,37130,4190,15770,19960,32000BUR
R72 04402 0054,8160,25120,33280,4190,29650,33840,32000BUR
R72 04402 0055,4080,510,4590,850,660,1510,32000BUR
R72 04402 0056,8290,34660,42950,4220,43070,47290,32000BUR
R72 04402 0057,250,0,250,250,0,250,32000BUR
R72 04402 0058,4530,0,4530,880,0,880,32000BUR
R72 04402 0059,9050,31220,40270,4420,14610,19030,32000BUR
R72 04402 0060,9050,85390,94440,4420,132620,137040,32000BUR
R72 04402 0061,4530,0,4530,880,0,880,32000BUR
R72 04402 0064,9050,36320,45370,4420,31510,35930,32000BUR
R72 04402 0065,7450,38270,45720,3990,40910,44900,32000BUR
R72 04403 0001,5830,21500,27330,3670,7760,11430,32000BUR
R72 04403 0003,8320,7950,16270,4230,14400,18630,32000BUR
R72 04403 0004,8240,28210,36450,4200,30470,34670,32000BUR
R72 04403 0005,8160,38840,47000,1280,0,1280,32000BUR
R72 04403 0006,8000,4080,12080,4150,3220,7370,32000BUR
R72 04403 0007,6830,29120,35950,3860,25040,28900,32000BUR
R72 04403 0010,6600,22000,28600,3810,19710,23520,32000BUR
R72 04403 0011,7840,21640,29480,7700,12450,20150,32000BUR
R72 04403 0012,8750,38410,47160,4330,31220,35550,32000BUR
R72 04403 0014,6880,27670,34550,3880,23450,27330,32000BUR
R72 04403 0016,6880,28660,35540,3880,24480,28360,32000BUR
R72 04403 0017,7500,48620,56120,4030,39970,44000,32000BUR
R72 04403 0018,1500,0,1500,310,0,310,32000BUR
R72 04403 0019,7500,31480,38980,4030,27540,31570,32000BUR
R72 04403 0020,7780,21470,29250,4190,6980,11170,32000BUR
R72 04403 0021,8540,28320,36860,4440,26150,30590,32000BUR
R72 04403 0022,200,0,200,200,0,200,32000BUR
R72 04403 0023,5540,0,5540,910,0,910,32000BUR
R72 04403 0024,200,0,200,200,0,200,32000BUR
R72 04403 0025,200,0,200,200,0,200,32000BUR
R72 04403 0026,840,0,840,160,0,160,32000BUR
R72 04403 0027,6520,29010,35530,3790,6680,10470,32000BUR
R72 04403 0028,7880,30360,38240,4460,25690,30150,32000BUR
R72 04403 0029,270,0,270,40,0,40,32000BUR
R72 04403 0030,11700,29030,40730,4640,26780,31420,32000BUR
R72 04403 0031,11700,24750,36450,4640,22870,27510,32000BUR
R72 04403 0032,9300,30660,39960,4680,28280,32960,32000BUR
R72 04403 0033,2330,0,2330,550,0,550,32000BUR
R72 04403 0034,9300,41490,50790,4670,32750,37420,32000BUR
R72 04403 0035,9300,28510,37810,4680,31940,36620,32000BUR
R72 04403 0036,9300,33400,42700,4680,21670,26350,32000BUR
R72 04403 0037,9300,20950,30250,4680,15360,20040,32000BUR
R72 04403 0038,11900,26100,38000,4720,22380,27100,32000BUR
R72 04404 0002,8090,48410,56500,4110,37960,42070,32000BUR
R72 04404 0003,5760,0,5760,3150,0,3150,32000BUR
R72 04404 0008,1440,0,1440,290,0,290,32000BUR
R72 04404 0009,5850,15870,21720,3680,10460,14140,32000BUR
R72 04404 0010,5550,7830,13380,3630,7070,10700,32000BUR
R72 04404 0011,1460,0,1460,290,0,290,32000BUR
R72 04404 0012,6080,24940,31020,3720,22220,25940,32000BUR
R72 04404 0013,6150,22530,28680,3730,19220,22950,32000BUR
R72 04404 0014,10150,31830,41980,4840,28730,33570,32000BUR
R72 04404 0015,9810,28050,37860,900,0,900,32000BUR
R72 04404 0016,13930,33400,47330,7770,25900,33670,32000BUR
R72 04404 0017,6210,23670,29880,560,0,560,32000BUR
R72 04404 0018,3640,2610,6250,730,3400,4130,32000BUR
R72 04404 0019,7790,19450,27240,780,0,780,32000BUR
R72 04404 0020,9500,29210,38710,4460,24550,29010,32000BUR
R72 04404 0021,8750,26070,34820,4330,23280,27610,32000BUR
R72 04404 0022,8130,28550,36680,4180,25410,29590,32000BUR
R72 04404 0023,8290,8480,16770,4220,15090,19310,32000BUR
R72 04404 0024,8130,17910,26040,4180,18690,22870,32000BUR
R72 04404 0025,8130,22640,30770,4180,25450,29630,32000BUR
R72 04404 0026,6450,7440,13890,3790,21930,25720,32000BUR
R72 04405 0002,10380,39300,49680,1230,0,1230,32000BUR
R72 04405 0006,8670,31400,40070,4310,12850,17160,32000BUR
R72 04405 0008,8620,39000,47620,4350,19410,23760,32000BUR
R72 04405 0012,8620,32850,41470,4350,34340,38690,32000BUR
R72 04405 0016,8620,30640,39260,4350,29740,34090,32000BUR
R72 04405 0020,8760,32760,41520,4390,28770,33160,32000BUR
R72 04405 0024,8620,31120,39740,4350,29960,34310,32000BUR
R72 04405 0028,8330,27600,35930,4270,27450,31720,32000BUR
R72 04405 0032,11770,36780,48550,7260,26290,33550,32000BUR
R72 04405 0036,8230,48640,56870,4180,42690,46870,32000BUR
R72 04405 0039,7060,38450,45510,3870,30680,34550,32000BUR
R72 04405 0040,8540,17420,25960,4290,8640,12930,32000BUR
R72 04405 0041,8290,29880,38170,870,0,870,32000BUR
R72 04405 0042,8290,8880,17170,4230,26320,30550,32000BUR
R72 04405 0043,8670,32140,40810,4320,27060,31380,32000BUR
R72 04405 0044,8540,15730,24270,4290,34980,39270,32000BUR
R72 04405 0046,6950,36440,43390,3870,33660,37530,32000BUR
R72 04405 0047,8290,23120,31410,4210,25190,29400,32000BUR
R72 04405 0048,8420,28480,36900,4240,15830,20070,32000BUR
R72 04405 0049,8420,16180,24600,4240,0,4240,32000BUR
R72 04405 0050,6890,19550,26440,3870,23320,27190,32000BUR
R72 04405 0051,6890,13600,20490,3870,13460,17330,32000BUR
R72 04405 0053,6890,22220,29110,3870,27460,31330,32000BUR
R72 04405 0054,8090,32140,40230,4150,18380,22530,32000BUR
R72 04405 0055,8290,42960,51250,4210,36080,40290,32000BUR
R72 04405 0056,7920,30570,38490,4120,15990,20110,32000BUR
R72 04405 0057,7920,40720,48640,4120,14400,18520,32000BUR
R72 04405 0059,7920,20720,28640,4120,25600,29720,32000BUR
R72 04405 0060,7920,26750,34670,4120,24170,28290,32000BUR
R72 04405 0061,7920,14720,22640,4120,37900,42020,32000BUR
R72 04405 0062,7920,22200,30120,4120,36860,40980,32000BUR
R72 04405 0064,7920,28610,36530,4120,15890,20010,32000BUR
R72 04405 0065,7920,26300,34220,4120,23460,27580,32000BUR
R72 04405 0066,7920,36960,44880,4120,34190,38310,32000BUR
R72 04405 0067,7920,27860,35780,4120,23610,27730,32000BUR
R72 04405 0068,7920,38530,46450,4120,33040,37160,32000BUR
R72 04405 0069,7920,31020,38940,4120,26790,30910,32000BUR
R72 04405 0070,7920,30640,38560,4120,28700,32820,32000BUR
R72 04405 0071,7920,28180,36100,4120,28880,33000,32000BUR
R72 04405 0072,11520,9290,20810,7300,42880,50180,32000BUR
R72 04405 0078,2890,30810,33700,1830,25440,27270,32000BUR
R72 04405 0079,900,0,900,60,0,60,32000BUR
R72 04405 0080,5250,9840,15090,3540,24650,28190,32000BUR
R72 04405 0081,7010,23270,30280,4980,20290,25270,32000BUR
R72 04407 0001,6630,22810,29440,3820,19330,23150,32000BUR
R72 04407 0002,8030,30570,38600,4160,13230,17390,32000BUR
R72 04407 0004,8160,41920,50080,4190,27250,31440,32000BUR
R72 04407 0006,8290,32120,40410,4220,28990,33210,32000BUR
R72 04407 0008,8030,34400,42430,4160,32770,36930,32000BUR
R72 04407 0009,7910,16000,23910,4130,19760,23890,32000BUR
R72 04407 0010,7780,27170,34950,4090,21530,25620,32000BUR
R72 04407 0011,7780,4700,12480,4090,10610,14700,32000BUR
R72 04407 0012,7910,21310,29220,4130,17250,21380,32000BUR
R72 04407 0016,200,30790,30990,200,22830,23030,32000BUR
R72 04407 0018,1940,0,1940,400,0,400,32000BUR
R72 04407 0022,9520,37160,46680,4460,33970,38430,32000BUR
R72 04407 0026,3760,26070,29830,770,25070,25840,32000BUR
R72 04407 0027,7520,37350,44870,4030,35150,39180,32000BUR
R72 04407 0028,7140,29620,36760,3940,27380,31320,32000BUR
R72 04407 0029,7650,31060,38710,4060,30580,34640,32000BUR
R72 04407 0031,7520,22950,30470,690,0,690,32000BUR
R72 04407 0032,7650,33410,41060,4060,26670,30730,32000BUR
R72 04407 0033,7910,26760,34670,4130,33830,37960,32000BUR
R72 04407 0034,970,0,970,200,0,200,32000BUR
R72 04407 0037,7920,37640,45560,4120,32410,36530,32000BUR
R72 04407 0040,7800,26050,33850,4090,21830,25920,32000BUR
R72 04407 0041,7920,37960,45880,4120,17570,21690,32000BUR
R72 04407 0042,8290,36900,45190,4220,18760,22980,32000BUR
R72 04407 0043,8420,32760,41180,4250,28640,32890,32000BUR
R72 04407 0045,8420,35430,43850,4250,22580,26830,32000BUR
R72 04407 0046,8420,25230,33650,4250,22540,26790,32000BUR
R72 04407 0047,8420,23490,31910,4250,18170,22420,32000BUR
R72 04407 0048,6500,25690,32190,3800,42440,46240,32000BUR
R72 04407 0049,5200,26450,31650,3540,0,3540,32000BUR
R72 04407 0050,7920,25960,33880,4120,17160,21280,32000BUR
R72 04407 0051,7800,32070,39870,4090,28600,32690,32000BUR
R72 04407 0052,7800,29510,37310,4090,23040,27130,32000BUR
R72 04407 0053,6440,21630,28070,3770,18140,21910,32000BUR
R72 04407 0054,6440,22850,29290,3770,18550,22320,32000BUR
R72 04407 0056,6560,23640,30200,3800,20370,24170,32000BUR
R72 04407 0057,1980,0,1980,410,0,410,32000BUR
R72 04407 0058,1950,0,1950,400,0,400,32000BUR
R72 04407 0059,7800,27620,35420,4090,9930,14020,32000BUR
R72 04407 0060,6560,20570,27130,3800,13630,17430,32000BUR
R72 04407 0061,6560,25980,32540,3800,22850,26650,32000BUR
R72 04407 0063,6440,25380,31820,3770,21950,25720,32000BUR
R72 04407 0064,4430,22340,26770,3090,19180,22270,32000BUR
R72 04407 0065,7990,26550,34540,4100,20530,24630,32000BUR
R72 04407 0067,8030,28010,36040,4160,24320,28480,32000BUR
R72 04407 0069,8030,36120,44150,4160,32520,36680,32000BUR
R72 04407 0070,8420,38200,46620,4250,26550,30800,32000BUR
R72 04407 0071,8420,33540,41960,4250,32680,36930,32000BUR
R72 04407 0072,6850,36190,43040,3860,33970,37830,32000BUR
R72 04407 0073,6740,26460,33200,610,0,610,32000BUR
R72 04407 0074,7030,26690,33720,3890,60170,64060,32000BUR
R72 04407 0077,3660,0,3660,660,5210,5870,32000BUR
R72 04407 0078,4980,18250,23230,2990,0,2990,32000BUR
R72 04407 0080,1760,0,1760,350,0,350,32000BUR
R72 04407 0082,520,0,520,10,0,10,32000BUR
R72 04407 0083,5740,28050,33790,3620,24170,27790,32000BUR
R72 04408 0002,9510,10500,20010,4670,22870,27540,32000BUR
R72 04408 0003,8710,36400,45110,4320,34400,38720,32000BUR
R72 04408 0004,8540,22630,31170,4290,15620,19910,32000BUR
R72 04408 0010,5330,19370,24700,3590,19030,22620,32000BUR
R72 04408 0012,8930,54400,63330,4380,42580,46960,32000BUR
R72 04408 0013,8930,30290,39220,4380,16240,20620,32000BUR
R72 04408 0014,8930,63490,72420,4380,46630,51010,32000BUR
R72 04408 0015,8930,34110,43040,4380,31220,35600,32000BUR
R72 04408 0017,8930,39780,48710,4380,36810,41190,32000BUR
R72 04408 0018,8930,31420,40350,4380,27490,31870,32000BUR
R72 04408 0019,9580,31350,40930,4540,28290,32830,32000BUR
R72 04408 0020,9180,53170,62350,4460,44060,48520,32000BUR
R72 04408 0021,1820,0,1820,370,0,370,32000BUR
R72 04408 0022,7430,26630,34060,4010,23150,27160,32000BUR
R72 04408 0024,7700,25870,33570,4080,13320,17400,32000BUR
R72 04408 0025,4590,3200,7790,900,0,900,32000BUR
R72 04408 0026,8100,28650,36750,4180,14790,18970,32000BUR
R72 04408 0027,8100,23970,32070,4180,26340,30520,32000BUR
R72 04408 0029,6890,25040,31930,3870,23320,27190,32000BUR
R72 04408 0031,8240,30780,39020,4220,24470,28690,32000BUR
R72 04408 0033,8240,35930,44170,4220,31960,36180,32000BUR
R72 04408 0034,5500,17000,22500,3620,8740,12360,32000BUR
R72 04408 0035,5500,20880,26380,560,0,560,32000BUR
R72 04408 0037,5500,19070,24570,560,0,560,32000BUR
R72 04409 0001,5200,24220,29420,3560,18880,22440,32000BUR
R72 04409 0002,5630,21810,27440,3630,10020,13650,32000BUR
R72 04409 0003,5990,14190,20180,3690,21620,25310,32000BUR
R72 04409 0004,6270,22090,28360,3740,18620,22360,32000BUR
R72 04409 0005,6560,28360,34920,3790,25030,28820,32000BUR
R72 04409 0011,12460,3350,15810,5290,36410,41700,32000BUR
R72 04409 0013,8480,32740,41220,4270,9230,13500,32000BUR
R72 04409 0014,10340,4690,15030,4750,22280,27030,32000BUR
R72 04409 0015,8610,44720,53330,4310,34840,39150,32000BUR
R72 04409 0016,8610,28710,37320,4310,20210,24520,32000BUR
R72 04409 0018,8480,20460,28940,4270,15280,19550,32000BUR
R72 04409 0019,4240,0,4240,810,0,810,32000BUR
R72 04409 0020,4240,0,4240,810,0,810,32000BUR
R72 04409 0021,8480,43520,52000,4270,41380,45650,32000BUR
R72 04409 0022,6590,23850,30440,3810,21390,25200,32000BUR
R72 04409 0025,6980,22410,29390,3890,19210,23100,32000BUR
R72 04409 0028,6280,23630,29910,3740,19960,23700,32000BUR
R72 04409 0031,6480,21280,27760,3780,12050,15830,32000BUR
R72 04409 0034,5710,22400,28110,3630,12910,16540,32000BUR
R72 04409 0038,8220,19590,27810,4210,17850,22060,32000BUR
R72 04409 0039,8220,26180,34400,4210,32460,36670,32000BUR
R72 04409 0040,8220,23390,31610,4210,22210,26420,32000BUR
R72 04409 0041,8220,24060,32280,4210,20640,24850,32000BUR
R72 04409 0042,8220,22650,30870,4210,15820,20030,32000BUR
R72 04409 0043,8220,25930,34150,4210,12700,16910,32000BUR
R72 04409 0044,8220,22490,30710,4210,19690,23900,32000BUR
R72 04409 0045,8220,26490,34710,4210,11730,15940,32000BUR
R72 04409 0046,8220,27620,35840,4210,30550,34760,32000BUR
R72 04409 0047,4110,0,4110,780,0,780,32000BUR
R72 04409 0048,11240,29470,40710,7220,26210,33430,32000BUR
R72 04409 0049,6740,23030,29770,3840,17160,21000,32000BUR
R72 04409 0050,6040,23360,29400,3720,18270,21990,32000BUR
R72 04409 0052,5810,26670,32480,3680,26200,29880,32000BUR
R72 04409 0054,6200,26860,33060,3740,22970,26710,32000BUR
R72 04409 0056,6740,30610,37350,3840,26950,30790,32000BUR
R72 04409 0058,6060,21890,27950,3710,24400,28110,32000BUR
R72 04409 0059,8350,22000,30350,4240,17500,21740,32000BUR
R72 04409 0060,8350,39270,47620,4240,31250,35490,32000BUR
R72 04409 0061,8350,26340,34690,4240,22420,26660,32000BUR
R72 04409 0062,8350,26200,34550,4240,20890,25130,32000BUR
R72 04409 0063,8350,24020,32370,4240,19250,23490,32000BUR
R72 04409 0064,8350,23770,32120,4240,17730,21970,32000BUR
R72 04409 0065,8350,20930,29280,4240,14850,19090,32000BUR
R72 04409 0066,8350,18750,27100,4240,31640,35880,32000BUR
R72 04409 0067,4180,0,4180,790,0,790,32000BUR
R72 04409 0068,8350,14520,22870,4240,17790,22030,32000BUR
R72 04409 0069,8350,7130,15480,880,0,880,32000BUR
R72 04409 0070,8350,24590,32940,4240,26890,31130,32000BUR
R72 04409 0071,8350,20630,28980,4240,14290,18530,32000BUR
R72 04409 0072,5830,27220,33050,3680,20490,24170,32000BUR
R72 04409 0076,7130,28430,35560,3930,25060,28990,32000BUR
R72 04409 0079,6700,24460,31160,3840,12730,16570,32000BUR
R72 04409 0081,3550,0,3550,640,0,640,32000BUR
R72 04409 0083,5970,14030,20000,3700,18590,22290,32000BUR
R72 04409 0084,3330,22070,25400,2480,20240,22720,32000BUR
R72 04409 0085,8220,25960,34180,4210,17830,22040,32000BUR
R72 04409 0086,8220,30170,38390,4210,33830,38040,32000BUR
R72 04409 0087,8220,29840,38060,4210,24650,28860,32000BUR
R72 04409 0088,4110,0,4110,780,0,780,32000BUR
R72 04409 0089,8220,28630,36850,4210,28400,32610,32000BUR
R72 04409 0090,8220,32810,41030,4210,11120,15330,32000BUR
R72 04409 0091,8220,31400,39620,4210,7520,11730,32000BUR
R72 04409 0092,8220,23970,32190,4210,18630,22840,32000BUR
R72 04409 0093,8220,31720,39940,4210,28200,32410,32000BUR
R72 04409 0094,8220,21470,29690,4210,14180,18390,32000BUR
R72 04409 0095,8220,25100,33320,4210,19570,23780,32000BUR
R72 04409 0096,8220,36160,44380,4210,31020,35230,32000BUR
R72 04409 0097,8220,24590,32810,4210,18840,23050,32000BUR
R72 04409 0098,8220,14180,22400,4210,8910,13120,32000BUR
R72 04409 0100,2290,2180,4470,4570,2860,7430,32000BUR
R72 04409 0101,6370,25260,31630,3690,20500,24190,32000BUR
R72 04409 0102,2810,0,2810,500,0,500,32000BUR
R72 04409 0104,2170,1940,4110,4750,2550,7300,32000BUR
R72 04409 0105,4750,22430,27180,3470,17400,20870,32000BUR
R72 04409 0106,510,0,510,150,0,150,32000BUR
R72 04409 0107,310,0,310,10,0,10,32000BUR
R72 04410 0001,8320,42610,50930,4230,31640,35870,32000BUR
R72 04410 0002,8320,30520,38840,4230,26820,31050,32000BUR
R72 04410 0003,8320,29840,38160,4230,25170,29400,32000BUR
R72 04410 0004,2080,0,2080,440,0,440,32000BUR
R72 04410 0005,8320,24060,32380,4230,20290,24520,32000BUR
R72 04410 0006,8320,26610,34930,4230,23660,27890,32000BUR
R72 04410 0007,8320,26120,34440,4230,19790,24020,32000BUR
R72 04410 0008,8320,26740,35060,4230,34700,38930,32000BUR
R72 04410 0009,8320,12090,20410,4230,14620,18850,32000BUR
R72 04410 0010,8320,31390,39710,4230,28910,33140,32000BUR
R72 04410 0011,8320,29840,38160,4230,34230,38460,32000BUR
R72 04410 0012,12740,66890,79630,5340,35780,41120,32000BUR
R72 04410 0019,770,0,770,580,0,580,32000BUR
R72 04410 0020,1080,0,1080,580,0,580,32000BUR
R72 04410 0023,8750,24890,33640,4340,17510,21850,32000BUR
R72 04410 0027,8750,23270,32020,4340,18500,22840,32000BUR
R72 04410 0028,7750,25050,32800,4090,19390,23480,32000BUR
R72 04410 0029,7750,24720,32470,4090,17700,21790,32000BUR
R72 04410 0030,7880,21280,29160,4120,13910,18030,32000BUR
R72 04410 0031,7750,26460,34210,4090,19600,23690,32000BUR
R72 04410 0034,7750,23720,31470,4090,19630,23720,32000BUR
R72 04410 0035,7750,23630,31380,4090,11200,15290,32000BUR
R72 04410 0036,7750,24310,32060,4090,17510,21600,32000BUR
R72 04410 0037,1950,0,1950,400,0,400,32000BUR
R72 04410 0038,7800,17070,24870,4100,12960,17060,32000BUR
R72 04410 0039,7800,22760,30560,4100,10810,14910,32000BUR
R72 04410 0040,7800,23280,31080,4100,5090,9190,32000BUR
R72 04410 0041,2330,0,2330,1560,0,1560,32000BUR
R72 04410 0042,2330,28050,30380,1560,27310,28870,32000BUR
R72 04410 0043,2330,0,2330,430,0,430,32000BUR
R72 04410 0044,1180,0,1180,220,0,220,32000BUR
R72 04410 0045,9130,29950,39080,4430,16500,20930,32000BUR
R72 04410 0046,7750,19890,27640,4090,13650,17740,32000BUR
R72 04410 0047,7750,21260,29010,4090,14460,18550,32000BUR
R72 04410 0048,7750,13430,21180,4090,18490,22580,32000BUR
R72 04410 0049,7750,24840,32590,4090,22440,26530,32000BUR
R72 04410 0050,10380,6110,16490,4730,5930,10660,32000BUR
R72 04410 0051,10380,21720,32100,4730,11190,15920,32000BUR
R72 04410 0054,11500,29640,41140,5000,16590,21590,32000BUR
R72 04410 0055,8930,24840,33770,4210,22990,27200,32000BUR
R72 04410 0057,1180,0,1180,210,0,210,32000BUR
R72 04410 0061,9880,18370,28250,4610,7600,12210,32000BUR
R72 04410 0065,9880,19230,29110,1070,0,1070,32000BUR
R72 04410 0069,9250,16660,25910,990,0,990,32000BUR
R72 04410 0073,9250,19790,29040,4460,13410,17870,32000BUR
R72 04411 0001,8670,10230,18900,4300,26480,30780,32000BUR
R72 04411 0002,8030,8200,16230,4150,7790,11940,32000BUR
R72 04411 0003,8030,9000,17030,4150,8500,12650,32000BUR
R72 04411 0004,8030,29680,37710,4150,35240,39390,32000BUR
R72 04411 0005,8320,31530,39850,4240,33270,37510,32000BUR
R72 04411 0006,2080,0,2080,440,0,440,32000BUR
R72 04411 0007,8320,28350,36670,4240,25260,29500,32000BUR
R72 04411 0008,8320,26500,34820,4240,22320,26560,32000BUR
R72 04411 0009,6760,34220,40980,3850,28280,32130,32000BUR
R72 04411 0010,8060,33940,42000,4170,22750,26920,32000BUR
R72 04411 0011,8060,32430,40490,4170,23580,27750,32000BUR
R72 04411 0012,8320,26670,34990,4240,29130,33370,32000BUR
R72 04411 0013,8320,33800,42120,4240,31000,35240,32000BUR
R72 04411 0014,8450,28700,37150,4270,24500,28770,32000BUR
R72 04411 0015,8450,36020,44470,4270,26580,30850,32000BUR
R72 04411 0016,6760,0,6760,3420,0,3420,32000BUR
R72 04411 0017,8450,40940,49390,4270,23680,27950,32000BUR
R72 04411 0018,8450,8820,17270,4270,3690,7960,32000BUR
R72 04411 0019,8450,18430,26880,4270,7120,11390,32000BUR
R72 04411 0020,8450,25510,33960,4270,26230,30500,32000BUR
R72 04411 0021,8450,28490,36940,4270,24320,28590,32000BUR
R72 04411 0022,8450,25980,34430,4270,33840,38110,32000BUR
R72 04411 0023,8450,37550,46000,4270,34460,38730,32000BUR
R72 04411 0024,8450,25950,34400,4270,22240,26510,32000BUR
R72 04411 0025,8450,31540,39990,4270,29020,33290,32000BUR
R72 04411 0026,8450,25110,33560,4270,22870,27140,32000BUR
R72 04411 0027,8030,27660,35690,4150,25260,29410,32000BUR
R72 04411 0029,8030,33730,41760,4150,30420,34570,32000BUR
R72 04411 0030,8030,1990,10020,4150,17600,21750,32000BUR
R72 04411 0031,2100,0,2100,440,0,440,32000BUR
R72 04411 0032,8400,39130,47530,4260,30280,34540,32000BUR
R72 04411 0033,8400,27830,36230,4260,26360,30620,32000BUR
R72 04411 0034,8400,19390,27790,4260,12700,16960,32000BUR
R72 04411 0035,1800,0,1800,370,0,370,32000BUR
R72 04411 0037,7350,28060,35410,3990,24020,28010,32000BUR
R72 04411 0038,8140,19300,27440,4190,13410,17600,32000BUR
R72 04411 0039,8400,9500,17900,4260,16740,21000,32000BUR
R72 04411 0040,8660,29430,38090,4320,31660,35980,32000BUR
R72 04411 0042,8530,26680,35210,4290,39860,44150,32000BUR
R72 04411 0043,8530,31320,39850,4290,29220,33510,32000BUR
R72 04411 0044,8530,28710,37240,4290,27350,31640,32000BUR
R72 04411 0045,8530,30390,38920,4290,26840,31130,32000BUR
R72 04411 0046,8530,16430,24960,4290,45290,49580,32000BUR
R72 04411 0047,8530,32340,40870,2900,35600,38500,32000BUR
R72 04411 0048,8530,19550,28080,4290,15070,19360,32000BUR
R72 04411 0049,8530,25880,34410,4290,29000,33290,32000BUR
R72 04411 0050,8530,27400,35930,4290,23580,27870,32000BUR
R72 04411 0051,8530,29340,37870,4290,16660,20950,32000BUR
R72 04411 0052,7070,26940,34010,3910,15310,19220,32000BUR
R72 04411 0053,7070,29220,36290,3910,26090,30000,32000BUR
R72 04411 0056,8330,36340,44670,4250,9260,13510,32000BUR
R72 04411 0058,8880,42830,51710,4400,36170,40570,32000BUR
R72 04411 0060,2220,0,2220,480,0,480,32000BUR
R72 04411 0062,6450,30710,37160,3240,27500,30740,32000BUR
R72 04411 0063,8600,31930,40530,4330,31660,35990,32000BUR
R72 04411 0064,9440,28690,38130,4550,25450,30000,32000BUR
R72 04411 0066,8330,30560,38890,4250,23580,27830,32000BUR
R72 04411 0068,8330,31310,39640,4250,10340,14590,32000BUR
R72 04411 0070,8330,27060,35390,4250,25860,30110,32000BUR
R72 04411 0071,11740,33660,45400,9690,32940,42630,32000BUR
R72 04411 0073,9710,34040,43750,4630,24020,28650,32000BUR
R72 04411 0074,9710,54560,64270,4630,11580,16210,32000BUR
R72 04411 0075,7630,28120,35750,4060,25040,29100,32000BUR
R72 04411 0076,7630,26230,33860,4060,22910,26970,32000BUR
R72 04411 0078,9710,43270,52980,4630,40690,45320,32000BUR
R72 04411 0079,9710,43530,53240,4630,43460,48090,32000BUR
R72 04411 0080,9710,32150,41860,4630,22670,27300,32000BUR
R72 04411 0081,9990,45500,55490,4700,18430,23130,32000BUR
R72 04411 0083,9710,47020,56730,4630,21080,25710,32000BUR
R72 04411 0084,9710,49820,59530,4630,50000,54630,32000BUR
R72 04411 0085,1840,0,1840,370,0,370,32000BUR
R72 04411 0088,9020,31450,40470,4440,29210,33650,32000BUR
R72 04411 0090,9020,31760,40780,4440,32040,36480,32000BUR
R72 04411 0091,6940,47620,54560,3880,36940,40820,32000BUR
R72 04411 0094,7350,23500,30850,3990,0,3990,32000BUR
R72 04411 0100,9440,29450,38890,4550,23290,27840,32000BUR
R72 04411 0101,13050,33320,46370,7610,31470,39080,32000BUR
R72 04412 0001,9160,26270,35430,4480,21840,26320,32000BUR
R72 04412 0002,8880,31800,40680,4400,33510,37910,32000BUR
R72 04412 0003,8880,28610,37490,4400,48790,53190,32000BUR
R72 04412 0004,8880,31060,39940,4400,50940,55340,32000BUR
R72 04412 0005,8880,31840,40720,4400,27430,31830,32000BUR
R72 04412 0006,8880,50420,59300,4400,24740,29140,32000BUR
R72 04412 0007,8880,29680,38560,4400,27710,32110,32000BUR
R72 04412 0008,9990,39540,49530,4700,27080,31780,32000BUR
R72 04412 0009,9320,25080,34400,4490,39010,43500,32000BUR
R72 04412 0010,8400,47600,56000,4260,39640,43900,32000BUR
R72 04412 0011,8400,22790,31190,4260,23690,27950,32000BUR
R72 04412 0012,8400,28460,36860,4260,24700,28960,32000BUR
R72 04412 0013,8400,30900,39300,4260,27060,31320,32000BUR
R72 04412 0014,8400,43260,51660,4260,38810,43070,32000BUR
R72 04412 0015,8400,32270,40670,4260,26640,30900,32000BUR
R72 04412 0016,8660,26170,34830,4320,21960,26280,32000BUR
R72 04412 0017,8580,43010,51590,4300,38390,42690,32000BUR
R72 04412 0019,8320,27560,35880,4240,25250,29490,32000BUR
R72 04412 0020,8320,26750,35070,4240,23010,27250,32000BUR
R72 04412 0021,8320,28380,36700,4240,23150,27390,32000BUR
R72 04412 0022,8320,27410,35730,4240,25950,30190,32000BUR
R72 04412 0023,8320,28280,36600,4240,23000,27240,32000BUR
R72 04412 0024,8320,30140,38460,4240,38480,42720,32000BUR
R72 04412 0025,9230,29180,38410,4470,26270,30740,32000BUR
R72 04412 0026,8250,26110,34360,4210,21080,25290,32000BUR
R72 04412 0027,8000,25140,33140,4150,14750,18900,32000BUR
R72 04412 0028,8000,26940,34940,4150,26830,30980,32000BUR
R72 04412 0029,8000,33600,41600,4150,29780,33930,32000BUR
R72 04412 0030,8000,29090,37090,4150,22990,27140,32000BUR
R72 04412 0031,8000,26160,34160,4150,22120,26270,32000BUR
R72 04412 0032,8000,32620,40620,4150,26670,30820,32000BUR
R72 04412 0033,8750,26800,35550,4340,23180,27520,32000BUR
R72 04412 0034,8000,25940,33940,4150,12680,16830,32000BUR
R72 04412 0035,8000,26260,34260,4150,6200,10350,32000BUR
R72 04412 0036,8000,25820,33820,4150,20490,24640,32000BUR
R72 04412 0037,8000,23870,31870,4150,17590,21740,32000BUR
R72 04412 0038,8000,0,8000,4150,0,4150,32000BUR
R72 04412 0039,8000,24280,32280,4150,19470,23620,32000BUR
R72 04412 0040,8750,27100,35850,4340,27320,31660,32000BUR
R72 04412 0042,8320,27410,35730,4230,21180,25410,32000BUR
R72 04412 0043,8320,23080,31400,4230,17690,21920,32000BUR
R72 04412 0044,8320,23230,31550,4230,10630,14860,32000BUR
R72 04412 0045,8320,30510,38830,4230,18410,22640,32000BUR
R72 04412 0046,8320,20230,28550,4230,20440,24670,32000BUR
R72 04412 0047,8320,13620,21940,4230,22440,26670,32000BUR
R72 04412 0048,8580,33310,41890,4300,34320,38620,32000BUR
R72 04412 0049,8250,26690,34940,4210,13320,17530,32000BUR
R72 04413 0001,8640,54120,62760,6490,52380,58870,32000WRI
R72 04413 0002,4320,0,4320,2920,0,2920,32000WRI
R72 04413 0003,8640,31760,40400,6490,36730,43220,32000WRI
R72 04413 0004,8640,58940,67580,6490,46250,52740,32000WRI
R72 04413 0005,8640,59520,68160,6490,43890,50380,32000WRI
R72 04413 0006,8640,61210,69850,6490,43340,49830,32000WRI
R72 04413 0007,8640,59690,68330,6490,43840,50330,32000WRI
R72 04413 0008,8640,59930,68570,6490,44950,51440,32000WRI
R72 04413 0009,8640,43910,52550,6490,54810,61300,32000WRI
R72 04413 0010,8640,59770,68410,6520,50840,57360,32000WRI
R72 04413 0011,0,37510,37510,0,31830,31830,32000WRI
R72 04413 0013,8400,37030,45430,6310,44100,50410,32000WRI
R72 04413 0014,7480,31630,39110,5590,31200,36790,32000WRI
R72 04413 0015,9840,41440,51280,7440,47450,54890,32000WRI
R72 04413 0016,8140,44330,52470,6100,45720,51820,32000WRI
R72 04413 0017,7740,38130,45870,5790,45130,50920,32000WRI
R72 04413 0018,7740,52400,60140,5790,47580,53370,32000WRI
R72 04413 0019,6280,34670,40950,4750,10760,15510,32000WRI
R72 04413 0021,6480,38340,44820,4880,26700,31580,32000WRI
R72 04413 0024,8400,28430,36830,6310,25370,31680,32000WRI
R72 04413 0025,8400,56630,65030,6310,35640,41950,32000WRI
R72 04413 0026,8400,44770,53170,6310,47930,54240,32000WRI
R72 04413 0027,8400,54970,63370,6310,40210,46520,32000WRI
R72 04413 0028,8400,57590,65990,6310,48030,54340,32000WRI
R72 04413 0029,9060,57180,66240,6820,42500,49320,32000WRI
R72 04413 0030,8400,41290,49690,6310,46560,52870,32000WRI
R72 04413 0031,8400,55120,63520,6310,41370,47680,32000WRI
R72 04413 0032,8400,31600,40000,6310,51010,57320,32000WRI
R72 04413 0033,8270,45160,53430,6210,36980,43190,32000WRI
R72 04413 0034,8400,36540,44940,6310,26270,32580,32000WRI
R72 04413 0035,8400,48650,57050,6310,37080,43390,32000WRI
R72 04413 0036,4200,3090,7290,3150,4070,7220,32000WRI
R72 04413 0037,8400,67040,75440,6310,51180,57490,32000WRI
R72 04413 0038,8400,37470,45870,6310,28650,34960,32000WRI
R72 04413 0039,8400,34920,43320,6310,23210,29520,32000WRI
R72 04413 0040,8400,40910,49310,6310,17470,23780,32000WRI
R72 04413 0041,8400,37140,45540,6310,35380,41690,32000WRI
R72 04413 0042,8400,44280,52680,6310,28420,34730,32000WRI
R72 04413 0043,4070,0,4070,2750,0,2750,32000WRI
R72 04413 0044,8400,29340,37740,6310,23920,30230,32000WRI
R72 04413 0045,8400,36680,45080,6310,26450,32760,32000WRI
R72 04413 0046,9440,34580,44020,7630,23110,30740,32000WRI
R72 04413 0047,8400,16850,25250,6310,22880,29190,32000WRI
R72 04413 0048,8400,51030,59430,6310,42750,49060,32000WRI
R72 04413 0049,3080,0,3080,2050,0,2050,32000WRI
R72 04413 0050,10760,43030,53790,8160,33730,41890,32000WRI
R72 04413 0051,8400,44640,53040,6310,32540,38850,32000WRI
R72 04413 0052,8400,55790,64190,6310,36110,42420,32000WRI
R72 04413 0053,8140,50010,58150,6100,29140,35240,32000WRI
R72 04413 0054,4200,0,4200,2840,0,2840,32000WRI
R72 04413 0055,8400,50540,58940,6310,42300,48610,32000WRI
R72 04413 0056,4200,0,4200,2840,0,2840,32000WRI
R72 04413 0057,8400,57440,65840,6310,41950,48260,32000WRI
R72 04413 0058,2100,0,2100,1580,0,1580,32000WRI
R72 04413 0059,8400,42660,51060,6310,28840,35150,32000WRI
R72 04413 0060,4200,0,4200,2840,0,2840,32000WRI
R72 04413 0061,8400,63770,72170,6310,51810,58120,32000WRI
R72 04413 0062,8400,42180,50580,6310,44950,51260,32000WRI
R72 04413 0063,4000,0,4000,2700,0,2700,32000WRI
R72 04413 0064,6280,44860,51140,4750,34550,39300,32000WRI
R72 04413 0068,3890,27100,30990,2930,31720,34650,32000WRI
R72 04501 0010,4160,20510,24670,1650,0,1650,32010SPR
R72 04501 0011,4160,23710,27870,3320,25860,29180,32010SPR
R72 04501 0012,2080,0,2080,1490,0,1490,32010SPR
R72 04501 0013,4160,21650,25810,3320,4620,7940,32010SPR
R72 04501 0014,4160,24420,28580,3320,25470,28790,32010SPR
R72 04501 0015,4160,22870,27030,3320,27900,31220,32010SPR
R72 04501 0016,4160,21500,25660,3320,25180,28500,32010SPR
R72 04501 0017,4160,24810,28970,3320,17690,21010,32010SPR
R72 04501 0018,4160,19360,23520,3320,18350,21670,32010SPR
R72 04501 0019,2110,0,2110,1510,0,1510,32010SPR
R72 04501 0020,2250,0,2250,1600,0,1600,32010SPR
R72 04501 0021,4160,14750,18910,1650,0,1650,32010SPR
R72 04501 0022,4160,7020,11180,1650,0,1650,32010SPR
R72 04501 0023,4160,25370,29530,3320,27540,30860,32010SPR
R72 04501 0024,4160,6890,11050,3320,15790,19110,32010SPR
R72 04501 0025,4160,15080,19240,3320,14020,17340,32010SPR
R72 04501 0026,4160,22850,27010,3320,27170,30490,32010SPR
R72 04501 0027,4160,22630,26790,3320,24290,27610,32010SPR
R72 04501 0028,4160,4630,8790,3320,10190,13510,32010SPR
R72 04501 0029,4160,22420,26580,3320,18110,21430,32010SPR
R72 04501 0031,4160,12490,16650,3320,16610,19930,32010SPR
R72 04501 0033,4160,19310,23470,3320,11960,15280,32010SPR
R72 04501 0034,4160,2420,6580,3320,3160,6480,32010SPR
R72 04501 0035,4160,26070,30230,3320,17710,21030,32010SPR
R72 04501 0036,4160,43710,47870,3320,18100,21420,32010SPR
R72 04501 0037,4160,25500,29660,3320,27930,31250,32010SPR
R72 04501 0038,4220,24180,28400,3360,26310,29670,32010SPR
R72 04501 0039,2250,0,2250,1600,0,1600,32010SPR
R72 04501 0040,4160,31080,35240,3320,36840,40160,32010SPR
R72 04501 0041,4160,46880,51040,3320,48920,52240,32010SPR
R72 04501 0042,4160,7740,11900,3320,17510,20830,32010SPR
R72 04501 0043,4160,14070,18230,3320,23760,27080,32010SPR
R72 04501 0044,4160,22480,26640,3320,26670,29990,32010SPR
R72 04501 0045,4160,26910,31070,3320,30920,34240,32010SPR
R72 04501 0046,4160,22040,26200,3320,26820,30140,32010SPR
R72 04501 0047,4160,22440,26600,3320,15890,19210,32010SPR
R72 04501 0048,4160,8640,12800,3320,29090,32410,32010SPR
R72 04501 0049,4160,8170,12330,3320,29090,32410,32010SPR
R72 04501 0050,4160,19090,23250,3320,20880,24200,32010SPR
R72 04501 0051,4160,23350,27510,3320,27940,31260,32010SPR
R72 04501 0052,4160,32450,36610,3320,17020,20340,32010SPR
R72 04501 0053,4160,34920,39080,3320,29550,32870,32010SPR
R72 04501 0054,4160,16970,21130,3320,23190,26510,32010SPR
R72 04501 0055,4160,22040,26200,3320,25630,28950,32010SPR
R72 04501 0056,4690,21130,25820,3690,30760,34450,32010SPR
R72 04501 0057,2250,0,2250,1600,0,1600,32010SPR
R72 04501 0058,4160,22840,27000,3320,26720,30040,32010SPR
R72 04501 0059,4160,21940,26100,3320,24970,28290,32010SPR
R72 04501 0060,4160,23830,27990,3320,26280,29600,32010SPR
R72 04501 0061,2080,0,2080,1490,0,1490,32010SPR
R72 04501 0062,4160,32570,36730,3320,38440,41760,32010SPR
R72 04501 0063,6340,26180,32520,4840,27230,32070,32010SPR
R72 04501 0065,4160,29620,33780,3320,31790,35110,32010SPR
R72 04501 0066,4160,27900,32060,3320,27410,30730,32010SPR
R72 04501 0067,2080,0,2080,1490,0,1490,32010SPR
R72 04501 0068,4160,20290,24450,3320,18350,21670,32010SPR
R72 04501 0069,4160,16290,20450,3320,26540,29860,32010SPR
R72 04501 0070,4160,20660,24820,3320,11650,14970,32010SPR
R72 04501 0071,4160,6460,10620,1650,0,1650,32010SPR
R72 04502 0003,4090,13550,17640,3270,15100,18370,32010SPR
R72 04502 0004,4090,20600,24690,3270,23160,26430,32010SPR
R72 04502 0005,4090,21370,25460,3270,14970,18240,32010SPR
R72 04502 0006,2080,0,2080,1490,0,1490,32010SPR
R72 04502 0007,4090,13870,17960,3270,7940,11210,32010SPR
R72 04502 0008,2050,460,2510,1630,600,2230,32010SPR
R72 04502 0010,4090,14930,19020,1470,0,1470,32010SPR
R72 04502 0011,4090,22800,26890,3270,15820,19090,32010SPR
R72 04502 0012,4090,18810,22900,3270,8100,11370,32010SPR
R72 04502 0013,4090,21390,25480,3270,25020,28290,32010SPR
R72 04502 0014,2050,0,2050,1470,0,1470,32010SPR
R72 04502 0015,4090,25090,29180,3270,25340,28610,32010SPR
R72 04502 0016,4090,32830,36920,3270,35350,38620,32010SPR
R72 04502 0017,4690,14210,18900,3690,15750,19440,32010SPR
R72 04502 0019,4090,3530,7620,3270,14570,17840,32010SPR
R72 04502 0020,4160,22720,26880,3320,26550,29870,32010SPR
R72 04502 0021,4160,18690,22850,3320,22770,26090,32010SPR
R72 04502 0022,4160,26740,30900,3320,27750,31070,32010SPR
R72 04502 0023,2080,0,2080,1490,0,1490,32010SPR
R72 04502 0024,4160,24290,28450,3320,26090,29410,32010SPR
R72 04502 0025,4160,25190,29350,3320,27390,30710,32010SPR
R72 04502 0026,2080,0,2080,1490,0,1490,32010SPR
R72 04502 0027,4160,19430,23590,3320,12020,15340,32010SPR
R72 04502 0028,4160,17350,21510,3320,8240,11560,32010SPR
R72 04502 0029,4160,22220,26380,3320,31640,34960,32010SPR
R72 04502 0030,4160,2330,6490,3320,21470,24790,32010SPR
R72 04502 0031,4160,12990,17150,3320,13110,16430,32010SPR
R72 04502 0032,4160,26500,30660,3320,33140,36460,32010SPR
R72 04502 0033,4420,23210,27630,3500,27270,30770,32010SPR
R72 04502 0034,3590,0,3590,2840,0,2840,32010SPR
R72 04502 0035,4160,21750,25910,3320,22630,25950,32010SPR
R72 04502 0036,4160,23950,28110,3320,27840,31160,32010SPR
R72 04502 0037,4160,20150,24310,3320,23290,26610,32010SPR
R72 04502 0038,4160,19380,23540,3320,13200,16520,32010SPR
R72 04502 0039,4160,11330,15490,3320,14060,17380,32010SPR
R72 04502 0040,2080,0,2080,1490,0,1490,32010SPR
R72 04502 0041,4160,13460,17620,3320,24450,27770,32010SPR
R72 04502 0042,4160,22690,26850,3320,24250,27570,32010SPR
R72 04502 0043,4160,22690,26850,3320,24250,27570,32010SPR
R72 04502 0044,4160,20530,24690,3320,14090,17410,32010SPR
R72 04502 0045,4160,24670,28830,3320,28750,32070,32010SPR
R72 04502 0046,4160,40730,44890,3320,27270,30590,32010SPR
R72 04502 0047,4160,24350,28510,3320,32890,36210,32010SPR
R72 04502 0048,4950,20200,25150,1940,0,1940,32010SPR
R72 04502 0051,2080,0,2080,1490,0,1490,32010SPR
R72 04502 0052,4160,41190,45350,3320,27600,30920,32010SPR
R72 04502 0053,4160,14850,19010,3320,9800,13120,32010SPR
R72 04502 0054,4160,22790,26950,3320,23950,27270,32010SPR
R72 04502 0055,2080,0,2080,1490,0,1490,32010SPR
R72 04502 0056,4160,12430,16590,3320,20880,24200,32010SPR
R72 04502 0057,2080,0,2080,1490,0,1490,32010SPR
R72 04502 0058,2080,0,2080,1490,0,1490,32010SPR
R72 04502 0059,2080,0,2080,1490,0,1490,32010SPR
R72 04502 0060,2080,0,2080,1490,0,1490,32010SPR
R72 04502 0061,4160,34490,38650,3320,37770,41090,32010SPR
R72 04502 0062,4160,19540,23700,3320,19040,22360,32010SPR
R72 04502 0063,4220,0,4220,3360,0,3360,32010SPR
R72 04503 0001,1790,0,1790,1320,0,1320,32010SPR
R72 04503 0002,1740,0,1740,1290,0,1290,32010SPR
R72 04503 0003,1670,0,1670,1260,0,1260,32010SPR
R72 04503 0004,3210,10080,13290,1340,0,1340,32010SPR
R72 04503 0005,4680,7980,12660,1760,0,1760,32010SPR
R72 04503 0006,3650,17000,20650,1450,0,1450,32010SPR
R72 04503 0007,2220,7750,9970,1780,6070,7850,32010SPR
R72 04503 0009,2520,1820,4340,980,0,980,32010SPR
R72 04503 0010,3040,12300,15340,2590,9610,12200,32010SPR
R72 04503 0012,1360,0,1360,1100,0,1100,32010SPR
R72 04503 0014,4390,3860,8250,3500,27150,30650,32010SPR
R72 04503 0017,4390,11360,15750,3500,0,3500,32010SPR
R72 04503 0020,4390,18630,23020,3500,7730,11230,32010SPR
R72 04503 0023,4350,15200,19550,3470,6360,9830,32010SPR
R72 04503 0026,4760,21910,26670,3750,8770,12520,32010SPR
R72 04503 0027,4620,11290,15910,1830,0,1830,32010SPR
R72 04503 0030,2310,0,2310,1640,0,1640,32010SPR
R72 04503 0034,2080,0,2080,1500,0,1500,32010SPR
R72 04503 0036,7190,12880,20070,1920,0,1920,32010SPR
R72 04503 0041,7770,37880,45650,2180,0,2180,32010SPR
R72 04503 0044,3740,23630,27370,1350,0,1350,32010SPR
R72 04503 0045,2560,0,2560,1810,0,1810,32010SPR
R72 04503 0048,1640,0,1640,1310,0,1310,32010SPR
R72 04503 0050,4400,14020,18420,2820,0,2820,32010SPR
R72 04503 0051,4410,11720,16130,3510,10030,13540,32010SPR
R72 04503 0064,2840,0,2840,2090,0,2090,32010SPR
R72 04504 0004,6910,6710,13620,3880,12990,16870,32000SPR
R72 04504 0005,3310,0,3310,590,0,590,32000SPR
R72 04504 0007,7720,4790,12510,790,0,790,32000SPR
R72 04504 0009,8030,21790,29820,4160,24530,28690,32000SPR
R72 04504 0011,8030,34570,42600,4160,16740,20900,32000SPR
R72 04504 0012,1530,0,1530,300,0,300,32000SPR
R72 04504 0013,2510,0,2510,500,0,500,32000SPR
R72 04504 0015,1560,0,1560,310,0,310,32000SPR
R72 04504 0017,1650,0,1650,330,0,330,32000SPR
R72 04504 0018,1830,0,1830,370,0,370,32000SPR
R72 04504 0019,2990,0,2990,610,0,610,32000SPR
R72 04504 0020,7250,17080,24330,3970,11440,15410,32000SPR
R72 04504 0021,7880,16270,24150,4120,9750,13870,32000SPR
R72 04504 0022,7880,23870,31750,4120,14610,18730,32000SPR
R72 04504 0027,6620,0,6620,3370,0,3370,32000SPR
R72 04504 0028,3310,0,3310,690,0,690,32000SPR
R72 04504 0029,3310,0,3310,690,0,690,32000SPR
R72 04504 0030,8270,13130,21400,4210,0,4210,32000SPR
R72 04504 0034,8270,34150,42420,4210,14680,18890,32000SPR
R72 04504 0035,7880,35790,43670,4120,24670,28790,32000SPR
R72 04504 0043,8330,19230,27560,4230,29820,34050,32000SPR
R72 04504 0044,7800,28830,36630,4090,34200,38290,32000SPR
R72 04504 0045,7800,12620,20420,4090,19390,23480,32000SPR
R72 04504 0046,7800,50970,58770,4090,26990,31080,32000SPR
R72 04504 0047,7800,23450,31250,4090,20480,24570,32000SPR
R72 04504 0049,5640,3350,8990,6880,2330,9210,32000SPR
R72 04504 0050,10630,21050,31680,7000,16830,23830,32000SPR
R72 04504 0051,3310,0,3310,690,0,690,32000SPR
R72 04504 0052,8270,33490,41760,870,0,870,32000SPR
R72 04504 0056,5350,37980,43330,3590,25760,29350,32000SPR
R72 04504 0059,5730,21240,26970,3650,24560,28210,32000SPR
R72 04504 0072,10260,18340,28600,2300,33300,35600,32000HIE
R72 04504 0073,10260,18340,28600,2300,33300,35600,32000SPR
R72 04506 0001,3930,14190,18120,3150,8730,11880,32010SPR
R72 04506 0002,3930,12040,15970,3150,22300,25450,32010SPR
R72 04506 0003,1970,0,1970,1410,0,1410,32010SPR
R72 04506 0004,3930,26930,30860,3150,30930,34080,32010SPR
R72 04506 0005,3930,16660,20590,3150,27780,30930,32010SPR
R72 04506 0006,3930,27160,31090,3150,31080,34230,32010SPR
R72 04506 0007,3930,22700,26630,3150,24760,27910,32010SPR
R72 04506 0008,1970,0,1970,1410,0,1410,32010SPR
R72 04506 0009,3930,25480,29410,3150,27610,30760,32010SPR
R72 04506 0010,3930,30590,34520,3150,33840,36990,32010SPR
R72 04506 0011,3930,18240,22170,3150,24160,27310,32010SPR
R72 04506 0012,3750,20140,23890,3040,21490,24530,32010SPR
R72 04506 0013,3930,33190,37120,3150,36040,39190,32010SPR
R72 04506 0014,3930,21370,25300,3160,25140,28300,32010SPR
R72 04506 0015,4030,24260,28290,3230,40240,43470,32010SPR
R72 04506 0016,2050,0,2050,1470,0,1470,32010SPR
R72 04506 0018,3890,20960,24850,3130,12490,15620,32010SPR
R72 04506 0019,3890,3250,7140,1560,4250,5810,32010SPR
R72 04506 0020,3890,15370,19260,3130,15860,18990,32010SPR
R72 04506 0021,3890,13240,17130,3130,24490,27620,32010SPR
R72 04506 0022,3890,23170,27060,3130,25060,28190,32010SPR
R72 04506 0023,3890,12470,16360,3130,12630,15760,32010SPR
R72 04506 0024,3890,28870,32760,3130,23910,27040,32010SPR
R72 04506 0025,3890,17990,21880,3130,24180,27310,32010SPR
R72 04506 0026,3890,17610,21500,3130,21510,24640,32010SPR
R72 04506 0027,3890,25280,29170,3130,27340,30470,32010SPR
R72 04506 0028,1940,0,1940,1400,0,1400,32010SPR
R72 04506 0029,3480,21480,24960,2890,28080,30970,32010SPR
R72 04506 0031,4780,13300,18080,3820,14730,18550,32010SPR
R72 04506 0033,1830,0,1830,1310,0,1310,32010SPR
R72 04506 0035,2440,0,2440,1760,0,1760,32010SPR
R72 04506 0036,3740,16800,20540,3060,11730,14790,32010SPR
R72 04506 0037,2430,0,2430,1750,0,1750,32010SPR
R72 04506 0038,360,0,360,290,0,290,32010SPR
R72 04506 0039,4850,24290,29140,3870,31860,35730,32010SPR
R72 04506 0040,4240,29910,34150,3870,26460,30330,32010SPR
R72 04506 0041,120,0,120,100,0,100,32010SPR
R72 04506 0042,2430,0,2430,1750,0,1750,32010SPR
R72 04506 0043,2430,0,2430,1750,0,1750,32010SPR
R72 04506 0044,6100,18810,24910,5080,15490,20570,32010SPR
R72 04506 0045,4290,13770,18060,3410,9190,12600,32010SPR
R72 04506 0046,4060,11030,15090,3240,15980,19220,32010SPR
R72 04506 0047,4920,8540,13460,3150,0,3150,32010SPR
R72 04506 0049,4730,0,4730,4280,0,4280,C0100000
R72 04506 0050,4730,0,4730,4280,0,4280,C0100000
R72 04506 0051,4730,0,4730,4280,0,4280,C0100000
R72 04506 0053,3780,0,3780,4280,0,4280,C0100000
R72 04506 0059,2480,0,2480,5330,0,5330,C0100000
R72 04506 0066,1980,0,1980,5980,0,5980,C0100000
R72 04506 0067,2440,0,2440,1760,0,1760,32010SPR
R72 04506 0068,4880,10020,14900,1960,0,1960,32010SPR
R72 04506 0069,2440,0,2440,1760,0,1760,32010SPR
R72 04506 0070,2440,0,2440,1760,0,1760,32010SPR
R72 04506 0071,2440,0,2440,1760,0,1760,32010SPR
R72 04506 0072,4880,23120,28000,3900,16610,20510,32010SPR
R72 04506 0073,4880,18080,22960,3900,20880,24780,32010SPR
R72 04506 0074,4880,23430,28310,3900,35290,39190,32010SPR
R72 04506 0075,2100,0,2100,1490,0,1490,32010SPR
R72 04509 0003,9180,53060,62240,4450,30780,35230,32000SPR
R72 04509 0005,9320,15410,24730,4480,17030,21510,32000SPR
R72 04509 0006,7020,11400,18420,700,0,700,32000SPR
R72 04509 0010,8510,27950,36460,4270,12440,16710,32000SPR
R72 04509 0011,8510,24770,33280,4270,15860,20130,32000SPR
R72 04509 0012,8510,31050,39560,4270,8050,12320,32000SPR
R72 04509 0013,8510,28150,36660,4270,29210,33480,32000SPR
R72 04509 0014,8510,8110,16620,4270,10280,14550,32000SPR
R72 04509 0015,3260,0,3260,680,0,680,32000SPR
R72 04509 0018,8270,25950,34220,4210,6880,11090,32000SPR
R72 04509 0019,8270,31630,39900,4210,11140,15350,32000SPR
R72 04509 0020,3310,0,3310,690,0,690,32000SPR
R72 04509 0021,8270,27380,35650,4210,13910,18120,32000SPR
R72 04509 0025,8780,30830,39610,1400,0,1400,32000SPR
R72 04509 0026,8780,11540,20320,4340,0,4340,32000SPR
R72 04509 0027,8780,13040,21820,2300,33300,35600,32000SPR
R72 04509 0028,8780,25290,34070,4340,15210,19550,32000SPR
R72 04509 0029,8780,29320,38100,4340,13850,18190,32000SPR
R72 04509 0030,8780,35670,44450,930,0,930,32000SPR
R72 04509 0033,5060,0,5060,1150,0,1150,32000SPR
R72 04509 0034,8780,16550,25330,4350,610,4960,32000SPR
R72 04509 0035,8780,26620,35400,4340,35630,39970,32000SPR
R72 04509 0036,8780,29670,38450,4340,17330,21670,32000SPR
R72 04509 0037,8780,23570,32350,4340,8360,12700,32000SPR
R72 04509 0038,8780,40580,49360,4340,4260,8600,32000SPR
R72 04509 0039,8780,18960,27740,4340,11530,15870,32000SPR
R72 04509 0040,8780,32140,40920,4340,22780,27120,32000SPR
R72 04509 0041,8780,36990,45770,4340,7920,12260,32000SPR
R72 04509 0042,3920,15620,19540,4350,14370,18720,32000SPR
R72 04509 0043,8780,29370,38150,4340,13970,18310,32000SPR
R72 04509 0044,8780,31690,40470,4340,16090,20430,32000SPR
R72 04509 0049,8270,23880,32150,4210,14460,18670,32000SPR
R72 04509 0050,3310,0,3310,690,0,690,32000SPR
R72 04509 0051,8270,11660,19930,4210,10150,14360,32000SPR
R72 04509 0052,8140,21790,29930,4180,22210,26390,32000SPR
R72 04509 0057,4700,44370,49070,3130,29650,32780,32000SPR
R72 04509 0067,12340,16260,28600,2300,33300,35600,32000SPR
R72 04509 0068,11060,17540,28600,2300,33300,35600,32000SPR
R72 04509 0069,12490,19110,31600,2300,33300,35600,32000SPR
R72 04510 0008,4240,0,4240,2340,0,2340,32001BUR
R72 04510 0010,9280,38870,48150,5660,35300,40960,32001BUR
R72 04510 0012,2520,0,2520,1560,0,1560,32001BUR
R72 04510 0014,9280,30780,40060,5660,26760,32420,32001BUR
R72 04510 0017,9280,3000,12280,5660,39280,44940,32001BUR
R72 04510 0019,2320,0,2320,1430,0,1430,32001BUR
R72 04510 0020,9280,65330,74610,5660,79990,85650,32001BUR
R72 04510 0021,1650,0,1650,990,0,990,32001BUR
R72 04510 0022,9410,46300,55710,5270,35330,40600,32001BUR
R72 04510 0023,8480,35000,43480,5150,17270,22420,32001BUR
R72 04510 0024,8480,33760,42240,5150,9090,14240,32001BUR
R72 04510 0025,9280,22380,31660,5660,14380,20040,32001BUR
R72 04510 0026,9280,47200,56480,2860,0,2860,32001BUR
R72 04510 0028,9280,33460,42740,5660,12420,18080,32001BUR
R72 04510 0029,9280,32220,41500,5660,25820,31480,32001BUR
R72 04510 0030,9280,4440,13720,5660,0,5660,32001BUR
R72 04510 0031,9280,7160,16440,2300,33300,35600,32001BUR
R72 04510 0032,9290,19310,28600,2300,33300,35600,32001BUR
R72 04510 0033,9280,5400,14680,2860,0,2860,32001BUR
R72 04510 0034,9280,23520,32800,5660,16640,22300,32001BUR
R72 04510 0035,9280,23170,32450,5660,0,5660,32001BUR
R72 04510 0036,9280,0,9280,2300,33300,35600,32001BUR
R72 04510 0048,6500,44060,50560,3870,14770,18640,32001BUR
R72 04510 0049,6500,23880,30380,3870,15290,19160,32001BUR
R72 04510 0050,6500,25960,32460,3870,18390,22260,32001BUR
R72 04510 0051,9100,12580,21680,5510,13620,19130,32001BUR
R72 04510 0052,7410,17250,24660,4440,11530,15970,32001BUR
R72 04510 0053,7410,14670,22080,4440,8420,12860,32001BUR
R72 04510 0055,7410,8480,15890,2240,0,2240,32001BUR
R72 04510 0056,9100,27320,36420,2780,0,2780,32001BUR
R72 04510 0057,9100,26030,35130,5510,7720,13230,32001BUR
R72 04510 0058,2280,0,2280,2300,33300,35600,32001BUR
R72 04510 0059,3250,0,3250,1940,0,1940,32001BUR
R72 04510 0060,9110,19490,28600,2300,33300,35600,32001BUR
R72 04510 0062,8320,5770,14090,4010,0,4010,32001BUR
R72 04510 0063,5520,4840,10360,3500,6350,9850,32001BUR
R72 04510 0064,9140,31740,40880,2900,35600,38500,32001BUR
R72 04510 0065,9100,7400,16500,5510,15500,21010,32001BUR
R72 04510 0066,9100,18650,27750,5510,22710,28220,32001BUR
R72 04510 0068,10010,31130,41140,6080,27640,33720,32001BUR
R72 04510 0071,8190,21000,29190,4930,14680,19610,32001BUR
R72 04510 0072,9100,0,9100,2300,33300,35600,32001BUR
R72 04510 0073,9140,31740,40880,2900,35600,38500,32001BUR
R72 04510 0074,9140,31740,40880,2900,35600,38500,32001BUR
R72 04510 0079,8840,41950,50790,5340,30500,35840,32001BUR
R72 04510 0080,9000,46630,55630,5100,24380,29480,32001BUR
R72 04510 0083,6500,14930,21430,3870,10090,13960,32001BUR
R72 04510 0084,4310,15840,20150,2530,0,2530,32001BUR
R72 04510 0085,4310,17290,21600,2530,13250,15780,32001BUR
R72 04510 0091,1620,0,1620,970,0,970,32001BUR
R72 04510 0092,1650,0,1650,990,0,990,32001BUR
R72 04510 0093,6240,21430,27670,1860,0,1860,32001BUR
R72 04510 0094,6630,23130,29760,1990,0,1990,32001BUR
R72 04510 0095,8710,19890,28600,2300,33300,35600,32001BUR
R72 04510 0096,8710,19890,28600,2300,33300,35600,32001BUR
R72 04511 0005,7410,39800,47210,4440,20600,25040,32001BUR
R72 04511 0007,7410,35970,43380,4440,17170,21610,32001BUR
R72 04511 0008,9100,42860,51960,5510,29640,35150,32001BUR
R72 04511 0009,1040,0,1040,630,0,630,32001BUR
R72 04511 0010,1060,0,1060,640,0,640,32001BUR
R72 04511 0012,10400,13390,23790,6330,5140,11470,32001BUR
R72 04511 0015,8190,27040,35230,2490,0,2490,32001BUR
R72 04511 0017,6900,17550,24450,4120,11120,15240,32001BUR
R72 04511 0020,9100,23940,33040,5510,30070,35580,32001BUR
R72 04511 0021,9100,8230,17330,5510,25460,30970,32001BUR
R72 04511 0022,9100,5870,14970,5510,4370,9880,32001BUR
R72 04511 0024,9100,35460,44560,5510,15500,21010,32001BUR
R72 04511 0026,9100,26820,35920,5510,20560,26070,32001BUR
R72 04511 0027,9100,30970,40070,5510,26730,32240,32001BUR
R72 04511 0028,8060,51990,60050,4850,38790,43640,32001BUR
R72 04511 0029,8190,27780,35970,4930,13280,18210,32001BUR
R72 04511 0037,4580,0,4580,2560,0,2560,32001BUR
R72 04511 0038,9160,41240,50400,5630,9840,15470,32001BUR
R72 04511 0039,9160,28990,38150,5630,17890,23520,32001BUR
R72 04511 0040,9160,44570,53730,5630,27510,33140,32001BUR
R72 04511 0041,6770,17910,24680,4070,9400,13470,32001BUR
R72 04511 0042,850,0,850,510,0,510,32001BUR
R72 04511 0043,6930,22070,29000,4160,8410,12570,32001BUR
R72 04511 0044,7420,22670,30090,4460,17190,21650,32001BUR
R72 04511 0045,9280,29570,38850,5660,41220,46880,32001BUR
R72 04511 0046,9280,31600,40880,2900,35600,38500,32001BUR
R72 04511 0048,9280,21710,30990,5660,14750,20410,32001BUR
R72 04511 0055,6520,33120,39640,3900,19390,23290,32001BUR
R72 04511 0056,9280,28980,38260,5660,29770,35430,32001BUR
R72 04511 0057,9280,51280,60560,5660,24140,29800,32001BUR
R72 04511 0058,9280,53160,62440,5660,10260,15920,32001BUR
R72 04511 0059,9940,9780,19720,6090,62650,68740,32001BUR
R72 04511 0061,8610,33250,41860,5230,25980,31210,32001BUR
R72 04511 0074,3230,0,3230,1760,0,1760,32001BUR
R72 04511 0075,6770,21910,28680,4070,11030,15100,32001BUR
R72 04511 0080,9030,34490,43520,5190,23090,28280,32001BUR
R72 04511 0081,5540,21770,27310,1730,0,1730,32001BUR
R72 04511 0082,4790,21110,25900,2870,12560,15430,32001BUR
R72 04511 0084,4560,0,4560,2300,33300,35600,32001BUR
R72 04601 0004,10260,20360,30620,4810,24920,29730,32000SPR
R72 04601 0005,9980,16160,26140,4730,26190,30920,32000SPR
R72 04601 0006,7610,35690,43300,4030,9450,13480,32000SPR
R72 04601 0007,7610,21690,29300,4030,7740,11770,32000SPR
R72 04601 0008,7610,22940,30550,770,0,770,32000SPR
R72 04601 0009,7610,32240,39850,4030,7160,11190,32000SPR
R72 04601 0010,11380,10680,22060,5080,19650,24730,32000SPR
R72 04601 0011,6940,10610,17550,690,0,690,32000SPR
R72 04601 0012,9710,9930,19640,4630,16680,21310,32000SPR
R72 04601 0013,7030,21360,28390,3910,11570,15480,32000SPR
R72 04601 0016,7250,30610,37860,3950,40580,44530,32000SPR
R72 04601 0019,7250,25740,32990,3970,23470,27440,32000SPR
R72 04601 0022,7250,18170,25420,3970,9260,13230,32000SPR
R72 04601 0025,10820,58490,69310,4930,47890,52820,32000SPR
R72 04601 0026,9710,33470,43180,4630,26490,31120,32000SPR
R72 04601 0027,9710,27510,37220,4630,17430,22060,32000SPR
R72 04601 0028,9710,31450,41160,4630,28960,33590,32000SPR
R72 04601 0029,9710,7450,17160,4630,5870,10500,32000SPR
R72 04601 0030,9710,10170,19880,4630,28350,32980,32000SPR
R72 04601 0031,9710,37790,47500,4630,16490,21120,32000SPR
R72 04601 0032,3160,0,3160,700,0,700,32000SPR
R72 04601 0033,9710,29690,39400,4630,29440,34070,32000SPR
R72 04601 0034,9710,27530,37240,4630,18350,22980,32000SPR
R72 04601 0035,9710,32630,42340,4630,7740,12370,32000SPR
R72 04601 0036,9710,30940,40650,4630,19700,24330,32000SPR
R72 04601 0037,4860,0,4860,970,0,970,32000SPR
R72 04601 0038,9020,32880,41900,4440,32940,37380,32000SPR
R72 04601 0039,9020,42410,51430,4440,40970,45410,32000SPR
R72 04601 0041,4650,0,4650,920,0,920,32000SPR
R72 04601 0046,3240,0,3240,580,0,580,32000SPR
R72 04601 0047,5370,19280,24650,3570,13120,16690,32000SPR
R72 04601 0048,4790,20870,25660,3490,25180,28670,32000SPR
R72 04601 0049,7610,17500,25110,4030,12700,16730,32000SPR
R72 04601 0063,7770,29180,36950,4100,28920,33020,32000SPR
R72 04602 0001,9300,60050,69350,870,0,870,32000SPR
R72 04602 0002,9710,26600,36310,4630,14750,19380,32000SPR
R72 04602 0003,7490,27190,34680,4030,18660,22690,32000SPR
R72 04602 0004,7490,34700,42190,4030,8210,12240,32000SPR
R72 04602 0006,7490,13040,20530,4030,12460,16490,32000SPR
R72 04602 0007,7490,28690,36180,4030,11240,15270,32000SPR
R72 04602 0009,8740,36710,45450,4360,33980,38340,32000SPR
R72 04602 0011,8330,24650,32980,4250,26430,30680,32000SPR
R72 04602 0012,9710,28250,37960,4630,43860,48490,32000SPR
R72 04602 0013,5860,21820,27680,3680,15440,19120,32000SPR
R72 04602 0014,4880,27490,32370,3490,6120,9610,32000SPR
R72 04602 0015,5560,23210,28770,3590,13380,16970,32000SPR
R72 04602 0016,6910,29850,36760,3880,7910,11790,32000SPR
R72 04602 0017,7480,10030,17510,3860,10380,14240,32000SPR
R72 04602 0018,9710,6670,16380,4630,12730,17360,32000SPR
R72 04602 0019,2990,0,2990,610,0,610,32000SPR
R72 04602 0020,2990,0,2990,610,0,610,32000SPR
R72 04602 0022,7490,32880,40370,4030,27000,31030,32000SPR
R72 04602 0023,11380,23020,34400,5080,24440,29520,32000SPR
R72 04602 0026,9020,18510,27530,4440,17430,21870,32000SPR
R72 04602 0027,9710,35320,45030,4630,5810,10440,32000SPR
R72 04602 0028,9710,43330,53040,4630,26450,31080,32000SPR
R72 04602 0030,7080,24580,31660,3910,18760,22670,32000SPR
R72 04602 0032,2130,0,2130,400,0,400,32000SPR
R72 04602 0033,0,0,0,0,0,0,32000SPR
R72 04602 0034,9710,59530,69240,4630,38480,43110,32000SPR
R72 04602 0035,9710,31170,40880,2900,35600,38500,32000SPR
R72 04602 0036,9710,0,9710,4630,0,4630,32000SPR
R72 04602 0037,9020,16700,25720,4440,15310,19750,32000SPR
R72 04602 0038,10410,30550,40960,4810,22780,27590,32000SPR
R72 04602 0040,9710,16190,25900,4630,5430,10060,32000SPR
R72 04602 0041,9710,53760,63470,1080,0,1080,32000SPR
R72 04602 0042,9710,39990,49700,4630,15020,19650,32000SPR
R72 04602 0044,9970,18630,28600,2300,33300,35600,32000SPR
R72 04602 0045,9980,25370,35350,4730,7730,12460,32000SPR
R72 04602 0046,9980,26960,36940,4730,17900,22630,32000SPR
R72 04602 0047,9980,21310,31290,4730,5530,10260,32000SPR
R72 04602 0054,9710,30330,40040,4630,25640,30270,32000SPR
R72 04602 0055,6410,48120,54530,3710,13200,16910,32000SPR
R72 04602 0057,12790,21770,34560,7540,7750,15290,32000SPR
R72 04602 0058,10130,33320,43450,4740,17160,21900,32000SPR
R72 04602 0060,8740,22380,31120,4360,10250,14610,32000SPR
R72 04602 0062,9710,71670,81380,1620,0,1620,32000SPR
R72 04602 0068,6080,29210,35290,3700,4620,8320,32000SPR
R72 04602 0069,7080,23270,30350,3910,2970,6880,32000SPR
R72 04602 0070,8230,18820,27050,4180,14180,18360,32000SPR
R72 04602 0071,7350,21440,28790,3990,5280,9270,32000SPR
R72 04602 0073,7910,39470,47380,4140,41020,45160,32000SPR
R72 04602 0074,4960,0,4960,2790,0,2790,32001BUR
R72 04603 0009,8050,43140,51190,4120,32370,36490,32000SPR
R72 04603 0010,12990,16430,29420,7610,39740,47350,32000SPR
R72 04603 0011,7250,8200,15450,3970,7960,11930,32000SPR
R72 04603 0012,10150,20150,30300,4840,15190,20030,32000SPR
R72 04603 0015,10330,22460,32790,4920,18060,22980,32000SPR
R72 04603 0017,8260,12010,20270,3930,7730,11660,32000SPR
R72 04603 0018,8600,30030,38630,4330,17870,22200,32000SPR
R72 04603 0020,7490,22090,29580,4030,19640,23670,32000SPR
R72 04603 0021,8600,14290,22890,4330,21990,26320,32000SPR
R72 04603 0022,4720,0,4720,940,0,940,32000SPR
R72 04603 0023,9850,39560,49410,4660,31710,36370,32000SPR
R72 04603 0024,4380,0,4380,970,0,970,32000SPR
R72 04603 0025,9710,96210,105920,4630,66360,70990,32000SPR
R72 04603 0026,9710,31170,40880,2900,35600,38500,32000SPR
R72 04603 0027,9710,31170,40880,2900,35600,38500,32000SPR
R72 04603 0028,9710,31170,40880,2900,35600,38500,32000SPR
R72 04603 0029,9710,31170,40880,2900,35600,38500,32000SPR
R72 04603 0030,9710,31170,40880,2900,35600,38500,32000SPR
R72 04603 0031,9710,31170,40880,2900,35600,38500,32000SPR
R72 04603 0032,9710,31170,40880,2900,35600,38500,32000SPR
R72 04603 0033,3780,0,3780,780,0,780,32000SPR
R72 04603 0034,9710,34270,43980,4630,15970,20600,32000SPR
R72 04603 0035,9710,21960,31670,4630,13470,18100,32000SPR
R72 04603 0036,9710,32260,41970,4630,21760,26390,32000SPR
R72 04603 0037,9710,46810,56520,4630,6630,11260,32000SPR
R72 04603 0039,9710,34140,43850,1080,0,1080,32000SPR
R72 04603 0040,4860,0,4860,970,0,970,32000SPR
R72 04603 0041,9570,31310,40880,2900,35600,38500,32000SPR
R72 04603 0042,4230,0,4230,810,0,810,32000SPR
R72 04603 0044,8460,32420,40880,2900,35600,38500,32000SPR
R72 04603 0046,8600,32280,40880,2900,35600,38500,32000SPR
R72 04603 0048,8600,32280,40880,2900,35600,38500,32000SPR
R72 04603 0049,9570,31310,40880,2900,35600,38500,32000SPR
R72 04603 0050,9570,31310,40880,2900,35600,38500,32000SPR
R72 04603 0051,9570,31310,40880,2900,35600,38500,32000SPR
R72 04603 0053,4300,0,4300,920,2100,3020,32000SPR
R72 04603 0055,7870,14550,22420,4010,37580,41590,32000SPR
R72 04603 0057,7190,18380,25570,3960,7960,11920,32000SPR
R72 04603 0058,4990,19580,24570,3520,8440,11960,32000SPR
R72 04603 0060,8600,26620,35220,4330,14860,19190,32000SPR
R72 04603 0061,8600,32280,40880,2900,35600,38500,32000SPR
R72 04604 0001,3990,9380,13370,2870,12740,15610,32000SPR
R72 04604 0002,9710,20030,29740,4630,27830,32460,32000SPR
R72 04604 0003,9710,25850,35560,4630,15100,19730,32000SPR
R72 04604 0004,9710,14870,24580,4630,10320,14950,32000SPR
R72 04604 0005,7910,28830,36740,4140,21270,25410,32000SPR
R72 04604 0006,7770,12620,20390,810,0,810,32000SPR
R72 04604 0007,9710,19760,29470,4630,17950,22580,32000SPR
R72 04604 0008,9710,24560,34270,4630,9780,14410,32000SPR
R72 04604 0009,9710,15350,25060,4630,24660,29290,32000SPR
R72 04604 0010,9710,29570,39280,4630,13030,17660,32000SPR
R72 04604 0011,9710,22190,31900,4630,30400,35030,32000SPR
R72 04604 0012,9710,36230,45940,4630,23900,28530,32000SPR
R72 04604 0013,9710,23830,33540,4630,19390,24020,32000SPR
R72 04604 0014,9710,17310,27020,4630,11350,15980,32000SPR
R72 04604 0015,9710,30150,39860,4630,19320,23950,32000SPR
R72 04604 0016,9990,18710,28700,4700,13770,18470,32000SPR
R72 04604 0017,9710,42930,52640,4630,77520,82150,32000SPR
R72 04604 0019,9710,11030,20740,4630,18930,23560,32000SPR
R72 04604 0020,9710,37280,46990,4630,30860,35490,32000SPR
R72 04604 0021,9710,27390,37100,4630,17450,22080,32000SPR
R72 04604 0022,9710,37370,47080,4630,33890,38520,32000SPR
R72 04604 0023,9710,46520,56230,4630,48440,53070,32000SPR
R72 04604 0025,6920,21400,28320,3870,14170,18040,32000SPR
R72 04604 0026,4840,0,4840,880,0,880,32000SPR
R72 04604 0027,9710,18980,28690,4630,18780,23410,32000SPR
R72 04604 0028,9440,38120,47560,4550,21100,25650,32000SPR
R72 04604 0029,7450,31340,38790,3990,12940,16930,32000SPR
R72 04604 0031,9710,30440,40150,4630,25170,29800,32000SPR
R72 04604 0033,9020,36190,45210,4440,37730,42170,32000SPR
R72 04604 0037,7630,20100,27730,4060,16090,20150,32000SPR
R72 04604 0038,7910,27450,35360,4140,20090,24230,32000SPR
R72 04604 0041,7910,39760,47670,830,0,830,32000SPR
R72 04604 0043,8050,26420,34470,850,0,850,32000SPR
R72 04604 0045,6330,0,6330,3310,0,3310,32000SPR
R72 04604 0048,7770,6400,14170,4100,4210,8310,32000SPR
R72 04604 0050,7000,47950,54950,630,0,630,32000SPR
R72 04604 0053,13220,10450,23670,7520,31350,38870,32000SPR
R72 04604 0056,7770,7620,15390,730,0,730,32000SPR
R72 04604 0058,7770,20470,28240,4100,27690,31790,32000SPR
R72 04604 0059,9710,10480,20190,4630,8380,13010,32000SPR
R72 04604 0060,9710,8800,18510,4630,15170,19800,32000SPR
R72 04604 0063,7770,20450,28220,4100,0,4100,32000SPR
R72 04604 0064,7770,7640,15410,4100,6730,10830,32000SPR
R72 04604 0066,8050,10320,18370,0,0,0,32000SPR
R72 04604 0068,3290,0,3290,590,0,590,32000SPR
R72 04604 0069,7770,7110,14880,4100,14160,18260,32000SPR
R72 04604 0070,8050,11270,19320,5730,8940,14670,32000SPR
R72 04604 0071,8070,9050,17120,5710,8460,14170,32000SPR
R72 04604 0072,7910,7700,15610,4140,12660,16800,32000SPR
R72 04604 0074,6210,16180,22390,6970,5690,12660,32000SPR
R72 04604 0078,6130,56920,63050,3670,9630,13300,32000SPR
R72 04604 0079,6560,34310,40870,3810,14110,17920,32000SPR
R72 04605 0005,9450,30750,40200,1030,0,1030,32000BUR
R72 04605 0009,9750,36680,46430,4650,74330,78980,32000BUR
R72 04605 0010,9320,31180,40500,4530,21430,25960,32000BUR
R72 04605 0011,9320,32870,42190,4530,19120,23650,32000BUR
R72 04605 0012,9610,20180,29790,4610,8110,12720,32000BUR
R72 04605 0013,9180,22560,31740,4490,24090,28580,32000BUR
R72 04605 0014,9710,35160,44870,4620,25260,29880,32000BUR
R72 04605 0015,9710,23620,33330,4620,26880,31500,32000BUR
R72 04605 0016,9710,24370,34080,4620,12450,17070,32000BUR
R72 04605 0017,9710,29720,39430,4620,39060,43680,32000BUR
R72 04605 0019,9450,32710,42160,4530,0,4530,32000BUR
R72 04605 0020,9450,25110,34560,4530,19140,23670,32000BUR
R72 04605 0021,9450,32300,41750,4530,36930,41460,32000BUR
R72 04605 0026,11520,16540,28060,5110,35430,40540,32000BUR
R72 04605 0027,9710,7150,16860,4630,29980,34610,32000BUR
R72 04605 0028,9710,32380,42090,4630,26930,31560,32000BUR
R72 04605 0029,9710,21660,31370,4630,27200,31830,32000BUR
R72 04605 0030,8460,22870,31330,4290,8540,12830,32000BUR
R72 04605 0031,8460,24660,33120,4290,11480,15770,32000BUR
R72 04605 0032,9710,43010,52720,4630,24210,28840,32000BUR
R72 04605 0033,9710,7290,17000,4630,26660,31290,32000BUR
R72 04605 0034,8460,29630,38090,4290,31300,35590,32000BUR
R72 04605 0036,3630,10210,13840,2660,7170,9830,32000BUR
R72 04606 0005,9710,27030,36740,4630,23690,28320,32000BUR
R72 04606 0006,9710,13120,22830,4630,27460,32090,32000BUR
R72 04606 0007,8190,29970,38160,4210,15910,20120,32000BUR
R72 04606 0009,8050,27210,35260,4180,24390,28570,32000BUR
R72 04606 0010,9710,44690,54400,4630,27830,32460,32000BUR
R72 04606 0011,7910,25080,32990,4140,27930,32070,32000BUR
R72 04606 0012,7910,28410,36320,4140,24620,28760,32000BUR
R72 04606 0014,9300,30710,40010,4510,26380,30890,32000BUR
R72 04606 0015,9710,23570,33280,4630,25310,29940,32000BUR
R72 04606 0016,9710,18890,28600,2300,33300,35600,32000BUR
R72 04606 0022,8370,29400,37770,4250,27050,31300,32000BUR
R72 04606 0028,8050,14650,22700,4180,17740,21920,32000BUR
R72 04606 0030,9300,11840,21140,4510,45450,49960,32000BUR
R72 04606 0032,5880,16580,22460,3670,21810,25480,32000BUR
R72 04607 0001,11300,37110,48410,5060,39460,44520,32000BUR
R72 04607 0002,9890,39000,48890,4680,38640,43320,32000BUR
R72 04607 0003,9890,0,9890,2300,33300,35600,32000BUR
R72 04607 0004,9890,40590,50480,4680,36380,41060,32000BUR
R72 04607 0005,9890,42390,52280,4680,34290,38970,32000BUR
R72 04607 0008,9890,37070,46960,4680,0,4680,32000BUR
R72 04607 0009,11440,29480,40920,2010,0,2010,C0100000
R72 04607 0015,9180,42530,51710,4460,28930,33390,32000BUR
R72 04607 0016,9180,14370,23550,4460,35550,40010,32000BUR
R72 04607 0017,4590,0,4590,890,0,890,32000BUR
R72 04607 0018,9180,37600,46780,4460,31740,36200,32000BUR
R72 04607 0019,9710,30010,39720,4630,30340,34970,32000BUR
R72 04607 0021,9710,29910,39620,4630,26510,31140,32000BUR
R72 04607 0022,9710,33400,43110,4630,18980,23610,32000BUR
R72 04607 0023,9710,32640,42350,4630,29660,34290,32000BUR
R72 04607 0030,7430,28270,35700,4000,25410,29410,32000BUR
R72 04607 0031,9450,31540,40990,4530,27350,31880,32000BUR
R72 04607 0032,9450,26580,36030,4530,38030,42560,32000BUR
R72 04607 0033,9450,33300,42750,4530,34830,39360,32000BUR
R72 04607 0038,8600,37260,45860,920,0,920,32000BUR
R72 04607 0039,8740,22550,31290,4360,4700,9060,32000BUR
R72 04607 0040,8600,10620,19220,4330,26220,30550,32000BUR
R72 04607 0041,8600,30750,39350,1390,0,1390,32000BUR
R72 04607 0042,8600,30120,38720,1390,0,1390,32000BUR
R72 04607 0043,8600,19150,27750,4330,28020,32350,32000BUR
R72 04607 0050,9710,11780,21490,4630,19200,23830,32000BUR
R72 04607 0052,11070,9930,21000,4950,19810,24760,32000BUR
R72 04607 0053,9450,41660,51110,4530,27100,31630,32000BUR
R72 04607 0054,9450,24330,33780,4530,30700,35230,32000BUR
R72 04607 0056,9450,37180,46630,4530,38330,42860,32000BUR
R72 04607 0057,9450,33100,42550,4530,21980,26510,32000BUR
R72 04607 0058,8370,29220,37590,4250,26180,30430,32000BUR
R72 04607 0059,6740,26590,33330,3850,23380,27230,32000BUR
R72 04607 0060,8600,30520,39120,4330,17610,21940,32000BUR
R72 04607 0062,8600,26750,35350,4330,22140,26470,32000BUR
R72 04607 0065,5140,26270,31410,3520,21740,25260,32000BUR
R72 04607 0068,5830,39490,45320,2780,64000,66780,32000BUR
R72 04607 0070,7700,30870,38570,4070,29040,33110,32000BUR
R72 04607 0073,3260,0,3260,530,0,530,32000BUR
R72 04607 0074,8750,3090,11840,4320,4070,8390,32000BUR
R72 04607 0075,8660,44480,53140,4310,34170,38480,32000BUR
R72 04608 0001,8050,13120,21170,4140,42030,46170,32000BUR
R72 04608 0004,9450,42680,52130,4530,33520,38050,32000BUR
R72 04608 0005,9050,38620,47670,1460,0,1460,32000BUR
R72 04608 0007,9450,7710,17160,4530,15750,20280,32000BUR
R72 04608 0008,7970,41610,49580,4090,24250,28340,32000BUR
R72 04608 0009,9710,35330,45040,4630,6070,10700,32000BUR
R72 04608 0010,9710,16430,26140,4630,23060,27690,32000BUR
R72 04608 0011,9710,4300,14010,1080,0,1080,32000BUR
R72 04608 0012,9710,43380,53090,4630,35340,39970,32000BUR
R72 04608 0013,7910,21900,29810,4140,11140,15280,32000BUR
R72 04608 0015,10680,20840,31520,4890,49960,54850,32000BUR
R72 04608 0016,9710,7210,16920,4630,22120,26750,32000BUR
R72 04608 0017,9710,29800,39510,4630,28450,33080,32000BUR
R72 04608 0018,9710,43850,53560,4630,21890,26520,32000BUR
R72 04608 0019,9710,34320,44030,4630,8220,12850,32000BUR
R72 04608 0020,9710,40800,50510,4630,18160,22790,32000BUR
R72 04608 0024,8190,15820,24010,4210,28360,32570,32000BUR
R72 04608 0025,9450,22110,31560,4530,37960,42490,32000BUR
R72 04608 0026,9450,9530,18980,4530,0,4530,32000BUR
R72 04608 0027,9450,17940,27390,1030,1900,2930,32000BUR
R72 04608 0028,4730,0,4730,930,0,930,32000BUR
R72 04608 0029,8510,6620,15130,900,0,900,32000BUR
R72 04608 0030,3830,0,3830,810,0,810,32000BUR
R72 04608 0031,10130,23540,33670,4700,26990,31690,32000BUR
R72 04608 0032,10130,50010,60140,4700,13370,18070,32000BUR
R72 04608 0033,8640,23330,31970,4320,18490,22810,32000BUR
R72 04608 0034,8640,4950,13590,4320,21280,25600,32000BUR
R72 04608 0035,8640,27080,35720,4320,25660,29980,32000BUR
R72 04608 0037,9280,27420,36700,4490,40100,44590,32000BUR
R72 04608 0038,9280,28810,38090,4490,27050,31540,32000BUR
R72 04608 0039,9280,34450,43730,4490,24680,29170,32000BUR
R72 04608 0040,9280,32770,42050,4490,24280,28770,32000BUR
R72 04608 0041,9280,30490,39770,4490,27640,32130,32000BUR
R72 04608 0042,9280,31230,40510,4490,33350,37840,32000BUR
R72 04608 0043,10200,41380,51580,4720,37310,42030,32000BUR
R72 04608 0044,6090,23050,29140,3720,19400,23120,32000BUR
R72 04608 0046,12030,23810,35840,7380,8670,16050,32000BUR
R72 04608 0047,9720,25110,34830,1060,0,1060,32000BUR
R72 04608 0048,6910,24210,31120,3880,32470,36350,32000BUR
R72 04608 0049,8160,10350,18510,4180,11260,15440,32000BUR
R72 04608 0050,8160,9230,17390,4180,26830,31010,32000BUR
R72 04608 0051,8160,29430,37590,4180,5200,9380,32000BUR
R72 04608 0052,8160,31830,39990,4180,29820,34000,32000BUR
R72 04608 0053,8170,20430,28600,2300,33300,35600,32000BUR
R72 04608 0054,8170,20430,28600,2300,33300,35600,32000BUR
R72 04608 0056,8290,11910,20200,4210,9840,14050,32000BUR
R72 04608 0057,8160,27340,35500,4180,24260,28440,32000BUR
R72 04608 0058,8160,3090,11250,4180,18740,22920,32000BUR
R72 04608 0059,8160,23560,31720,4180,16500,20680,32000BUR
R72 04608 0060,8160,30040,38200,4180,27190,31370,32000BUR
R72 04608 0061,9320,29060,38380,4490,14420,18910,32000BUR
R72 04608 0062,4120,0,4120,780,0,780,32000BUR
R72 04608 0065,5720,26310,32030,3650,12290,15940,32000BUR
R72 04608 0067,8160,23920,32080,4180,27090,31270,32000BUR
R72 04608 0068,8160,27130,35290,4180,23570,27750,32000BUR
R72 04608 0069,8160,41550,49710,4180,19520,23700,32000BUR
R72 04608 0070,8160,37360,45520,4180,16850,21030,32000BUR
R72 04608 0071,8160,25840,34000,850,0,850,32000BUR
R72 04608 0072,8160,34630,42790,850,0,850,32000BUR
R72 04608 0073,8160,16270,24430,4180,17730,21910,32000BUR
R72 04608 0076,7780,35320,43100,4090,37560,41650,32000BUR
R72 04608 0077,8160,3560,11720,4180,25030,29210,32000BUR
R72 04608 0078,8160,8030,16190,4180,26640,30820,32000BUR
R72 04608 0079,5990,18030,24020,3700,18320,22020,32000BUR
R72 04608 0080,4250,26470,30720,2140,23900,26040,32000BUR
R72 04608 0081,8510,17260,25770,4280,13080,17360,32000BUR
R72 04608 0082,8510,28690,37200,4280,29180,33460,32000BUR
R72 04608 0083,8780,25030,33810,4350,27610,31960,32000BUR
R72 04608 0084,6410,20790,27200,3730,22750,26480,32000BUR
R72 04608 0085,6500,14520,21020,3700,14900,18600,32000BUR
R72 04608 0086,5720,31190,36910,3650,24310,27960,32000BUR
R72 04608 0088,5720,20240,25960,3650,18090,21740,32000BUR
R72 04608 0090,2860,0,2860,520,0,520,32000BUR
R72 04608 0092,6090,23600,29690,3720,18090,21810,32000BUR
R72 04608 0095,6090,20290,26380,3720,21200,24920,32000BUR
R72 04608 0097,6090,20330,26420,3720,17060,20780,32000BUR
R72 04608 0099,4940,19120,24060,450,0,450,32000BUR
R72 04608 0100,7700,14830,22530,4070,10660,14730,32000BUR
R72 04608 0102,6750,2370,9120,600,0,600,32000BUR
R72 04608 0105,7910,23510,31420,4140,28350,32490,32000BUR
R72 04608 0106,7910,18860,26770,4140,10530,14670,32000BUR
R72 04608 0107,410,0,410,20,0,20,32000BUR
R72 04608 0109,2500,0,2500,450,0,450,32000BUR
R72 04608 0110,4590,23330,27920,3110,6200,9310,32000BUR
R72 04608 0111,12200,16400,28600,2300,33300,35600,32000BUR
R72 04608 0112,11200,17400,28600,2300,33300,35600,32000BUR
R72 04609 0001,8330,24290,32620,4250,27270,31520,32000BUR
R72 04609 0004,9710,28420,38130,4630,9780,14410,32000BUR
R72 04609 0005,7280,38280,45560,3470,16610,20080,32000BUR
R72 04609 0006,9710,36650,46360,4630,40010,44640,32000BUR
R72 04609 0008,9450,21730,31180,4530,19880,24410,32000BUR
R72 04609 0010,9450,24750,34200,4530,13270,17800,32000BUR
R72 04609 0011,8510,34130,42640,4280,13730,18010,32000BUR
R72 04609 0012,8510,21370,29880,4280,14540,18820,32000BUR
R72 04609 0013,10310,26060,36370,4770,31300,36070,32000BUR
R72 04609 0014,10130,40650,50780,4700,33360,38060,32000BUR
R72 04609 0015,10150,34560,44710,4830,23910,28740,32000BUR
R72 04609 0016,10150,23500,33650,4830,16740,21570,32000BUR
R72 04609 0017,10150,3810,13960,4830,4690,9520,32000BUR
R72 04609 0018,2440,0,2440,450,0,450,32000BUR
R72 04609 0019,8640,25920,34560,4320,12540,16860,32000BUR
R72 04609 0020,8640,24220,32860,4320,18280,22600,32000BUR
R72 04609 0021,8640,18020,26660,920,0,920,32000BUR
R72 04609 0022,8640,25140,33780,4320,11870,16190,32000BUR
R72 04609 0023,6370,8680,15050,3760,14180,17940,32000BUR
R72 04609 0024,6980,11710,18690,3900,23120,27020,32000BUR
R72 04609 0026,6980,23950,30930,3900,6100,10000,32000BUR
R72 04609 0028,6980,21180,28160,3900,23240,27140,32000BUR
R72 04609 0030,6980,18460,25440,3900,19380,23280,32000BUR
R72 04609 0031,6980,26590,33570,3900,28910,32810,32000BUR
R72 04609 0033,6980,28670,35650,3900,30010,33910,32000BUR
R72 04609 0035,6980,24410,31390,3900,25290,29190,32000BUR
R72 04609 0037,6980,19930,26910,3900,12810,16710,32000BUR
R72 04609 0038,8210,23610,31820,4190,64280,68470,32000BUR
R72 04609 0040,6980,20260,27240,3900,22040,25940,32000BUR
R72 04609 0042,3490,0,3490,630,0,630,32000BUR
R72 04609 0044,7960,23750,31710,4130,16650,20780,32000BUR
R72 04609 0045,7960,25790,33750,4130,0,4130,32000BUR
R72 04609 0046,7960,9120,17080,4130,35700,39830,32000BUR
R72 04609 0048,7960,25270,33230,4130,26380,30510,32000BUR
R72 04609 0049,3980,0,3980,740,0,740,32000BUR
R72 04609 0050,7960,19620,27580,4130,19470,23600,32000BUR
R72 04609 0053,7630,21380,29010,4060,23330,27390,32000BUR
R72 04609 0054,8060,23050,31110,7430,24550,31980,32000BUR
R72 04609 0057,4970,19510,24480,3510,19560,23070,32000BUR
R72 04610 0002,9450,49460,58910,4530,0,4530,32000BUR
R72 04610 0005,8510,29580,38090,4280,26120,30400,32000BUR
R72 04610 0006,8510,15550,24060,4280,10740,15020,32000BUR
R72 04610 0007,6900,27720,34620,3880,16850,20730,32000BUR
R72 04610 0008,7970,8130,16100,7490,9580,17070,32000BUR
R72 04610 0009,7910,15430,23340,4140,25020,29160,32000BUR
R72 04610 0010,9710,30090,39800,4630,49620,54250,32000BUR
R72 04610 0011,9710,36530,46240,4630,10110,14740,32000BUR
R72 04610 0012,9710,26130,35840,4630,7500,12130,32000BUR
R72 04610 0013,9710,34180,43890,4630,36460,41090,32000BUR
R72 04610 0014,9710,18060,27770,4630,31540,36170,32000BUR
R72 04610 0016,7910,22850,30760,4140,25620,29760,32000BUR
R72 04610 0017,4860,0,4860,2300,33300,35600,32000BUR
R72 04610 0021,9710,16650,26360,4630,12570,17200,32000BUR
R72 04610 0023,8640,7130,15770,920,0,920,32000BUR
R72 04610 0024,8640,24130,32770,4320,37710,42030,32000BUR
R72 04610 0025,8640,8920,17560,4320,9030,13350,32000BUR
R72 04610 0026,8510,24310,32820,4280,14950,19230,32000BUR
R72 04610 0027,8120,19910,28030,4230,13630,17860,32000BUR
R72 04610 0029,5080,0,5080,1070,0,1070,32000BUR
R72 04610 0030,10150,52780,62930,4830,47650,52480,32000BUR
R72 04610 0031,10150,35960,46110,4830,14060,18890,32000BUR
R72 04610 0032,10150,36640,46790,4830,27350,32180,32000BUR
R72 04610 0036,7960,25880,33840,4130,27810,31940,32000BUR
R72 04610 0037,7960,27860,35820,4130,24690,28820,32000BUR
R72 04610 0038,7200,24390,31590,3950,26990,30940,32000BUR
R72 04610 0041,7960,26900,34860,4130,0,4130,32000BUR
R72 04610 0042,7960,26330,34290,4130,23520,27650,32000BUR
R72 04610 0047,8580,12740,21320,4280,11860,16140,32000BUR
R72 04610 0049,7960,8920,16880,4130,28690,32820,32000BUR
R72 04610 0050,7960,38290,46250,4130,29320,33450,32000BUR
R72 04610 0051,7960,13770,21730,820,0,820,32000BUR
R72 04610 0053,7960,21920,29880,4130,17330,21460,32000BUR
R72 04610 0054,8220,5240,13460,4210,4530,8740,32000BUR
R72 04610 0059,4050,21270,25320,2880,7790,10670,32000BUR
R72 04610 0064,7770,9030,16800,4100,13510,17610,32000BUR
R72 04610 0065,4130,0,4130,810,0,810,32000BUR
R72 04610 0066,7350,12450,19800,3990,25680,29670,32000BUR
R72 04610 0069,10680,30200,40880,2900,35600,38500,32000BUR
R72 04701 0001,9570,31310,40880,2900,35600,38500,32000SPR
R72 04701 0002,9570,31230,40800,2900,35600,38500,32000SPR
R72 04701 0003,9490,24080,33570,4540,21410,25950,32000SPR
R72 04701 0004,7180,26470,33650,3950,16620,20570,32000SPR
R72 04701 0007,7180,15500,22680,3950,22990,26940,32000SPR
R72 04701 0010,7180,17220,24400,3950,16020,19970,32000SPR
R72 04701 0013,7180,7470,14650,3950,5380,9330,32000SPR
R72 04701 0016,7180,9320,16500,3950,15940,19890,32000SPR
R72 04701 0019,8400,8890,17290,4230,16590,20820,32000SPR
R72 04701 0020,3600,0,3600,660,0,660,32000SPR
R72 04701 0021,180,0,180,40,0,40,32000SPR
R72 04701 0022,7200,20370,27570,3950,9640,13590,32000SPR
R72 04701 0023,8400,31440,39840,4230,28800,33030,32000SPR
R72 04701 0024,8400,20380,28780,4230,33380,37610,32000SPR
R72 04701 0025,6480,6480,12960,3790,10490,14280,32000SPR
R72 04701 0026,6960,20750,27710,3900,12400,16300,32000SPR
R72 04701 0030,8400,10770,19170,4230,14630,18860,32000SPR
R72 04701 0031,8400,8890,17290,4230,13380,17610,32000SPR
R72 04701 0032,2930,0,2930,510,0,510,32000SPR
R72 04701 0033,2400,0,2400,470,0,470,32000SPR
R72 04701 0034,4200,0,4200,780,0,780,32000SPR
R72 04701 0035,6000,13350,19350,3680,9230,12910,32000SPR
R72 04701 0037,1400,0,1400,80,0,80,32000SPR
R72 04701 0038,7290,12210,19500,740,0,740,32000SPR
R72 04701 0039,8580,9160,17740,4300,0,4300,32000SPR
R72 04701 0041,8100,18450,26550,4180,12930,17110,32000SPR
R72 04701 0042,8100,15370,23470,4180,9260,13440,32000SPR
R72 04701 0043,8100,10670,18770,4180,10030,14210,32000SPR
R72 04701 0045,9450,12780,22230,4530,16870,21400,32000SPR
R72 04701 0047,7830,19910,27740,4110,16220,20330,32000SPR
R72 04701 0049,8780,6290,15070,4350,6800,11150,32000SPR
R72 04701 0050,9450,35150,44600,4530,35400,39930,32000SPR
R72 04701 0051,9450,28910,38360,4530,27420,31950,32000SPR
R72 04701 0052,8960,0,8960,3980,0,3980,32000SPR
R72 04701 0054,8370,21040,29410,4250,17840,22090,32000SPR
R72 04701 0056,4390,0,4390,840,0,840,32000SPR
R72 04701 0057,9450,20700,30150,4530,29470,34000,32000SPR
R72 04701 0058,12560,18610,31170,5330,10230,15560,32000SPR
R72 04701 0059,9450,810,10260,4530,4540,9070,32000SPR
R72 04701 0060,9450,40050,49500,4530,12910,17440,32000SPR
R72 04701 0061,9450,1280,10730,4530,4400,8930,32000SPR
R72 04701 0062,9450,35660,45110,4530,8710,13240,32000SPR
R72 04701 0063,7440,33850,41290,3980,28810,32790,32000SPR
R72 04701 0064,9860,21790,31650,4630,14670,19300,32000SPR
R72 04701 0065,9450,36630,46080,4530,34920,39450,32000SPR
R72 04701 0066,9450,19250,28700,4530,9020,13550,32000SPR
R72 04701 0067,9450,46910,56360,4530,30480,35010,32000SPR
R72 04701 0068,9450,23290,32740,4530,18430,22960,32000SPR
R72 04701 0069,6440,0,6440,3300,0,3300,32000SPR
R72 04701 0070,4350,18370,22720,2910,9850,12760,32000SPR
R72 04701 0073,8510,9680,18190,1350,0,1350,32000SPR
R72 04701 0077,7200,7980,15180,3950,6720,10670,32000SPR
R72 04701 0078,6120,13590,19710,3700,0,3700,32000SPR
R72 04701 0079,6960,20250,27210,3900,3120,7020,32000SPR
R72 04701 0081,6000,19260,25260,3680,14080,17760,32000SPR
R72 04701 0082,6000,14520,20520,3680,6760,10440,32000SPR
R72 04701 0090,6160,23290,29450,3680,14910,18590,32000SPR
R72 04701 0091,8600,11800,20400,6220,7580,13800,32000SPR
R72 04701 0092,6000,18050,24050,5000,19670,24670,32000SPR
R72 04701 0095,8400,32480,40880,2900,35600,38500,32000SPR
R72 04701 0096,8400,32480,40880,2900,35600,38500,32000SPR
R72 04702 0003,3120,0,3120,550,0,550,32000SPR
R72 04702 0004,6250,15210,21460,3730,19360,23090,32000SPR
R72 04702 0005,8630,35020,43650,4300,47770,52070,32000SPR
R72 04702 0019,9050,33580,42630,4420,25660,30080,32000SPR
R72 04702 0020,9050,26820,35870,4420,26900,31320,32000SPR
R72 04702 0021,9050,22780,31830,4420,0,4420,32000SPR
R72 04702 0022,9050,24640,33690,4420,14230,18650,32000SPR
R72 04702 0028,8910,26430,35340,960,0,960,32000SPR
R72 04702 0029,8910,19740,28650,4390,23080,27470,32000SPR
R72 04702 0030,7290,7220,14510,3970,3840,7810,32000SPR
R72 04702 0031,7290,21570,28860,740,0,740,32000SPR
R72 04702 0032,8910,20610,29520,4390,28010,32400,32000SPR
R72 04702 0041,9050,20000,29050,4420,18900,23320,32000SPR
R72 04702 0042,9050,27160,36210,4420,28400,32820,32000SPR
R72 04702 0043,9050,23940,32990,4420,9150,13570,32000SPR
R72 04702 0044,9050,22230,31280,4420,31000,35420,32000SPR
R72 04702 0045,9050,27990,37040,4420,26670,31090,32000SPR
R72 04702 0046,4530,0,4530,880,0,880,32000SPR
R72 04702 0047,9050,21360,30410,4420,12390,16810,32000SPR
R72 04702 0048,6870,13230,20100,3870,22380,26250,32000SPR
R72 04702 0049,3790,0,3790,810,0,810,32000SPR
R72 04702 0050,8910,20720,29630,4390,10370,14760,32000SPR
R72 04702 0051,3960,0,3960,730,0,730,32000SPR
R72 04702 0052,8910,10410,19320,4390,11880,16270,32000SPR
R72 04702 0053,8910,12890,21800,4390,16250,20640,32000SPR
R72 04702 0054,8910,33180,42090,4390,23080,27470,32000SPR
R72 04702 0056,6620,17710,24330,3790,0,3790,32000SPR
R72 04702 0057,7700,19300,27000,4070,10750,14820,32000SPR
R72 04702 0058,8910,20550,29460,4390,16130,20520,32000SPR
R72 04702 0059,9050,45120,54170,4420,21180,25600,32000SPR
R72 04702 0060,9050,30180,39230,4420,36700,41120,32000SPR
R72 04702 0061,9050,21870,30920,4420,30960,35380,32000SPR
R72 04702 0062,9050,29520,38570,4420,24480,28900,32000SPR
R72 04702 0063,9050,22310,31360,4420,22510,26930,32000SPR
R72 04702 0064,9050,25060,34110,4420,25120,29540,32000SPR
R72 04702 0065,9050,34960,44010,4420,32670,37090,32000SPR
R72 04702 0066,9050,34530,43580,4420,28370,32790,32000SPR
R72 04702 0068,9990,32460,42450,4700,51000,55700,32000SPR
R72 04702 0071,3120,0,3120,550,0,550,32000SPR
R72 04702 0072,6250,11440,17690,3730,4380,8110,32000SPR
R72 04702 0073,8640,27290,35930,4320,16060,20380,32000SPR
R72 04702 0075,6300,22220,28520,3680,16560,20240,32000SPR
R72 04702 0076,7560,18060,25620,4040,8610,12650,32000SPR
R72 04702 0077,7290,11180,18470,3970,11300,15270,32000SPR
R72 04703 0001,9050,9230,18280,4420,11460,15880,32000SPR
R72 04703 0002,9050,29120,38170,4420,23070,27490,32000SPR
R72 04703 0003,9050,27820,36870,4420,18770,23190,32000SPR
R72 04703 0004,9050,23860,32910,4420,13640,18060,32000SPR
R72 04703 0005,9050,20980,30030,4420,11260,15680,32000SPR
R72 04703 0006,9050,23320,32370,4420,12720,17140,32000SPR
R72 04703 0007,3300,0,3300,580,0,580,32000SPR
R72 04703 0008,9050,29710,38760,4420,0,4420,32000SPR
R72 04703 0009,9050,25450,34500,4420,24060,28480,32000SPR
R72 04703 0010,7700,9560,17260,4070,7050,11120,32000SPR
R72 04703 0012,8910,22460,31370,4390,22640,27030,32000SPR
R72 04703 0013,8910,36260,45170,4390,31740,36130,32000SPR
R72 04703 0014,7700,22040,29740,4070,12220,16290,32000SPR
R72 04703 0015,7700,30370,38070,4070,17960,22030,32000SPR
R72 04703 0017,7700,21670,29370,4070,12510,16580,32000SPR
R72 04703 0019,7700,23310,31010,4070,5170,9240,32000SPR
R72 04703 0020,8910,22340,31250,4390,23820,28210,32000SPR
R72 04703 0022,6370,48030,54400,3770,8760,12530,32000SPR
R72 04703 0023,9050,27500,36550,970,0,970,32000SPR
R72 04703 0024,9050,45490,54540,4420,37370,41790,32000SPR
R72 04703 0025,9050,9610,18660,4420,18760,23180,32000SPR
R72 04703 0030,7180,26520,33700,3930,14990,18920,32000SPR
R72 04703 0031,3170,530,3700,570,0,570,32000SPR
R72 04703 0032,4530,0,4530,880,0,880,32000SPR
R72 04703 0033,9050,22320,31370,4420,8340,12760,32000SPR
R72 04703 0034,9050,10370,19420,970,0,970,32000SPR
R72 04703 0035,8830,20460,29290,4360,11740,16100,32000SPR
R72 04703 0036,8500,7240,15740,4270,10420,14690,32000SPR
R72 04703 0037,8090,26290,34380,4170,21320,25490,32000SPR
R72 04703 0038,6530,26230,32760,3790,27850,31640,32000SPR
R72 04703 0039,5980,11980,17960,3680,10910,14590,32000SPR
R72 04703 0042,4190,0,4190,790,0,790,32000SPR
R72 04703 0045,6560,19150,25710,3810,7000,10810,32000SPR
R72 04703 0046,5360,20910,26270,3590,9650,13240,32000SPR
R72 04703 0048,7700,27080,34780,4070,29370,33440,32000SPR
R72 04703 0049,7700,23180,30880,4070,27870,31940,32000SPR
R72 04703 0051,2970,0,2970,580,0,580,32000SPR
R72 04703 0052,3350,0,3350,600,0,600,32000SPR
R72 04704 0001,4590,0,4590,890,0,890,32000SPR
R72 04704 0002,4730,0,4730,930,0,930,32000SPR
R72 04704 0003,9450,22040,31490,4530,12110,16640,32000SPR
R72 04704 0004,9450,13290,22740,1030,0,1030,32000SPR
R72 04704 0005,8580,23770,32350,4270,28140,32410,32000SPR
R72 04704 0006,7970,19820,27790,4140,29170,33310,32000SPR
R72 04704 0007,9450,9070,18520,4530,25730,30260,32000SPR
R72 04704 0008,4730,0,4730,930,0,930,32000SPR
R72 04704 0012,4640,0,4640,900,0,900,32000SPR
R72 04704 0013,4640,0,4640,900,0,900,32000SPR
R72 04704 0014,13080,12930,26010,5500,17300,22800,32000SPR
R72 04704 0015,7220,14780,22000,3960,16000,19960,32000SPR
R72 04704 0017,7050,23450,30500,3910,24800,28710,32000SPR
R72 04704 0018,6050,20420,26470,3690,11330,15020,32000SPR
R72 04704 0019,8690,23720,32410,4240,14560,18800,32000SPR
R72 04704 0020,5120,10220,15340,3550,9160,12710,32000SPR
R72 04704 0022,6890,0,6890,3860,0,3860,32000SPR
R72 04704 0023,8100,11080,19180,4180,9040,13220,32000SPR
R72 04704 0024,8740,9220,17960,4280,16780,21060,32000SPR
R72 04704 0025,7970,9430,17400,4140,15600,19740,32000SPR
R72 04704 0026,5120,26560,31680,520,0,520,32000SPR
R72 04704 0028,7410,29890,37300,3970,9160,13130,32000SPR
R72 04704 0034,6240,16500,22740,3720,8370,12090,32000SPR
R72 04704 0037,7690,0,7690,4150,0,4150,32000SPR
R72 04704 0038,7140,11950,19090,3940,12960,16900,32000SPR
R72 04704 0039,7290,25570,32860,3970,10490,14460,32000SPR
R72 04704 0041,6730,21840,28570,3840,10270,14110,32000SPR
R72 04704 0045,3040,0,3040,610,0,610,32000SPR
R72 04704 0050,5310,0,5310,1060,0,1060,32000SPR
R72 04705 0004,7960,26330,34290,4130,15440,19570,32000BUR
R72 04705 0006,7960,27920,35880,4130,16050,20180,32000BUR
R72 04705 0007,7960,28930,36890,4130,25640,29770,32000BUR
R72 04705 0008,7960,29160,37120,4130,25310,29440,32000BUR
R72 04705 0011,8270,31770,40040,4210,11120,15330,32000BUR
R72 04705 0013,8270,13850,22120,4210,16660,20870,32000BUR
R72 04705 0014,8270,9120,17390,4210,11960,16170,32000BUR
R72 04705 0017,6360,26160,32520,3690,23690,27380,32000BUR
R72 04705 0020,8030,30030,38060,4160,25160,29320,32000BUR
R72 04705 0021,8030,29060,37090,4160,24130,28290,32000BUR
R72 04705 0022,2990,0,2990,520,0,520,32000BUR
R72 04705 0023,8030,29910,37940,4160,26830,30990,32000BUR
R72 04705 0024,8030,12230,20260,750,0,750,32000BUR
R72 04705 0025,7910,12910,20820,820,0,820,32000BUR
R72 04705 0026,4020,0,4020,750,0,750,32000BUR
R72 04705 0027,8030,21180,29210,4160,16360,20520,32000BUR
R72 04705 0028,6760,27570,34330,3840,24970,28810,32000BUR
R72 04705 0029,8030,25770,33800,4160,4360,8520,32000BUR
R72 04705 0030,5910,24860,30770,3680,20430,24110,32000BUR
R72 04705 0033,4070,0,4070,760,0,760,32000BUR
R72 04705 0034,8140,60110,68250,4180,53800,57980,32000BUR
R72 04705 0035,8400,0,8400,4250,0,4250,32000BUR
R72 04705 0036,8530,19520,28050,4280,30030,34310,32000BUR
R72 04705 0037,8530,25260,33790,4280,26470,30750,32000BUR
R72 04705 0038,8400,38170,46570,4250,36620,40870,32000BUR
R72 04705 0039,8030,25470,33500,4160,20500,24660,32000BUR
R72 04705 0040,8030,26190,34220,4160,14000,18160,32000BUR
R72 04705 0041,8030,20530,28560,4160,18310,22470,32000BUR
R72 04705 0042,7910,1010,8920,4130,15760,19890,32000BUR
R72 04705 0043,8030,15280,23310,4160,13200,17360,32000BUR
R72 04705 0044,8030,8840,16870,4160,16630,20790,32000BUR
R72 04705 0045,8030,2970,11000,4160,8410,12570,32000BUR
R72 04705 0046,8030,30320,38350,4160,31980,36140,32000BUR
R72 04705 0047,4020,0,4020,750,0,750,32000BUR
R72 04705 0048,8030,26190,34220,4160,20470,24630,32000BUR
R72 04705 0049,8030,25630,33660,4160,17930,22090,32000BUR
R72 04705 0050,8030,28740,36770,4160,16870,21030,32000BUR
R72 04705 0051,4900,14720,19620,3500,10460,13960,32000BUR
R72 04705 0052,2990,0,2990,520,0,520,32000BUR
R72 04705 0053,7100,30090,37190,3870,25730,29600,32000BUR
R72 04706 0001,7960,18600,26560,4130,7970,12100,32000BUR
R72 04706 0002,7960,32570,40530,4130,28770,32900,32000BUR
R72 04706 0003,7960,12300,20260,4130,13790,17920,32000BUR
R72 04706 0004,7960,21470,29430,4130,24680,28810,32000BUR
R72 04706 0005,3740,0,3740,690,0,690,32000BUR
R72 04706 0006,3060,0,3060,540,0,540,32000BUR
R72 04706 0007,7350,20750,28100,3990,23650,27640,32000BUR
R72 04706 0008,7350,10410,17760,3990,23610,27600,32000BUR
R72 04706 0010,3680,0,3680,670,0,670,32000BUR
R72 04706 0012,7350,25660,33010,3990,20390,24380,32000BUR
R72 04706 0014,7230,22810,30040,3960,24740,28700,32000BUR
R72 04706 0016,8030,29560,37590,4160,26360,30520,32000BUR
R72 04706 0017,8030,28030,36060,4160,13860,18020,32000BUR
R72 04706 0018,8030,24900,32930,4160,16160,20320,32000BUR
R72 04706 0019,8030,36080,44110,4160,33300,37460,32000BUR
R72 04706 0020,8030,7870,15900,4160,42700,46860,32000BUR
R72 04706 0021,920,0,920,80,0,80,32000BUR
R72 04706 0022,8030,13450,21480,4160,14360,18520,32000BUR
R72 04706 0023,8030,28090,36120,4160,24790,28950,32000BUR
R72 04706 0024,8030,24530,32560,4160,13560,17720,32000BUR
R72 04706 0025,8030,40080,48110,4160,25530,29690,32000BUR
R72 04706 0026,8030,25140,33170,4160,12830,16990,32000BUR
R72 04706 0027,6540,16630,23170,3790,0,3790,32000BUR
R72 04706 0028,7780,34070,41850,4090,47820,51910,32000BUR
R72 04706 0029,10200,22800,33000,4690,27720,32410,32000BUR
R72 04706 0031,8030,30600,38630,4160,22710,26870,32000BUR
R72 04706 0032,8030,20520,28550,4160,18600,22760,32000BUR
R72 04706 0033,8030,9040,17070,4160,17270,21430,32000BUR
R72 04706 0034,8030,19740,27770,4160,26960,31120,32000BUR
R72 04706 0035,5680,23480,29160,3650,25060,28710,32000BUR
R72 04706 0036,8030,22490,30520,4160,28080,32240,32000BUR
R72 04706 0037,8030,47190,55220,4160,25370,29530,32000BUR
R72 04706 0038,8030,19380,27410,4160,17890,22050,32000BUR
R72 04706 0039,8030,30450,38480,4160,23430,27590,32000BUR
R72 04706 0040,8030,21130,29160,4160,18680,22840,32000BUR
R72 04706 0041,8030,24150,32180,4160,26790,30950,32000BUR
R72 04706 0042,8030,23520,31550,4160,8710,12870,32000BUR
R72 04706 0043,4020,0,4020,750,0,750,32000BUR
R72 04706 0044,8030,29630,37660,4160,20000,24160,32000BUR
R72 04706 0045,8030,29270,37300,4160,34730,38890,32000BUR
R72 04706 0046,8030,22550,30580,4160,27360,31520,32000BUR
R72 04706 0047,8660,28390,37050,4320,33000,37320,32000BUR
R72 04706 0048,6640,20610,27250,3810,20700,24510,32000BUR
R72 04706 0049,8030,23860,31890,4160,26100,30260,32000BUR
R72 04706 0050,8030,21590,29620,4160,21430,25590,32000BUR
R72 04706 0051,1790,0,1790,350,0,350,32000BUR
R72 04706 0052,8030,38430,46460,4160,34030,38190,32000BUR
R72 04706 0053,8030,7560,15590,830,0,830,32000BUR
R72 04706 0054,8030,26810,34840,4160,23230,27390,32000BUR
R72 04706 0055,5370,10250,15620,3560,21810,25370,32000BUR
R72 04706 0057,6240,7660,13900,3750,7960,11710,32000BUR
R72 04706 0059,6160,18770,24930,580,0,580,32000BUR
R72 04706 0060,4840,23370,28210,3490,19400,22890,32000BUR
R72 04706 0064,4960,0,4960,3530,0,3530,32000BUR
R72 04706 0065,3060,0,3060,540,0,540,32000BUR
R72 04706 0066,1490,0,1490,90,0,90,32000BUR
R72 04706 0067,2690,0,2690,520,0,520,32000BUR
R72 04707 0002,8030,30400,38430,4150,22210,26360,32000BUR
R72 04707 0003,8160,30740,38900,4180,25370,29550,32000BUR
R72 04707 0004,8160,37880,46040,4180,36020,40200,32000BUR
R72 04707 0005,8160,26240,34400,4180,25020,29200,32000BUR
R72 04707 0006,8160,30500,38660,4180,28650,32830,32000BUR
R72 04707 0007,8160,28760,36920,4180,28640,32820,32000BUR
R72 04707 0008,8160,30630,38790,4180,27520,31700,32000BUR
R72 04707 0009,8160,31230,39390,4180,10250,14430,32000BUR
R72 04707 0010,8160,22900,31060,4180,15170,19350,32000BUR
R72 04707 0011,8160,31210,39370,4180,33230,37410,32000BUR
R72 04707 0012,8160,12370,20530,760,0,760,32000BUR
R72 04707 0013,8160,20140,28300,760,0,760,32000BUR
R72 04707 0014,8510,26460,34970,4280,23340,27620,32000BUR
R72 04707 0015,8510,41680,50190,4280,20120,24400,32000BUR
R72 04707 0016,4250,0,4250,810,0,810,32000BUR
R72 04707 0017,8510,43050,51560,4280,30900,35180,32000BUR
R72 04707 0018,6900,30330,37230,3880,26850,30730,32000BUR
R72 04707 0021,7020,35760,42780,3900,24730,28630,32000BUR
R72 04707 0024,7020,25660,32680,3900,22100,26000,32000BUR
R72 04707 0027,7020,20300,27320,3900,14010,17910,32000BUR
R72 04707 0030,7950,28820,36770,4140,30540,34680,32000BUR
R72 04707 0031,7950,31930,39880,4140,29410,33550,32000BUR
R72 04707 0032,8330,23800,32130,4230,24140,28370,32000BUR
R72 04707 0034,7580,24720,32300,4050,19190,23240,32000BUR
R72 04707 0035,8080,24630,32710,4170,17080,21250,32000BUR
R72 04707 0036,7910,24480,32390,4130,14240,18370,32000BUR
R72 04707 0037,7910,44120,52030,4130,28440,32570,32000BUR
R72 04707 0038,7910,30280,38190,4130,30600,34730,32000BUR
R72 04707 0039,7910,29730,37640,4130,0,4130,32000BUR
R72 04707 0040,7910,25970,33880,4130,27740,31870,32000BUR
R72 04707 0041,7910,33130,41040,2100,4900,7000,32000BUR
R72 04707 0042,7910,24220,32130,4130,7290,11420,32000BUR
R72 04707 0043,7910,25880,33790,4130,19060,23190,32000BUR
R72 04707 0044,7910,23210,31120,4130,18500,22630,32000BUR
R72 04707 0045,7910,3800,11710,4130,21000,25130,32000BUR
R72 04707 0046,7910,27860,35770,4130,0,4130,32000BUR
R72 04707 0047,7910,13020,20930,4130,17900,22030,32000BUR
R72 04707 0048,7910,24000,31910,4130,15230,19360,32000BUR
R72 04707 0049,7910,20970,28880,4130,8950,13080,32000BUR
R72 04707 0050,7910,27060,34970,4130,22640,26770,32000BUR
R72 04707 0051,7910,25060,32970,4130,18470,22600,32000BUR
R72 04707 0052,7910,20740,28650,4130,8880,13010,32000BUR
R72 04707 0053,7910,26440,34350,4130,15020,19150,32000BUR
R72 04707 0054,7910,30710,38620,4130,26150,30280,32000BUR
R72 04707 0055,7910,17460,25370,740,0,740,32000BUR
R72 04707 0056,6670,25430,32100,3830,26830,30660,32000BUR
R72 04707 0059,7950,53190,61140,4140,36210,40350,32000BUR
R72 04707 0060,7250,24400,31650,3950,19790,23740,32000BUR
R72 04707 0061,1480,0,1480,290,0,290,32000BUR
R72 04707 0062,7950,25900,33850,4140,24980,29120,32000BUR
R72 04707 0063,4700,18540,23240,3470,14980,18450,32000BUR
R72 04707 0064,7720,0,7720,4170,0,4170,32000BUR
R72 04707 0065,7950,25400,33350,4140,24090,28230,32000BUR
R72 04707 0066,1990,0,1990,410,0,410,32000BUR
R72 04707 0067,1990,0,1990,410,0,410,32000BUR
R72 04707 0068,7950,31880,39830,4140,28860,33000,32000BUR
R72 04707 0069,3980,0,3980,2070,0,2070,32000BUR
R72 04707 0070,7950,11180,19130,4140,14170,18310,32000BUR
R72 04707 0071,7040,28280,35320,3910,14310,18220,32000BUR
R72 04707 0072,7910,26300,34210,4130,18890,23020,32000BUR
R72 04707 0073,3950,0,3950,740,0,740,32000BUR
R72 04707 0074,7910,26430,34340,4130,22040,26170,32000BUR
R72 04707 0075,7910,26300,34210,4130,21300,25430,32000BUR
R72 04707 0076,7910,31050,38960,4130,25580,29710,32000BUR
R72 04707 0077,7910,28090,36000,4130,14730,18860,32000BUR
R72 04707 0078,7910,21200,29110,4130,12440,16570,32000BUR
R72 04707 0079,7910,26170,34080,4130,12650,16780,32000BUR
R72 04707 0080,7910,28400,36310,4130,16670,20800,32000BUR
R72 04707 0081,1980,0,1980,410,0,410,32000BUR
R72 04707 0082,1980,0,1980,410,0,410,32000BUR
R72 04707 0083,7910,27190,35100,4130,24730,28860,32000BUR
R72 04707 0084,7910,23240,31150,4130,15860,19990,32000BUR
R72 04707 0085,7910,28850,36760,4130,23940,28070,32000BUR
R72 04707 0086,7130,27730,34860,3930,24910,28840,32000BUR
R72 04707 0087,3950,3250,7200,820,4250,5070,32000BUR
R72 04707 0088,8160,52690,60850,4190,36830,41020,32000BUR
R72 04707 0089,7780,59560,67340,4090,34320,38410,32000BUR
R72 04707 0090,1980,0,1980,410,0,410,32000BUR
R72 04707 0091,7910,19810,27720,4130,20620,24750,32000BUR
R72 04707 0092,8080,19780,27860,4170,11500,15670,32000BUR
R72 04707 0093,7950,24410,32360,4140,19120,23260,32000BUR
R72 04707 0094,7950,19370,27320,830,0,830,32000BUR
R72 04707 0095,7950,24520,32470,4140,8480,12620,32000BUR
R72 04707 0097,7950,30690,38640,4140,30910,35050,32000BUR
R72 04707 0098,5640,6100,11740,3640,12470,16110,32000BUR
R72 04707 0100,6210,24930,31140,3730,21730,25460,32000BUR
R72 04707 0104,6100,8060,14160,3700,0,3700,32000BUR
R72 04707 0107,6210,25610,31820,3730,10090,13820,32000BUR
R72 04707 0110,9320,4630,13950,4400,20330,24730,32000BUR
R72 04707 0111,6210,2680,8890,3730,12210,15940,32000BUR
R72 04707 0114,5640,25450,31090,3640,21660,25300,32000BUR
R72 04707 0116,5640,5850,11490,3640,11800,15440,32000BUR
R72 04707 0118,5550,27050,32600,3630,22590,26220,32000BUR
R72 04707 0120,4700,19020,23720,3470,16290,19760,32000BUR
R72 04707 0121,4700,19470,24170,3470,16290,19760,32000BUR
R72 04707 0123,1480,0,1480,290,0,290,32000BUR
R72 04708 0001,5640,23060,28700,3640,17450,21090,32000BUR
R72 04708 0004,7950,23620,31570,4140,28790,32930,32000BUR
R72 04708 0005,7950,37840,45790,4140,40220,44360,32000BUR
R72 04708 0006,6940,8060,15000,3890,18440,22330,32000BUR
R72 04708 0007,8910,31580,40490,4460,27490,31950,32000BUR
R72 04708 0008,8760,25630,34390,4390,20670,25060,32000BUR
R72 04708 0009,9490,23340,32830,4570,20390,24960,32000BUR
R72 04708 0010,8290,31040,39330,4230,18330,22560,32000BUR
R72 04708 0011,8060,25620,33680,4160,21250,25410,32000BUR
R72 04708 0012,7750,19680,27430,4080,14490,18570,32000BUR
R72 04708 0013,7440,28620,36060,4010,25000,29010,32000BUR
R72 04708 0014,7130,25420,32550,3930,17950,21880,32000BUR
R72 04708 0015,6820,19560,26380,3850,22080,25930,32000BUR
R72 04708 0016,6430,26210,32640,3770,23010,26780,32000BUR
R72 04708 0017,4550,25610,30160,3110,19180,22290,32000BUR
R72 04708 0018,6440,21800,28240,3770,24080,27850,32000BUR
R72 04708 0019,5720,24610,30330,3650,19760,23410,32000BUR
R72 04708 0021,5640,18580,24220,3640,18060,21700,32000BUR
R72 04708 0023,5550,6890,12440,3630,11620,15250,32000BUR
R72 04708 0025,6620,24400,31020,3810,20530,24340,32000BUR
R72 04708 0026,6660,38680,45340,4990,39510,44500,32000WRI
R72 04708 0027,6800,29930,36730,5090,33260,38350,32000WRI
R72 04708 0028,8800,47920,56720,6710,44980,51690,32000WRI
R72 04708 0030,8800,42720,51520,6710,44430,51140,32000WRI
R72 04708 0031,8800,33520,42320,6710,34570,41280,32000WRI
R72 04708 0032,8800,37340,46140,6710,39250,45960,32000WRI
R72 04708 0033,8800,42290,51090,6710,42570,49280,32000WRI
R72 04708 0034,8800,41630,50430,6710,28860,35570,32000WRI
R72 04708 0035,7040,30360,37400,5220,25690,30910,32000WRI
R72 04708 0036,8420,42300,50720,6320,43920,50240,32000WRI
R72 04708 0037,8420,13410,21830,3140,0,3140,32000WRI
R72 04708 0038,8420,26190,34610,6320,36770,43090,32000WRI
R72 04708 0039,8420,37910,46330,6320,38200,44520,32000WRI
R72 04708 0040,8420,36090,44510,6320,39260,45580,32000WRI
R72 04708 0041,8420,31250,39670,6320,26980,33300,32000WRI
R72 04708 0042,4470,2080,6550,3350,2730,6080,32000WRI
R72 04708 0043,9560,50310,59870,4530,56670,61200,32000BUR
R72 04708 0044,8290,29400,37690,4220,28440,32660,32000BUR
R72 04708 0045,8930,9120,18050,4380,24840,29220,32000BUR
R72 04708 0046,7640,38380,46020,4050,32150,36200,32000BUR
R72 04708 0047,7640,29850,37490,4050,24450,28500,32000BUR
R72 04708 0048,7640,15280,22920,4050,26210,30260,32000BUR
R72 04708 0049,7640,7480,15120,4050,29450,33500,32000BUR
R72 04708 0050,7640,31800,39440,4050,27780,31830,32000BUR
R72 04708 0051,7640,27730,35370,4050,25040,29090,32000BUR
R72 04708 0052,7760,27910,35670,4080,25390,29470,32000BUR
R72 04708 0053,7640,29230,36870,4050,25810,29860,32000BUR
R72 04708 0054,7520,30040,37560,4020,18520,22540,32000BUR
R72 04708 0055,9880,32470,42350,7390,64800,72190,32000WRI
R72 04708 0056,7880,35810,43690,5900,40080,45980,32000WRI
R72 04708 0057,7880,35670,43550,5900,40950,46850,32000WRI
R72 04708 0058,7880,34120,42000,5900,39160,45060,32000WRI
R72 04708 0061,7880,30710,38590,5900,34030,39930,32000WRI
R72 04708 0062,7880,0,7880,5900,0,5900,32000WRI
R72 04708 0063,8000,34240,42240,5990,7720,13710,32000WRI
R72 04708 0067,6000,38500,44500,4610,32970,37580,32000WRI
R72 04708 0068,6000,38750,44750,4610,31420,36030,32000WRI
R72 04708 0069,5700,35310,41010,4290,3470,7760,32000WRI
R72 04708 0070,9130,51620,60750,6830,43390,50220,32000WRI
R72 04708 0071,9130,45580,54710,6830,44520,51350,32000WRI
R72 04708 0072,9130,49850,58980,6830,39450,46280,32000WRI
R72 04708 0073,9130,45650,54780,6830,26310,33140,32000WRI
R72 04708 0074,9130,46940,56070,6830,33800,40630,32000WRI
R72 04708 0075,9130,46640,55770,6830,33560,40390,32000WRI
R72 04708 0076,9130,38100,47230,6830,27300,34130,32000WRI
R72 04709 0005,6300,29790,36090,3760,19590,23350,32000BUR
R72 04709 0006,5830,14790,20620,3680,15400,19080,32000BUR
R72 04709 0007,5430,26350,31780,3600,12050,15650,32000BUR
R72 04709 0008,4960,22770,27730,3530,17750,21280,32000BUR
R72 04709 0009,6000,21450,27450,5000,13120,18120,32000BUR
R72 04709 0012,8270,28590,36860,4210,28690,32900,32000BUR
R72 04709 0013,8270,24850,33120,4210,17950,22160,32000BUR
R72 04709 0014,8270,61700,69970,4210,45270,49480,32000BUR
R72 04709 0015,4360,0,4360,4210,0,4210,32000BUR
R72 04709 0016,8270,38030,46300,4210,12250,16460,32000BUR
R72 04709 0017,6880,35920,42800,3870,32400,36270,32000BUR
R72 04709 0018,8030,34340,42370,4160,20140,24300,32000BUR
R72 04709 0019,8030,11320,19350,4160,15160,19320,32000BUR
R72 04709 0020,8030,25030,33060,4160,12550,16710,32000BUR
R72 04709 0021,8030,27880,35910,4160,9340,13500,32000BUR
R72 04709 0022,7230,20450,27680,3740,11650,15390,32000BUR
R72 04709 0023,8030,32250,40280,4160,28480,32640,32000BUR
R72 04709 0024,8030,29880,37910,4160,26340,30500,32000BUR
R72 04709 0025,8030,25360,33390,4160,19310,23470,32000BUR
R72 04709 0026,8350,34710,43060,4240,25350,29590,32000BUR
R72 04709 0027,8030,28520,36550,4160,24350,28510,32000BUR
R72 04709 0028,8030,26840,34870,4160,19000,23160,32000BUR
R72 04709 0029,8030,18910,26940,4160,14280,18440,32000BUR
R72 04709 0030,8030,30270,38300,4160,27920,32080,32000BUR
R72 04709 0031,8030,22060,30090,4160,25430,29590,32000BUR
R72 04709 0033,8030,28250,36280,4160,24460,28620,32000BUR
R72 04709 0034,8030,30440,38470,4160,7400,11560,32000BUR
R72 04709 0035,8030,35420,43450,4160,32480,36640,32000BUR
R72 04709 0036,8030,30470,38500,4160,14820,18980,32000BUR
R72 04709 0038,8030,65100,73130,4160,42730,46890,32000BUR
R72 04709 0039,7270,33690,40960,3970,29260,33230,32000BUR
R72 04709 0040,8030,31380,39410,4160,27720,31880,32000BUR
R72 04709 0041,8030,35480,43510,4160,18030,22190,32000BUR
R72 04709 0042,8800,32360,41160,4340,26050,30390,32000BUR
R72 04709 0043,8030,28580,36610,4160,0,4160,32000BUR
R72 04709 0044,8030,23910,31940,4160,18490,22650,32000BUR
R72 04709 0045,8030,26360,34390,4160,22360,26520,32000BUR
R72 04709 0046,8030,27540,35570,4160,21240,25400,32000BUR
R72 04709 0047,8030,24000,32030,4160,27010,31170,32000BUR
R72 04709 0048,8160,35520,43680,4190,36100,40290,32000BUR
R72 04709 0053,4900,22480,27380,3500,11200,14700,32000BUR
R72 04709 0054,1570,0,1570,280,0,280,32000BUR
R72 04710 0001,10820,47460,58280,8910,38630,47540,32000WRI
R72 04710 0048,9920,69360,79280,7380,51670,59050,32000WRI
R72 04710 0051,7850,52250,60100,5730,42430,48160,32000WRI
R72 04710 0052,3750,0,3750,2340,0,2340,32000WRI
R72 04710 0053,9950,59830,69780,7490,46720,54210,32000WRI
R72 04710 0054,8930,50520,59450,6710,32820,39530,32000WRI
R72 04710 0055,8930,53360,62290,6710,39400,46110,32000WRI
R72 04710 0056,8930,55540,64470,6710,48050,54760,32000WRI
R72 04710 0057,8930,52780,61710,6710,51150,57860,32000WRI
R72 04710 0058,9950,44590,54540,7490,31960,39450,32000WRI
R72 04710 0059,10800,66300,77100,8310,53230,61540,32000WRI
R72 04710 0061,9360,52930,62290,7080,62340,69420,32000WRI
R72 04710 0062,9280,50580,59860,6990,36170,43160,32000WRI
R72 04710 0063,9100,34760,43860,6900,34150,41050,32000WRI
R72 04710 0064,10140,79650,89790,7680,55890,63570,32000WRI
R72 04710 0074,9400,51550,60950,7100,41620,48720,32000WRI
R72 04710 0075,10690,56080,66770,8100,43410,51510,32000WRI
R72 04710 0076,10690,52130,62820,8100,40460,48560,32000WRI
R72 04710 0078,10690,53010,63700,8100,38580,46680,32000WRI
R72 04710 0080,9400,46920,56320,7100,33760,40860,32000WRI
R72 04710 0081,10430,51130,61560,7900,36000,43900,32000WRI
R72 04710 0082,10430,51150,61580,7900,36380,44280,32000WRI
R72 04710 0084,10430,47260,57690,7900,53560,61460,32000WRI
R72 04710 0086,9400,54210,63610,7100,38980,46080,32000WRI
R72 04710 0087,9400,38360,47760,7100,30670,37770,32000WRI
R72 04710 0089,17390,76410,93800,14360,43660,58020,32000WRI
R72 04710 0090,11270,62360,73630,8370,43410,51780,32000WRI
R72 04710 0091,11480,51050,62530,9050,41540,50590,32000WRI
R72 04710 0092,10690,52970,63660,8100,38390,46490,32000WRI
R72 04710 0094,10820,58800,69620,8200,42320,50520,32000WRI
R72 04710 0095,10820,57220,68040,8200,44300,52500,32000WRI
R72 04710 0096,10430,48070,58500,7900,36340,44240,32000WRI
R72 04710 0098,10430,56140,66570,7900,39210,47110,32000WRI
R72 04710 0101,10820,48200,59020,8200,35160,43360,32000WRI
R72 04710 0102,10820,49080,59900,8200,34390,42590,32000WRI
R72 04710 0103,10820,50010,60830,8200,37040,45240,32000WRI
R72 04710 0104,10820,59470,70290,8200,43290,51490,32000WRI
R72 04710 0105,11480,49290,60770,9050,35020,44070,32000WRI
R72 04710 0106,11480,47020,58500,9050,34190,43240,32000WRI
R72 04710 0115,10530,40540,51070,7940,28610,36550,32000WRI
R72 04710 0116,10530,42460,52990,7940,33820,41760,32000WRI
R72 04710 0117,10530,46300,56830,7940,37250,45190,32000WRI
R72 04710 0118,10530,44160,54690,7940,36900,44840,32000WRI
R72 04710 0119,10530,39950,50480,7940,27250,35190,32000WRI
R72 04710 0120,10530,48130,58660,7940,50280,58220,32000WRI
R72 04710 0121,10640,53790,64430,7920,37950,45870,32000WRI
R72 04710 0122,10140,45570,55710,7710,31850,39560,32000WRI
R72 04710 0123,10140,52340,62480,7710,39330,47040,32000WRI
R72 04710 0124,10140,46860,57000,7710,32360,40070,32000WRI
R72 04710 0125,10140,48520,58660,7710,35950,43660,32000WRI
R72 04710 0126,10140,55120,65260,7710,41710,49420,32000WRI
R72 04710 0127,10140,37400,47540,7680,39570,47250,32000WRI
R72 04710 0130,12350,86470,98820,9350,73700,83050,32000WRI
R72 04710 0131,10400,21110,31510,7840,34020,41860,32000WRI
R72 04710 0132,10530,53460,63990,7940,35410,43350,32000WRI
R72 04710 0133,10780,62360,73140,8560,53170,61730,32000WRI
R72 04710 0134,10920,43300,54220,8240,30260,38500,32000WRI
R72 04710 0135,10920,41550,52470,8240,31950,40190,32000WRI
R72 04710 0136,10400,42350,52750,7840,33020,40860,32000WRI
R72 04710 0137,10920,41450,52370,8240,31760,40000,32000WRI
R72 04710 0138,10920,43430,54350,8240,33480,41720,32000WRI
R72 04710 0139,10400,43330,53730,7840,33730,41570,32000WRI
R72 04710 0140,10920,60990,71910,8240,61810,70050,32000WRI
R72 04710 0141,11310,43820,55130,8540,29760,38300,32000WRI
R72 04710 0142,12750,62400,75150,9470,39840,49310,32000WRI
R72 04710 0144,8670,50630,59300,3860,55380,59240,32000WRI
R72 04710 0145,8940,73070,82010,4030,57150,61180,32000WRI
R72 04710 0146,10920,68400,79320,8330,55730,64060,32000WRI
R72 04711 0001,8000,24760,32760,4150,8070,12220,32000BUR
R72 04711 0002,8130,43150,51280,6080,35840,41920,32000WRI
R72 04711 0004,8250,25830,34080,5760,20470,26230,32000BUR
R72 04711 0005,6580,28480,35060,3800,14450,18250,32000BUR
R72 04711 0006,6700,21730,28430,3830,22380,26210,32000BUR
R72 04711 0007,7400,48510,55910,3980,0,3980,32000BUR
R72 04711 0008,7400,25690,33090,3980,31000,34980,32000BUR
R72 04711 0009,7400,28470,35870,3980,21550,25530,32000BUR
R72 04711 0010,7400,29100,36500,3980,24660,28640,32000BUR
R72 04711 0011,7400,35940,43340,3980,31090,35070,32000BUR
R72 04711 0012,7400,38180,45580,3980,26030,30010,32000BUR
R72 04711 0013,7400,31870,39270,3980,33330,37310,32000BUR
R72 04711 0014,7400,42050,49450,3980,29090,33070,32000BUR
R72 04711 0015,7400,31110,38510,3980,28940,32920,32000BUR
R72 04711 0016,7400,30390,37790,3980,27450,31430,32000BUR
R72 04711 0017,7290,29870,37160,3960,23060,27020,32000BUR
R72 04711 0018,7750,41080,48830,5800,37870,43670,32000WRI
R72 04711 0019,7880,39730,47610,5900,50190,56090,32000WRI
R72 04711 0020,7880,42840,50720,5900,36230,42130,32000WRI
R72 04711 0021,7880,38810,46690,5900,36600,42500,32000WRI
R72 04711 0022,7880,48980,56860,5900,43200,49100,32000WRI
R72 04711 0023,7880,50580,58460,5900,44170,50070,32000WRI
R72 04711 0024,7880,41630,49510,5900,39250,45150,32000WRI
R72 04711 0025,7880,44480,52360,5900,37130,43030,32000WRI
R72 04711 0026,7880,44840,52720,5900,41710,47610,32000WRI
R72 04711 0027,7880,39320,47200,5900,39310,45210,32000WRI
R72 04711 0028,7880,46210,54090,5900,46010,51910,32000WRI
R72 04711 0029,9900,38120,48020,7860,31880,39740,32000WRI
R72 04711 0030,7080,41970,49050,5320,34910,40230,32000WRI
R72 04711 0031,6720,42070,48790,5060,27140,32200,32000WRI
R72 04711 0032,8040,41750,49790,6000,38080,44080,32000WRI
R72 04711 0033,8380,51620,60000,4240,39970,44210,32000BUR
R72 04711 0034,7840,24330,32170,4110,10670,14780,32000BUR
R72 04711 0035,8460,40760,49220,9760,49510,59270,32000WRI
R72 04711 0036,6670,30410,37080,7070,26250,33320,32000BUR
R72 04711 0037,5660,6530,12190,3650,5700,9350,32000BUR
R72 04711 0038,7750,39400,47150,5800,60400,66200,32000WRI
R72 04711 0039,10750,33100,43850,8050,55830,63880,32000WRI
R72 04711 0041,9130,48150,57280,6830,43110,49940,32000WRI
R72 04711 0042,9130,41200,50330,6830,33280,40110,32000WRI
R72 04711 0043,9130,44750,53880,6830,32980,39810,32000WRI
R72 04711 0044,9130,44910,54040,6830,38580,45410,32000WRI
R72 04711 0045,9130,39850,48980,6830,35090,41920,32000WRI
R72 04711 0046,9130,48670,57800,6830,43910,50740,32000WRI
R72 04711 0047,9130,36720,45850,6830,30350,37180,32000WRI
R72 04711 0048,9130,33270,42400,6830,31890,38720,32000WRI
R72 04711 0049,8940,34310,43250,6670,27810,34480,32000WRI
R72 04711 0050,10090,45020,55110,7440,59360,66800,32000WRI
R72 04711 0051,10090,50360,60450,7440,20940,28380,32000WRI
R72 04711 0052,11880,53840,65720,8890,41410,50300,32000WRI
R72 04711 0055,10000,46380,56380,7490,32680,40170,32000WRI
R72 04711 0056,9400,43160,52560,7100,40880,47980,32000WRI
R72 04711 0058,10820,49520,60340,8200,37630,45830,32000WRI
R72 04711 0059,10820,60370,71190,8200,47760,55960,32000WRI
R72 04711 0061,10820,45590,56410,8200,36590,44790,32000WRI
R72 04711 0062,9530,49780,59310,7200,57550,64750,32000WRI
R72 04711 0064,9400,59360,68760,7100,43050,50150,32000WRI
R72 04711 0065,9860,47620,57480,7270,30010,37280,32000WRI
R72 04711 0066,9500,50270,59770,7020,37900,44920,32000WRI
R72 04711 0067,9500,51880,61380,7020,57990,65010,32000WRI
R72 04711 0068,9500,47960,57460,7020,34790,41810,32000WRI
R72 04711 0069,9860,43010,52870,7270,59600,66870,32000WRI
R72 04711 0070,9400,47130,56530,7100,51700,58800,32000WRI
R72 04711 0071,9400,38080,47480,7100,34440,41540,32000WRI
R72 04711 0072,9400,43370,52770,7100,33090,40190,32000WRI
R72 04711 0073,9400,44150,53550,7100,34010,41110,32000WRI
R72 04711 0074,9400,51360,60760,7100,47180,54280,32000WRI
R72 04711 0075,9400,37560,46960,7100,31000,38100,32000WRI
R72 04711 0076,9400,55740,65140,7100,45570,52670,32000WRI
R72 04711 0077,9400,47130,56530,7100,42260,49360,32000WRI
R72 04711 0078,9400,39950,49350,7100,42140,49240,32000WRI
R72 04711 0079,9650,44790,54440,7020,31200,38220,32000WRI
R72 04711 0080,9300,59800,69100,6790,52680,59470,32000WRI
R72 04711 0081,9300,40460,49760,6790,40550,47340,32000WRI
R72 04711 0082,9300,20290,29590,6790,27470,34260,32000WRI
R72 04711 0083,9650,11980,21630,7020,19420,26440,32000WRI
R72 04711 0084,9400,43150,52550,7100,35760,42860,32000WRI
R72 04711 0085,9400,36440,45840,7100,29960,37060,32000WRI
R72 04711 0087,9400,44980,54380,7100,35070,42170,32000WRI
R72 04711 0088,9530,53800,63330,7200,45700,52900,32000WRI
R72 04711 0089,9400,50380,59780,7100,60850,67950,32000WRI
R72 04711 0090,9400,38660,48060,7100,32410,39510,32000WRI
R72 04711 0091,9400,45480,54880,7100,34520,41620,32000WRI
R72 04711 0094,10820,42600,53420,8200,39110,47310,32000WRI
R72 04711 0097,12750,51870,64620,9550,41660,51210,32000WRI
R72 04711 0100,13260,51050,64310,13460,27540,41000,32000WRI
R72 04711 0102,11590,38680,50270,8800,36380,45180,32000WRI
R72 04711 0103,11720,50740,62460,8900,50020,58920,32000WRI
R72 04711 0104,10430,53130,63560,7900,36240,44140,32000WRI
R72 04711 0105,10430,47880,58310,7900,34790,42690,32000WRI
R72 04711 0106,10820,44360,55180,8200,37260,45460,32000WRI
R72 04711 0107,10820,51120,61940,8200,37860,46060,32000WRI
R72 04711 0110,10820,48530,59350,8200,48100,56300,32000WRI
R72 04711 0112,8750,31830,40580,6550,37290,43840,32000WRI
R72 04711 0113,8940,38740,47680,4350,37360,41710,32000BUR
R72 04711 0114,8750,46140,54890,4330,30720,35050,32000BUR
R72 04712 0001,17470,12670,30140,8750,36550,45300,33000WRI
R72 04712 0002,16450,46610,63060,8250,38950,47200,33000WRI
R72 04712 0003,17640,40370,58010,6990,0,6990,33000WRI
R72 04712 0005,16100,35710,51810,8030,31000,39030,33000WRI
R72 04712 0006,16120,30410,46530,8060,55460,63520,33000WRI
R72 04712 0007,16450,33320,49770,8210,34210,42420,33000WRI
R72 04712 0008,18020,31720,49740,8990,32370,41360,33000WRI
R72 04712 0009,17840,12560,30400,8960,38150,47110,33000WRI
R72 04712 0010,18200,36730,54930,9130,20040,29170,33000WRI
R72 04712 0011,18200,31940,50140,9090,31570,40660,33000WRI
R72 04712 0012,18200,29710,47910,9090,35050,44140,33000WRI
R72 04712 0013,18570,42590,61160,9330,35050,44380,33000WRI
R72 04712 0014,18030,32270,50300,9050,36680,45730,33000WRI
R72 04712 0015,18030,32990,51020,9050,37100,46150,33000WRI
R72 04712 0016,18030,40930,58960,9050,43060,52110,33000WRI
R72 04712 0017,18030,32970,51000,9050,33200,42250,33000WRI
R72 04712 0018,18030,32710,50740,9050,34110,43160,33000WRI
R72 04712 0019,18030,32950,50980,9050,33810,42860,33000WRI
R72 04712 0020,18030,34600,52630,9050,31260,40310,33000WRI
R72 04712 0021,18030,28860,46890,9050,62360,71410,33000WRI
R72 04712 0022,18030,32200,50230,9050,32910,41960,33000WRI
R72 04712 0023,18030,34860,52890,9050,35320,44370,33000WRI
R72 04712 0024,19650,33530,53180,9890,33960,43850,33000WRI
R72 04712 0025,16800,29590,46390,8400,29460,37860,33000WRI
R72 04712 0026,16800,30360,47160,8400,34780,43180,33000WRI
R72 04712 0027,17500,34230,51730,8720,35640,44360,33000WRI
R72 04712 0028,18030,28470,46500,9050,29350,38400,33000WRI
R72 04712 0029,18030,32270,50300,9050,36080,45130,33000WRI
R72 04712 0030,18030,31100,49130,9050,30840,39890,33000WRI
R72 04712 0031,18030,29240,47270,9050,30230,39280,33000WRI
R72 04712 0032,18030,28860,46890,9050,29020,38070,33000WRI
R72 04712 0033,17500,34800,52300,8760,34930,43690,33000WRI
R72 04712 0034,18030,32980,51010,9050,34030,43080,33000WRI
R72 04712 0035,18030,33330,51360,9050,33840,42890,33000WRI
R72 04712 0036,21630,31430,53060,10920,33210,44130,33000WRI
R72 04712 0040,21680,39290,60970,10980,46170,57150,33000WRI
R72 04712 0041,21320,53440,74760,10790,43370,54160,33000WRI
R72 04712 0042,22050,56320,78370,11180,56740,67920,33000WRI
R72 04712 0043,22050,47280,69330,11180,38690,49870,33000WRI
R72 04712 0044,22050,52400,74450,11180,42210,53390,33000WRI
R72 04712 0045,22050,49420,71470,11180,41830,53010,33000WRI
R72 04712 0046,22600,51650,74250,11470,43900,55370,33000WRI
R72 04712 0048,17650,37510,55160,8840,32350,41190,33000WRI
R72 04712 0050,18200,40230,58430,11960,25040,37000,33000WRI
R72 04801 0001,11220,27530,38750,7920,38650,46570,32000WRI
R72 04801 0002,9380,41780,51160,6980,33680,40660,32000WRI
R72 04801 0003,9380,38200,47580,6980,30470,37450,32000WRI
R72 04801 0004,9380,39070,48450,6980,32090,39070,32000WRI
R72 04801 0005,9380,38550,47930,6980,31700,38680,32000WRI
R72 04801 0006,9280,47230,56510,6950,38270,45220,32000WRI
R72 04801 0007,9280,26170,35450,6950,36480,43430,32000WRI
R72 04801 0008,10880,44340,55220,8780,32020,40800,32000WRI
R72 04801 0009,10880,44530,55410,8780,31720,40500,32000WRI
R72 04801 0010,10880,46770,57650,8780,32040,40820,32000WRI
R72 04801 0011,10880,42910,53790,8780,28460,37240,32000WRI
R72 04801 0012,10880,45430,56310,8780,32090,40870,32000WRI
R72 04801 0013,10880,4850,15730,8780,22140,30920,32000WRI
R72 04801 0014,10880,36610,47490,8780,28940,37720,32000WRI
R72 04801 0015,10880,51150,62030,8780,44150,52930,32000WRI
R72 04801 0016,10880,40170,51050,8810,34140,42950,32000WRI
R72 04801 0017,10880,51060,61940,8810,36710,45520,32000WRI
R72 04801 0018,10880,37830,48710,8810,35820,44630,32000WRI
R72 04801 0019,10880,42490,53370,8810,35540,44350,32000WRI
R72 04801 0020,10880,47830,58710,8810,33920,42730,32000WRI
R72 04801 0021,10880,41240,52120,8810,35840,44650,32000WRI
R72 04801 0022,10880,36660,47540,8810,29040,37850,32000WRI
R72 04801 0023,16370,42680,59050,13130,34400,47530,32000WRI
R72 04801 0031,19470,36540,56010,9750,37990,47740,33000WRI
R72 04801 0032,18930,47790,66720,9520,53440,62960,33000WRI
R72 04801 0033,19600,50700,70300,9810,49930,59740,33000WRI
R72 04801 0034,11100,41770,52870,8660,48770,57430,32000WRI
R72 04801 0035,11100,43840,54940,8660,52450,61110,32000WRI
R72 04801 0037,12370,42490,54860,9340,35880,45220,32000WRI
R72 04801 0038,10200,47800,58000,7680,38970,46650,32000WRI
R72 04801 0039,10200,39510,49710,7680,23490,31170,32000WRI
R72 04801 0040,10200,37310,47510,7680,28280,35960,32000WRI
R72 04801 0041,12370,33180,45550,9340,29370,38710,32000WRI
R72 04801 0042,20710,29910,50620,10400,27790,38190,33000WRI
R72 04801 0043,17850,32410,50260,8940,30510,39450,33000WRI
R72 04801 0044,17850,33930,51780,8940,28850,37790,33000WRI
R72 04801 0045,17850,33800,51650,8940,31080,40020,33000WRI
R72 04801 0046,17850,33730,51580,8940,28040,36980,33000WRI
R72 04801 0047,17850,19620,37470,8940,31270,40210,33000WRI
R72 04801 0048,17850,35050,52900,8940,32500,41440,33000WRI
R72 04801 0049,17850,36650,54500,8940,33830,42770,33000WRI
R72 04801 0050,17850,31010,48860,8940,27970,36910,33000WRI
R72 04801 0051,17850,41440,59290,8940,40240,49180,33000WRI
R72 04801 0052,17850,40480,58330,8940,39360,48300,33000WRI
R72 04801 0053,19600,51760,71360,9930,56810,66740,33000WRI
R72 04801 0056,20710,33100,53810,10400,31100,41500,33000WRI
R72 04801 0057,19640,32690,52330,9860,71100,80960,33000WRI
R72 04801 0058,20530,7340,27870,10310,27810,38120,33000WRI
R72 04801 0059,17640,29960,47600,8680,32850,41530,33000WRI
R72 04801 0060,17640,6780,24420,8680,30380,39060,33000WRI
R72 04801 0061,17640,32560,50200,8680,30410,39090,33000WRI
R72 04801 0062,23140,35570,58710,12040,32710,44750,33000WRI
R72 04801 0063,19950,36080,56030,10180,33110,43290,33000WRI
R72 04801 0064,19950,34500,54450,10180,40510,50690,33000WRI
R72 04801 0065,19950,39480,59430,10180,37740,47920,33000WRI
R72 04801 0066,19950,36090,56040,10180,33020,43200,33000WRI
R72 04801 0067,19950,34800,54750,10180,44590,54770,33000WRI
R72 04801 0068,19950,38370,58320,10180,34740,44920,33000WRI
R72 04801 0069,19950,35460,55410,10180,31130,41310,33000WRI
R72 04801 0070,21450,50210,71660,10550,46910,57460,33000WRI
R72 04801 0071,18690,28940,47630,9360,30090,39450,33000WRI
R72 04801 0072,18650,33210,51860,9420,31730,41150,33000WRI
R72 04801 0073,22230,40010,62240,11220,38960,50180,33000WRI
R72 04801 0074,18820,32240,51060,9360,41520,50880,33000WRI
R72 04801 0075,17040,33310,50350,8460,31100,39560,33000WRI
R72 04801 0077,18200,49910,68110,9090,45660,54750,33000WRI
R72 04801 0078,18200,42810,61010,9090,43200,52290,33000WRI
R72 04801 0079,18200,41000,59200,9090,41360,50450,33000WRI
R72 04801 0080,18200,43770,61970,9090,77340,86430,33000WRI
R72 04801 0081,18200,50010,68210,9090,45670,54760,33000WRI
R72 04801 0082,17510,41310,58820,8600,38870,47470,33000WRI
R72 04801 0083,17510,51450,68960,8600,47520,56120,33000WRI
R72 04801 0084,19600,69860,89460,9930,59060,68990,33000WRI
R72 04801 0085,19600,71520,91120,9930,60510,70440,33000WRI
R72 04801 0086,18200,41020,59220,9160,56600,65760,33000WRI
R72 04801 0087,16100,74090,90190,7990,67920,75910,33000WRI
R72 04801 0088,16580,67020,83600,8210,60700,68910,33000WRI
R72 04801 0089,16580,64850,81430,8210,58130,66340,33000WRI
R72 04801 0090,16580,65290,81870,8210,54390,62600,33000WRI
R72 04801 0091,18030,67170,85200,8860,56640,65500,33000WRI
R72 04801 0092,7560,0,7560,3810,0,3810,33000WRI
R72 04802 0001,19290,41350,60640,9720,47550,57270,33000WRI
R72 04802 0002,18380,47380,65760,9200,48210,57410,33000WRI
R72 04802 0003,18740,51900,70640,9400,59100,68500,33000WRI
R72 04802 0004,18380,48910,67290,9240,41990,51230,33000WRI
R72 04802 0005,18190,40720,58910,9080,35830,44910,33000WRI
R72 04802 0007,17640,40000,57640,8760,47350,56110,33000WRI
R72 04802 0008,8640,0,8640,3870,0,3870,33000WRI
R72 04802 0009,16910,24350,41260,8440,81890,90330,33000WRI
R72 04802 0010,16720,93340,110060,8270,70880,79150,33000WRI
R72 04802 0011,17270,44070,61340,8640,43830,52470,33000WRI
R72 04802 0012,17770,46600,64370,8630,50950,59580,33000WRI
R72 04802 0013,23250,39680,62930,11840,42490,54330,33000WRI
R72 04802 0014,17110,19110,36220,11090,25000,36090,33000WRI
R72 04802 0015,17640,39910,57550,8680,44110,52790,33000WRI
R72 04802 0016,16630,37510,54140,8290,40650,48940,33000WRI
R72 04802 0017,17330,35890,53220,8690,43200,51890,33000WRI
R72 04802 0018,18190,34140,52330,9100,36190,45290,33000WRI
R72 04802 0019,18140,27000,45140,9080,31830,40910,33000WRI
R72 04802 0020,18310,44040,62350,9220,38640,47860,33000WRI
R72 04802 0021,19430,54870,74300,9820,74900,84720,33000WRI
R72 04802 0022,19210,37480,56690,9780,38740,48520,33000WRI
R72 04802 0023,21130,63270,84400,10920,64120,75040,33000WRI
R72 04802 0024,30190,62560,92750,16350,70200,86550,33000WRI
R72 04802 0026,30190,4810,35000,16430,62090,78520,33000WRI
R72 04802 0028,19780,55160,74940,10150,50380,60530,33000WRI
R72 04802 0029,29990,79820,109810,15880,98580,114460,33000WRI
R72 04802 0031,19810,27370,47180,10110,30650,40760,33000WRI
R72 04802 0032,19780,29240,49020,10150,32600,42750,33000WRI
R72 04802 0033,18560,46190,64750,9320,48170,57490,33000WRI
R72 04802 0034,17660,22090,39750,8870,34030,42900,33000WRI
R72 04802 0035,18380,41510,59890,9240,41330,50570,33000WRI
R72 04802 0036,9370,0,9370,4230,0,4230,33000WRI
R72 04802 0037,20280,50280,70560,19070,78010,97080,33000WRI
R72 04802 0038,18550,57740,76290,9340,51660,61000,33000WRI
R72 04802 0043,16460,41900,58360,8260,130910,139170,33000WRI
R72 04802 0044,7360,0,7360,3690,0,3690,33000WRI
R72 04802 0045,8040,0,8040,4020,0,4020,33000WRI
R72 04802 0049,20590,64240,84830,10550,62590,73140,33000WRI
R72 04802 0050,20760,71230,91990,10600,86980,97580,33000WRI
R72 04802 0051,20790,7660,28450,10540,66380,76920,33000WRI
R72 04802 0052,4190,0,4190,2360,0,2360,33000WRI
R72 04802 0053,17300,58910,76210,8680,48870,57550,33000WRI
R72 04802 0054,18790,43120,61910,10120,42830,52950,33000WRI
R72 04802 0055,20750,30250,51000,11280,34550,45830,33000WRI
R72 04802 0056,21480,41030,62510,11550,50050,61600,33000WRI
R72 04802 0058,19040,37040,56080,9670,47170,56840,33000WRI
R72 04802 0060,17620,45510,63130,8810,44500,53310,33000WRI
R72 04802 0061,9100,0,9100,4100,0,4100,33000WRI
R72 04802 0062,17640,54710,72350,8800,52980,61780,33000WRI
R72 04802 0063,18140,34330,52470,9040,35060,44100,33000WRI
R72 04802 0068,16810,56540,73350,8370,53210,61580,33000WRI
R72 04802 0069,25310,65750,91060,13320,62350,75670,33000WRI
R72 04802 0070,17550,49470,67020,8690,53300,61990,33000WRI
R72 04802 0071,15590,30570,46160,7800,28290,36090,33000WRI
R72 04802 0072,6470,0,6470,3250,0,3250,33000WRI
R72 04802 0073,15250,45190,60440,7630,48370,56000,33000WRI
R72 04802 0074,6470,0,6470,3250,0,3250,33000WRI
R72 04802 0075,15250,46110,61360,7630,53190,60820,33000WRI
R72 04802 0076,15250,44930,60180,7630,48560,56190,33000WRI
R72 04802 0077,6770,0,6770,3390,0,3390,33000WRI
R72 04802 0081,5940,0,5940,2990,0,2990,33000WRI
R72 04802 0082,15710,53030,68740,7880,53480,61360,33000WRI
R72 04802 0083,15770,46000,61770,7800,43870,51670,33000WRI
R72 04802 0084,18360,54690,73050,9240,58520,67760,33000WRI
R72 04802 0085,16810,24490,41300,8390,44220,52610,33000WRI
R72 04802 0086,15250,46470,61720,7630,53030,60660,33000WRI
R72 04802 0087,15250,13660,28910,7630,39610,47240,33000WRI
R72 04802 0088,15250,39300,54550,7630,38990,46620,33000WRI
R72 04802 0089,15250,39800,55050,7630,47540,55170,33000WRI
R72 04802 0090,15250,34020,49270,7630,33450,41080,33000WRI
R72 04802 0091,15250,43590,58840,7630,42470,50100,33000WRI
R72 04802 0092,6470,0,6470,3250,0,3250,33000WRI
R72 04802 0093,6020,0,6020,3050,0,3050,33000WRI
R72 04802 0094,17050,80590,97640,8450,61590,70040,33000WRI
R72 04802 0096,18310,33330,51640,9380,34610,43990,33000WRI
R72 04802 0100,17220,38460,55680,8470,38800,47270,33000WRI
R72 04802 0106,3740,0,3740,810,0,810,33000WRI
R72 04802 0107,940,0,940,490,0,490,33000WRI
R72 04803 0001,7280,31700,38980,5430,19610,25040,32000WRI
R72 04803 0004,7280,35100,42380,5430,0,5430,32000WRI
R72 04803 0007,7280,38180,45460,5430,26640,32070,32000WRI
R72 04803 0010,7280,36150,43430,5430,23730,29160,32000WRI
R72 04803 0013,7130,32380,39510,5340,26320,31660,32000WRI
R72 04803 0016,7130,31020,38150,5340,20890,26230,32000WRI
R72 04803 0019,7130,31850,38980,5340,19280,24620,32000WRI
R72 04803 0022,6730,32940,39670,4980,27550,32530,32000WRI
R72 04803 0023,8250,45900,54150,6180,35770,41950,32000WRI
R72 04803 0024,8250,30760,39010,6180,30340,36520,32000WRI
R72 04803 0025,8250,76450,84700,6180,0,6180,32000WRI
R72 04803 0026,8750,14500,23250,6550,47130,53680,32000WRI
R72 04803 0027,8750,40330,49080,6550,26110,32660,32000WRI
R72 04803 0028,8750,40070,48820,6550,32310,38860,32000WRI
R72 04803 0029,8130,46490,54620,6080,29570,35650,32000WRI
R72 04803 0030,8130,39820,47950,6080,45150,51230,32000WRI
R72 04803 0031,8130,44220,52350,6080,37000,43080,32000WRI
R72 04803 0032,8130,38660,46790,6080,6650,12730,32000WRI
R72 04803 0033,8250,56610,64860,6180,49270,55450,32000WRI
R72 04803 0034,8250,38580,46830,6180,34640,40820,32000WRI
R72 04803 0035,8380,44160,52540,6270,54770,61040,32000WRI
R72 04803 0036,8380,11520,19900,6270,38160,44430,32000WRI
R72 04803 0038,8380,39930,48310,6270,38590,44860,32000WRI
R72 04803 0040,8250,48320,56570,3090,0,3090,32000WRI
R72 04803 0044,8250,54710,62960,6180,40330,46510,32000WRI
R72 04803 0046,8250,52740,60990,6180,34210,40390,32000WRI
R72 04803 0048,8250,55400,63650,6180,39540,45720,32000WRI
R72 04803 0052,8250,42500,50750,6180,36550,42730,32000WRI
R72 04803 0054,8380,38240,46620,8360,14790,23150,32000WRI
R72 04803 0055,4070,0,4070,2740,0,2740,32000WRI
R72 04803 0056,7880,14830,22710,5900,35080,40980,32000WRI
R72 04803 0060,8130,41070,49200,6080,34900,40980,32000WRI
R72 04803 0062,8130,17380,25510,6080,43470,49550,32000WRI
R72 04803 0064,8130,42040,50170,6080,24350,30430,32000WRI
R72 04803 0066,8130,43700,51830,6080,34880,40960,32000WRI
R72 04803 0068,8130,60740,68870,6080,17600,23680,32000WRI
R72 04803 0069,7750,51940,59690,5800,42960,48760,32000WRI
R72 04803 0070,7750,39850,47600,5800,13960,19760,32000WRI
R72 04803 0072,7750,52210,59960,5800,38940,44740,32000WRI
R72 04803 0074,7750,28090,35840,2900,0,2900,32000WRI
R72 04803 0076,7750,51120,58870,5800,32640,38440,32000WRI
R72 04803 0077,8130,49070,57200,6080,36820,42900,32000WRI
R72 04803 0078,8130,51720,59850,6080,41260,47340,32000WRI
R72 04803 0080,8130,57850,65980,8110,18390,26500,32000WRI
R72 04803 0082,8130,37670,45800,6080,36750,42830,32000WRI
R72 04803 0084,12500,62380,74880,9360,48470,57830,32000WRI
R72 04803 0088,8130,53690,61820,6080,7870,13950,32000WRI
R72 04803 0089,8130,43130,51260,6080,41540,47620,32000WRI
R72 04803 0090,7000,35650,42650,5240,24870,30110,32000WRI
R72 04803 0091,7000,36180,43180,5240,23290,28530,32000WRI
R72 04803 0092,7380,21850,29230,5520,24530,30050,32000WRI
R72 04803 0093,4380,0,4380,2950,0,2950,32000WRI
R72 04803 0094,8750,37780,46530,6550,29840,36390,32000WRI
R72 04803 0095,13970,30610,44580,6400,18010,24410,32000SPR
R72 04803 0097,8400,26780,35180,4230,17400,21630,32000SPR
R72 04803 0100,6830,22390,29220,3870,12420,16290,32000SPR
R72 04803 0102,4810,16390,21200,3490,8550,12040,32000SPR
R72 04803 0103,6830,26110,32940,3870,17710,21580,32000SPR
R72 04803 0105,4790,17800,22590,3490,7940,11430,32000SPR
R72 04803 0106,6830,36370,43200,3870,32530,36400,32000SPR
R72 04803 0108,1530,0,1530,90,0,90,32000SPR
R72 04803 0109,6830,33140,39970,3870,16360,20230,32000SPR
R72 04803 0111,4880,17840,22720,3490,7200,10690,32000SPR
R72 04803 0112,6830,27800,34630,3870,18300,22170,32000SPR
R72 04803 0114,4880,14240,19120,3490,6670,10160,32000SPR
R72 04803 0115,8500,53690,62190,4270,35650,39920,32000SPR
R72 04803 0117,8250,22070,30320,4210,37030,41240,32000SPR
R72 04803 0118,8250,36040,44290,4210,6780,10990,32000SPR
R72 04803 0119,6790,16260,23050,5070,25420,30490,32000WRI
R72 04803 0120,6790,39790,46580,5070,2400,7470,32000WRI
R72 04803 0123,5530,37830,43360,4350,29380,33730,32000WRI
R72 04803 0124,5530,38530,44060,4350,29890,34240,32000WRI
R72 04803 0125,4200,32970,37170,3140,18560,21700,32000WRI
R72 04803 0126,5180,32990,38170,4170,22790,26960,32000WRI
R72 04803 0127,8110,59000,67110,5700,44120,49820,32000WRI
R72 04803 0128,8110,51990,60100,5700,40850,46550,32000WRI
R72 04803 0129,7130,31910,39040,5340,22570,27910,32000WRI
R72 04803 0136,8250,40160,48410,6180,16900,23080,32000WRI
R72 04803 0145,11250,62500,73750,8420,92670,101090,32000WRI
R72 04804 0001,7770,45670,53440,4080,57330,61410,32000SPR
R72 04804 0002,3910,0,3910,720,0,720,32000SPR
R72 04804 0003,3680,0,3680,680,0,680,32000SPR
R72 04804 0004,7600,46430,54030,4030,64970,69000,32000SPR
R72 04804 0005,11110,31300,42410,7260,37830,45090,32000SPR
R72 04804 0006,7600,17810,25410,4050,28580,32630,32000SPR
R72 04804 0007,7880,29740,37620,4120,19910,24030,32000SPR
R72 04804 0008,7720,30230,37950,4080,19460,23540,32000SPR
R72 04804 0009,7720,37860,45580,4080,17450,21530,32000SPR
R72 04804 0010,7720,34010,41730,4080,16180,20260,32000SPR
R72 04804 0011,4440,28540,32980,2180,19340,21520,32000SPR
R72 04804 0016,7880,40220,48100,5900,0,5900,32000WRI
R72 04804 0017,7880,55400,63280,5900,36450,42350,32000WRI
R72 04804 0018,7880,45570,53450,5900,32770,38670,32000WRI
R72 04804 0019,7880,47200,55080,5900,42130,48030,32000WRI
R72 04804 0020,7880,47560,55440,5900,45620,51520,32000WRI
R72 04804 0021,9750,54350,64100,7300,60960,68260,32000WRI
R72 04804 0022,8750,44100,52850,6550,40510,47060,32000WRI
R72 04804 0024,8760,39780,48540,4300,30860,35160,32000SPR
R72 04804 0028,16580,31590,48170,8300,32520,40820,33000WRI
R72 04804 0029,5180,21980,27160,3560,5460,9020,32000SPR
R72 04804 0030,1290,0,1290,260,0,260,32000SPR
R72 04804 0031,5180,34490,39670,3560,21320,24880,32000SPR
R72 04804 0032,3750,0,3750,690,0,690,32000SPR
R72 04804 0033,16400,40930,57330,8210,42760,50970,33000WRI
R72 04804 0034,20370,43460,63830,10220,47530,57750,33000WRI
R72 04804 0036,11000,39350,50350,8430,45980,54410,32000WRI
R72 04804 0037,8240,48500,56740,6180,42950,49130,32000WRI
R72 04804 0038,8240,7510,15750,6180,56350,62530,32000WRI
R72 04804 0039,8240,48670,56910,6180,42310,48490,32000WRI
R72 04804 0040,9000,44710,53710,6740,46740,53480,32000WRI
R72 04804 0041,8250,43340,51590,6180,31880,38060,32000WRI
R72 04804 0042,8130,36820,44950,3040,0,3040,32000WRI
R72 04804 0043,8130,39720,47850,6080,39670,45750,32000WRI
R72 04804 0044,8130,44360,52490,6080,43440,49520,32000WRI
R72 04804 0045,8130,45110,53240,6080,41980,48060,32000WRI
R72 04804 0046,8130,40000,48130,6080,37120,43200,32000WRI
R72 04804 0047,8250,15950,24200,6180,26290,32470,32000WRI
R72 04804 0048,8250,37570,45820,6180,35130,41310,32000WRI
R72 04804 0049,8130,40160,48290,6080,33100,39180,32000WRI
R72 04804 0050,8130,47720,55850,6080,45250,51330,32000WRI
R72 04804 0051,8130,41520,49650,6080,40040,46120,32000WRI
R72 04804 0052,8130,31480,39610,2740,0,2740,32000WRI
R72 04804 0053,8130,36440,44570,3040,0,3040,32000WRI
R72 04804 0054,8250,43320,51570,3090,0,3090,32000WRI
R72 04804 0055,8500,50390,58890,6360,45260,51620,32000WRI
R72 04804 0056,8500,41860,50360,6370,40600,46970,32000WRI
R72 04804 0057,8500,49070,57570,6370,34870,41240,32000WRI
R72 04804 0058,8500,49500,58000,6370,45380,51750,32000WRI
R72 04804 0059,8500,49060,57560,6370,51400,57770,32000WRI
R72 04804 0060,8500,44480,52980,6370,0,6370,32000WRI
R72 04804 0062,15050,32610,47660,7530,28220,35750,33000WRI
R72 04804 0063,15230,31710,46940,7620,25300,32920,33000WRI
R72 04804 0064,14530,40920,55450,7270,33110,40380,33000WRI
R72 04804 0066,14880,43970,58850,7450,34920,42370,33000WRI
R72 04804 0067,14880,34430,49310,7450,34850,42300,33000WRI
R72 04804 0068,15050,32060,47110,7530,25010,32540,33000WRI
R72 04804 0069,15050,28340,43390,7530,22690,30220,33000WRI
R72 04804 0070,14880,42400,57280,7450,36400,43850,33000WRI
R72 04804 0071,14880,33290,48170,7450,32970,40420,33000WRI
R72 04804 0072,14880,35210,50090,7450,34280,41730,33000WRI
R72 04804 0073,14880,34650,49530,7450,39950,47400,33000WRI
R72 04804 0074,14880,10480,25360,7450,36370,43820,33000WRI
R72 04804 0075,15050,37120,52170,9870,27830,37700,33000WRI
R72 04804 0076,15860,44090,59950,7900,61490,69390,33000WRI
R72 04804 0077,15500,34350,49850,7720,75490,83210,33000WRI
R72 04804 0078,15500,33040,48540,7720,36300,44020,33000WRI
R72 04804 0079,15500,40960,56460,3870,0,3870,33000WRI
R72 04804 0080,15500,39390,54890,7720,61430,69150,33000WRI
R72 04804 0081,15500,41990,57490,10120,12880,23000,33000WRI
R72 04804 0082,8820,14450,23270,5490,35930,41420,33000WRI
R72 04804 0083,15050,40070,55120,7530,43700,51230,33000WRI
R72 04804 0084,14880,44020,58900,9760,24840,34600,33000WRI
R72 04804 0085,14880,34700,49580,7450,40080,47530,33000WRI
R72 04804 0086,14880,39380,54260,7450,47920,55370,33000WRI
R72 04804 0087,14880,43970,58850,7450,48630,56080,33000WRI
R72 04804 0088,14880,40200,55080,7450,39120,46570,33000WRI
R72 04804 0089,15050,43060,58110,7530,34520,42050,33000WRI
R72 04804 0091,14880,32980,47860,7450,42540,49990,33000WRI
R72 04804 0092,14880,39430,54310,7450,33350,40800,33000WRI
R72 04804 0093,14880,44140,59020,7450,41590,49040,33000WRI
R72 04804 0094,14880,42600,57480,7450,37740,45190,33000WRI
R72 04804 0095,14880,32560,47440,7450,44100,51550,33000WRI
R72 04804 0096,15050,45070,60120,7530,37670,45200,33000WRI
R72 04804 0097,15500,37300,52800,7720,45650,53370,33000WRI
R72 04804 0098,15500,31810,47310,7720,39090,46810,33000WRI
R72 04804 0099,15500,37030,52530,7720,34030,41750,33000WRI
R72 04804 0100,15500,39140,54640,7720,45220,52940,33000WRI
R72 04804 0104,8700,26560,35260,4280,31520,35800,32000BUR
R72 04804 0105,15400,39740,55140,7710,46450,54160,33000WRI
R72 04804 0106,14000,93640,107640,4950,85940,90890,32000WRI
R72 04804 0108,9410,45320,54730,7160,32740,39900,32000WRI
R72 04804 0110,9410,50960,60370,7160,45390,52550,32000WRI
R72 04804 0111,18030,45200,63230,9050,44180,53230,33000WRI
R72 04804 0112,9410,49670,59080,7160,39010,46170,32000WRI
R72 04804 0113,9010,19800,28810,6800,30040,36840,32000WRI
R72 04804 0114,9410,45420,54830,7160,38910,46070,32000WRI
R72 04804 0115,10070,62170,72240,7690,50490,58180,32000WRI
R72 04804 0122,32690,38710,71400,16330,72830,89160,33000WRI
R72 04804 0123,9400,46330,55730,7100,37150,44250,32000WRI
R72 04804 0124,9010,38150,47160,6800,29100,35900,32000WRI
R72 04804 0128,20860,34720,55580,11010,38890,49900,33000WRI
R72 04804 0129,18030,42380,60410,9050,44190,53240,33000WRI
R72 04804 0130,16400,30970,47370,8210,39410,47620,33000WRI
R72 04804 0135,8230,20290,28520,4180,17820,22000,32000BUR
R72 04804 0136,8750,46570,55320,6550,39500,46050,32000WRI
R72 04804 0139,8750,12100,20850,6550,49560,56110,32000WRI
R72 04804 0142,18210,43400,61610,9140,42590,51730,33000WRI
R72 04804 0143,18210,41700,59910,9140,43310,52450,33000WRI
R72 04804 0144,18210,30850,49060,11980,27230,39210,33000WRI
R72 04804 0145,18210,39640,57850,9140,39880,49020,33000WRI
R72 04804 0146,18210,43140,61350,9140,40590,49730,33000WRI
R72 04804 0147,18570,54470,73040,9290,53000,62290,33000WRI
R72 04804 0153,38310,84320,122630,20370,85120,105490,33000WRI
R72 04804 0155,380,0,380,220,0,220,33000WRI
R72 04804 0157,8920,27570,36490,4290,31910,36200,32000BUR
R72 04804 0159,640,0,640,110,0,110,32000BUR
R72 04804 0161,8750,52040,60790,6550,52770,59320,32000WRI
R72 04805A0012,15250,30130,45380,7630,31290,38920,33000WRI
R72 04805A0013,15250,41940,57190,7630,40180,47810,33000WRI
R72 04805A0014,15250,33930,49180,7630,33060,40690,33000WRI
R72 04805A0015,15250,36600,51850,7630,28610,36240,33000WRI
R72 04805A0016,15250,47140,62390,7630,38800,46430,33000WRI
R72 04805A0017,15250,31850,47100,7630,40140,47770,33000WRI
R72 04805A0018,15250,34450,49700,9990,30380,40370,33000WRI
R72 04805A0019,14780,36170,50950,7460,34600,42060,33000WRI
R72 04805A0020,15250,26460,41710,7630,41800,49430,33000WRI
R72 04805A0021,15250,47940,63190,7630,46080,53710,33000WRI
R72 04805A0022,15250,29180,44430,7630,47890,55520,33000WRI
R72 04805A0023,15250,48230,63480,7630,40860,48490,33000WRI
R72 04805A0024,15250,26110,41360,9990,21130,31120,33000WRI
R72 04805A0025,15250,30430,45680,7630,49620,57250,33000WRI
R72 04805A0027,15250,38370,53620,7630,40070,47700,33000WRI
R72 04805A0028,15250,36050,51300,7630,45270,52900,33000WRI
R72 04805A0029,15250,48090,63340,7630,45710,53340,33000WRI
R72 04805A0030,15250,32830,48080,7630,35890,43520,33000WRI
R72 04805A0031,15250,42600,57850,7630,48010,55640,33000WRI
R72 04805A0032,15250,37470,52720,7630,46030,53660,33000WRI
R72 04805A0033,15250,49570,64820,7630,55590,63220,33000WRI
R72 04805A0034,15550,40660,56210,7760,37960,45720,33000WRI
R72 04805A0035,7770,0,7770,3500,0,3500,33000WRI
R72 04805A0036,18380,39140,57520,9190,38880,48070,33000WRI
R72 04805A0038,20070,46990,67060,10580,56430,67010,33000WRI
R72 04805A0039,17320,44430,61750,11340,30660,42000,33000WRI
R72 04805A0040,16070,28910,44980,8030,40680,48710,33000WRI
R72 04805A0041,17790,20970,38760,8880,46690,55570,33000WRI
R72 04805A0042,16380,42530,58910,8180,47320,55500,33000WRI
R72 04805A0043,16220,43850,60070,8120,17880,26000,33000WRI
R72 04805A0044,15890,35200,51090,7910,59640,67550,33000WRI
R72 04805A0045,16240,59710,75950,8090,43880,51970,33000WRI
R72 04805A0046,16960,41890,58850,8450,47660,56110,33000WRI
R72 04805A0047,15530,41920,57450,7730,64350,72080,33000WRI
R72 04805A0048,15530,48500,64030,7730,35710,43440,33000WRI
R72 04805A0049,15530,19730,35260,7730,33630,41360,33000WRI
R72 04805A0050,15530,43280,58810,7730,56440,64170,33000WRI
R72 04805A0051,15530,31380,46910,7730,36800,44530,33000WRI
R72 04805A0052,15530,67750,83280,10130,18830,28960,33000WRI
R72 04805A0053,15530,69000,84530,7730,79940,87670,33000WRI
R72 04805A0054,15790,56540,72330,7890,51850,59740,33000WRI
R72 04805A0055,15440,40270,55710,7740,39950,47690,33000WRI
R72 04805A0056,15750,30910,46660,7880,47240,55120,33000WRI
R72 04805A0057,15910,54260,70170,7940,52860,60800,33000WRI
R72 04805A0058,15910,42370,58280,7970,40900,48870,33000WRI
R72 04805A0059,16790,47490,64280,11040,24820,35860,33000WRI
R72 04805A0060,21920,51500,73420,11020,57780,68800,33000WRI
R72 04805A0062,15380,45170,60550,7700,52150,59850,33000WRI
R72 04805A0063,15380,33830,49210,7700,37940,45640,33000WRI
R72 04805A0064,15380,39210,54590,7700,42340,50040,33000WRI
R72 04805A0065,15380,52310,67690,7700,48960,56660,33000WRI
R72 04805A0066,7770,0,7770,3510,0,3510,33000WRI
R72 04805A0067,15250,42760,58010,7630,49300,56930,33000WRI
R72 04805A0068,15250,18020,33270,7630,39070,46700,33000WRI
R72 04805A0069,15250,12470,27720,7630,44530,52160,33000WRI
R72 04805A0070,15250,35390,50640,7630,28300,35930,33000WRI
R72 04805A0071,15250,10120,25370,7630,41540,49170,33000WRI
R72 04805A0072,15250,39060,54310,7630,45210,52840,33000WRI
R72 04805A0073,15250,51930,67180,7630,43410,51040,33000WRI
R72 04805A0074,15250,49820,65070,7630,46670,54300,33000WRI
R72 04805A0075,15250,63290,78540,7630,53590,61220,33000WRI
R72 04805A0076,15770,45470,61240,7880,53560,61440,33000WRI
R72 04805A0077,15250,35470,50720,7630,23370,31000,33000WRI
R72 04805A0078,15250,37300,52550,7630,33330,40960,33000WRI
R72 04805A0079,15250,32470,47720,7630,39830,47460,33000WRI
R72 04805A0080,15250,47160,62410,7630,70600,78230,33000WRI
R72 04805A0081,15250,52690,67940,7630,50350,57980,33000WRI
R72 04805A0082,15250,39910,55160,7630,46270,53900,33000WRI
R72 04805A0083,15250,44840,60090,7630,57220,64850,33000WRI
R72 04805A0084,15250,40370,55620,9990,29480,39470,33000WRI
R72 04805A0085,15250,15270,30520,7630,42910,50540,33000WRI
R72 04805A0086,15420,36100,51520,7710,40150,47860,33000WRI
R72 04805A0087,15250,36890,52140,7630,43310,50940,33000WRI
R72 04805A0088,15250,44960,60210,7630,44290,51920,33000WRI
R72 04805A0089,15250,20400,35650,7630,47550,55180,33000WRI
R72 04805A0090,15250,43970,59220,7630,39740,47370,33000WRI
R72 04805A0091,15250,51000,66250,7630,48470,56100,33000WRI
R72 04805A0092,15250,40710,55960,7630,49630,57260,33000WRI
R72 04805A0093,15250,34590,49840,7630,38030,45660,33000WRI
R72 04805A0094,15250,34960,50210,7630,21550,29180,33000WRI
R72 04805A0095,15250,33160,48410,7630,31110,38740,33000WRI
R72 04805A0096,15250,34760,50010,7630,34580,42210,33000WRI
R72 04805A0097,22490,27460,49950,11320,41490,52810,33000WRI
R72 04805A0104,22490,69750,92240,11320,71000,82320,33000WRI
R72 04805A0106,22490,26940,49430,11320,38880,50200,33000WRI
R72 04805A0108,22490,47790,70280,11320,40740,52060,33000WRI
R72 04805A0109,22490,52830,75320,11320,53940,65260,33000WRI
R72 04805B0001,16070,69690,85760,8030,55510,63540,33000WRI
R72 04805B0002,14810,38450,53260,7400,41060,48460,33000WRI
R72 04805B0003,14810,40330,55140,7420,44130,51550,33000WRI
R72 04805B0007,2010,0,2010,8030,63260,71290,33000WRI
R72 04805B0008,16070,48880,64950,8030,44350,52380,33000WRI
R72 04805B0009,16070,46570,62640,8030,42160,50190,33000WRI
R72 04805B0010,16070,42150,58220,8030,46310,54340,33000WRI
R72 04805B0011,16070,42660,58730,8030,39170,47200,33000WRI
R72 04805B0012,16070,36200,52270,8030,36380,44410,33000WRI
R72 04805B0013,16070,37200,53270,8030,39310,47340,33000WRI
R72 04805B0014,16070,44860,60930,8030,42300,50330,33000WRI
R72 04805B0015,24620,43620,68240,12560,69940,82500,33000WRI
R72 04805B0016,6370,2910,9280,3200,3840,7040,33000WRI
R72 04805B0017,19600,65850,85450,9810,66160,75970,33000WRI
R72 04805B0018,14810,29790,44600,7480,19760,27240,33000WRI
R72 04805B0019,14810,33110,47920,7480,31450,38930,33000WRI
R72 04805B0020,14810,30390,45200,7480,26240,33720,33000WRI
R72 04805B0024,16220,47250,63470,8090,46430,54520,33000WRI
R72 04805B0025,16220,29400,45620,8090,31720,39810,33000WRI
R72 04805B0026,16220,30910,47130,8090,29230,37320,33000WRI
R72 04805B0027,16220,40940,57160,8090,44250,52340,33000WRI
R72 04805B0028,16220,32780,49000,8090,33380,41470,33000WRI
R72 04805B0029,16220,36850,53070,8090,37970,46060,33000WRI
R72 04805B0030,16220,40510,56730,8090,35510,43600,33000WRI
R72 04805B0031,16220,38890,55110,8090,36300,44390,33000WRI
R72 04805B0032,16220,50240,66460,8090,47950,56040,33000WRI
R72 04805B0033,14810,34720,49530,7480,46310,53790,33000WRI
R72 04805B0034,14810,40500,55310,7480,43590,51070,33000WRI
R72 04805B0035,14810,41230,56040,7480,33940,41420,33000WRI
R72 04805B0041,16780,47140,63920,8330,50280,58610,33000WRI
R72 04805B0045,15630,36840,52470,7860,34670,42530,33000WRI
R72 04805B0046,14810,36490,51300,7480,38370,45850,33000WRI
R72 04805B0047,24030,42550,66580,12150,45530,57680,33000WRI
R72 04805B0051,18880,37580,56460,9420,40700,50120,33000WRI
R72 04805B0052,17500,36960,54460,8760,35420,44180,33000WRI
R72 04805B0054,590,0,590,50,0,50,33000WRI
R72 04805B0055,17270,38800,56070,8560,44610,53170,33000WRI
R72 04806 0001,18070,45830,63900,9090,53870,62960,33000WRI
R72 04806 0002,8040,0,8040,4040,0,4040,33000WRI
R72 04806 0003,17870,38940,56810,8980,46200,55180,33000WRI
R72 04806 0004,17870,28720,46590,8980,23150,32130,33000WRI
R72 04806 0005,17870,27640,45510,8980,12470,21450,33000WRI
R72 04806 0006,17870,28370,46240,8980,22750,31730,33000WRI
R72 04806 0007,17870,28060,45930,8980,24610,33590,33000WRI
R72 04806 0008,17870,28810,46680,8980,12230,21210,33000WRI
R72 04806 0009,17870,21810,39680,11770,16160,27930,33000WRI
R72 04806 0010,17870,15880,33750,8980,19650,28630,33000WRI
R72 04806 0011,17870,27280,45150,8980,24420,33400,33000WRI
R72 04806 0012,17870,25010,42880,8980,23370,32350,33000WRI
R72 04806 0013,18260,25570,43830,9200,24690,33890,33000WRI
R72 04806 0015,16960,53610,70570,8490,35670,44160,33000WRI
R72 04806 0016,16420,16490,32910,8210,28660,36870,33000WRI
R72 04806 0017,7390,0,7390,3700,0,3700,33000WRI
R72 04806 0018,16420,13640,30060,8210,45840,54050,33000WRI
R72 04806 0019,16420,35230,51650,8210,36500,44710,33000WRI
R72 04806 0020,7390,0,7390,3700,0,3700,33000WRI
R72 04806 0021,7390,0,7390,3700,0,3700,33000WRI
R72 04806 0022,16420,41270,57690,8210,47490,55700,33000WRI
R72 04806 0023,7390,0,7390,3700,0,3700,33000WRI
R72 04806 0024,16420,41000,57420,8210,38080,46290,33000WRI
R72 04806 0025,16420,36320,52740,8210,38730,46940,33000WRI
R72 04806 0026,16420,30240,46660,8210,40330,48540,33000WRI
R72 04806 0027,16420,44230,60650,8210,47110,55320,33000WRI
R72 04806 0028,17140,41810,58950,8580,46490,55070,33000WRI
R72 04806 0029,16070,41920,57990,8030,41190,49220,33000WRI
R72 04806 0030,7790,0,7790,3890,0,3890,33000WRI
R72 04806 0031,17330,37670,55000,8640,36810,45450,33000WRI
R72 04806 0032,16070,33160,49230,8030,40510,48540,33000WRI
R72 04806 0033,23210,65220,88430,11680,59640,71320,33000WRI
R72 04806 0035,23210,54230,77440,11680,49340,61020,33000WRI
R72 04806 0037,16070,34330,50400,8030,32020,40050,33000WRI
R72 04806 0038,16070,36300,52370,8030,30080,38110,33000WRI
R72 04806 0039,16070,47140,63210,8030,45030,53060,33000WRI
R72 04806 0040,16070,43090,59160,8030,41190,49220,33000WRI
R72 04806 0041,30810,48430,79240,15150,44870,60020,33000WRI
R72 04806 0042,21180,59760,80940,10770,62920,73690,33000WRI
R72 04806 0044,16070,43250,59320,8030,41580,49610,33000WRI
R72 04806 0045,6020,3800,9820,3020,4970,7990,33000WRI
R72 04806 0046,15750,42630,58380,7910,44970,52880,33000WRI
R72 04806 0047,8640,0,8640,6050,0,6050,33000WRI
R72 04806 0062,6450,84200,90650,4520,123890,128410,33000WRI
R72 04807A0001,16070,40580,56650,10340,61660,72000,33000EAH
R72 04807A0003,25170,39570,64740,16330,60330,76660,33000EAH
R72 04807A0004,16540,58390,74930,10640,82650,93290,33000EAH
R72 04807A0005,16540,30030,46570,10640,40880,51520,33000EAH
R72 04807A0006,16540,16800,33340,10640,28360,39000,33000EAH
R72 04807A0007,20160,30440,50600,20680,39840,60520,33000EAH
R72 04807A0008,6610,0,6610,4260,0,4260,33000EAH
R72 04807A0009,16540,43900,60440,10640,51360,62000,33000EAH
R72 04807A0010,6610,0,6610,4260,0,4260,33000EAH
R72 04807A0011,18560,36530,55090,12020,49220,61240,33000EAH
R72 04807A0012,5980,5120,11100,3860,6950,10810,33000EAH
R72 04807A0013,8540,0,8540,4960,0,4960,33000EAH
R72 04808 0001,20020,51750,71770,10070,46850,56920,33000WRI
R72 04808 0002,20020,41360,61380,10070,36900,46970,33000WRI
R72 04808 0003,20020,41570,61590,10070,44950,55020,33000WRI
R72 04808 0004,20020,42910,62930,10070,45550,55620,33000WRI
R72 04808 0005,18390,56840,75230,9240,47880,57120,33000WRI
R72 04808 0006,18390,44730,63120,9240,70650,79890,33000WRI
R72 04808 0007,18390,43230,61620,9240,42860,52100,33000WRI
R72 04808 0008,18390,49190,67580,9240,47050,56290,33000WRI
R72 04808 0009,18390,44610,63000,9240,46530,55770,33000WRI
R72 04808 0010,18560,51980,70540,9310,48540,57850,33000WRI
R72 04808 0011,18210,56030,74240,9130,50150,59280,33000WRI
R72 04808 0012,18210,44130,62340,9130,40420,49550,33000WRI
R72 04808 0013,18210,49940,68150,9130,51910,61040,33000WRI
R72 04808 0014,22670,42730,65400,11410,45740,57150,33000WRI
R72 04808 0015,19640,45240,64880,9860,43710,53570,33000WRI
R72 04808 0016,19640,52840,72480,9860,47530,57390,33000WRI
R72 04808 0017,19640,13850,33490,9860,29140,39000,33000WRI
R72 04808 0018,19640,39710,59350,9860,40460,50320,33000WRI
R72 04808 0019,17850,37320,55170,8940,46610,55550,33000WRI
R72 04808 0020,17850,42590,60440,8940,45820,54760,33000WRI
R72 04808 0021,18030,54670,72700,9050,57410,66460,33000WRI
R72 04808 0022,17850,45480,63330,8940,44470,53410,33000WRI
R72 04808 0023,18030,40700,58730,9050,37170,46220,33000WRI
R72 04808 0024,19640,30780,50420,9860,36470,46330,33000WRI
R72 04808 0025,19640,45890,65530,9860,42570,52430,33000WRI
R72 04808 0026,19640,39010,58650,9860,41580,51440,33000WRI
R72 04808 0027,19640,59360,79000,9860,62320,72180,33000WRI
R72 04808 0028,8560,0,8560,4300,0,4300,33000WRI
R72 04808 0029,8560,0,8560,4300,0,4300,33000WRI
R72 04808 0030,18030,50600,68630,9050,58190,67240,33000WRI
R72 04808 0031,8560,0,8560,4300,0,4300,33000WRI
R72 04808 0032,18030,74870,92900,9050,59450,68500,33000WRI
R72 04808 0033,22670,37890,60560,11410,35020,46430,33000WRI
R72 04808 0034,17850,36450,54300,8940,36560,45500,33000WRI
R72 04808 0035,17850,35740,53590,8940,42120,51060,33000WRI
R72 04808 0036,17850,48650,66500,8940,45630,54570,33000WRI
R72 04808 0037,17850,40280,58130,8940,36990,45930,33000WRI
R72 04808 0038,17850,39870,57720,8940,34620,43560,33000WRI
R72 04808 0039,17850,41700,59550,8940,50630,59570,33000WRI
R72 04808 0040,35700,46310,82010,18070,42950,61020,33000WRI
R72 04808 0043,17850,45320,63170,8940,42320,51260,33000WRI
R72 04808 0044,22140,51940,74080,11610,59770,71380,33000WRI
R72 04808 0045,22140,38630,60770,11610,33160,44770,33000WRI
R72 04808 0046,17840,54590,72430,8900,48610,57510,33000WRI
R72 04808 0047,18010,35050,53060,9010,46540,55550,33000WRI
R72 04808 0048,18520,45490,64010,9250,44440,53690,33000WRI
R72 04808 0049,18650,36840,55490,9380,38550,47930,33000WRI
R72 04808 0052,28040,44440,72480,13850,53080,66930,33000WRI
R72 04808 0053,17850,44510,62360,11720,30500,42220,33000WRI
R72 04808 0056,7630,0,7630,3810,0,3810,33000WRI
R72 04808 0057,16630,80830,97460,8350,75390,83740,33000WRI
R72 04808 0058,17150,40080,57230,8540,43620,52160,33000WRI
R72 04808 0059,16280,47210,63490,8100,69510,77610,33000WRI
R72 04808 0060,19810,48070,67880,9950,55100,65050,33000WRI
R72 04808 0064,24570,46570,71140,12560,55610,68170,33000WRI
R72 04808 0066,24570,67500,92070,12560,68530,81090,33000WRI
R72 04808 0068,17010,44100,61110,8470,45200,53670,33000WRI
R72 04808 0069,20790,52690,73480,10510,49840,60350,33000WRI
R72 04808 0070,20790,44650,65440,10510,48140,58650,33000WRI
R72 04808 0071,17390,41680,59070,8670,44510,53180,33000WRI
R72 04808 0072,15750,52900,68650,8470,48650,57120,33000WRI
R72 04808 0073,18020,39590,57610,9030,35590,44620,33000WRI
R72 04808 0074,18190,30880,49070,11950,32250,44200,33000WRI
R72 04808 0075,18190,55340,73530,9120,49500,58620,33000WRI
R72 04808 0076,18190,43380,61570,9120,38190,47310,33000WRI
R72 04808 0077,18380,49080,67460,12000,21390,33390,33000WRI
R72 04808 0078,18380,27010,45390,9160,45170,54330,33000WRI
R72 04808 0079,18380,37690,56070,9160,33350,42510,33000WRI
R72 04808 0080,18200,33600,51800,9070,33540,42610,33000WRI
R72 04808 0081,18380,29730,48110,9160,32170,41330,33000WRI
R72 04808 0082,18380,37330,55710,9160,33370,42530,33000WRI
R72 04808 0083,18380,33000,51380,9160,34210,43370,33000WRI
R72 04808 0084,18380,36950,55330,9160,32070,41230,33000WRI
R72 04808 0085,18380,42370,60750,9160,55380,64540,33000WRI
R72 04808 0086,20650,42450,63100,10290,37470,47760,33000WRI
R72 04808 0087,19990,44580,64570,9870,40940,50810,33000WRI
R72 04808 0088,21000,57920,78920,10510,73820,84330,33000WRI
R72 04808 0090,19100,42280,61380,9540,38930,48470,33000WRI
R72 04808 0091,2240,0,2240,1120,0,1120,33000WRI
R72 04808 0092,2790,0,2790,1410,0,1410,33000WRI
R72 04808 0093,19720,50730,70450,9840,47370,57210,33000WRI
R72 04808 0094,19720,40960,60680,9840,36810,46650,33000WRI
R72 04808 0095,19720,40980,60700,9840,36150,45990,33000WRI
R72 04808 0096,19720,52680,72400,9840,47700,57540,33000WRI
R72 04808 0097,19720,44260,63980,9840,38980,48820,33000WRI
R72 04808 0098,19720,35020,54740,9840,37920,47760,33000WRI
R72 04808 0099,19720,41050,60770,9840,45050,54890,33000WRI
R72 04808 0100,18870,44560,63430,9420,48180,57600,33000WRI
R72 04808 0101,19720,48640,68360,9840,44550,54390,33000WRI
R72 04808 0102,19720,39120,58840,9840,42740,52580,33000WRI
R72 04808 0103,19720,47570,67290,9840,42680,52520,33000WRI
R72 04808 0104,19720,38370,58090,9840,34980,44820,33000WRI
R72 04808 0105,19720,44960,64680,9840,40470,50310,33000WRI
R72 04808 0106,19720,36000,55720,9840,40630,50470,33000WRI
R72 04808 0109,20410,36010,56420,10170,49010,59180,33000WRI
R72 04808 0110,20410,53290,73700,10170,47050,57220,33000WRI
R72 04808 0111,20410,46540,66950,10170,47460,57630,33000WRI
R72 04808 0112,20410,55170,75580,10170,49320,59490,33000WRI
R72 04808 0113,19720,70030,89750,9840,68890,78730,33000WRI
R72 04808 0114,20240,63700,83940,10090,61940,72030,33000WRI
R72 04808 0115,19890,47620,67510,9920,40990,50910,33000WRI
R72 04808 0116,19720,65550,85270,9840,55060,64900,33000WRI
R72 04808 0117,19890,44610,64500,9920,39620,49540,33000WRI
R72 04808 0118,19890,54060,73950,9920,46160,56080,33000WRI
R72 04808 0119,20710,67900,88610,10400,54200,64600,33000WRI
R72 04808 0120,19890,52410,72300,9920,46740,56660,33000WRI
R72 04808 0121,18180,66810,84990,9080,92650,101730,33000WRI
R72 04808 0122,20830,79790,100620,10420,56080,66500,33000WRI
R72 04808 0123,21330,43560,64890,14200,19800,34000,33000WRI
R72 04808 0124,22940,52630,75570,11920,82730,94650,33000WRI
R72 04808 0125,11880,0,11880,5790,0,5790,33000WRI
R72 04808 0126,23950,41990,65940,13350,47230,60580,33000WRI
R72 04808 0129,18840,39520,58360,9530,47320,56850,33000WRI
R72 04808 0131,20240,37840,58080,12990,45620,58610,33000EAH
R72 04808 0132,21440,49440,70880,13750,73280,87030,33000EAH
R72 04808 0136,19430,49350,68780,9860,60250,70110,33000WRI
R72 04808 0137,19430,41310,60740,9860,47280,57140,33000WRI
R72 04808 0138,19430,44540,63970,9860,46810,56670,33000WRI
R72 04808 0139,19430,62950,82380,9860,59790,69650,33000WRI
R72 04808 0140,19430,59650,79080,9860,49430,59290,33000WRI
R72 04808 0141,3200,0,3200,2040,0,2040,33000EAH
R72 04808 0144,1020,0,1020,480,0,480,33000WRI
R72 04810 0001,10240,0,10240,4850,0,4850,33000WRI
R72 04810 0002,19080,28260,47340,9900,21750,31650,33000WRI
R72 04810 0003,18750,29140,47890,9580,29650,39230,33000WRI
R72 04810 0004,18590,34380,52970,9450,33820,43270,33000WRI
R72 04810 0005,18590,32120,50710,9360,31510,40870,33000WRI
R72 04810 0006,18260,32880,51140,9170,27560,36730,33000WRI
R72 04810 0007,18100,27010,45110,9070,21400,30470,33000WRI
R72 04810 0008,18100,35160,53260,9040,34360,43400,33000WRI
R72 04810 0009,18100,25470,43570,9070,25840,34910,33000WRI
R72 04810 0010,18100,24180,42280,9040,21780,30820,33000WRI
R72 04810 0011,17930,26920,44850,9010,21200,30210,33000WRI
R72 04810 0012,17770,40410,58180,8910,38630,47540,33000WRI
R72 04810 0013,17440,38040,55480,8750,39230,47980,33000WRI
R72 04810 0014,17270,43370,60640,8650,41110,49760,33000WRI
R72 04810 0015,17600,42100,59700,8780,37060,45840,33000WRI
R72 04810 0016,17930,37620,55550,8970,33190,42160,33000WRI
R72 04810 0017,18260,35850,54110,9170,41410,50580,33000WRI
R72 04810 0018,18480,37850,56330,9350,37050,46400,33000WRI
R72 04810 0019,17960,38880,56840,9010,36800,45810,33000WRI
R72 04810 0020,17460,29550,47010,8750,40810,49560,33000WRI
R72 04810 0021,17310,27330,44640,8630,38700,47330,33000WRI
R72 04810 0022,16640,31030,47670,8360,31950,40310,33000WRI
R72 04810 0023,7410,0,7410,3710,0,3710,33000WRI
R72 04810 0024,8310,0,8310,4140,0,4140,33000WRI
R72 04810 0025,27480,35780,63260,13830,47970,61800,33000WRI
R72 04810 0026,25600,23540,49140,12260,23390,35650,33000WRI
R72 04810 0027,25890,53790,79680,13350,50970,64320,33000WRI
R72 04810 0028,17680,33090,50770,8810,38320,47130,33000WRI
R72 04810 0029,18350,37210,55560,12030,14820,26850,33000WRI
R72 04810 0030,18870,46400,65270,9460,41480,50940,33000WRI
R72 04810 0031,26250,30040,56290,13070,28070,41140,33000WRI
R72 04810 0033,16380,24030,40410,8160,19710,27870,33000WRI
R72 04810 0034,15990,23120,39110,7950,20770,28720,33000WRI
R72 04810 0035,15950,29540,45490,7950,27580,35530,33000WRI
R72 04810 0036,17010,27640,44650,8440,26480,34920,33000WRI
R72 04810 0037,17850,25990,43840,8710,31420,40130,33000WRI
R72 04810 0038,17270,38120,55390,8560,36140,44700,33000WRI
R72 04810 0039,17520,36180,53700,8580,41300,49880,33000WRI
R72 04810 0040,20130,45440,65570,9860,42790,52650,33000WRI
R72 04810 0041,20290,40430,60720,9930,37500,47430,33000WRI
R72 04810 0042,17430,36550,53980,8570,34260,42830,33000WRI
R72 04810 0043,18670,39820,58490,9290,37750,47040,33000WRI
R72 04810 0044,18380,40740,59120,9230,39450,48680,33000WRI
R72 04810 0045,18450,35520,53970,9340,33640,42980,33000WRI
R72 04810 0046,18390,44210,62600,9280,46910,56190,33000WRI
R72 04810 0047,18070,29290,47360,9060,27080,36140,33000WRI
R72 04810 0048,17580,38720,56300,8770,36530,45300,33000WRI
R72 04810 0049,16930,41010,57940,8490,46530,55020,33000WRI
R72 04810 0050,17150,38490,55640,8580,33620,42200,33000WRI
R72 04810 0051,16960,53390,70350,8480,50110,58590,33000WRI
R72 04810 0052,16940,43830,60770,8410,53070,61480,33000WRI
R72 04810 0053,17060,46250,63310,8410,86930,95340,33000WRI
R72 04810 0054,10080,0,10080,7060,0,7060,33000WRI
R72 04810 0055,17220,42130,59350,8470,43680,52150,33000WRI
R72 04810 0056,16630,41870,58500,8290,43110,51400,33000WRI
R72 04810 0057,17290,52800,70090,8650,52280,60930,33000WRI
R72 04810 0058,17870,24540,42410,9010,22420,31430,33000WRI
R72 04810 0059,18190,36130,54320,9160,43860,53020,33000WRI
R72 04810 0060,17390,49510,66900,8700,48010,56710,33000WRI
R72 04810 0061,17840,45940,63780,8920,51350,60270,33000WRI
R72 04810 0062,19120,41620,60740,9730,53230,62960,33000WRI
R72 04810 0063,18450,34040,52490,9270,33320,42590,33000WRI
R72 04810 0064,17620,47680,65300,8850,47160,56010,33000WRI
R72 04810 0065,17680,41010,58690,8830,46890,55720,33000WRI
R72 04810 0066,17270,44920,62190,8600,42600,51200,33000WRI
R72 04810 0067,16560,44070,60630,8230,41970,50200,33000WRI
R72 04810 0068,8430,0,8430,3730,0,3730,33000WRI
R72 04810 0137,16760,33480,50240,8370,34150,42520,33000WRI
R72 04810 0138,16440,32710,49150,8210,33440,41650,33000WRI
R72 04810 0139,16110,35800,51910,8080,35880,43960,33000WRI
R72 04810 0140,15950,29540,45490,8020,31100,39120,33000WRI
R72 04810 0141,15950,36190,52140,7990,35400,43390,33000WRI
R72 04810 0142,15950,33750,49700,7990,37070,45060,33000WRI
R72 04810 0143,15950,36290,52240,7990,36600,44590,33000WRI
R72 04810 0144,16110,32160,48270,8050,30640,38690,33000WRI
R72 04810 0145,16110,34990,51100,8050,31160,39210,33000WRI
R72 04810 0146,15950,39210,55160,10470,27340,37810,33000WRI
R72 04810 0147,15950,37030,52980,7960,33280,41240,33000WRI
R72 04810 0148,15950,38910,54860,7990,37500,45490,33000WRI
R72 04810 0149,15950,33530,49480,8020,27970,35990,33000WRI
R72 04810 0150,16110,36370,52480,8050,35120,43170,33000WRI
R72 04810 0151,16280,36640,52920,8150,34120,42270,33000WRI
R72 04810 0152,16440,18920,35360,8240,29800,38040,33000WRI
R72 04810 0153,18000,31450,49450,12600,26260,38860,33000WRI
R72 04810 0154,18000,58960,76960,12600,51240,63840,33000WRI
R72 04810 0155,17780,39020,56800,8710,38440,47150,33000WRI
R72 04810 0156,18110,37800,55910,8890,43420,52310,33000WRI
R72 04810 0157,17820,35140,52960,8880,35640,44520,33000WRI
R72 04810 0158,17850,34350,52200,8910,39200,48110,33000WRI
R72 04810 0159,17990,38870,56860,8980,41770,50750,33000WRI
R72 04810 0160,18500,38990,57490,9250,41550,50800,33000WRI
R72 04810 0161,18290,34950,53240,9240,20380,29620,33000WRI
R72 04810 0162,18620,34580,53200,9370,34700,44070,33000WRI
R72 04810 0163,19180,35560,54740,9700,35410,45110,33000WRI
R72 04810 0164,20920,33530,54450,15280,35650,50930,33000WRI
R72 04810 0165,7880,0,7880,3560,0,3560,33000WRI
R72 04810 0166,17110,30070,47180,8460,19580,28040,33000WRI
R72 04810 0168,16980,29040,46020,8470,31700,40170,33000WRI
R72 04810 0169,16100,38060,54160,8060,44020,52080,33000WRI
R72 04810 0170,16580,47180,63760,8270,46150,54420,33000WRI
R72 04810 0171,7600,0,7600,3810,0,3810,33000WRI
R72 04810 0172,7750,0,7750,3880,0,3880,33000WRI
R72 04810 0173,19320,33120,52440,10240,39970,50210,33000WRI
R72 04810 0174,17550,34160,51710,8760,39480,48240,33000WRI
R72 04810 0175,17770,51780,69550,8910,50950,59860,33000WRI
R72 04810 0176,7910,0,7910,3950,0,3950,33000WRI
R72 04810 0177,17500,70020,87520,8800,70310,79110,33000WRI
R72 04810 0178,16960,55340,72300,8490,63360,71850,33000WRI
R72 04810 0179,16960,34110,51070,8490,34670,43160,33000WRI
R72 04810 0180,16960,46340,63300,8490,46820,55310,33000WRI
R72 04810 0181,16960,53750,70710,8490,72010,80500,33000WRI
R72 04810 0182,16960,37060,54020,8490,47580,56070,33000WRI
R72 04810 0183,3600,0,3600,2520,0,2520,33000WRI
R72 04810 0184,31720,65500,97220,16150,88160,104310,33000WRI
R72 04810 0185,16540,36280,52820,8260,41380,49640,33000WRI
R72 04810 0186,16380,43190,59570,8150,43220,51370,33000WRI
R72 04810 0187,16070,40650,56720,8000,39390,47390,33000WRI
R72 04810 0188,15910,40980,56890,7940,41640,49580,33000WRI
R72 04810 0189,15750,46620,62370,7880,53530,61410,33000WRI
R72 04810 0190,16260,36980,53240,8120,30430,38550,33000WRI
R72 04810 0191,16740,39710,56450,8370,50330,58700,33000WRI
R72 04810 0192,17170,35630,52800,8580,47790,56370,33000WRI
R72 04810 0193,17960,45140,63100,9020,51450,60470,33000WRI
R72 04810 0194,18430,47300,65730,9520,44040,53560,33000WRI
R72 04810 0195,19060,29300,48360,10160,43960,54120,33000WRI
R72 04810 0196,20920,33590,54510,11840,47920,59760,33000WRI
R72 04810 0197,4640,0,4640,2370,0,2370,33000WRI
R72 04810 0198,24750,43760,68510,14770,52240,67010,33000WRI
R72 04810 0199,19660,36300,55960,9840,54880,64720,33000WRI
R72 04810 0200,18180,37040,55220,9110,34760,43870,33000WRI
R72 04810 0201,18480,41580,60060,9320,45110,54430,33000WRI
R72 04810 0202,18230,43460,61690,9180,41610,50790,33000WRI
R72 04810 0203,8350,0,8350,4240,0,4240,33000WRI
R72 04811 0024,10730,0,10730,4840,0,4840,33000WRI
R72 04811 0025,16960,36420,53380,8450,44950,53400,33000WRI
R72 04811 0026,16790,39160,55950,8420,42120,50540,33000WRI
R72 04811 0027,16790,43560,60350,8420,47830,56250,33000WRI
R72 04811 0028,16960,48440,65400,8490,49760,58250,33000WRI
R72 04811 0029,17120,44190,61310,8580,47870,56450,33000WRI
R72 04811 0030,8730,0,8730,3940,0,3940,33000WRI
R72 04811 0047,2240,0,2240,1140,0,1140,33000WRI
R72 04811 0048,18950,19170,38120,9640,49120,58760,33000WRI
R72 04811 0049,18380,39170,57550,9230,42320,51550,33000WRI
R72 04811 0050,17520,38960,56480,8670,55620,64290,33000WRI
R72 04811 0052,28110,75790,103900,14750,63940,78690,33000WRI
R72 04811 0053,2170,0,2170,4500,0,4500,33000WRI
R72 04811 0064,18030,66090,84120,9020,34830,43850,33000WRI
R72 04811 0066,19800,29050,48850,13860,44970,58830,33000WRI
R72 04811 0068,19660,36090,55750,9900,34430,44330,33000WRI
R72 04811 0069,19480,39480,58960,9840,40940,50780,33000WRI
R72 04811 0070,19230,37060,56290,9630,37100,46730,33000WRI
R72 04811 0071,19800,38380,58180,13860,39550,53410,33000WRI
R72 04811 0072,19800,37350,57150,13860,41920,55780,33000WRI
R72 04811 0073,7910,0,7910,3960,0,3960,33000WRI
R72 04811 0074,18500,43340,61840,9250,46350,55600,33000WRI
R72 04811 0093,18000,79650,97650,12600,67540,80140,33000WRI
R72 04811 0094,21350,39580,60930,12190,47650,59840,33000WRI
R72 04811 0095,29680,42300,71980,15040,43050,58090,33000WRI
R72 04811 0096,18000,52090,70090,9080,49810,58890,33000WRI
R72 04811 0097,18000,42350,60350,9080,44470,53550,33000WRI
R72 04811 0098,18000,54800,72800,9050,52820,61870,33000WRI
R72 04811 0099,17840,46990,64830,8990,50510,59500,33000WRI
R72 04811 0101,20370,37570,57940,10220,44590,54810,33000WRI
R72 04811 0102,19470,43840,63310,9800,44850,54650,33000WRI
R72 04811 0106,17270,18160,35430,8620,58370,66990,33000WRI
R72 04811 0107,17270,29590,46860,8620,57640,66260,33000WRI
R72 04811 0108,17460,45380,62840,8720,59830,68550,33000WRI
R72 04811 0109,19840,53710,73550,9980,55830,65810,33000WRI
R72 04811 0111,19110,49370,68480,9640,51390,61030,33000WRI
R72 04811 0112,19480,43970,63450,9840,46760,56600,33000WRI
R72 04811 0113,17090,55660,72750,8550,53910,62460,33000WRI
R72 04811 0114,17510,39340,56850,8650,41620,50270,33000WRI
R72 04811 0115,18120,41730,59850,8910,47570,56480,33000WRI
R72 04811 0116,17290,42360,59650,8650,60980,69630,33000WRI
R72 04811 0117,17290,43090,60380,8620,48190,56810,33000WRI
R72 04811 0118,16960,44370,61330,11170,21890,33060,33000WRI
R72 04811 0119,25480,50620,76100,12860,54450,67310,33000WRI
R72 04811 0121,18470,33140,51610,11870,15130,27000,33000WRI
R72 04811 0122,17160,69880,87040,8440,63860,72300,33000WRI
R72 04811 0123,16780,41430,58210,8360,21440,29800,33000WRI
R72 04811 0124,17310,40980,58290,8630,43250,51880,33000WRI
R72 04811 0125,8660,0,8660,3900,0,3900,33000WRI
R72 04811 0126,8490,0,8490,3840,0,3840,33000WRI
R72 04811 0127,18670,38500,57170,9420,33150,42570,33000WRI
R72 04811 0128,19850,29250,49100,10010,24910,34920,33000WRI
R72 04811 0129,17840,37200,55040,8910,40190,49100,33000WRI
R72 04811 0130,19080,42620,61700,9840,37680,47520,33000WRI
R72 04811 0131,18880,21400,40280,9650,45770,55420,33000WRI
R72 04811 0132,18720,43210,61930,9590,47540,57130,33000WRI
R72 04811 0133,18520,45030,63550,9500,52750,62250,33000WRI
R72 04811 0134,18680,42280,60960,9590,47310,56900,33000WRI
R72 04811 0135,20980,36980,57960,10690,40280,50970,33000WRI
R72 04811 0136,20410,37870,58280,10250,41460,51710,33000WRI
R72 04811 0137,21090,47550,68640,10590,44820,55410,33000WRI
R72 04811 0138,8490,0,8490,4340,0,4340,33000WRI
R72 04811 0139,19040,47420,66460,9840,48210,58050,33000WRI
R72 04811 0140,19200,44660,63860,10030,51060,61090,33000WRI
R72 04811 0141,19370,52400,71770,10190,51580,61770,33000WRI
R72 04811 0142,19370,49420,68790,10310,57890,68200,33000WRI
R72 04811 0143,19440,34000,53440,9720,36930,46650,33000WRI
R72 04811 0144,20020,39950,59970,10070,44250,54320,33000WRI
R72 04811 0145,23630,46830,70460,11990,47960,59950,33000WRI
R72 04811 0148,2020,0,2020,4530,0,4530,33000WRI
R72 04811 0151,16740,33090,49830,8370,32040,40410,33000WRI
R72 04811 0152,16740,34430,51170,8370,43170,51540,33000WRI
R72 04811 0153,16740,42660,59400,8370,37660,46030,33000WRI
R72 04811 0154,16740,27750,44490,8370,21950,30320,33000WRI
R72 04811 0155,16740,30300,47040,8370,20930,29300,33000WRI
R72 04811 0156,16740,31250,47990,8370,23160,31530,33000WRI
R72 04811 0157,16740,30270,47010,8370,21920,30290,33000WRI
R72 04811 0158,16740,31110,47850,8370,23530,31900,33000WRI
R72 04811 0159,16740,28520,45260,8370,22690,31060,33000WRI
R72 04811 0160,16740,25370,42110,8370,26370,34740,33000WRI
R72 04811 0161,16740,28170,44910,8370,25640,34010,33000WRI
R72 04811 0162,16740,32090,48830,8370,28280,36650,33000WRI
R72 04811 0165,17200,32960,50160,8520,35570,44090,33000WRI
R72 04811 0166,19250,31370,50620,9470,38900,48370,33000WRI
R72 04811 0167,18380,37020,55400,9220,37350,46570,33000WRI
R72 04811 0168,18380,34020,52400,9220,39380,48600,33000WRI
R72 04811 0169,18380,38210,56590,9220,43280,52500,33000WRI
R72 04811 0170,19470,34940,54410,9830,38510,48340,33000WRI
R72 04811 0171,18380,39220,57600,9220,46010,55230,33000WRI
R72 04811 0172,18380,47700,66080,9220,36530,45750,33000WRI
R72 04811 0173,18380,37750,56130,9220,41870,51090,33000WRI
R72 04811 0174,18380,42970,61350,9220,68660,77880,33000WRI
R72 04811 0175,18930,39990,58920,9500,49760,59260,33000WRI
R72 04811 0176,5860,2730,8590,2930,3610,6540,33000WRI
R72 04811 0177,20380,37390,57770,10260,38370,48630,33000WRI
R72 04811 0178,4580,0,4580,2270,0,2270,33000WRI
R72 04811 0179,7530,0,7530,3770,0,3770,33000WRI
R72 04811 0180,16740,67700,84440,8370,61390,69760,33000WRI
R72 04811 0184,16910,43430,60340,8370,68210,76580,33000WRI
R72 04811 0185,17110,36410,53520,8410,38530,46940,33000WRI
R72 04811 0186,19290,47140,66430,9690,50050,59740,33000WRI
R72 04811 0187,18930,47960,66890,9500,59680,69180,33000WRI
R72 04811 0188,18930,31670,50600,9500,43550,53050,33000WRI
R72 04811 0189,18930,36480,55410,9500,41650,51150,33000WRI
R72 04811 0190,18930,39270,58200,9500,49810,59310,33000WRI
R72 04811 0191,18930,46470,65400,9500,53430,62930,33000WRI
R72 04811 0192,18930,37490,56420,9500,42960,52460,33000WRI
R72 04811 0193,18930,46500,65430,9500,55090,64590,33000WRI
R72 04811 0194,18930,39150,58080,9500,47160,56660,33000WRI
R72 04811 0195,18930,26070,45000,9500,38940,48440,33000WRI
R72 04811 0196,16740,39870,56610,8370,28850,37220,33000WRI
R72 04811 0197,7530,0,7530,3770,0,3770,33000WRI
R72 04811 0198,7530,0,7530,3770,0,3770,33000WRI
R72 04811 0199,16740,33150,49890,8370,46390,54760,33000WRI
R72 04811 0200,17110,12440,29550,8460,45240,53700,33000WRI
R72 04811 0201,17110,25340,42450,8460,25650,34110,33000WRI
R72 04811 0202,16740,39480,56220,8370,42670,51040,33000WRI
R72 04811 0203,16740,27380,44120,8370,34010,42380,33000WRI
R72 04811 0204,16740,36620,53360,10960,24010,34970,33000WRI
R72 04811 0205,16740,38680,55420,8370,40150,48520,33000WRI
R72 04811 0206,16740,37360,54100,8370,38510,46880,33000WRI
R72 04811 0207,16740,43000,59740,8370,51220,59590,33000WRI
R72 04811 0208,16740,28770,45510,8370,39860,48230,33000WRI
R72 04811 0209,16740,32140,48880,8370,43860,52230,33000WRI
R72 04811 0210,16740,37710,54450,8370,38230,46600,33000WRI
R72 04811 0211,19290,40710,60000,9690,42000,51690,33000WRI
R72 04811 0212,19290,40020,59310,9690,50600,60290,33000WRI
R72 04811 0213,19290,36360,55650,9690,38430,48120,33000WRI
R72 04811 0219,27330,59550,86880,13460,64880,78340,33000WRI
R72 04811 0220,23320,41200,64520,11660,50420,62080,33000WRI
R72 04811 0221,20120,48010,68130,10880,51960,62840,33000WRI
R72 04811 0222,20120,35220,55340,10950,38000,48950,33000WRI
R72 04811 0223,20280,37280,57560,11050,39140,50190,33000WRI
R72 04811 0224,20280,35840,56120,11150,36200,47350,33000WRI
R72 04811 0225,20280,34850,55130,11250,36700,47950,33000WRI
R72 04811 0226,20280,34570,54850,11380,38570,49950,33000WRI
R72 04811 0227,20280,48100,68380,14650,32700,47350,33000WRI
R72 04811 0228,20450,39000,59450,11640,40600,52240,33000WRI
R72 04811 0229,20450,34020,54470,11800,41890,53690,33000WRI
R72 04811 0230,20450,33160,53610,11970,52320,64290,33000WRI
R72 04811 0231,46800,77050,123850,26640,74180,100820,33000WRI
R72 04811 0235,17600,39950,57550,8750,42560,51310,33000WRI
R72 04811 0260,17600,47030,64630,8750,45420,54170,33000WRI
R72 04811 0286,290,0,290,200,0,200,33000WRI
R72 04811 0296,16300,36880,53180,8140,38020,46160,33000WRI
R72 04812 0007,2820,0,2820,1420,0,1420,33000WRI
R72 04812 0008,2820,0,2820,1420,0,1420,33000WRI
R72 04812 0009,2820,0,2820,1420,0,1420,33000WRI
R72 04812 0010,2820,0,2820,1420,0,1420,33000WRI
R72 04812 0011,2820,0,2820,1420,0,1420,33000WRI
R72 04812 0012,2820,0,2820,1420,0,1420,33000WRI
R72 04812 0013,2820,0,2820,1420,0,1420,33000WRI
R72 04812 0014,2820,0,2820,1420,0,1420,33000WRI
R72 04812 0016,16100,77900,94000,8090,23460,31550,33000WRI
R72 04812 0023,3600,0,3600,2520,0,2520,33000WRI
R72 04812 0025,290,0,290,200,0,200,33000WRI
R72 04814 0005,19830,32490,52320,9940,34140,44080,33000WRI
R72 04814 0010,19440,49180,68620,9720,54060,63780,33000WRI
R72 04814 0011,16630,35850,52480,8290,33400,41690,33000WRI
R72 04814 0012,18200,38310,56510,9130,46900,56030,33000WRI
R72 04814 0013,27390,34160,61550,13500,33390,46890,33000WRI
R72 04814 0014,17850,40660,58510,8980,35630,44610,33000WRI
R72 04814 0015,18030,28720,46750,9020,37670,46690,33000WRI
R72 04814 0016,18030,37450,55480,9020,31850,40870,33000WRI
R72 04814 0017,18030,34880,52910,9020,37310,46330,33000WRI
R72 04814 0018,18030,39540,57570,9020,32880,41900,33000WRI
R72 04814 0019,18030,41080,59110,9020,49350,58370,33000WRI
R72 04814 0020,28020,30680,58700,13720,29670,43390,33000WRI
R72 04814 0021,19430,31530,50960,9820,35050,44870,33000WRI
R72 04814 0022,19430,40900,60330,9820,35290,45110,33000WRI
R72 04814 0023,20400,41840,62240,10260,44830,55090,33000WRI
R72 04817 0001,20550,39890,60440,10360,39530,49890,33000WRI
R72 04817 0002,18930,37620,56550,9480,38960,48440,33000WRI
R72 04817 0003,18740,38560,57300,9440,40380,49820,33000WRI
R72 04817 0004,18740,38000,56740,9400,38380,47780,33000WRI
R72 04817 0005,18740,38050,56790,9400,40760,50160,33000WRI
R72 04817 0006,18740,36390,55130,9400,40530,49930,33000WRI
R72 04817 0007,18740,36620,55360,9360,38040,47400,33000WRI
R72 04817 0008,18380,41350,59730,9200,45540,54740,33000WRI
R72 04817 0009,18930,47230,66160,9480,45850,55330,33000WRI
R72 04817 0010,18930,43680,62610,9540,41630,51170,33000WRI
R72 04817 0011,22600,45640,68240,13210,38840,52050,33000WRI
R72 04817 0012,22600,39890,62490,13330,38580,51910,33000WRI
R72 04817 0013,22600,41770,64370,13330,35650,48980,33000WRI
R72 04817 0014,22600,40990,63590,13530,46030,59560,33000WRI
R72 04817 0015,22600,40620,63220,13690,39530,53220,33000WRI
R72 04817 0016,21960,39490,61450,13340,37530,50870,33000WRI
R72 04817 0017,22600,36510,59110,14020,34370,48390,33000WRI
R72 04817 0018,22600,50010,72610,14180,40220,54400,33000WRI
R72 04817 0019,22600,32800,55400,14380,30960,45340,33000WRI
R72 04817 0020,23480,60440,83920,11880,63400,75280,33000WRI
R72 04817 0021,19470,41880,61350,9780,50660,60440,33000WRI
R72 04817 0022,20020,45860,65880,10100,47260,57360,33000WRI
R72 04817 0023,23680,50190,73870,12270,48500,60770,33000WRI
R72 04817 0025,470,0,470,230,0,230,33000WRI
R72 04817 0026,17820,42570,60390,8910,44970,53880,33000WRI
R72 04817 0027,18380,40050,58430,9260,49170,58430,33000WRI
R72 04817 0028,18200,34800,53000,9090,31970,41060,33000WRI
R72 04817 0029,17840,39660,57500,8920,34590,43510,33000WRI
R72 04817 0030,17850,39270,57120,8940,42370,51310,33000WRI
R72 04817 0031,17320,31700,49020,8650,27430,36080,33000WRI
R72 04817 0032,17680,44030,61710,8880,49790,58670,33000WRI
R72 04817 0033,17850,38640,56490,8920,40380,49300,33000WRI
R72 04817 0034,17490,34920,52410,8720,39620,48340,33000WRI
R72 04817 0035,17310,32510,49820,8700,28310,37010,33000WRI
R72 04817 0036,17840,34920,52760,8920,40060,48980,33000WRI
R72 04817 0037,17480,34260,51740,8770,30310,39080,33000WRI
R72 04817 0038,18020,30860,48880,8990,39480,48470,33000WRI
R72 04817 0039,16930,39670,56600,8430,53070,61500,33000WRI
R72 04817 0040,18560,37810,56370,9280,33350,42630,33000WRI
R72 04817 0041,18200,37290,55490,9130,36310,45440,33000WRI
R72 04817 0042,17650,30230,47880,8870,34610,43480,33000WRI
R72 04817 0043,17990,33570,51560,8980,33120,42100,33000WRI
R72 04817 0044,17990,35470,53460,9050,37840,46890,33000WRI
R72 04817 0045,17990,37470,55460,9050,37280,46330,33000WRI
R72 04817 0046,17990,33730,51720,8980,31440,40420,33000WRI
R72 04817 0047,17820,37550,55370,8910,61510,70420,33000WRI
R72 04817 0048,18380,35700,54080,9200,61530,70730,33000WRI
R72 04817 0049,17650,33190,50840,8870,33840,42710,33000WRI
R72 04817 0050,17650,36040,53690,8810,35220,44030,33000WRI
R72 04817 0051,18030,36440,54470,9020,34410,43430,33000WRI
R72 04817 0052,18930,32570,51500,9480,35380,44860,33000WRI
R72 04817 0053,26700,34900,61600,14180,42250,56430,33000WRI
R72 04817 0054,21180,49160,70340,10770,60120,70890,33000WRI
R72 04817 0055,22260,39000,61260,11230,42630,53860,33000WRI
R72 04817 0056,23030,32800,55830,11680,37540,49220,33000WRI
R72 04817 0057,20590,41910,62500,10390,45890,56280,33000WRI
R72 04817 0058,22570,41660,64230,11400,43540,54940,33000WRI
R72 04817 0060,17870,31450,49320,8830,30840,39670,33000WRI
R72 04817 0062,19480,38690,58170,9820,50090,59910,33000WRI
R72 04817 0063,20500,30170,50670,10260,26800,37060,33000WRI
R72 04904 0001,1860,0,1860,360,0,360,32000SPR
R72 04904 0002,6450,12040,18490,640,0,640,32000SPR
R72 04904 0003,9100,37560,46660,990,0,990,32000SPR
R72 04904 0004,10400,16170,26570,4850,4700,9550,32000SPR
R72 04904 0011,6690,10480,17170,3830,14960,18790,32000SPR
R72 04904 0016,8580,24150,32730,4300,9580,13880,32000SPR
R72 04904 0017,8580,9940,18520,4300,13760,18060,32000SPR
R72 04904 0024,3360,0,3360,610,0,610,32000SPR
R72 04904 0026,6720,15630,22350,3840,10980,14820,32000SPR
R72 04904 0027,6720,17670,24390,3840,4070,7910,32000SPR
R72 04904 0028,8770,0,8770,4450,3560,8010,32000SPR
R72 04904 0030,7200,22010,29210,3930,7060,10990,32000SPR
R72 04904 0031,6090,23280,29370,3730,23160,26890,32000SPR
R72 04904 0032,7800,23500,31300,4100,7870,11970,32000SPR
R72 04904 0035,1890,0,1890,130,0,130,32000SPR
R72 04904 0036,1800,0,1800,350,0,350,32000SPR
R72 04905 0005,3880,0,3880,710,0,710,32000SPR
R72 04905 0006,3880,0,3880,710,0,710,32000SPR
R72 04905 0007,3410,0,3410,620,0,620,32000SPR
R72 04905 0008,3300,0,3300,570,0,570,32000SPR
R72 04905 0009,8230,25250,33480,4170,29750,33920,32000SPR
R72 04905 0010,8510,21500,30010,4280,18750,23030,32000SPR
R72 04905 0011,3530,2730,6260,710,3610,4320,32000SPR
R72 04905 0012,7050,23210,30260,3910,19720,23630,32000SPR
R72 04905 0013,7050,22860,29910,3910,19060,22970,32000SPR
R72 04905 0014,3000,0,3000,600,0,600,32000SPR
R72 04905 0041,2960,0,2960,600,0,600,32000SPR
R72 04905 0042,7400,3520,10920,3980,3170,7150,32000SPR
R72 04905 0043,2960,0,2960,600,0,600,32000SPR
R72 04905 0044,7400,16510,23910,3980,15430,19410,32000SPR
R72 04905 0045,3330,0,3330,670,0,670,32000SPR
R72 04905 0046,7400,16690,24090,3980,2500,6480,32000SPR
R72 04905 0047,3330,0,3330,670,0,670,32000SPR
R72 04905 0048,3330,0,3330,670,0,670,32000SPR
R72 04905 0049,3170,0,3170,640,0,640,32000SPR
R72 04905 0050,3170,0,3170,640,0,640,32000SPR
R72 04905 0054,7400,11750,19150,3980,6090,10070,32000SPR
R72 04905 0055,7400,17900,25300,3980,15810,19790,32000SPR
R72 04905 0056,7290,38180,45470,3960,45530,49490,32000SPR
R72 04905 0057,3640,0,3640,660,0,660,32000SPR
R72 04905 0058,3640,0,3640,660,0,660,32000SPR
R72 04905 0059,7290,6140,13430,730,0,730,32000SPR
R72 04905 0060,7290,32360,39650,3960,12220,16180,32000SPR
R72 04905 0061,7290,55480,62770,3960,25050,29010,32000SPR
R72 04905 0062,3280,0,3280,660,0,660,32000SPR
R72 04905 0063,3640,0,3640,660,0,660,32000SPR
R72 04905 0064,3640,0,3640,660,0,660,32000SPR
R72 04905 0070,7400,23520,30920,3980,16320,20300,32000SPR
R72 04905 0071,3330,0,3330,670,0,670,32000SPR
R72 04905 0072,3330,0,3330,670,0,670,32000SPR
R72 04905 0073,7400,22720,30120,3980,19590,23570,32000SPR
R72 04905 0074,7400,28820,36220,3980,21180,25160,32000SPR
R72 04905 0075,3330,0,3330,670,0,670,32000SPR
R72 04905 0076,7400,41390,48790,3980,27800,31780,32000SPR
R72 04905 0077,3330,0,3330,670,0,670,32000SPR
R72 04905 0078,7400,32220,39620,3980,29430,33410,32000SPR
R72 04905 0079,7520,22470,29990,4010,6280,10290,32000SPR
R72 04905 0080,7520,12810,20330,4010,5430,9440,32000SPR
R72 04905 0081,3010,0,3010,610,0,610,32000SPR
R72 04905 0082,3010,0,3010,610,0,610,32000SPR
R72 04905 0083,7520,16850,24370,4010,4810,8820,32000SPR
R72 04905 0084,3010,0,3010,610,0,610,32000SPR
R72 04905 0085,3010,0,3010,610,0,610,32000SPR
R72 04905 0086,2820,0,2820,560,0,560,32000SPR
R72 04905 0087,2820,0,2820,560,0,560,32000SPR
R72 04905 0088,2960,0,2960,600,0,600,32000SPR
R72 04905 0089,7400,16090,23490,3980,6260,10240,32000SPR
R72 04905 0090,2960,0,2960,600,0,600,32000SPR
R72 04905 0091,2960,0,2960,600,0,600,32000SPR
R72 04905 0092,2960,0,2960,600,0,600,32000SPR
R72 04905 0093,2960,0,2960,600,0,600,32000SPR
R72 04905 0094,7400,13080,20480,3980,9750,13730,32000SPR
R72 04906 0019,4820,21970,26790,3860,24780,28640,32010SPR
R72 04906 0020,4820,17570,22390,3860,18400,22260,32010SPR
R72 04906 0021,4820,18870,23690,3860,19340,23200,32010SPR
R72 04906 0022,4820,8940,13760,3860,44970,48830,32010SPR
R72 04906 0023,4820,25900,30720,3860,27650,31510,32010SPR
R72 04906 0050,4820,16490,21310,3860,3030,6890,32010SPR
R72 04906 0051,4820,19090,23910,3860,22850,26710,32010SPR
R72 04906 0052,4820,17010,21830,3860,16530,20390,32010SPR
R72 04906 0057,4820,24770,29590,3860,29970,33830,32010SPR
R72 04909 0028,4230,19540,23770,3360,22650,26010,32010SPR
R72 04909 0029,4230,9660,13890,3360,10510,13870,32010SPR
R72 04909 0030,2120,0,2120,1510,0,1510,32010SPR
R72 04909 0031,4230,28030,32260,3360,29630,32990,32010SPR
R72 04909 0037,4990,21300,26290,4010,22960,26970,32010SPR
R72 04909 0038,4700,14750,19450,1880,200,2080,32010SPR
R72 04909 0039,4550,23170,27720,3580,25110,28690,32010SPR
R72 04909 0043,2190,0,2190,1560,0,1560,32010SPR
R72 04909 0044,4370,2020,6390,1730,0,1730,32010SPR
R72 04909 0045,4370,15510,19880,3460,22230,25690,32010SPR
R72 04909 0046,330,0,330,260,0,260,32010SPR
R72 04909 0053,5040,25600,30640,4040,18270,22310,32010SPR
R72 04909 0054,4700,22880,27580,3770,25000,28770,32010SPR
R72 04909 0066,0,0,0,0,0,0,99999999
R72 04910B0007,720,0,720,500,0,500,33000WRI
R72 04910B0008,720,0,720,500,0,500,33000WRI
R72 04910B0011,720,0,720,500,0,500,33000WRI
R72 04910B0012,720,0,720,500,0,500,33000WRI
R72 04910B0013,720,0,720,500,0,500,33000WRI
R72 04910B0014,720,0,720,500,0,500,33000WRI
R72 04910B0015,720,0,720,500,0,500,33000WRI
R72 04910B0016,720,0,720,500,0,500,33000WRI
R72 04910B0017,720,0,720,500,0,500,33000WRI
R72 04910B0018,720,0,720,500,0,500,33000WRI
R72 04910B0019,720,0,720,500,0,500,33000WRI
R72 04910B0020,720,0,720,500,0,500,33000WRI
R72 04912 0022,27280,0,27280,24800,0,24800,C0100000
R72 05001 0003,15090,20180,35270,9060,12720,21780,41000OND
R72 05001 0004,14040,8830,22870,8240,28820,37060,41000OND
R72 05001 0005,14040,23390,37430,8240,11000,19240,41000OND
R72 05001 0006,14040,26680,40720,8240,37250,45490,41000OND
R72 05001 0007,12460,23480,35940,7010,26830,33840,41000OND
R72 05001 0009,10850,15130,25980,5770,17580,23350,41000OND
R72 05001 0011,13560,15420,28980,7760,18710,26470,41000OND
R72 05001 0012,13560,15970,29530,7760,20310,28070,41000OND
R72 05001 0013,13560,14550,28110,7760,16970,24730,41000OND
R72 05001 0014,13560,27920,41480,6520,22900,29420,41000OND
R72 05001 0016,13560,24080,37640,7760,26460,34220,41000OND
R72 05001 0017,16440,35580,52020,9800,45810,55610,41000OND
R72 05001 0018,13440,20540,33980,7580,25350,32930,41000OND
R72 05001 0019,15290,29840,45130,8900,34470,43370,41000OND
R72 05001 0021,13440,13040,26480,7580,13240,20820,41000OND
R72 05001 0022,12960,14390,27350,7200,16060,23260,41000OND
R72 05001 0023,12960,15770,28730,7200,21110,28310,41000OND
R72 05001 0024,12960,10430,23390,7200,14200,21400,41000OND
R72 05001 0025,12960,19550,32510,7200,23430,30630,41000OND
R72 05001 0026,12960,34110,47070,7200,39010,46210,41000OND
R72 05001 0027,12960,32680,45640,7200,36410,43610,41000OND
R72 05001 0028,12960,39030,51990,7200,18280,25480,41000OND
R72 05001 0029,12960,16850,29810,7200,14520,21720,41000OND
R72 05001 0030,6720,0,6720,3450,0,3450,41000OND
R72 05001 0031,13440,28850,42290,7580,43760,51340,41000OND
R72 05001 0032,13440,23240,36680,7580,29820,37400,41000OND
R72 05001 0033,13440,27020,40460,7580,37380,44960,41000OND
R72 05001 0034,6720,0,6720,3450,0,3450,41000OND
R72 05001 0035,13440,28590,42030,7580,39780,47360,41000OND
R72 05001 0036,15460,27780,43240,9020,30660,39680,41000OND
R72 05001 0038,10850,10280,21130,5770,13610,19380,41000OND
R72 05001 0039,11590,12760,24350,6250,15130,21380,41000OND
R72 05001 0040,12200,23970,36170,6770,31070,37840,41000OND
R72 05002 0001,10490,17190,27680,4670,5500,10170,41000OND
R72 05002 0002,12150,20560,32710,6640,26780,33420,41000OND
R72 05002 0003,12150,29330,41480,6640,48230,54870,41000OND
R72 05002 0004,12150,30150,42300,6640,31500,38140,41000OND
R72 05002 0005,6080,0,6080,3030,0,3030,41000OND
R72 05002 0006,17000,39740,56740,9850,61750,71600,41000OND
R72 05002 0008,17000,18490,35490,9850,20260,30110,41000OND
R72 05002 0010,5640,0,5640,3090,0,3090,41000OND
R72 05002 0011,5180,0,5180,2790,0,2790,41000OND
R72 05002 0012,10970,26830,37800,5910,119740,125650,41000OND
R72 05002 0013,10660,26130,36790,5700,39220,44920,41000OND
R72 05002 0014,10820,23200,34020,5810,30280,36090,41000OND
R72 05002 0015,11120,30480,41600,6010,40680,46690,41000OND
R72 05002 0017,6010,0,6010,3000,0,3000,41000OND
R72 05002 0019,10660,11380,22040,5730,26730,32460,41000OND
R72 05002 0020,11120,12640,23760,5910,17210,23120,41000OND
R72 05002 0021,12770,24280,37050,7150,32570,39720,41000OND
R72 05002 0022,12490,21330,33820,6950,24590,31540,41000OND
R72 05002 0023,12770,19270,32040,7120,22710,29830,41000OND
R72 05002 0024,12270,20670,32940,6720,22310,29030,41000OND
R72 05002 0025,11730,24750,36480,6380,26660,33040,41000OND
R72 05002 0026,11380,20380,31760,6160,25170,31330,41000OND
R72 05002 0030,11060,25810,36870,5980,27480,33460,41000OND
R72 05002 0031,11170,26160,37330,6000,23050,29050,41000OND
R72 05002 0032,11020,26620,37640,5910,33430,39340,41000OND
R72 05002 0033,11020,18310,29330,5910,23580,29490,41000OND
R72 05002 0034,11020,0,11020,5910,58790,64700,41000OND
R72 05002 0035,5510,0,5510,2990,0,2990,41000OND
R72 05002 0036,16830,18290,35120,9680,37680,47360,41000OND
R72 05002 0038,5740,0,5740,2840,0,2840,41000OND
R72 05002 0039,11480,39610,51090,6230,47340,53570,41000OND
R72 05002 0040,12150,30550,42700,6640,38080,44720,41000OND
R72 05002 0041,12150,32650,44800,6640,31240,37880,41000OND
R72 05002 0042,12150,30160,42310,6640,31320,37960,41000OND
R72 05002 0043,12150,32730,44880,6640,32340,38980,41000OND
R72 05002 0044,10730,26790,37520,5770,34060,39830,41000OND
R72 05002 0045,10730,28050,38780,5770,36160,41930,41000OND
R72 05002 0046,5370,0,5370,2630,0,2630,41000OND
R72 05002 0047,4820,0,4820,2360,0,2360,41000OND
R72 05002 0048,9640,20030,29670,5170,47340,52510,41000OND
R72 05002 0049,11480,21790,33270,6190,24340,30530,41000OND
R72 05002 0051,11880,10390,22270,6410,27960,34370,41000OND
R72 05002 0052,9640,37820,47460,5170,28820,33990,41000OND
R72 05002 0053,4820,0,4820,2360,0,2360,41000OND
R72 05002 0054,9640,17560,27200,5170,30620,35790,41000OND
R72 05002 0055,14920,47360,62280,8080,56960,65040,41000OND
R72 05002 0057,22320,44170,66490,12770,76630,89400,41000OND
R72 05002 0060,13860,21190,35050,7410,23450,30860,41000OND
R72 05002 0061,12780,23030,35810,7450,19520,26970,41000OND
R72 05002 0062,12460,23460,35920,7010,30800,37810,41000OND
R72 05002 0063,12030,27830,39860,6570,26990,33560,41000OND
R72 05002 0064,11400,24510,35910,6150,10040,16190,41000OND
R72 05002 0065,15150,17080,32230,8510,17430,25940,41000OND
R72 05002 0066,13340,24730,38070,7550,89000,96550,41000OND
R72 05002 0067,13460,22500,35960,7670,65050,72720,41000OND
R72 05002 0068,13340,18870,32210,7640,32830,40470,41000OND
R72 05002 0069,16040,40120,56160,9720,67540,77260,41000OND
R72 05002 0071,16040,47530,63570,9720,71130,80850,41000OND
R72 05002 0073,10820,27290,38110,5810,33830,39640,41000OND
R72 05002 0076,5560,0,5560,2740,0,2740,41000OND
R72 05002 0079,11450,19700,31150,6170,23090,29260,41000OND
R72 05002 0080,12420,22050,34470,6760,27490,34250,41000OND
R72 05002 0081,10490,21830,32320,5640,23500,29140,41000OND
R72 05002 0082,10490,26180,36670,4520,0,4520,41000OND
R72 05002 0083,10490,23870,34360,5620,31370,36990,41000OND
R72 05002 0084,10490,23220,33710,5620,21710,27330,41000OND
R72 05002 0085,10760,23610,34370,5770,28660,34430,41000OND
R72 05002 0086,11450,19440,30890,6140,31450,37590,41000OND
R72 05002 0087,11450,19920,31370,6140,20700,26840,41000OND
R72 05002 0088,11450,15720,27170,6140,17400,23540,41000OND
R72 05002 0089,11330,22690,34020,6100,28780,34880,41000OND
R72 05002 0090,11330,22540,33870,6100,26280,32380,41000OND
R72 05002 0091,12420,20990,33410,6720,24140,30860,41000OND
R72 05002 0092,11930,23880,35810,6500,30040,36540,41000OND
R72 05002 0094,18480,20880,39360,10040,20350,30390,41000OND
R72 05002 0098,13230,20740,33970,6190,9380,15570,41000OND
R72 05002 0099,5990,0,5990,2740,0,2740,41000OND
R72 05002 0100,8430,53050,61480,8550,61350,69900,41000OND
R72 05003 0001,17960,28710,46670,9590,30930,40520,41000OND
R72 05003 0003,11610,23890,35500,6290,27260,33550,41000OND
R72 05003 0004,11610,24830,36440,6290,21990,28280,41000OND
R72 05003 0005,11610,21990,33600,6290,24940,31230,41000OND
R72 05003 0006,11610,25260,36870,6290,28270,34560,41000OND
R72 05003 0007,13520,28900,42420,7570,33210,40780,41000OND
R72 05003 0008,11170,25230,36400,6030,31500,37530,41000OND
R72 05003 0009,11480,41420,52900,6230,49670,55900,41000OND
R72 05003 0010,10580,21930,32510,5680,27040,32720,41000OND
R72 05003 0019,11930,21710,33640,6500,24810,31310,41000OND
R72 05003 0020,11610,29710,41320,6290,29930,36220,41000OND
R72 05003 0021,11610,17910,29520,6290,4750,11040,41000OND
R72 05003 0023,18430,22690,41120,9930,37500,47430,41000OND
R72 05004 0001,11930,18900,30830,6500,21660,28160,41000OND
R72 05004 0002,11930,16610,28540,6480,16480,22960,41000OND
R72 05004 0003,11930,17480,29410,6500,20290,26790,41000OND
R72 05004 0004,11450,22130,33580,6180,23510,29690,41000OND
R72 05004 0005,13520,17750,31270,7570,21180,28750,41000OND
R72 05004 0006,11610,41100,52710,6290,980,7270,41000OND
R72 05004 0007,2670,0,2670,1290,0,1290,41000OND
R72 05004 0008,1530,0,1530,730,0,730,41000OND
R72 05004 0009,11610,51590,63200,6290,53620,59910,41000OND
R72 05004 0012,14310,54690,69000,8100,58980,67080,41000OND
R72 05005 0004,11930,25580,37510,6500,27020,33520,41000OND
R72 05005 0005,11930,20240,32170,6500,19790,26290,41000OND
R72 05005 0006,11930,15260,27190,6500,16690,23190,41000OND
R72 05005 0007,11930,20430,32360,6500,20960,27460,41000OND
R72 05005 0008,11930,17900,29830,6500,18030,24530,41000OND
R72 05005 0009,11930,20980,32910,6500,19930,26430,41000OND
R72 05005 0010,19080,31380,50460,11300,37320,48620,41000OND
R72 05005 0011,14450,34140,48590,8180,34770,42950,41000OND
R72 05005 0014,11930,20210,32140,6500,22190,28690,41000OND
R72 05005 0015,11130,26090,37220,5970,21900,27870,41000OND
R72 05005 0016,7910,35430,43340,7290,0,7290,C0200000
R72 05006 0001,13560,26880,40440,7670,32540,40210,41000OND
R72 05006 0002,14760,27450,42210,8240,38520,46760,41000OND
R72 05006 0003,14400,15610,30010,8930,18950,27880,41000OND
R72 05006 0004,13920,16870,30790,8180,21390,29570,41000OND
R72 05006 0005,13200,22660,35860,7450,21330,28780,41000OND
R72 05006 0006,12240,17670,29910,6690,21110,27800,41000OND
R72 05006 0007,11040,25290,36330,5930,8730,14660,41000OND
R72 05006 0008,17730,41490,59220,9880,26120,36000,41000OND
R72 05006 0009,14520,24130,38650,8270,31890,40160,41000OND
R72 05006 0010,13320,30490,43810,7510,31850,39360,41000OND
R72 05006 0011,13320,28320,41640,7510,12020,19530,41000OND
R72 05006 0012,13320,30330,43650,7510,32130,39640,41000OND
R72 05006 0013,13320,28360,41680,7510,34350,41860,41000OND
R72 05006 0014,13320,33170,46490,7510,78410,85920,41000OND
R72 05006 0015,11990,15910,27900,6560,20980,27540,41000OND
R72 05006 0017,12820,14160,26980,7160,17060,24220,41000OND
R72 05006 0018,16480,27810,44290,9760,37090,46850,41000OND
R72 05006 0019,13320,33770,47090,7510,36020,43530,41000OND
R72 05006 0020,13320,25950,39270,7510,24270,31780,41000OND
R72 05006 0021,14650,27880,42530,8460,27120,35580,41000OND
R72 05006 0022,9070,32870,41940,4870,32410,37280,41000OND
R72 05006 0023,6810,0,6810,3290,0,3290,41000OND
R72 05006 0024,560,0,560,180,0,180,41000OND
R72 05006 0025,11990,18580,30570,6560,39320,45880,41000OND
R72 05007 0001,16880,32870,49750,9960,16390,26350,41000OND
R72 05007 0002,15530,38250,53780,9250,45870,55120,41000OND
R72 05007 0003,16220,35680,51900,9400,37360,46760,41000OND
R72 05007 0004,5480,0,5480,2680,0,2680,41000OND
R72 05008 0004,18470,41760,60230,10960,32240,43200,41000OND
R72 05008 0006,7170,0,7170,3660,0,3660,41000OND
R72 05008 0007,15550,28700,44250,8970,37650,46620,41000OND
R72 05008 0015,14990,38320,53310,8540,45590,54130,41000OND
R72 05008 0016,12360,13110,25470,6820,17880,24700,41000OND
R72 05008 0017,6600,1750,8350,3720,2300,6020,41000OND
R72 05008 0018,12360,15170,27530,6820,21080,27900,41000OND
R72 05008 0019,8150,0,8150,3940,0,3940,41000OND
R72 05008 0020,4250,0,4250,2020,0,2020,41000OND
R72 05008 0021,7560,21380,28940,3860,29640,33500,41000OND
R72 05008 0023,12360,33420,45780,6820,43840,50660,41000OND
R72 05008 0024,12360,23670,36030,6820,25260,32080,41000OND
R72 05008 0025,12360,20490,32850,6820,22820,29640,41000OND
R72 05008 0026,6180,0,6180,3110,0,3110,41000OND
R72 05008 0027,11540,17570,29110,6240,22910,29150,41000OND
R72 05008 0028,4580,48320,52900,6310,35240,41550,41000OND
R72 05008 0029,12110,8240,20350,6610,3760,10370,41000OND
R72 05008 0032,12960,23760,36720,7200,31150,38350,41000OND
R72 05008 0033,6180,0,6180,3110,0,3110,41000OND
R72 05008 0034,11160,14510,25670,6000,26990,32990,41000OND
R72 05008 0035,5930,0,5930,2890,0,2890,41000OND
R72 05008 0046,720,0,720,130,0,130,41000OND
R72 05008 0047,600,0,600,1980,0,1980,41000OND
R72 05009 0001,9330,19490,28820,5130,17780,22910,41000OND
R72 05009 0002,5040,0,5040,2810,0,2810,41000OND
R72 05009 0003,9150,24760,33910,2540,0,2540,41000OND
R72 05009 0004,4700,0,4700,2580,0,2580,41000OND
R72 05009 0005,8090,30580,38670,4320,38950,43270,41000OND
R72 05009 0006,3980,0,3980,2160,0,2160,41000OND
R72 05009 0007,3630,0,3630,2040,0,2040,41000OND
R72 05009 0008,400,0,400,130,0,130,41000OND
R72 05009 0087,400,0,400,130,0,130,41000OND
R72 05101 0001,24800,19840,44640,14090,25230,39320,41000OND
R72 05101 0002,17340,29900,47240,9510,35200,44710,41000OND
R72 05101 0003,17060,17570,34630,9350,21630,30980,41000OND
R72 05101 0004,15260,21550,36810,8510,23990,32500,41000OND
R72 05101 0007,11700,24900,36600,6370,24160,30530,41000OND
R72 05101 0008,12000,15310,27310,6560,21660,28220,41000OND
R72 05101 0009,12750,17000,29750,7040,20430,27470,41000OND
R72 05101 0019,5040,0,5040,2450,0,2450,41000OND
R72 05101 0020,10800,28050,38850,5810,11570,17380,41000OND
R72 05101 0021,12680,29930,42610,7020,36800,43820,41000OND
R72 05101 0022,11340,34150,45490,6070,48970,55040,41000OND
R72 05101 0023,11240,26620,37860,3060,0,3060,41000OND
R72 05101 0024,11240,24340,35580,6040,29250,35290,41000OND
R72 05101 0025,11240,32490,43730,6040,37740,43780,41000OND
R72 05101 0026,14900,36460,51360,8480,52240,60720,41000OND
R72 05101 0027,15090,24470,39560,7900,22820,30720,41000OND
R72 05101 0028,4000,0,4000,1250,0,1250,41000OND
R72 05101 0029,5660,0,5660,2770,0,2770,41000OND
R72 05101 0030,4000,0,4000,1250,0,1250,41000OND
R72 05101 0035,4460,0,4460,2180,0,2180,41000OND
R72 05101 0040,4000,0,4000,1250,0,1250,41000OND
R72 05102 0001,14110,31060,45170,7860,38970,46830,41000OND
R72 05102 0002,14850,20310,35160,8320,26960,35280,41000OND
R72 05102 0004,11250,28360,39610,6090,33750,39840,41000OND
R72 05102 0005,10500,28280,38780,5620,31950,37570,41000OND
R72 05102 0006,10500,24520,35020,5620,35240,40860,41000OND
R72 05102 0007,10500,12340,22840,5620,17360,22980,41000OND
R72 05102 0008,12240,38440,50680,6750,57340,64090,41000OND
R72 05102 0009,12240,29650,41890,6750,55390,62140,41000OND
R72 05102 0010,13010,27100,40110,7250,35850,43100,41000OND
R72 05102 0011,12360,52980,65340,6780,81530,88310,41000OND
R72 05102 0012,6200,0,6200,3100,0,3100,41000OND
R72 05102 0013,12170,22020,34190,6700,25330,32030,41000OND
R72 05102 0014,12210,23520,35730,6720,27390,34110,41000OND
R72 05102 0015,12240,25500,37740,6690,29640,36330,41000OND
R72 05102 0016,12150,25000,37150,6690,35910,42600,41000OND
R72 05102 0017,12330,32660,44990,6750,50010,56760,41000OND
R72 05102 0018,11950,32110,44060,6540,41480,48020,41000OND
R72 05102 0019,14270,25100,39370,8170,28340,36510,41000OND
R72 05102 0022,14750,24920,39670,8600,43770,52370,41000OND
R72 05102 0025,13280,20530,33810,7420,15480,22900,41000OND
R72 05102 0026,11450,23870,35320,6180,18630,24810,41000OND
R72 05102 0027,13230,31300,44530,7360,39830,47190,41000OND
R72 05103 0004,13820,13900,27720,7640,15660,23300,41000OND
R72 05103 0005,11610,21530,33140,6320,31380,37700,41000OND
R72 05103 0006,11090,19610,30700,5910,25850,31760,41000OND
R72 05103 0012,11100,27150,38250,6000,32260,38260,41000OND
R72 05103 0013,8870,16020,24890,3870,0,3870,41000OND
R72 05103 0018,11830,18060,29890,6490,24090,30580,41000OND
R72 05103 0020,5580,0,5580,2780,0,2780,41000OND
R72 05103 0023,250,0,250,300,0,300,41000OND
R72 05103 0025,4000,0,4000,330,0,330,41000OND
R72 05103 0027,!,!,!
R72 05104 0001,12240,42460,54700,6750,34790,41540,41000OND
R72 05104 0002,12240,27280,39520,6750,26880,33630,41000OND
R72 05104 0003,12240,29590,41830,6750,36130,42880,41000OND
R72 05104 0004,12240,30040,42280,6750,36470,43220,41000OND
R72 05104 0005,12240,26970,39210,6750,32280,39030,41000OND
R72 05104 0006,12240,35020,47260,6750,40900,47650,41000OND
R72 05104 0007,12240,33420,45660,6720,32020,38740,41000OND
R72 05104 0008,12720,40340,53060,7040,49540,56580,41000OND
R72 05104 0009,12240,32740,44980,6720,36080,42800,41000OND
R72 05104 0010,12240,25680,37920,6720,33800,40520,41000OND
R72 05104 0011,12240,31030,43270,6720,43360,50080,41000OND
R72 05104 0012,12240,31000,43240,6720,33280,40000,41000OND
R72 05104 0013,12240,34450,46690,6720,37240,43960,41000OND
R72 05104 0014,12240,25560,37800,6720,26710,33430,41000OND
R72 05104 0015,9790,24160,33950,5370,31000,36370,41000OND
R72 05104 0016,12240,37000,49240,6720,56700,63420,41000OND
R72 05104 0017,12240,30090,42330,6720,37220,43940,41000OND
R72 05104 0018,15300,58330,73630,8700,71880,80580,41000OND
R72 05104 0020,15300,34040,49340,8700,46330,55030,41000OND
R72 05104 0021,12240,32490,44730,6720,74740,81460,41000OND
R72 05104 0022,11780,37340,49120,6430,37850,44280,41000OND
R72 05104 0023,11100,29990,41090,6020,37660,43680,41000OND
R72 05104 0024,11250,39470,50720,6120,44940,51060,41000OND
R72 05104 0025,11250,29110,40360,6120,34240,40360,41000OND
R72 05104 0026,11250,28260,39510,6120,31910,38030,41000OND
R72 05104 0027,11250,8570,19820,6120,5110,11230,41000OND
R72 05104 0028,11400,21510,32910,6210,7880,14090,41000OND
R72 05104 0029,11100,28240,39340,6020,31130,37150,41000OND
R72 05104 0030,11250,12030,23280,6120,6550,12670,41000OND
R72 05104 0031,11100,21740,32840,6020,25260,31280,41000OND
R72 05104 0032,17570,38960,56530,9900,40550,50450,41000OND
R72 05104 0035,13540,64200,77740,7420,93880,101300,41000OND
R72 05104 0038,6700,0,6700,3740,0,3740,41000OND
R72 05104 0040,13400,37420,50820,7290,37160,44450,41000OND
R72 05104 0041,13250,34450,47700,7250,38720,45970,41000OND
R72 05104 0042,12120,45000,57120,6630,45910,52540,41000OND
R72 05104 0046,6770,0,6770,3400,0,3400,41000OND
R72 05105 0001,18100,22940,41040,10580,18390,28970,41000OND
R72 05105 0003,12170,23510,35680,1190,0,1190,C0200000
R72 05105 0004,10350,22290,32640,5560,31550,37110,41000OND
R72 05105 0005,5180,0,5180,2540,0,2540,41000OND
R72 05105 0006,10350,22150,32500,5560,27230,32790,41000OND
R72 05105 0007,10460,22410,32870,5590,19810,25400,41000OND
R72 05105 0008,10460,28790,39250,5590,32100,37690,41000OND
R72 05105 0009,10460,18300,28760,5590,18440,24030,41000OND
R72 05105 0010,5230,0,5230,2550,0,2550,41000OND
R72 05105 0011,10460,22800,33260,5590,25010,30600,41000OND
R72 05105 0012,5230,0,5230,2550,0,2550,41000OND
R72 05105 0013,10260,25680,35940,5480,32230,37710,41000OND
R72 05105 0014,10800,25020,35820,5840,29440,35280,41000OND
R72 05105 0015,10800,17020,27820,5840,21770,27610,41000OND
R72 05105 0016,11080,18770,29850,5970,26110,32080,41000OND
R72 05105 0020,10910,19440,30350,5860,22060,27920,41000OND
R72 05105 0028,12270,18530,30800,6710,20830,27540,41000OND
R72 05105 0029,9450,11510,20960,5020,34390,39410,41000OND
R72 05105 0030,9450,22400,31850,5020,24600,29620,41000OND
R72 05105 0031,9990,21370,31360,5320,29150,34470,41000OND
R72 05105 0032,9990,25600,35590,5320,21410,26730,41000OND
R72 05105 0033,5000,0,5000,2430,0,2430,41000OND
R72 05105 0036,8640,26940,35580,4750,28060,32810,41000OND
R72 05105 0037,12420,22500,34920,6720,27000,33720,41000OND
R72 05105 0042,11090,22010,33100,5970,45340,51310,41000OND
R72 05105 0043,9770,22890,32660,5190,28090,33280,41000OND
R72 05105 0044,9660,28490,38150,5140,36060,41200,41000OND
R72 05105 0045,21380,32730,54110,11510,38080,49590,41000OND
R72 05105 0047,4880,0,4880,2590,50430,53020,41000OND
R72 05105 0048,7670,29180,36850,4000,3050,7050,41000OND
R72 05105 0050,11860,32220,44080,6430,43130,49560,41000OND
R72 05105 0051,10950,27950,38900,5930,36320,42250,41000OND
R72 05105 0052,10950,20220,31170,5930,23650,29580,41000OND
R72 05105 0053,10510,29630,40140,5670,26950,32620,41000OND
R72 05105 0069,3190,0,3190,1650,0,1650,41000OND
R72 05105 0077,4270,2030,6300,2380,2690,5070,41000OND
R72 05105 0078,3920,0,3920,1970,0,1970,41000OND
R72 05105 0079,6400,0,6400,2000,0,2000,41000OND
R72 05105 0080,10490,14100,24590,5620,17290,22910,41000OND
R72 05106 0006,10240,19330,29570,5450,9970,15420,41000OND
R72 05106 0007,10240,15600,25840,5450,16450,21900,41000OND
R72 05106 0008,10240,14460,24700,5450,17570,23020,41000OND
R72 05106 0009,10240,12050,22290,5450,12410,17860,41000OND
R72 05106 0010,10240,15210,25450,5450,21540,26990,41000OND
R72 05106 0011,10240,13820,24060,5450,15580,21030,41000OND
R72 05106 0012,10240,16080,26320,5450,18090,23540,41000OND
R72 05106 0013,10240,14330,24570,5450,17780,23230,41000OND
R72 05106 0014,10240,15440,25680,4590,8270,12860,41000OND
R72 05106 0015,10240,24560,34800,5450,24300,29750,41000OND
R72 05106 0016,10240,16550,26790,5450,18630,24080,41000OND
R72 05106 0017,13460,16070,29530,7730,17070,24800,41000OND
R72 05106 0018,20530,26680,47210,13190,35190,48380,41000OND
R72 05106 0019,13520,40960,54480,7500,24850,32350,41000OND
R72 05106 0020,12820,17940,30760,7030,18840,25870,41000OND
R72 05106 0021,12530,12100,24630,6820,14010,20830,41000OND
R72 05106 0022,12380,15810,28190,6730,18370,25100,41000OND
R72 05106 0023,12380,16320,28700,6730,19310,26040,41000OND
R72 05106 0024,12380,16140,28520,6730,13910,20640,41000OND
R72 05106 0025,12380,15360,27740,6730,17770,24500,41000OND
R72 05106 0026,12260,14850,27110,6660,18420,25080,41000OND
R72 05106 0027,12380,15190,27570,6730,17910,24640,41000OND
R72 05106 0028,12380,15040,27420,6730,17960,24690,41000OND
R72 05106 0029,18100,19090,37190,10580,33520,44100,41000OND
R72 05106 0031,11540,23390,34930,6260,29390,35650,41000OND
R72 05106 0032,11540,34810,46350,5270,31160,36430,41000OND
R72 05106 0033,11540,20900,32440,6260,24040,30300,41000OND
R72 05106 0034,11540,34290,45830,6260,32720,38980,41000OND
R72 05106 0035,12900,11120,24020,7100,14100,21200,41000OND
R72 05106 0036,12300,16860,29160,6720,19840,26560,41000OND
R72 05106 0037,12300,16180,28480,6720,18270,24990,41000OND
R72 05106 0038,12300,15000,27300,6720,17710,24430,41000OND
R72 05106 0039,12450,15190,27640,6810,17910,24720,41000OND
R72 05106 0040,12300,15190,27490,6720,18880,25600,41000OND
R72 05106 0041,12300,15600,27900,6720,17390,24110,41000OND
R72 05106 0042,12300,16750,29050,6720,17330,24050,41000OND
R72 05106 0043,12180,19530,31710,6690,22060,28750,41000OND
R72 05106 0044,12180,17520,29700,6690,26190,32880,41000OND
R72 05106 0045,12180,38800,50980,6690,43220,49910,41000OND
R72 05106 0046,9600,26060,35660,5070,29740,34810,41000OND
R72 05106 0047,10300,13870,24170,5440,20800,26240,41000OND
R72 05106 0048,12010,22120,34130,6570,11730,18300,41000OND
R72 05106 0049,13400,16160,29560,7740,17240,24980,41000OND
R72 05106 0050,12010,23970,35980,6570,24770,31340,41000OND
R72 05106 0051,13940,18850,32790,7820,21470,29290,41000OND
R72 05106 0052,12620,29380,42000,6930,30160,37090,41000OND
R72 05106 0053,12330,24590,36920,6750,26920,33670,41000OND
R72 05106 0054,12330,25650,37980,6750,26780,33530,41000OND
R72 05106 0055,12330,18720,31050,6750,26410,33160,41000OND
R72 05106 0056,12330,25190,37520,6750,36130,42880,41000OND
R72 05106 0057,12330,18730,31060,6780,13940,20720,41000OND
R72 05106 0058,12330,22150,34480,6780,22580,29360,41000OND
R72 05106 0059,12330,21860,34190,6780,22850,29630,41000OND
R72 05106 0061,11250,23580,34830,6090,24870,30960,41000OND
R72 05106 0062,11250,18080,29330,6090,18640,24730,41000OND
R72 05106 0063,17250,47330,64580,9880,65840,75720,41000OND
R72 05106 0064,12450,36140,48590,6850,44820,51670,41000OND
R72 05106 0065,12450,27950,40400,6850,24710,31560,41000OND
R72 05106 0066,12300,32830,45130,6750,36870,43620,41000OND
R72 05106 0067,12300,32680,44980,6750,18900,25650,41000OND
R72 05106 0068,12300,18470,30770,3420,0,3420,41000OND
R72 05106 0069,6150,0,6150,3380,34080,37460,41000OND
R72 05106 0070,12300,37960,50260,7470,0,7470,41000OND
R72 05106 0071,11800,36090,47890,8980,0,8980,41000OND
R72 05106 0074,12000,31530,43530,6560,37000,43560,41000OND
R72 05106 0075,11400,18820,30220,6180,16560,22740,41000OND
R72 05106 0076,11400,20380,31780,6180,23390,29570,41000OND
R72 05106 0077,11250,21580,32830,6090,24640,30730,41000OND
R72 05106 0078,5630,0,5630,2780,0,2780,41000OND
R72 05106 0079,10140,16850,26990,5340,19660,25000,41000OND
R72 05106 0081,15530,20880,36410,9330,24830,34160,41000OND
R72 05106 0082,18330,31080,49410,9800,36090,45890,41000OND
R72 05107 0001,10830,15550,26380,5840,17000,22840,41000OND
R72 05107 0002,11320,29430,40750,6100,42030,48130,41000OND
R72 05107 0003,11660,26500,38160,6320,30660,36980,41000OND
R72 05107 0004,11660,29850,41510,6320,42210,48530,41000OND
R72 05107 0005,11660,25050,36710,6320,32190,38510,41000OND
R72 05107 0006,11660,25180,36840,6320,38510,44830,41000OND
R72 05107 0007,11660,29080,40740,6320,31540,37860,41000OND
R72 05107 0008,11660,30700,42360,6320,37490,43810,41000OND
R72 05107 0009,11540,11580,23120,2820,35260,38080,41000OND
R72 05107 0010,10660,30990,41650,2610,0,2610,41000OND
R72 05107 0011,10880,27860,38740,5830,41070,46900,41000OND
R72 05107 0012,11540,36050,47590,6260,45900,52160,41000OND
R72 05107 0013,13860,33450,47310,7880,34310,42190,41000OND
R72 05107 0015,12440,30380,42820,6840,36420,43260,41000OND
R72 05107 0016,11810,20100,31910,6420,25790,32210,41000OND
R72 05107 0017,11500,22530,34030,6210,30950,37160,41000OND
R72 05107 0018,10950,32370,43320,4730,0,4730,41000OND
R72 05107 0019,5710,22470,28180,5000,0,5000,41000OND
R72 05107 0026,12950,34290,47240,7110,40440,47550,41000OND
R72 05107 0027,10480,22600,33080,5600,27360,32960,41000OND
R72 05107 0028,10480,22260,32740,5600,30740,36340,41000OND
R72 05107 0029,10480,21260,31740,5600,30530,36130,41000OND
R72 05107 0030,10480,20500,30980,5600,20360,25960,41000OND
R72 05107 0031,10480,24350,34830,5600,35770,41370,41000OND
R72 05107 0032,10480,21510,31990,5600,31010,36610,41000OND
R72 05107 0033,10480,29870,40350,5600,36760,42360,41000OND
R72 05107 0034,10480,22480,32960,5600,29900,35500,41000OND
R72 05107 0035,11950,58990,70940,3480,67610,71090,C0200000
R72 05107 0036,11810,34820,46630,5580,38690,44270,41000OND
R72 05107 0037,11660,28550,40210,3270,59930,63200,C0200000
R72 05107 0039,10000,24360,34360,3130,25470,28600,41000OND
R72 05107 0040,8840,20490,29330,4760,24910,29670,41000OND
R72 05107 0041,8840,25400,34240,4780,28930,33710,41000OND
R72 05107 0042,8950,15350,24300,4800,19760,24560,41000OND
R72 05107 0043,8820,21430,30250,4740,28500,33240,41000OND
R72 05107 0044,8820,27120,35940,4760,34120,38880,41000OND
R72 05107 0045,8930,25880,34810,4790,29200,33990,41000OND
R72 05107 0046,9050,20690,29740,4880,31790,36670,41000OND
R72 05107 0047,9160,14860,24020,4900,31150,36050,41000OND
R72 05107 0048,9160,19590,28750,4930,25190,30120,41000OND
R72 05107 0049,9270,22330,31600,4950,23030,27980,41000OND
R72 05107 0050,10150,27310,37460,5400,33910,39310,41000OND
R72 05107 0051,10910,16840,27750,2980,0,2980,41000OND
R72 05107 0052,11060,18300,29360,4790,0,4790,41000OND
R72 05109 0023,6330,0,6330,3210,0,3210,41000OND
R72 05109 0026,17980,39520,57500,5480,0,5480,41000OND
R72 05109 0027,10000,25760,35760,3130,29000,32130,41000OND
R72 05109 0028,10000,22070,32070,3130,24610,27740,41000OND
R72 05109 0029,10000,18310,28310,3130,20400,23530,41000OND
R72 05109 0030,10000,19060,29060,3130,21590,24720,41000OND
R72 05109 0031,10000,19590,29590,3130,19820,22950,41000OND
R72 05109 0032,11000,17820,28820,3440,19940,23380,41000OND
R72 05109 0033,11000,28670,39670,3440,31640,35080,41000OND
R72 05109 0034,11000,23900,34900,3440,28150,31590,41000OND
R72 05109 0035,11000,17950,28950,3440,20190,23630,41000OND
R72 05109 0036,11000,30970,41970,3440,35170,38610,41000OND
R72 05109 0050,14330,22210,36540,8090,27790,35880,41000OND
R72 05109 0051,12290,24410,36700,6730,12250,18980,41000OND
R72 05109 0052,11810,22260,34070,6420,9670,16090,41000OND
R72 05109 0054,14180,41480,55660,7990,45540,53530,41000OND
R72 05109 0055,12540,40300,52840,6950,0,6950,41000OND
R72 05109 0056,5230,2640,7870,2880,0,2880,41000OND
R72 05109 0057,14850,42860,57710,8030,45480,53510,41000OND
R72 05109 0058,10000,20920,30920,2500,0,2500,41000OND
R72 05109 0059,8000,0,8000,2500,0,2500,41000OND
R72 05109 0063,10000,28030,38030,3130,29920,33050,41000OND
R72 05109 0077,13390,42260,55650,7460,49130,56590,41000OND
R72 05109 0078,13390,37350,50740,7460,47660,55120,41000OND
R72 05110 0004,12820,40330,53150,0,0,0,41000OND
R72 05110 0017,13430,20270,33700,2610,0,2610,41000OND
R72 05110 0019,9480,21430,30910,2570,0,2570,41000OND
R72 05110 0021,6960,17180,24140,2750,0,2750,41000OND
R72 05110 0022,7520,16770,24290,2140,0,2140,41000OND
R72 05110 0026,7560,19960,27520,2160,0,2160,41000OND
R72 05110 0027,7240,14980,22220,2110,0,2110,41000OND
R72 05110 0028,7030,17960,24990,2710,0,2710,41000OND
R72 05110 0029,7350,18230,25580,3010,0,3010,41000OND
R72 05110 0030,7140,1660,8800,3710,0,3710,41000OND
R72 05110 0033,13600,23480,37080,3040,0,3040,41000OND
R72 05110 0034,12560,28620,41180,1960,0,1960,C0200000
R72 05110 0036,9010,15990,25000,3730,0,3730,41000OND
R72 05110 0037,9010,9580,18590,4910,8510,13420,41000OND
R72 05110 0038,8650,7840,16490,4730,16620,21350,41000OND
R72 05110 0039,8210,19570,27780,2420,0,2420,41000OND
R72 05110 0040,8660,28570,37230,2410,0,2410,41000OND
R72 05110 0041,8870,22390,31260,2430,0,2430,41000OND
R72 05111 0001,16380,30720,47100,9440,39170,48610,41000OND
R72 05111 0003,6240,0,6240,3170,0,3170,41000OND
R72 05111 0004,12940,35320,48260,7280,39930,47210,41000OND
R72 05111 0005,13160,31170,44330,7610,42490,50100,41000OND
R72 05111 0006,10520,0,10520,6130,0,6130,41000OND
R72 05111 0011,8960,0,8960,49530,0,49530,41000OND
R72 05112 0001,11400,20150,31550,6180,21960,28140,41000OND
R72 05112 0002,11250,19160,30410,6090,21520,27610,41000OND
R72 05112 0003,11250,30770,42020,6090,36270,42360,41000OND
R72 05112 0005,11030,21930,32960,5980,17160,23140,41000OND
R72 05112 0006,10350,9370,19720,5540,17850,23390,41000OND
R72 05112 0007,3450,0,3450,1620,0,1620,41000OND
R72 05112 0008,9350,28950,38300,5000,16860,21860,41000OND
R72 05112 0009,5330,0,5330,2610,0,2610,41000OND
R72 05112 0010,10650,23990,34640,5710,12550,18260,41000OND
R72 05112 0011,12350,27530,39880,6560,23030,29590,41000OND
R72 05112 0012,10240,13830,24070,5450,20010,25460,41000OND
R72 05112 0013,10240,14720,24960,5450,20320,25770,41000OND
R72 05112 0014,10240,20440,30680,5450,20350,25800,41000OND
R72 05112 0015,14610,12330,26940,7980,14430,22410,41000OND
R72 05112 0016,11050,36970,48020,5930,32970,38900,41000OND
R72 05112 0017,9950,31890,41840,5330,31610,36940,41000OND
R72 05112 0018,10920,28460,39380,5870,30740,36610,41000OND
R72 05112 0019,9360,20610,29970,5110,19780,24890,41000OND
R72 05112 0020,9840,18910,28750,5300,18870,24170,41000OND
R72 05112 0022,10320,26180,36500,5490,18220,23710,41000OND
R72 05112 0023,11940,25460,37400,6530,18840,25370,41000OND
R72 05112 0024,11940,26460,38400,6530,32120,38650,41000OND
R72 05112 0025,12050,24750,36800,6550,25700,32250,41000OND
R72 05112 0026,7560,0,7560,4500,0,4500,41000OND
R72 05112 0027,13370,26600,39970,7570,25790,33360,41000OND
R72 05113 0001,13440,27360,40800,7580,28320,35900,41000OND
R72 05113 0002,6720,0,6720,3450,0,3450,41000OND
R72 05113 0003,6720,0,6720,3450,0,3450,41000OND
R72 05113 0004,13440,20630,34070,7580,22800,30380,41000OND
R72 05113 0005,13440,25040,38480,7580,14380,21960,41000OND
R72 05113 0006,6890,0,6890,3560,0,3560,41000OND
R72 05113 0007,7430,0,7430,3870,0,3870,41000OND
R72 05113 0008,1480,0,1480,720,0,720,41000OND
R72 05113 0009,400,0,400,130,0,130,41000OND
R72 05114 0003,11400,24930,36330,6180,37000,43180,41000OND
R72 05114 0004,11700,19080,30780,6370,6530,12900,41000OND
R72 05114 0007,12000,21640,33640,6560,22340,28900,41000OND
R72 05114 0008,12450,21060,33510,6850,18050,24900,41000OND
R72 05114 0010,13460,22990,36450,7730,25710,33440,41000OND
R72 05114 0012,12430,21910,34340,6880,26320,33200,41000OND
R72 05114 0013,12940,11910,24850,7330,49730,57060,41000OND
R72 05114 0014,18980,24550,43530,11900,22720,34620,41000OND
R72 05114 0017,12880,42550,55430,7140,40490,47630,41000OND
R72 05114 0018,11760,11710,23470,6460,24800,31260,41000OND
R72 05114 0019,11410,25240,36650,6190,14400,20590,41000OND
R72 05114 0020,13560,27370,40930,7760,23800,31560,41000OND
R72 05114 0022,13560,25920,39480,7760,41300,49060,41000OND
R72 05114 0023,13560,23650,37210,7760,15620,23380,41000OND
R72 05114 0024,20510,27750,48260,12880,39350,52230,41000OND
R72 05114 0025,6780,1270,8050,3930,0,3930,41000OND
R72 05114 0026,14070,30140,44210,8140,34420,42560,41000OND
R72 05114 0027,7180,0,7180,3800,0,3800,41000OND
R72 05114 0028,5470,0,5470,2660,0,2660,41000OND
R72 05114 0029,11580,22650,34230,6330,24380,30710,41000OND
R72 05114 0033,13560,37100,50660,7760,45670,53430,41000OND
R72 05201 0001,11830,31110,42940,6420,44850,51270,41000OND
R72 05201 0002,11830,32680,44510,6420,40290,46710,41000OND
R72 05201 0007,17490,41070,58560,10290,48480,58770,41000OND
R72 05201 0008,12150,34050,46200,6640,62520,69160,41000OND
R72 05201 0009,12150,36860,49010,6640,46750,53390,41000OND
R72 05201 0010,15180,51620,66800,8300,65370,73670,41000OND
R72 05201 0011,12150,26590,38740,6620,30550,37170,41000OND
R72 05201 0012,11990,31500,43490,6510,30360,36870,41000OND
R72 05201 0013,11990,24520,36510,6510,22170,28680,41000OND
R72 05201 0014,11990,16930,28920,6510,39710,46220,41000OND
R72 05201 0015,9750,30270,40020,5290,33670,38960,41000OND
R72 05201 0020,13860,14530,28390,7880,18160,26040,41000OND
R72 05201 0021,14030,17820,31850,8000,22580,30580,41000OND
R72 05201 0023,13120,18300,31420,7270,23060,30330,41000OND
R72 05201 0024,13120,17170,30290,7270,21700,28970,41000OND
R72 05201 0026,13120,18650,31770,7270,19110,26380,41000OND
R72 05201 0028,13450,14410,27860,7490,16120,23610,41000OND
R72 05201 0030,12600,22480,35080,6980,25730,32710,41000OND
R72 05201 0031,11100,24160,35260,6020,34860,40880,41000OND
R72 05201 0032,11100,29170,40270,6020,32410,38430,41000OND
R72 05201 0033,11100,32210,43310,6020,47570,53590,41000OND
R72 05201 0034,9290,25470,34760,5000,33980,38980,41000OND
R72 05201 0035,9550,27990,37540,5140,37790,42930,41000OND
R72 05201 0036,7880,25730,33610,4440,36450,40890,41000OND
R72 05201 0038,11090,25600,36690,5960,37280,43240,41000OND
R72 05201 0039,10210,17180,27390,5490,18210,23700,41000OND
R72 05201 0041,12900,35010,47910,7170,42450,49620,41000OND
R72 05201 0043,11250,29100,40350,6120,30930,37050,41000OND
R72 05201 0044,4950,0,4950,2400,0,2400,41000OND
R72 05201 0045,12600,20850,33450,6980,11200,18180,41000OND
R72 05201 0046,11250,24970,36220,6120,27990,34110,41000OND
R72 05201 0047,11250,27920,39170,6120,31250,37370,41000OND
R72 05201 0048,11250,24490,35740,6120,27260,33380,41000OND
R72 05201 0049,11250,12890,24140,6120,88890,95010,41000OND
R72 05201 0050,5630,0,5630,2790,0,2790,41000OND
R72 05201 0051,2880,30770,33650,1390,46960,48350,41000OND
R72 05201 0052,12150,32040,44190,6690,35070,41760,41000OND
R72 05201 0053,9930,19780,29710,5340,23010,28350,41000OND
R72 05201 0055,12640,36360,49000,6970,46010,52980,41000OND
R72 05201 0060,20670,21660,42330,10490,28000,38490,41000OND
R72 05201 0065,13120,18430,31550,7270,23910,31180,41000OND
R72 05201 0067,13120,14830,27950,7270,17270,24540,41000OND
R72 05202 0001,12900,11890,24790,7170,39870,47040,41000OND
R72 05202 0002,11100,23930,35030,6020,33420,39440,41000OND
R72 05202 0003,11100,28290,39390,6020,35520,41540,41000OND
R72 05202 0004,11100,23650,34750,6020,42540,48560,41000OND
R72 05202 0005,15630,16120,31750,8010,20480,28490,41000OND
R72 05202 0006,9550,14660,24210,5140,28740,33880,41000OND
R72 05202 0007,7990,28530,36520,4470,29700,34170,41000OND
R72 05202 0009,9680,32010,41690,5210,33200,38410,41000OND
R72 05202 0010,16430,21940,38370,8460,21990,30450,41000OND
R72 05202 0011,11850,28020,39870,7190,0,7190,41000OND
R72 05202 0013,11250,21360,32610,6120,27140,33260,41000OND
R72 05202 0014,10350,24500,34850,5560,35570,41130,41000OND
R72 05202 0015,11250,10980,22230,6120,31510,37630,41000OND
R72 05202 0016,11250,23940,35190,6120,33820,39940,41000OND
R72 05202 0017,11250,12850,24100,6120,15560,21680,41000OND
R72 05202 0018,11550,22690,34240,6310,24240,30550,41000OND
R72 05202 0019,10650,18190,28840,5740,18770,24510,41000OND
R72 05202 0020,15050,19150,34200,7700,20870,28570,41000OND
R72 05202 0021,9110,16380,25490,4930,20550,25480,41000OND
R72 05202 0030,17040,20260,37300,8810,32690,41500,41000OND
R72 05202 0031,11810,23660,35470,6420,32590,39010,41000OND
R72 05202 0032,11810,25140,36950,6420,34360,40780,41000OND
R72 05202 0033,11810,26690,38500,6420,37620,44040,41000OND
R72 05202 0034,11810,23380,35190,6420,30380,36800,41000OND
R72 05202 0035,11810,22760,34570,6420,28350,34770,41000OND
R72 05202 0036,11810,17010,28820,6420,24850,31270,41000OND
R72 05202 0037,11810,19880,31690,6420,26950,33370,41000OND
R72 05202 0038,11810,19710,31520,6420,23950,30370,41000OND
R72 05202 0039,11810,17450,29260,6420,21950,28370,41000OND
R72 05202 0040,11810,24570,36380,6420,32480,38900,41000OND
R72 05202 0041,11810,32100,43910,6420,20450,26870,41000OND
R72 05202 0061,7880,21810,29690,4440,35220,39660,41000OND
R72 05202 0063,10650,21820,32470,5740,29990,35730,41000OND
R72 05203 0010,10100,23360,33460,5380,27000,32380,41000OND
R72 05203 0011,9960,24300,34260,5300,32530,37830,41000OND
R72 05203 0012,11500,23710,35210,6210,39310,45520,41000OND
R72 05203 0013,9770,13360,23130,5070,14750,19820,41000OND
R72 05203 0015,11500,21170,32670,6210,11830,18040,41000OND
R72 05203 0016,11500,23990,35490,6210,22090,28300,41000OND
R72 05203 0017,11500,21790,33290,6210,22560,28770,41000OND
R72 05203 0019,11100,19470,30570,6020,28670,34690,41000OND
R72 05203 0020,11700,19900,31600,6400,11760,18160,41000OND
R72 05203 0022,10950,22830,33780,5930,31860,37790,41000OND
R72 05203 0024,10200,23610,33810,5450,29290,34740,41000OND
R72 05203 0025,10950,32300,43250,5930,33110,39040,41000OND
R72 05203 0026,10950,15880,26830,5930,17250,23180,41000OND
R72 05203 0027,10950,17600,28550,5930,22450,28380,41000OND
R72 05203 0028,10950,24620,35570,5930,28680,34610,41000OND
R72 05203 0029,6080,0,6080,3050,0,3050,41000OND
R72 05203 0030,6310,0,6310,2070,0,2070,41000OND
R72 05203 0031,10950,26090,37040,5450,28370,33820,41000OND
R72 05203 0032,10950,28060,39010,5930,57650,63580,41000OND
R72 05203 0033,5480,0,5480,2700,0,2700,41000OND
R72 05203 0034,10950,26000,36950,5930,32830,38760,41000OND
R72 05203 0035,10950,21550,32500,5930,31420,37350,41000OND
R72 05203 0036,10950,19920,30870,5930,20950,26880,41000OND
R72 05203 0037,10950,27820,38770,5930,34350,40280,41000OND
R72 05203 0038,12150,17690,29840,6690,43120,49810,41000OND
R72 05203 0039,10320,25550,35870,5540,32900,38440,41000OND
R72 05203 0040,10180,20340,30520,5460,29710,35170,41000OND
R72 05203 0041,10180,24960,35140,5460,30450,35910,41000OND
R72 05203 0042,10180,24700,34880,5460,24780,30240,41000OND
R72 05203 0043,5090,2090,7180,2730,2740,5470,41000OND
R72 05203 0044,10180,23000,33180,5460,31680,37140,41000OND
R72 05203 0045,10180,22230,32410,5460,26130,31590,41000OND
R72 05203 0046,10180,19470,29650,5460,27100,32560,41000OND
R72 05203 0047,11300,20150,31450,6110,25830,31940,41000OND
R72 05203 0048,12150,34360,46510,6660,55710,62370,41000OND
R72 05203 0049,14340,36680,51020,8540,53720,62260,41000OND
R72 05203 0059,9770,14710,24480,5070,16960,22030,41000OND
R72 05203 0060,8330,19190,27520,4600,26810,31410,41000OND
R72 05203 0062,9370,36800,46170,4580,49440,54020,41000OND
R72 05203 0063,9770,15490,25260,5070,15520,20590,41000OND
R72 05204 0035,9630,16950,26580,2590,0,2590,41000OND
R72 05204 0036,9630,18830,28460,5110,20210,25320,41000OND
R72 05204 0037,9630,21920,31550,5110,21350,26460,41000OND
R72 05204 0039,9630,18170,27800,2590,0,2590,41000OND
R72 05204 0040,9630,26720,36350,5110,32950,38060,41000OND
R72 05204 0044,9630,18320,27950,5110,17760,22870,41000OND
R72 05204 0045,9630,23870,33500,5110,22640,27750,41000OND
R72 05204 0046,9630,21160,30790,5110,26730,31840,41000OND
R72 05204 0047,9630,20970,30600,5110,30000,35110,41000OND
R72 05204 0048,9630,21030,30660,5110,25130,30240,41000OND
R72 05204 0049,9630,18890,28520,5110,25980,31090,41000OND
R72 05204 0050,9630,21930,31560,5110,27210,32320,41000OND
R72 05204 0056,9630,21560,31190,5110,24090,29200,41000OND
R72 05204 0057,9630,25200,34830,5110,28300,33410,41000OND
R72 05204 0058,9630,18730,28360,5110,26040,31150,41000OND
R72 05204 0059,9630,18990,28620,5130,20120,25250,41000OND
R72 05204 0060,9630,5040,14670,2600,0,2600,41000OND
R72 05204 0061,10320,21280,31600,5510,27920,33430,41000OND
R72 05204 0062,12280,25820,38100,6640,34860,41500,41000OND
R72 05204 0063,8790,40130,48920,4630,54220,58850,41000OND
R72 05204 0064,5020,0,5020,2440,0,2440,41000OND
R72 05204 0065,5020,0,5020,2440,0,2440,41000OND
R72 05204 0066,5020,0,5020,2440,0,2440,41000OND
R72 05204 0067,10040,20380,30420,5350,28960,34310,41000OND
R72 05204 0068,10040,23040,33080,5350,31980,37330,41000OND
R72 05204 0070,10040,22770,32810,5350,30740,36090,41000OND
R72 05204 0071,10040,19310,29350,5350,30520,35870,41000OND
R72 05204 0072,10040,21240,31280,5350,33460,38810,41000OND
R72 05204 0073,10040,23560,33600,5350,29090,34440,41000OND
R72 05204 0075,10040,28200,38240,5350,35020,40370,41000OND
R72 05204 0076,10040,24530,34570,5350,30240,35590,41000OND
R72 05204 0077,10040,20710,30750,5350,28440,33790,41000OND
R72 05204 0078,10040,26170,36210,5350,33310,38660,41000OND
R72 05204 0079,10040,23330,33370,5350,27150,32500,41000OND
R72 05204 0080,10040,19800,29840,5350,29080,34430,41000OND
R72 05204 0081,10040,18010,28050,5350,22760,28110,41000OND
R72 05204 0082,10040,22380,32420,5350,42760,48110,41000OND
R72 05204 0083,10040,23970,34010,5350,29930,35280,41000OND
R72 05204 0084,10040,12420,22460,5350,26020,31370,41000OND
R72 05204 0085,10040,20910,30950,5350,26520,31870,41000OND
R72 05204 0086,10040,26630,36670,5350,57860,63210,41000OND
R72 05204 0087,10040,23600,33640,5350,33130,38480,41000OND
R72 05204 0088,10040,19420,29460,5350,27640,32990,41000OND
R72 05204 0089,10040,25200,35240,5350,32340,37690,41000OND
R72 05204 0090,10040,23620,33660,5350,33970,39320,41000OND
R72 05204 0091,10040,13650,23690,2440,0,2440,41000OND
R72 05204 0092,10040,20520,30560,5350,21250,26600,41000OND
R72 05204 0093,10040,20460,30500,5380,30000,35380,41000OND
R72 05204 0094,10040,18310,28350,5380,25890,31270,41000OND
R72 05204 0095,10040,21300,31340,5380,24670,30050,41000OND
R72 05204 0096,10040,19050,29090,5380,18050,23430,41000OND
R72 05204 0097,10040,17960,28000,5380,26120,31500,41000OND
R72 05204 0098,10040,20960,31000,5380,33100,38480,41000OND
R72 05204 0099,10040,14890,24930,5380,33940,39320,41000OND
R72 05204 0100,10040,24550,34590,5380,44570,49950,41000OND
R72 05204 0101,5020,0,5020,2440,0,2440,41000OND
R72 05204 0102,10040,23880,33920,5350,28600,33950,41000OND
R72 05204 0103,10040,25640,35680,5350,34100,39450,41000OND
R72 05204 0104,14510,31430,45940,7930,35290,43220,41000OND
R72 05204 0106,10040,26140,36180,5350,32180,37530,41000OND
R72 05204 0107,10040,13430,23470,5350,27600,32950,41000OND
R72 05204 0108,10040,21630,31670,5350,25440,30790,41000OND
R72 05204 0109,10040,22550,32590,5350,32440,37790,41000OND
R72 05204 0110,10040,21810,31850,5350,31000,36350,41000OND
R72 05204 0111,10040,16130,26170,5350,9550,14900,41000OND
R72 05204 0112,10040,23250,33290,5350,27470,32820,41000OND
R72 05204 0113,10040,20180,30220,5350,31130,36480,41000OND
R72 05204 0114,10040,21100,31140,5350,30180,35530,41000OND
R72 05204 0115,10040,23530,33570,5350,29310,34660,41000OND
R72 05204 0116,10040,25250,35290,5350,31150,36500,41000OND
R72 05204 0117,10040,21730,31770,5350,26810,32160,41000OND
R72 05204 0118,10800,12240,23040,5810,31810,37620,41000OND
R72 05204 0119,10040,22000,32040,5350,29100,34450,41000OND
R72 05204 0120,10040,23450,33490,5350,23240,28590,41000OND
R72 05204 0121,10040,23240,33280,5350,31360,36710,41000OND
R72 05204 0122,10040,22570,32610,5350,27860,33210,41000OND
R72 05204 0123,10040,23040,33080,5350,25090,30440,41000OND
R72 05204 0124,10040,11080,21120,5350,29340,34690,41000OND
R72 05204 0125,10040,24180,34220,5350,36600,41950,41000OND
R72 05204 0126,10040,26290,36330,5380,4970,10350,41000OND
R72 05204 0127,10040,20740,30780,5380,29020,34400,41000OND
R72 05204 0128,10150,20120,30270,5400,22970,28370,41000OND
R72 05204 0129,10150,21400,31550,5400,21960,27360,41000OND
R72 05204 0130,10040,20850,30890,2710,0,2710,41000OND
R72 05204 0132,10690,17040,27730,5760,19930,25690,41000OND
R72 05204 0133,10690,21150,31840,5760,26410,32170,41000OND
R72 05204 0134,10690,19880,30570,5760,25240,31000,41000OND
R72 05204 0135,10690,26450,37140,5760,28800,34560,41000OND
R72 05204 0136,10690,28300,38990,5760,33600,39360,41000OND
R72 05204 0137,10690,22590,33280,5760,31220,36980,41000OND
R72 05204 0138,10250,19980,30230,5480,28260,33740,41000OND
R72 05204 0139,10690,19870,30560,5760,32090,37850,41000OND
R72 05204 0140,10690,22140,32830,5760,25990,31750,41000OND
R72 05204 0141,10690,17760,28450,5760,22470,28230,41000OND
R72 05204 0142,10690,23600,34290,5760,25010,30770,41000OND
R72 05204 0143,10690,20910,31600,5760,19600,25360,41000OND
R72 05204 0144,10690,16880,27570,5760,31230,36990,41000OND
R72 05204 0146,10690,24040,34730,5760,27890,33650,41000OND
R72 05204 0147,10690,23840,34530,5760,28410,34170,41000OND
R72 05204 0151,5350,4650,10000,2620,0,2620,41000OND
R72 05204 0152,10040,19940,29980,5350,27680,33030,41000OND
R72 05204 0153,10040,19610,29650,5350,26980,32330,41000OND
R72 05204 0154,10040,19800,29840,5350,34460,39810,41000OND
R72 05204 0155,10040,16970,27010,5350,26210,31560,41000OND
R72 05204 0156,10040,19080,29120,5350,33700,39050,41000OND
R72 05204 0157,10040,21270,31310,5350,27980,33330,41000OND
R72 05204 0158,10040,19220,29260,5350,11350,16700,41000OND
R72 05204 0159,10040,26440,36480,5350,3300,8650,41000OND
R72 05205 0001,11430,24660,36090,6180,34810,40990,41000OND
R72 05205 0002,28740,0,28740,2820,0,2820,41000OND
R72 05205 0003,11430,51260,62690,6180,61690,67870,41000OND
R72 05205 0004,7170,33850,41020,3690,31310,35000,41000OND
R72 05205 0005,11950,1810,13760,6160,2340,8500,41000OND
R72 05205 0006,11320,41130,52450,6160,41180,47340,41000OND
R72 05205 0007,5660,31150,36810,3080,50020,53100,41000OND
R72 05205 0008,11320,29780,41100,2810,0,2810,41000OND
R72 05205 0009,11320,27460,38780,6160,33450,39610,41000OND
R72 05205 0010,11320,13030,24350,6160,13950,20110,41000OND
R72 05205 0011,11320,22760,34080,6160,25420,31580,41000OND
R72 05205 0012,11480,20020,31500,6260,23150,29410,41000OND
R72 05205 0013,11250,23930,35180,6090,23560,29650,41000OND
R72 05205 0014,11480,21940,33420,6260,28950,35210,41000OND
R72 05205 0015,11250,23900,35150,6120,34840,40960,41000OND
R72 05205 0016,11100,25950,37050,6000,30140,36140,41000OND
R72 05205 0017,11430,2530,13960,6180,3310,9490,41000OND
R72 05205 0018,11280,24800,36080,6080,63730,69810,41000OND
R72 05205 0019,5660,0,5660,2810,0,2810,41000OND
R72 05205 0020,9060,0,9060,4930,0,4930,41000OND
R72 05205 0021,11320,25450,36770,6160,35470,41630,41000OND
R72 05205 0022,11320,25010,36330,6160,32790,38950,41000OND
R72 05205 0023,11320,36050,47370,6160,35950,42110,41000OND
R72 05205 0024,11320,25980,37300,6160,32520,38680,41000OND
R72 05205 0025,11320,32800,44120,6160,15340,21500,41000OND
R72 05205 0026,11320,2680,14000,4930,0,4930,41000OND
R72 05205 0027,11480,31700,43180,6260,17550,23810,41000OND
R72 05205 0028,11480,28830,40310,6260,34540,40800,41000OND
R72 05205 0029,11480,8560,20040,6260,17050,23310,41000OND
R72 05205 0030,11250,19380,30630,6120,19440,25560,41000OND
R72 05205 0031,68620,0,68620,59260,0,59260,C0200000
R72 05205 0042,18440,0,18440,8530,0,8530,C0200000
R72 05205 0044,11610,21200,32810,6320,20190,26510,41000OND
R72 05205 0045,12880,18220,31100,7180,23460,30640,41000OND
R72 05205 0046,12980,1890,14870,4130,2450,6580,C0200000
R72 05205 0047,12850,1890,14740,4010,0,4010,C0200000
R72 05205 0048,12300,1890,14190,3680,0,3680,C0200000
R72 05205 0049,9410,50260,59670,4880,63780,68660,41000OND
R72 05205 0050,12680,32150,44830,7020,42460,49480,41000OND
R72 05205 0051,12560,27360,39920,6900,29830,36730,41000OND
R72 05205 0052,12440,18780,31220,6840,20830,27670,41000OND
R72 05205 0053,12320,31930,44250,6750,34400,41150,41000OND
R72 05205 0054,12090,20130,32220,6590,22470,29060,41000OND
R72 05205 0055,11970,14570,26540,6560,14750,21310,41000OND
R72 05205 0060,4560,0,4560,2270,0,2270,41000OND
R72 05205 0061,0,0,0,0,0,0,41000OND
R72 05206 0001,11430,39370,50800,6180,46660,52840,41000OND
R72 05206 0002,11430,26810,38240,6180,36520,42700,41000OND
R72 05206 0003,10510,18640,29150,5580,32730,38310,41000OND
R72 05206 0004,9730,20850,30580,5080,24770,29850,41000OND
R72 05206 0006,10040,21630,31670,5280,28460,33740,41000OND
R72 05206 0008,11430,25170,36600,6180,37550,43730,41000OND
R72 05206 0009,11430,21790,33220,6180,32760,38940,41000OND
R72 05206 0010,11430,23920,35350,6180,26170,32350,41000OND
R72 05206 0011,11100,22960,34060,6020,29030,35050,41000OND
R72 05206 0012,11430,28050,39480,6180,33430,39610,41000OND
R72 05206 0013,11430,33500,44930,5200,13210,18410,41000OND
R72 05206 0014,11430,23270,34700,6180,26960,33140,41000OND
R72 05206 0015,11430,26790,38220,6180,35700,41880,41000OND
R72 05206 0016,11430,30770,42200,3130,0,3130,41000OND
R72 05206 0017,11430,37260,48690,6180,24180,30360,41000OND
R72 05206 0018,5720,0,5720,2820,0,2820,41000OND
R72 05206 0019,11430,23230,34660,6180,34250,40430,41000OND
R72 05206 0020,11430,19590,31020,6180,10080,16260,41000OND
R72 05206 0021,11430,32500,43930,6180,32760,38940,41000OND
R72 05206 0022,9730,23800,33530,5080,31720,36800,41000OND
R72 05206 0023,9580,23320,32900,4980,37130,42110,41000OND
R72 05206 0024,5720,0,5720,6180,78830,85010,41000OND
R72 05206 0025,11430,26030,37460,6180,44310,50490,41000OND
R72 05206 0026,11430,26310,37740,6180,31780,37960,41000OND
R72 05206 0027,11430,28470,39900,6180,30200,36380,41000OND
R72 05206 0028,11430,21310,32740,6180,24600,30780,41000OND
R72 05206 0029,11430,14780,26210,6180,19310,25490,41000OND
R72 05206 0030,11430,28590,40020,6180,33260,39440,41000OND
R72 05206 0031,11430,22090,33520,6180,30190,36370,41000OND
R72 05206 0032,11430,23760,35190,6180,28560,34740,41000OND
R72 05206 0033,11430,25420,36850,6180,31540,37720,41000OND
R72 05206 0034,11430,30740,42170,6180,31390,37570,41000OND
R72 05206 0035,11430,29660,41090,6180,47760,53940,41000OND
R72 05206 0036,11430,27620,39050,6180,33960,40140,41000OND
R72 05206 0037,12300,70620,82920,6320,34330,40650,41000OND
R72 05206 0038,12300,0,12300,3200,0,3200,41000OND
R72 05206 0039,11660,25510,37170,6320,10110,16430,41000OND
R72 05206 0040,11660,27680,39340,6320,9690,16010,41000OND
R72 05206 0041,11660,5030,16690,2880,0,2880,41000OND
R72 05206 0042,11660,23500,35160,6320,27380,33700,41000OND
R72 05206 0043,11660,23380,35040,6320,35910,42230,41000OND
R72 05206 0044,11660,22480,34140,6320,27270,33590,41000OND
R72 05206 0045,11660,22410,34070,6320,26360,32680,41000OND
R72 05206 0046,11660,28720,40380,6320,40480,46800,41000OND
R72 05206 0047,11660,22480,34140,6320,25040,31360,41000OND
R72 05206 0048,11660,26300,37960,6320,33600,39920,41000OND
R72 05206 0049,11660,22020,33680,6320,34120,40440,41000OND
R72 05206 0050,11660,24690,36350,6320,31410,37730,41000OND
R72 05206 0054,10430,24080,34510,5570,28870,34440,41000OND
R72 05206 0055,13100,27230,40330,7630,46340,53970,41000OND
R72 05206 0056,12990,23670,36660,7530,30410,37940,41000OND
R72 05206 0057,12990,19730,32720,7450,27320,34770,41000OND
R72 05206 0058,12880,30720,43600,7370,35110,42480,41000OND
R72 05206 0059,12420,24940,37360,6990,34930,41920,41000OND
R72 05206 0060,12770,21580,34350,7180,31400,38580,41000OND
R72 05206 0061,12650,35610,48260,7100,39310,46410,41000OND
R72 05206 0062,12540,23300,35840,6990,28750,35740,41000OND
R72 05206 0063,12430,26090,38520,6910,44250,51160,41000OND
R72 05206 0064,17980,25310,43290,10780,29500,40280,41000OND
R72 05206 0066,12100,25760,37860,6640,37140,43780,41000OND
R72 05206 0067,11990,27820,39810,6560,30440,37000,41000OND
R72 05206 0068,11880,24340,36220,6480,34000,40480,41000OND
R72 05206 0069,11770,26000,37770,6370,37760,44130,41000OND
R72 05206 0070,13100,1890,14990,4230,0,4230,C0200000
R72 05206 0071,9730,21160,30890,5080,33770,38850,41000OND
R72 05206 0073,10200,24860,35060,5380,36960,42340,41000OND
R72 05207 0001,11660,27760,39420,6340,32570,38910,41000OND
R72 05207 0002,11660,33810,45470,6340,52460,58800,41000OND
R72 05207 0003,11660,19160,30820,6340,28630,34970,41000OND
R72 05207 0004,11660,21590,33250,6340,28780,35120,41000OND
R72 05207 0005,11660,29150,40810,6340,44430,50770,41000OND
R72 05207 0006,11660,31870,43530,6340,39350,45690,41000OND
R72 05207 0007,11660,31640,43300,5330,24340,29670,41000OND
R72 05207 0008,11660,30440,42100,6340,35210,41550,41000OND
R72 05207 0009,11660,33980,45640,6340,52020,58360,41000OND
R72 05207 0010,11660,22620,34280,6340,26650,32990,41000OND
R72 05207 0011,11660,25490,37150,6340,28310,34650,41000OND
R72 05207 0012,11660,28400,40060,6340,37340,43680,41000OND
R72 05207 0013,11660,23260,34920,6340,34270,40610,41000OND
R72 05207 0014,11660,18890,30550,6340,71570,77910,41000OND
R72 05207 0015,11660,32610,44270,6340,40800,47140,41000OND
R72 05207 0016,11660,29520,41180,6340,39050,45390,41000OND
R72 05207 0017,11660,28850,40510,6340,29960,36300,41000OND
R72 05207 0018,11660,34090,45750,6340,48400,54740,41000OND
R72 05207 0019,11660,34030,45690,6340,40690,47030,41000OND
R72 05207 0021,11660,27960,39620,6340,42140,48480,41000OND
R72 05207 0022,11660,22400,34060,6340,33740,40080,41000OND
R72 05207 0023,11660,27620,39280,6340,33280,39620,41000OND
R72 05207 0024,11660,22600,34260,6340,30700,37040,41000OND
R72 05207 0025,11660,20240,31900,6340,25820,32160,41000OND
R72 05207 0026,5830,0,5830,2890,0,2890,41000OND
R72 05207 0027,11660,24830,36490,6340,35470,41810,41000OND
R72 05207 0028,11660,23550,35210,6340,33880,40220,41000OND
R72 05207 0029,11660,22570,34230,6340,18890,25230,41000OND
R72 05207 0030,11660,24880,36540,6340,37660,44000,41000OND
R72 05207 0031,11660,18420,30080,6340,8910,15250,41000OND
R72 05207 0032,11660,26190,37850,6340,36940,43280,41000OND
R72 05207 0033,11660,29080,40740,6340,60220,66560,41000OND
R72 05207 0034,11660,23440,35100,6340,35490,41830,41000OND
R72 05207 0035,11540,26020,37560,6240,39050,45290,41000OND
R72 05207 0036,11540,27650,39190,6240,62890,69130,41000OND
R72 05207 0037,4910,1930,6840,2660,2540,5200,41000OND
R72 05207 0038,12170,36870,49040,6640,43180,49820,41000OND
R72 05207 0040,5190,1930,7120,2840,2540,5380,41000OND
R72 05207 0041,11540,21930,33470,6240,31520,37760,41000OND
R72 05207 0042,11540,36490,48030,6240,54030,60270,41000OND
R72 05207 0043,11540,25000,36540,6240,34830,41070,41000OND
R72 05207 0044,11540,21340,32880,6240,27000,33240,41000OND
R72 05207 0045,11540,21880,33420,6240,28000,34240,41000OND
R72 05207 0046,11540,27650,39190,6240,51050,57290,41000OND
R72 05207 0047,10140,28690,38830,5320,40900,46220,41000OND
R72 05207 0048,11540,25540,37080,6240,10220,16460,41000OND
R72 05207 0049,11540,28790,40330,6240,47680,53920,41000OND
R72 05207 0050,11320,29090,40410,6160,13560,19720,41000OND
R72 05207 0052,11540,33130,44670,6240,53320,59560,41000OND
R72 05207 0053,11540,26480,38020,6240,14280,20520,41000OND
R72 05207 0054,11540,31370,42910,6240,44420,50660,41000OND
R72 05207 0055,11540,35380,46920,6240,36020,42260,41000OND
R72 05207 0056,11540,27930,39470,6240,40690,46930,41000OND
R72 05207 0057,11540,23750,35290,6240,29160,35400,41000OND
R72 05207 0058,11540,24310,35850,6240,30520,36760,41000OND
R72 05207 0059,11540,26810,38350,6240,48110,54350,41000OND
R72 05207 0060,11540,26370,37910,6240,33780,40020,41000OND
R72 05207 0061,11540,16490,28030,6240,20790,27030,41000OND
R72 05207 0062,11540,24100,35640,6240,31420,37660,41000OND
R72 05207 0063,11540,19820,31360,6240,25400,31640,41000OND
R72 05207 0064,11540,35910,47450,6240,50760,57000,41000OND
R72 05207 0065,11540,34850,46390,6240,34630,40870,41000OND
R72 05207 0066,11540,30260,41800,6240,36440,42680,41000OND
R72 05207 0067,11990,25990,37980,6510,35040,41550,41000OND
R72 05207 0068,5770,0,5770,2840,0,2840,41000OND
R72 05207 0069,11540,34790,46330,6240,39420,45660,41000OND
R72 05207 0070,3820,0,3820,1680,0,1680,41000OND
R72 05208 0001,11660,29150,40810,6340,48260,54600,41000OND
R72 05208 0002,11660,24760,36420,6340,30540,36880,41000OND
R72 05208 0003,12290,28570,40860,6760,40830,47590,41000OND
R72 05208 0004,9920,21370,31290,5330,44830,50160,41000OND
R72 05208 0005,11970,37940,49910,2990,0,2990,41000OND
R72 05208 0006,11970,23290,35260,6550,30430,36980,41000OND
R72 05208 0007,11970,30680,42650,6550,33700,40250,41000OND
R72 05208 0008,11970,36200,48170,6550,44440,50990,41000OND
R72 05208 0009,11970,27100,39070,6550,35000,41550,41000OND
R72 05208 0010,11970,25930,37900,6550,27520,34070,41000OND
R72 05208 0011,11970,20070,32040,6550,28060,34610,41000OND
R72 05208 0012,11970,32320,44290,6550,38740,45290,41000OND
R72 05208 0018,9800,26530,36330,5270,35660,40930,41000OND
R72 05208 0020,1400,0,1400,3440,0,3440,41000OND
R72 05208 0021,13230,39120,52350,7400,66160,73560,41000OND
R72 05208 0022,11810,26930,38740,7140,0,7140,41000OND
R72 05208 0024,10080,24210,34290,5290,45440,50730,41000OND
R72 05208 0025,11970,24630,36600,6550,39920,46470,41000OND
R72 05208 0026,11970,25820,37790,6550,31860,38410,41000OND
R72 05208 0027,11970,26950,38920,6550,39690,46240,41000OND
R72 05208 0028,11970,30140,42110,3320,0,3320,41000OND
R72 05208 0029,11970,23750,35720,6550,9640,16190,41000OND
R72 05208 0030,11970,14580,26550,6550,39260,45810,41000OND
R72 05208 0031,12290,23980,36270,6760,41580,48340,41000OND
R72 05208 0032,11540,21390,32930,6240,23770,30010,41000OND
R72 05208 0033,11540,33240,44780,6240,39310,45550,41000OND
R72 05208 0034,9230,30990,40220,5020,46110,51130,41000OND
R72 05208 0035,8750,21500,30250,4650,27370,32020,41000OND
R72 05208 0036,11860,34640,46500,6440,40840,47280,41000OND
R72 05208 0037,11860,29470,41330,6440,32990,39430,41000OND
R72 05208 0038,11860,29970,41830,6440,62610,69050,41000OND
R72 05208 0039,11860,19110,30970,6440,29130,35570,41000OND
R72 05208 0040,11860,4830,16690,6440,27400,33840,41000OND
R72 05208 0041,11860,26520,38380,6440,39190,45630,41000OND
R72 05208 0042,11860,24760,36620,6440,26680,33120,41000OND
R72 05208 0043,11860,23790,35650,6440,4610,11050,41000OND
R72 05208 0044,11860,38840,50700,6440,28150,34590,41000OND
R72 05208 0045,11860,25980,37840,6440,37310,43750,41000OND
R72 05208 0046,12480,33980,46460,6850,21360,28210,41000OND
R72 05208 0047,11540,33010,44550,6240,14160,20400,41000OND
R72 05208 0048,11540,29400,40940,6240,11830,18070,41000OND
R72 05208 0049,11540,28180,39720,6240,6740,12980,41000OND
R72 05208 0050,12480,33170,45650,6850,45820,52670,41000OND
R72 05208 0051,5620,0,5620,2750,0,2750,41000OND
R72 05208 0052,11860,26050,37910,6440,36230,42670,41000OND
R72 05208 0053,11860,32610,44470,6440,45860,52300,41000OND
R72 05208 0054,11860,26340,38200,6440,38130,44570,41000OND
R72 05208 0055,11860,27930,39790,6440,40650,47090,41000OND
R72 05208 0056,11860,25080,36940,6440,39590,46030,41000OND
R72 05208 0057,11860,26180,38040,6440,26870,33310,41000OND
R72 05208 0058,11860,26250,38110,6440,42010,48450,41000OND
R72 05208 0059,11860,26160,38020,6440,63430,69870,41000OND
R72 05208 0060,11860,28170,40030,6440,32160,38600,41000OND
R72 05208 0061,12950,41070,54020,7150,52660,59810,41000OND
R72 05208 0062,810,0,810,330,0,330,41000OND
R72 05208 0063,7140,18640,25780,3680,22620,26300,41000OND
R72 05208 0064,7430,22890,30320,3770,31180,34950,41000OND
R72 05208 0065,6850,21780,28630,3400,28340,31740,41000OND
R72 05209 0001,11320,27780,39100,6160,26810,32970,41000OND
R72 05209 0002,11320,22340,33660,6160,30870,37030,41000OND
R72 05209 0006,11170,35420,46590,6060,3420,9480,41000OND
R72 05209 0007,11170,34620,45790,6060,44970,51030,41000OND
R72 05209 0008,11170,28970,40140,6060,45830,51890,41000OND
R72 05209 0009,11170,26750,37920,6060,28130,34190,41000OND
R72 05209 0010,11170,28280,39450,6060,39150,45210,41000OND
R72 05209 0011,11170,39510,50680,6060,55710,61770,41000OND
R72 05209 0012,5580,0,5580,2760,0,2760,41000OND
R72 05209 0013,11630,31100,42730,6350,62640,68990,41000OND
R72 05209 0014,11320,23830,35150,6160,24880,31040,41000OND
R72 05209 0015,11320,33580,44900,6160,67520,73680,41000OND
R72 05209 0016,12390,32520,44910,6850,38910,45760,41000OND
R72 05209 0017,11170,30940,42110,6060,38150,44210,41000OND
R72 05209 0018,11020,25750,36770,3020,0,3020,41000OND
R72 05209 0019,11170,18600,29770,6060,23400,29460,41000OND
R72 05209 0020,11170,31030,42200,6060,35010,41070,41000OND
R72 05209 0021,10400,19420,29820,5560,28170,33730,41000OND
R72 05209 0022,11930,35400,47330,6550,77920,84470,41000OND
R72 05209 0023,11170,29190,40360,6060,90020,96080,41000OND
R72 05209 0024,11170,16710,27880,3070,0,3070,41000OND
R72 05209 0025,11170,21470,32640,6060,25260,31320,41000OND
R72 05209 0029,11170,17660,28830,6060,23590,29650,41000OND
R72 05209 0030,11660,2340,14000,6340,26720,33060,41000OND
R72 05209 0031,11660,23800,35460,6340,28330,34670,41000OND
R72 05209 0032,11660,19040,30700,6340,25900,32240,41000OND
R72 05209 0033,11500,23660,35160,6240,28800,35040,41000OND
R72 05209 0034,11340,49650,60990,6130,57660,63790,41000OND
R72 05209 0035,11500,32920,44420,6240,37780,44020,41000OND
R72 05209 0036,11500,26610,38110,6240,32050,38290,41000OND
R72 05209 0037,11500,23560,35060,6240,19280,25520,41000OND
R72 05209 0038,11500,32670,44170,6240,43340,49580,41000OND
R72 05209 0039,11500,28500,40000,6240,25840,32080,41000OND
R72 05209 0040,11500,23410,34910,6240,25990,32230,41000OND
R72 05209 0041,11500,20750,32250,6240,27640,33880,41000OND
R72 05209 0042,11340,29070,40410,6130,36280,42410,41000OND
R72 05209 0043,11970,22610,34580,6550,27990,34540,41000OND
R72 05209 0044,11340,19430,30770,6130,52280,58410,41000OND
R72 05209 0045,11500,18700,30200,6240,28610,34850,41000OND
R72 05209 0046,11660,30530,42190,6340,35860,42200,41000OND
R72 05209 0047,11660,29190,40850,6340,30550,36890,41000OND
R72 05209 0048,9590,24880,34470,5170,34410,39580,41000OND
R72 05209 0049,11500,44010,55510,6240,87610,93850,41000OND
R72 05209 0050,10870,24160,35030,5820,30930,36750,41000OND
R72 05209 0051,11810,24680,36490,6450,42500,48950,41000OND
R72 05209 0052,11810,27670,39480,6450,39360,45810,41000OND
R72 05209 0053,11810,26290,38100,6450,38720,45170,41000OND
R72 05209 0054,11500,23670,35170,6240,33300,39540,41000OND
R72 05209 0055,11500,27600,39100,6240,38330,44570,41000OND
R72 05209 0056,11500,29210,40710,6240,31360,37600,41000OND
R72 05209 0057,11500,25410,36910,6240,31220,37460,41000OND
R72 05209 0058,11500,38840,50340,6240,49480,55720,41000OND
R72 05209 0059,11500,26550,38050,6240,33770,40010,41000OND
R72 05209 0060,11500,23950,35450,6240,23920,30160,41000OND
R72 05209 0061,11500,22480,33980,6240,33700,39940,41000OND
R72 05209 0062,8340,0,8340,4390,0,4390,41000OND
R72 05209 0063,10400,17860,28260,5560,19370,24930,41000OND
R72 05209 0064,7810,24340,32150,2210,0,2210,41000OND
R72 05210 0002,11320,27460,38780,4930,0,4930,41000OND
R72 05210 0003,11320,21150,32470,6160,12650,18810,41000OND
R72 05210 0011,1130,0,1130,620,0,620,41000OND
R72 05210 0012,11320,17500,28820,5180,22720,27900,41000OND
R72 05210 0013,11320,24170,35490,6160,43150,49310,41000OND
R72 05210 0014,11320,33590,44910,6160,31720,37880,41000OND
R72 05210 0015,11320,28370,39690,6160,28910,35070,41000OND
R72 05210 0016,11320,33250,44570,6160,41210,47370,41000OND
R72 05210 0017,11320,23090,34410,6160,24420,30580,41000OND
R72 05210 0018,11320,32010,43330,6160,43510,49670,41000OND
R72 05210 0019,5660,0,5660,2810,0,2810,41000OND
R72 05210 0020,11320,24800,36120,6160,32430,38590,41000OND
R72 05210 0021,11320,20280,31600,6160,23840,30000,41000OND
R72 05210 0022,11320,30990,42310,6160,47050,53210,41000OND
R72 05210 0023,11320,26950,38270,6160,35440,41600,41000OND
R72 05210 0024,11320,33540,44860,6160,44960,51120,41000OND
R72 05210 0025,5660,0,5660,2810,0,2810,41000OND
R72 05210 0026,11320,30680,42000,6160,35950,42110,41000OND
R72 05210 0027,11320,23810,35130,6160,28350,34510,41000OND
R72 05210 0028,11320,18910,30230,6160,22060,28220,41000OND
R72 05210 0029,11320,20120,31440,6160,25510,31670,41000OND
R72 05210 0030,11320,25110,36430,6160,39830,45990,41000OND
R72 05210 0031,11320,22150,33470,6160,29570,35730,41000OND
R72 05210 0032,11320,19130,30450,2810,0,2810,41000OND
R72 05210 0033,11320,27450,38770,6160,30570,36730,41000OND
R72 05210 0034,11320,4180,15500,6160,28630,34790,41000OND
R72 05210 0035,11660,29360,41020,6340,34750,41090,41000OND
R72 05210 0036,11660,30280,41940,6340,34270,40610,41000OND
R72 05210 0037,11660,32100,43760,6340,37190,43530,41000OND
R72 05210 0038,11660,21960,33620,6340,28880,35220,41000OND
R72 05210 0039,11660,33000,44660,6340,22260,28600,41000OND
R72 05210 0040,5830,0,5830,2890,0,2890,41000OND
R72 05210 0041,8980,20930,29910,4560,31340,35900,41000OND
R72 05210 0042,11660,31150,42810,6340,42310,48650,41000OND
R72 05210 0043,5830,0,5830,2890,0,2890,41000OND
R72 05210 0044,12300,17920,30220,6340,61300,67640,41000OND
R72 05210 0046,12290,44950,57240,6760,77240,84000,41000OND
R72 05210 0048,11660,21520,33180,6340,30420,36760,41000OND
R72 05210 0049,11660,22890,34550,6340,34760,41100,41000OND
R72 05210 0050,11660,27470,39130,6340,35270,41610,41000OND
R72 05210 0051,11660,36060,47720,6340,40650,46990,41000OND
R72 05210 0052,11660,22960,34620,6340,23030,29370,41000OND
R72 05210 0053,12530,21270,33800,7020,26730,33750,41000OND
R72 05210 0054,10210,18060,28270,4590,4400,8990,41000OND
R72 05210 0055,11660,23990,35650,6340,29630,35970,41000OND
R72 05210 0056,11660,23330,34990,6340,33430,39770,41000OND
R72 05210 0057,11660,30080,41740,6340,35840,42180,41000OND
R72 05210 0058,11660,27870,39530,6340,15700,22040,41000OND
R72 05210 0059,11660,28140,39800,6340,28500,34840,41000OND
R72 05210 0060,5830,0,5830,2890,0,2890,41000OND
R72 05210 0061,11660,41580,53240,6340,57620,63960,41000OND
R72 05210 0062,11660,43160,54820,6340,52400,58740,41000OND
R72 05210 0063,11660,29730,41390,6340,32570,38910,41000OND
R72 05210 0064,11660,18980,30640,6340,24580,30920,41000OND
R72 05210 0065,11660,34290,45950,6340,52070,58410,41000OND
R72 05210 0066,11660,29230,40890,6340,37460,43800,41000OND
R72 05210 0067,11660,21740,33400,6340,30810,37150,41000OND
R72 05210 0068,11660,21530,33190,6340,34190,40530,41000OND
R72 05210 0069,11660,24300,35960,6340,33230,39570,41000OND
R72 05210 0070,11660,21240,32900,6340,31820,38160,41000OND
R72 05210 0071,10210,16860,27070,5460,20790,26250,41000OND
R72 05210 0074,8980,22130,31110,4560,32910,37470,41000OND
R72 05211 0001,11810,23490,35300,6450,27450,33900,41000OND
R72 05211 0002,13390,22660,36050,7500,27340,34840,41000OND
R72 05211 0003,12600,25120,37720,6970,31080,38050,41000OND
R72 05211 0005,12600,32910,45510,6970,41820,48790,41000OND
R72 05211 0006,13390,42170,55560,7500,48720,56220,41000OND
R72 05211 0008,13070,21480,34550,7290,21450,28740,41000OND
R72 05211 0010,12920,27300,40220,7180,30590,37770,41000OND
R72 05211 0011,11810,34720,46530,6450,42970,49420,41000OND
R72 05211 0012,11810,25800,37610,6450,28650,35100,41000OND
R72 05211 0013,11810,29680,41490,5420,10750,16170,41000OND
R72 05211 0014,5910,0,5910,2940,0,2940,41000OND
R72 05211 0015,11810,26930,38740,6450,26270,32720,41000OND
R72 05211 0016,11810,37480,49290,6450,64390,70840,41000OND
R72 05211 0017,11810,26100,37910,6450,33750,40200,41000OND
R72 05211 0018,11810,33050,44860,6450,49640,56090,41000OND
R72 05211 0019,11810,36640,48450,6450,43250,49700,41000OND
R72 05211 0020,11320,19290,30610,6160,22450,28610,41000OND
R72 05211 0021,11930,23800,35730,6550,29280,35830,41000OND
R72 05211 0022,12240,22090,34330,6750,20360,27110,41000OND
R72 05211 0023,12240,22080,34320,6720,0,6720,41000OND
R72 05211 0025,12240,24030,36270,6750,31070,37820,41000OND
R72 05211 0026,12240,25710,37950,6750,46750,53500,41000OND
R72 05211 0027,12240,22400,34640,6750,26340,33090,41000OND
R72 05211 0028,11320,16470,27790,6160,42530,48690,41000OND
R72 05211 0029,11320,30710,42030,6160,33140,39300,41000OND
R72 05211 0030,11480,31010,42490,6260,29120,35380,41000OND
R72 05211 0031,11480,24810,36290,6260,27650,33910,41000OND
R72 05211 0032,11480,35750,47230,6260,43660,49920,41000OND
R72 05211 0033,11480,29700,41180,6260,29090,35350,41000OND
R72 05211 0034,11480,18030,29510,6260,33310,39570,41000OND
R72 05211 0035,11480,30300,41780,6260,38430,44690,41000OND
R72 05211 0036,11480,28080,39560,6260,32540,38800,41000OND
R72 05211 0037,11480,33280,44760,6260,32510,38770,41000OND
R72 05211 0038,11590,34020,45610,6280,50400,56680,41000OND
R72 05211 0041,11320,34180,45500,2810,0,2810,41000OND
R72 05211 0042,11320,41520,52840,6160,58410,64570,41000OND
R72 05211 0043,11320,26380,37700,6160,57830,63990,41000OND
R72 05211 0044,11320,39880,51200,6160,71700,77860,41000OND
R72 05211 0045,11320,2140,13460,6160,2810,8970,41000OND
R72 05211 0046,5660,0,5660,2810,0,2810,41000OND
R72 05211 0047,11320,24990,36310,6160,33630,39790,41000OND
R72 05211 0048,11950,32100,44050,6160,45560,51720,41000OND
R72 05211 0049,12710,32830,45540,6700,17690,24390,41000OND
R72 05211 0051,11480,30400,41880,6260,46010,52270,41000OND
R72 05211 0052,5740,0,5740,2850,0,2850,41000OND
R72 05211 0053,11480,37130,48610,6260,53050,59310,41000OND
R72 05211 0054,11480,33180,44660,6260,10330,16590,41000OND
R72 05211 0058,10940,25390,36330,5870,27200,33070,41000OND
R72 05211 0061,14180,31000,45180,8030,40340,48370,41000OND
R72 05211 0062,10710,19600,30310,5760,26710,32470,41000OND
R72 05211 0072,11900,33300,45200,6520,52420,58940,41000OND
R72 05212 0001,10950,23870,34820,5900,38000,43900,41000OND
R72 05212 0002,10950,31220,42170,5900,36160,42060,41000OND
R72 05212 0005,10800,31940,42740,5810,39820,45630,41000OND
R72 05212 0006,10950,28380,39330,5900,33730,39630,41000OND
R72 05212 0008,17140,50790,67930,9900,62550,72450,41000OND
R72 05212 0009,10370,25130,35500,5580,32730,38310,41000OND
R72 05212 0010,5260,0,5260,2570,0,2570,41000OND
R72 05212 0011,10610,39860,50470,5670,37440,43110,41000OND
R72 05212 0012,5300,0,5300,2580,0,2580,41000OND
R72 05212 0013,4210,0,4210,1920,0,1920,41000OND
R72 05212 0014,9520,33290,42810,4930,38330,43260,41000OND
R72 05212 0015,12320,33600,45920,6780,37790,44570,41000OND
R72 05212 0016,9660,20660,30320,5190,22640,27830,41000OND
R72 05212 0017,9530,32130,41660,5120,44290,49410,41000OND
R72 05212 0018,9640,21400,31040,5140,24250,29390,41000OND
R72 05212 0019,9640,28280,37920,5140,34520,39660,41000OND
R72 05212 0020,9900,18860,28760,5320,25390,30710,41000OND
R72 05212 0021,10010,30960,40970,5340,37070,42410,41000OND
R72 05212 0022,10010,26250,36260,5370,31630,37000,41000OND
R72 05212 0023,10010,22310,32320,5370,25950,31320,41000OND
R72 05212 0024,10130,26170,36300,5400,29240,34640,41000OND
R72 05212 0025,10130,20290,30420,5400,26320,31720,41000OND
R72 05212 0026,10130,25120,35250,5430,31600,37030,41000OND
R72 05212 0027,10130,20880,31010,4570,6510,11080,41000OND
R72 05212 0028,10130,34560,44690,5430,48340,53770,41000OND
R72 05212 0029,12050,20510,32560,6630,19250,25880,41000OND
R72 05212 0030,12050,21200,33250,6630,23710,30340,41000OND
R72 05212 0031,11940,18590,30530,6470,19740,26210,41000OND
R72 05212 0032,11880,21710,33590,6490,23930,30420,41000OND
R72 05212 0033,11490,32440,43930,6210,40070,46280,41000OND
R72 05212 0034,5740,0,5740,2840,0,2840,41000OND
R72 05212 0035,5800,0,5800,2850,0,2850,41000OND
R72 05212 0036,11590,19930,31520,6250,24580,30830,41000OND
R72 05212 0037,10260,20470,30730,5480,15640,21120,41000OND
R72 05212 0038,10150,24610,34760,5450,30320,35770,41000OND
R72 05212 0039,10150,29760,39910,5430,35340,40770,41000OND
R72 05212 0040,10150,20550,30700,5400,22980,28380,41000OND
R72 05212 0041,12000,31160,43160,6520,82120,88640,41000OND
R72 05212 0042,10180,27380,37560,5430,34110,39540,41000OND
R72 05212 0043,15180,48330,63510,8300,58170,66470,41000OND
R72 05212 0045,10070,28900,38970,4500,21600,26100,41000OND
R72 05212 0046,10480,28670,39150,5630,51860,57490,41000OND
R72 05212 0047,10480,24740,35220,5600,35260,40860,41000OND
R72 05212 0048,3580,0,3580,1820,0,1820,41000OND
R72 05212 0051,!,!,!
R72 05214 0001,10510,30410,40920,5640,35690,41330,41000OND
R72 05214 0002,15260,31840,47100,8510,29630,38140,41000OND
R72 05214 0004,10510,22160,32670,5640,25530,31170,41000OND
R72 05214 0005,10940,26510,37450,5900,33320,39220,41000OND
R72 05214 0006,10800,25750,36550,5810,18510,24320,41000OND
R72 05214 0007,10800,28360,39160,5810,33430,39240,41000OND
R72 05214 0008,10800,29710,40510,5810,35170,40980,41000OND
R72 05214 0009,10800,17680,28480,5810,16970,22780,41000OND
R72 05214 0010,10800,19270,30070,5810,22170,27980,41000OND
R72 05214 0011,10800,14290,25090,5810,21110,26920,41000OND
R72 05214 0012,10940,23530,34470,5900,33200,39100,41000OND
R72 05214 0013,11810,36610,48420,6450,44170,50620,41000OND
R72 05214 0014,11970,28780,40750,6550,30150,36700,41000OND
R72 05214 0015,11970,30050,42020,6550,37410,43960,41000OND
R72 05214 0016,11970,16610,28580,6550,18630,25180,41000OND
R72 05214 0017,11970,28150,40120,6550,27610,34160,41000OND
R72 05214 0018,11970,36600,48570,6550,39500,46050,41000OND
R72 05214 0019,11810,29980,41790,6450,34370,40820,41000OND
R72 05214 0020,11810,23830,35640,6450,29230,35680,41000OND
R72 05214 0021,11810,15520,27330,6450,20750,27200,41000OND
R72 05214 0022,11810,20020,31830,6450,24870,31320,41000OND
R72 05214 0023,11810,20940,32750,6450,24130,30580,41000OND
R72 05214 0024,11810,35200,47010,6450,40560,47010,41000OND
R72 05214 0025,11810,18770,30580,6450,21490,27940,41000OND
R72 05214 0026,11810,19310,31120,6450,21650,28100,41000OND
R72 05214 0028,11970,14360,26330,6550,14700,21250,41000OND
R72 05214 0029,11970,18780,30750,6550,21470,28020,41000OND
R72 05214 0030,11970,18170,30140,6550,20840,27390,41000OND
R72 05214 0031,12080,42570,54650,6640,38450,45090,41000OND
R72 05214 0032,11970,27740,39710,6550,34060,40610,41000OND
R72 05214 0033,11970,32660,44630,6550,38770,45320,41000OND
R72 05214 0034,11810,17350,29160,6450,19730,26180,41000OND
R72 05214 0035,11810,37150,48960,6450,16900,23350,41000OND
R72 05214 0036,11810,31020,42830,6450,37700,44150,41000OND
R72 05214 0037,11810,17480,29290,6450,19840,26290,41000OND
R72 05214 0038,11810,26350,38160,6450,31630,38080,41000OND
R72 05214 0039,11810,24910,36720,6450,34150,40600,41000OND
R72 05214 0040,11810,36620,48430,6450,46320,52770,41000OND
R72 05214 0041,11810,32880,44690,6450,40570,47020,41000OND
R72 05214 0042,11810,30090,41900,6450,39820,46270,41000OND
R72 05214 0043,12130,24240,36370,6660,23120,29780,41000OND
R72 05214 0044,11970,32020,43990,6550,42760,49310,41000OND
R72 05214 0045,11970,33270,45240,6550,36390,42940,41000OND
R72 05214 0046,11970,37230,49200,6550,52050,58600,41000OND
R72 05214 0047,11970,32990,44960,6550,46000,52550,41000OND
R72 05214 0048,11970,33980,45950,6550,63120,69670,41000OND
R72 05214 0049,11810,35370,47180,6450,45720,52170,41000OND
R72 05214 0050,11810,29980,41790,6450,39380,45830,41000OND
R72 05214 0051,11810,18820,30630,6450,26130,32580,41000OND
R72 05214 0052,11810,28860,40670,6450,36180,42630,41000OND
R72 05214 0053,11810,18480,30290,6450,11400,17850,41000OND
R72 05214 0054,11810,37320,49130,6450,54860,61310,41000OND
R72 05214 0055,11810,23600,35410,6450,25740,32190,41000OND
R72 05214 0056,11810,30080,41890,6450,63960,70410,41000OND
R72 05214 0057,11810,28720,40530,6450,38790,45240,41000OND
R72 05301 0002,12470,22350,34820,6330,28090,34420,41000OND
R72 05301 0006,13550,30280,43830,7930,32660,40590,41000OND
R72 05301 0008,12690,36570,49260,6920,47420,54340,41000OND
R72 05301 0012,13650,20050,33700,7750,20690,28440,41000OND
R72 05301 0013,13820,19430,33250,7870,20480,28350,41000OND
R72 05301 0014,12270,34240,46510,6610,42440,49050,41000OND
R72 05301 0015,4910,26880,31790,2420,35460,37880,41000OND
R72 05301 0018,8480,16240,24720,4550,16290,20840,41000OND
R72 05301 0020,8220,15790,24010,4410,15420,19830,41000OND
R72 05301 0022,8220,15720,23940,4410,18620,23030,41000OND
R72 05301 0024,8480,17960,26440,4550,18890,23440,41000OND
R72 05301 0026,13820,11630,25450,7870,0,7870,41000OND
R72 05301 0027,13820,19530,33350,7870,24270,32140,41000OND
R72 05301 0028,13650,16400,30050,7750,18060,25810,41000OND
R72 05301 0029,14820,32980,47800,8580,26650,35230,41000OND
R72 05301 0030,12550,29150,41700,6920,47710,54630,41000OND
R72 05301 0031,12240,29090,41330,6720,31770,38490,41000OND
R72 05301 0032,12550,36180,48730,6920,51250,58170,41000OND
R72 05301 0033,12240,43690,55930,6720,58200,64920,41000OND
R72 05301 0036,12240,23970,36210,6750,29850,36600,41000OND
R72 05301 0037,11320,32850,44170,6160,37830,43990,41000OND
R72 05301 0040,11320,18860,30180,6160,6140,12300,41000OND
R72 05301 0042,11320,38300,49620,6160,46910,53070,41000OND
R72 05301 0044,11320,26090,37410,6160,45650,51810,41000OND
R72 05301 0046,11320,31340,42660,6160,45750,51910,41000OND
R72 05301 0048,11320,26020,37340,6160,33200,39360,41000OND
R72 05301 0049,12240,25340,37580,6750,24040,30790,41000OND
R72 05301 0050,11480,32390,43870,6260,41640,47900,41000OND
R72 05301 0051,11480,17840,29320,3170,0,3170,41000OND
R72 05301 0053,12240,26790,39030,6750,29000,35750,41000OND
R72 05301 0054,12240,37370,49610,6750,44390,51140,41000OND
R72 05301 0055,11320,25440,36760,6160,35300,41460,41000OND
R72 05301 0056,11320,8240,19560,6160,31000,37160,41000OND
R72 05301 0057,11320,26810,38130,6160,30280,36440,41000OND
R72 05301 0058,12700,33360,46060,7050,25210,32260,41000OND
R72 05301 0060,15300,38680,53980,8740,47520,56260,41000OND
R72 05301 0061,12240,22910,35150,6750,29850,36600,41000OND
R72 05301 0062,13160,24520,37680,7640,29770,37410,41000OND
R72 05301 0063,11480,24460,35940,6260,33370,39630,41000OND
R72 05301 0069,11180,10400,21580,6030,15000,21030,41000OND
R72 05301 0071,10920,20390,31310,5850,19780,25630,41000OND
R72 05301 0072,11660,33710,45370,6340,43470,49810,41000OND
R72 05301 0073,6460,0,6460,3270,0,3270,41000OND
R72 05301 0074,12920,29530,42450,7180,36420,43600,41000OND
R72 05301 0075,11030,21960,32990,5920,26820,32740,41000OND
R72 05301 0077,9920,22250,32170,5190,32650,37840,41000OND
R72 05301 0078,12600,30530,43130,6970,40910,47880,41000OND
R72 05301 0079,10000,42770,52770,3130,49570,52700,41000OND
R72 05301 0081,9450,0,9450,4870,0,4870,41000OND
R72 05301 0082,12600,2260,14860,6970,2990,9960,41000OND
R72 05301 0083,12600,48240,60840,6970,59690,66660,41000OND
R72 05301 0089,11660,32800,44460,7020,0,7020,41000OND
R72 05301 0090,11810,21660,33470,6450,25770,32220,41000OND
R72 05301 0091,11810,23210,35020,6450,32470,38920,41000OND
R72 05301 0092,11030,20160,31190,5920,29440,35360,41000OND
R72 05301 0094,11320,21450,32770,6160,21310,27470,41000OND
R72 05301 0095,11030,27920,38950,5920,28930,34850,41000OND
R72 05301 0102,10690,32240,42930,5730,37710,43440,41000OND
R72 05301 0114,10300,27100,37400,5390,35400,40790,41000OND
R72 05301 0118,11220,24280,35500,6040,33830,39870,41000OND
R72 05301 0119,11560,27200,38760,6290,34590,40880,41000OND
R72 05302 0005,12690,27420,40110,6880,31490,38370,41000OND
R72 05302 0006,12690,32570,45260,6880,47050,53930,41000OND
R72 05302 0007,12690,38870,51560,6880,50550,57430,41000OND
R72 05302 0010,9490,15810,25300,5030,16270,21300,41000OND
R72 05302 0013,12690,42250,54940,6880,50910,57790,41000OND
R72 05302 0015,8970,28120,37090,2400,0,2400,41000OND
R72 05302 0016,8060,15130,23190,4510,15820,20330,41000OND
R72 05302 0017,8740,15490,24230,4790,15780,20570,41000OND
R72 05302 0024,12260,15350,27610,7100,21120,28220,41000OND
R72 05302 0025,11710,24730,36440,6620,27260,33880,41000OND
R72 05302 0026,13360,14750,28110,8060,42100,50160,41000OND
R72 05302 0027,13360,16300,29660,8060,14790,22850,41000OND
R72 05302 0029,14090,15270,29360,3970,0,3970,41000OND
R72 05302 0030,11530,17720,29250,6460,29710,36170,41000OND
R72 05302 0031,12440,17400,29840,7260,19590,26850,41000OND
R72 05302 0032,16840,15740,32580,10000,32810,42810,41000OND
R72 05302 0033,3350,0,3350,1870,0,1870,41000OND
R72 05302 0034,13730,10200,23930,8380,13160,21540,41000OND
R72 05302 0036,9490,11520,21010,5030,15260,20290,41000OND
R72 05302 0039,11860,30130,41990,6400,36100,42500,41000OND
R72 05302 0040,6350,0,6350,3140,0,3140,41000OND
R72 05303 0006,10620,13150,23770,5650,4980,10630,41000OND
R72 05303 0011,7080,15800,22880,4260,21880,26140,41000OND
R72 05303 0012,3540,0,3540,2160,0,2160,41000OND
R72 05303 0013,7080,16380,23460,4260,20830,25090,41000OND
R72 05303 0014,8500,0,8500,4520,0,4520,41000OND
R72 05303 0015,20890,37350,58240,12590,62170,74760,41000OND
R72 05303 0021,9090,13720,22810,4910,16670,21580,41000OND
R72 05303 0022,7740,12790,20530,4310,8140,12450,41000OND
R72 05303 0024,9950,0,9950,6630,12130,18760,41000OND
R72 05303 0027,9090,9960,19050,4910,2300,7210,41000OND
R72 05303 0028,7740,18770,26510,4310,0,4310,41000OND
R72 05303 0029,9090,19340,28430,4910,22190,27100,41000OND
R72 05303 0030,9600,24570,34170,5170,41500,46670,41000OND
R72 05303 0031,10320,10080,20400,5550,21460,27010,41000OND
R72 05303 0033,9960,19520,29480,5360,23090,28450,41000OND
R72 05303 0034,9960,27060,37020,5360,41640,47000,41000OND
R72 05303 0035,5170,930,6100,2530,0,2530,41000OND
R72 05303 0036,3880,0,3880,1950,0,1950,41000OND
R72 05303 0037,10330,23100,33430,5560,17980,23540,41000OND
R72 05303 0038,10330,18100,28430,5560,27460,33020,41000OND
R72 05303 0039,10330,17760,28090,5560,21760,27320,41000OND
R72 05303 0040,10330,15570,25900,5560,12190,17750,41000OND
R72 05303 0047,10620,10310,20930,5650,16490,22140,41000OND
R72 05303 0048,6400,910,7310,2000,1200,3200,41000OND
R72 05303 0050,9090,15510,24600,4910,18830,23740,41000OND
R72 05303 0051,9960,32110,42070,5360,40980,46340,41000OND
R72 05304 0017,4260,17080,21340,2330,25680,28010,41000OND
R72 05304 0018,9500,21840,31340,5100,3020,8120,41000OND
R72 05304 0028,450,0,450,250,0,250,41000OND
R72 05304 0029,4280,2500,6780,2320,3270,5590,41000OND
R72 05304 0030,6770,800,7570,3670,5010,8680,41000OND
R72 05304 0032,9480,18940,28420,5140,28180,33320,41000OND
R72 05306 0001,12690,22310,35000,6880,32000,38880,41000OND
R72 05306 0003,9070,18820,27890,4790,16490,21280,41000OND
R72 05306 0004,9070,19940,29010,4790,22530,27320,41000OND
R72 05306 0005,9070,15480,24550,4790,19170,23960,41000OND
R72 05306 0006,9070,14390,23460,4790,18150,22940,41000OND
R72 05306 0007,9350,20070,29420,4950,27900,32850,41000OND
R72 05306 0008,5250,0,5250,2560,0,2560,41000OND
R72 05306 0009,9770,27810,37580,2630,0,2630,41000OND
R72 05306 0010,11160,17970,29130,6000,24260,30260,41000OND
R72 05306 0012,3570,0,3570,1910,0,1910,41000OND
R72 05306 0014,11160,19490,30650,6000,390,6390,41000OND
R72 05306 0016,10920,34600,45520,8460,43270,51730,41000OND
R72 05306 0017,8790,17350,26140,4630,20010,24640,41000OND
R72 05306 0018,9630,26040,35670,5110,30140,35250,41000OND
R72 05306 0019,11300,28170,39470,6080,37900,43980,41000OND
R72 05306 0020,11160,24620,35780,6000,32840,38840,41000OND
R72 05306 0021,8370,15030,23400,4380,17130,21510,41000OND
R72 05306 0022,11160,26660,37820,6000,32650,38650,41000OND
R72 05306 0023,15120,28160,43280,8080,32030,40110,41000OND
R72 05306 0026,11280,20410,31690,6060,34260,40320,41000OND
R72 05306 0041,17740,18180,35920,9240,27200,36440,41000OND
R72 05306 0042,11490,14400,25890,6190,27010,33200,41000OND
R72 05306 0043,12710,21300,34010,7100,18180,25280,41000OND
R72 05306 0044,1540,0,1540,280,0,280,41000OND
R72 05306 0045,15390,8510,23900,13190,16500,29690,41000OND
R72 05306 0047,14640,350,14990,9190,8370,17560,41000OND
R72 05306 0049,3480,0,3480,1990,0,1990,41000OND
R72 05306 0051,15190,30940,46130,8700,36950,45650,41000OND
R72 05306 0057,12690,21030,33720,6880,12470,19350,41000OND
R72 05306 0058,12420,8490,20910,6120,14490,20610,41000OND
R72 05306 0059,10610,26360,36970,5650,44180,49830,41000OND
R72 05306 0060,10000,12830,22830,3130,19220,22350,41000OND
R72 05306 0069,14100,7590,21690,2000,0,2000,41000OND
R72 05306 0071,9210,15190,24400,4870,20390,25260,41000OND
R72 05306 0073,8790,16550,25340,4630,18920,23550,41000OND
R72 05307 0001,11700,18910,30610,6340,26630,32970,41000OND
R72 05307 0002,11700,34540,46240,6340,44340,50680,41000OND
R72 05307 0003,12480,21890,34370,6850,26950,33800,41000OND
R72 05307 0004,12480,35660,48140,6850,58160,65010,41000OND
R72 05307 0005,12480,37780,50260,6850,44320,51170,41000OND
R72 05307 0006,6240,0,6240,3120,0,3120,41000OND
R72 05307 0007,12480,19650,32130,6850,25200,32050,41000OND
R72 05307 0008,12480,29100,41580,6850,44440,51290,41000OND
R72 05307 0009,12480,7930,20410,6850,30250,37100,41000OND
R72 05307 0010,12480,20420,32900,6850,11300,18150,41000OND
R72 05307 0011,12480,16570,29050,6850,27640,34490,41000OND
R72 05307 0012,12480,44110,56590,6850,48240,55090,41000OND
R72 05307 0013,11080,27230,38310,5930,39050,44980,41000OND
R72 05307 0014,11080,21280,32360,5930,30850,36780,41000OND
R72 05307 0016,11230,23380,34610,6030,35180,41210,41000OND
R72 05307 0018,11230,27930,39160,6030,28380,34410,41000OND
R72 05307 0020,11230,18450,29680,6030,28860,34890,41000OND
R72 05307 0022,11230,18290,29520,6030,29630,35660,41000OND
R72 05307 0023,11230,18830,30060,6030,31960,37990,41000OND
R72 05307 0024,11230,20010,31240,6030,30770,36800,41000OND
R72 05307 0026,11230,17410,28640,2750,0,2750,41000OND
R72 05307 0028,11230,20820,32050,6030,19640,25670,41000OND
R72 05307 0030,11230,20510,31740,6030,21210,27240,41000OND
R72 05307 0031,12480,19450,31930,6850,19820,26670,41000OND
R72 05307 0032,12480,32550,45030,6850,44980,51830,41000OND
R72 05307 0033,9840,26210,36050,5300,29400,34700,41000OND
R72 05307 0034,11810,27870,39680,6450,51020,57470,41000OND
R72 05307 0035,11810,26140,37950,6450,34120,40570,41000OND
R72 05307 0036,12600,22180,34780,6970,28940,35910,41000OND
R72 05307 0037,12600,31530,44130,6970,41220,48190,41000OND
R72 05307 0038,12600,26300,38900,6970,45720,52690,41000OND
R72 05307 0039,12600,36330,48930,6970,62040,69010,41000OND
R72 05307 0040,12600,23350,35950,6970,45580,52550,41000OND
R72 05307 0041,12600,19440,32040,6970,25310,32280,41000OND
R72 05307 0042,12600,20570,33170,6970,29910,36880,41000OND
R72 05307 0043,12600,18900,31500,6970,20520,27490,41000OND
R72 05307 0044,12290,24500,36790,6760,41310,48070,41000OND
R72 05307 0045,11930,30280,42210,6490,14070,20560,41000OND
R72 05307 0052,5160,74720,79880,6970,99510,106480,41000OND
R72 05307 0058,11930,32580,44510,6550,42580,49130,41000OND
R72 05307 0059,11480,23510,34990,6260,26880,33140,41000OND
R72 05307 0060,11480,19850,31330,6260,30050,36310,41000OND
R72 05307 0061,11480,26840,38320,6260,37750,44010,41000OND
R72 05307 0062,11630,26740,38370,6360,20940,27300,41000OND
R72 05307 0063,11480,13310,24790,2850,0,2850,41000OND
R72 05307 0064,11480,13980,25460,6260,26250,32510,41000OND
R72 05307 0065,11480,24170,35650,6230,28160,34390,41000OND
R72 05307 0066,11320,25240,36560,6130,32360,38490,41000OND
R72 05307 0067,11320,21310,32630,2790,0,2790,41000OND
R72 05307 0068,11320,21580,32900,6130,24780,30910,41000OND
R72 05307 0071,12240,37950,50190,6720,39840,46560,41000OND
R72 05307 0072,5510,0,5510,3060,0,3060,41000OND
R72 05307 0073,12240,33810,46050,6720,47930,54650,41000OND
R72 05307 0074,11170,23320,34490,3070,0,3070,41000OND
R72 05307 0075,11170,29310,40480,3070,0,3070,41000OND
R72 05307 0076,11170,33570,44740,3070,18270,21340,41000OND
R72 05307 0077,11170,27290,38460,6060,6210,12270,41000OND
R72 05307 0078,11170,6820,17990,6060,2840,8900,41000OND
R72 05307 0079,11170,21320,32490,6710,0,6710,41000OND
R72 05307 0080,11170,13310,24480,6710,0,6710,41000OND
R72 05307 0081,11170,18430,29600,6060,24930,30990,41000OND
R72 05307 0082,11320,20830,32150,6130,25410,31540,41000OND
R72 05307 0083,11320,26000,37320,6130,12510,18640,41000OND
R72 05307 0084,14230,48820,63050,8010,66490,74500,41000OND
R72 05307 0085,12550,14620,27170,6920,21770,28690,41000OND
R72 05307 0086,12240,25440,37680,6720,0,6720,41000OND
R72 05307 0087,12240,18880,31120,6720,24110,30830,41000OND
R72 05307 0088,12240,24890,37130,6720,33560,40280,41000OND
R72 05307 0090,7740,19250,26990,4320,27390,31710,41000OND
R72 05307 0094,14230,48820,63050,8010,62040,70050,41000OND
R72 05308 0001,9000,19290,28290,4920,24870,29790,41000OND
R72 05308 0002,9480,1710,11190,5170,2260,7430,41000OND
R72 05308 0003,8880,33570,42450,4890,46370,51260,41000OND
R72 05308 0004,9550,30910,40460,5210,34900,40110,41000OND
R72 05308 0013,6830,22840,29670,1710,0,1710,41000OND
R72 05308 0014,8250,14440,22690,4430,18310,22740,41000OND
R72 05308 0015,11340,32390,43730,6090,35690,41780,41000OND
R72 05308 0016,14580,17920,32500,8300,27410,35710,41000OND
R72 05308 0017,13350,30830,44180,7460,49790,57250,41000OND
R72 05308 0018,13500,26370,39870,7550,38730,46280,41000OND
R72 05308 0019,14580,19870,34450,8300,28410,36710,41000OND
R72 05308 0020,14040,25930,39970,7910,52180,60090,41000OND
R72 05308 0021,13770,30290,44060,7750,41470,49220,41000OND
R72 05308 0022,12560,20220,32780,6840,29300,36140,41000OND
R72 05308 0023,13640,20530,34170,7590,31360,38950,41000OND
R72 05308 0024,14580,19320,33900,8300,22900,31200,41000OND
R72 05308 0025,14240,19560,33800,7980,22120,30100,41000OND
R72 05308 0027,14580,18920,33500,8300,9110,17410,41000OND
R72 05308 0028,13640,17920,31560,7590,19810,27400,41000OND
R72 05308 0030,13030,25440,38470,7210,24090,31300,41000OND
R72 05308 0031,10850,22420,33270,5760,25160,30920,41000OND
R72 05308 0032,10210,20950,31160,5320,25950,31270,41000OND
R72 05308 0033,14580,19650,34230,3780,0,3780,41000OND
R72 05308 0043,4160,0,4160,2030,0,2030,41000OND
R72 05308 0044,240,0,240,260,0,260,41000OND
R72 05308 0047,11080,14750,25830,5980,18140,24120,41000OND
R72 05308 0048,14350,31750,46100,8150,44630,52780,41000OND
R72 05308 0050,10040,21150,31190,5280,26320,31600,41000OND
R72 05308 0051,11280,12600,23880,6080,25560,31640,41000OND
R72 05308 0052,15910,28740,44650,9140,38250,47390,41000OND
R72 05308 0053,13010,21740,34750,7220,26730,33950,41000OND
R72 05308 0056,4230,0,4230,1990,0,1990,41000OND
R72 05308 0057,11510,54620,66130,6240,72330,78570,41000OND
R72 05308 0069,14990,17790,32780,8700,17850,26550,41000OND
R72 05308 0070,14310,8410,22720,8140,21540,29680,41000OND
R72 05308 0077,9230,2390,11620,5460,3130,8590,41000OND
R72 05308 0079,11560,18350,29910,6180,25710,31890,41000OND
R72 05308 0080,11000,11030,22030,3130,10630,13760,41000OND
R72 05309 0016,12240,42630,54870,6690,0,6690,41000OND
R72 05309 0017,16220,35180,51400,9240,0,9240,41000OND
R72 05309 0019,11170,17490,28660,4810,0,4810,41000OND
R72 05309 0023,12180,22450,34630,6690,27420,34110,41000OND
R72 05402 0034,9460,53180,62640,7920,49260,57180,C0200000
R72 05403 0001,10800,17230,28030,5810,20230,26040,41000OND
R72 05403 0002,10800,17610,28410,5810,19840,25650,41000OND
R72 05403 0003,10800,16380,27180,5810,47220,53030,41000OND
R72 05403 0004,5400,0,5400,2650,0,2650,41000OND
R72 05403 0005,10800,17180,27980,5810,19720,25530,41000OND
R72 05403 0006,10950,20710,31660,5900,27620,33520,41000OND
R72 05403 0007,13070,34430,47500,6980,42020,49000,41000OND
R72 05403 0009,11100,42440,53540,6020,840,6860,41000OND
R72 05403 0011,10800,23910,34710,5830,31960,37790,41000OND
R72 05403 0012,10800,19530,30330,5830,19660,25490,41000OND
R72 05403 0013,10800,7990,18790,5830,20380,26210,41000OND
R72 05403 0014,10800,20110,30910,5830,21940,27770,41000OND
R72 05403 0015,10800,16030,26830,5830,16680,22510,41000OND
R72 05403 0016,10800,18260,29060,5830,17970,23800,41000OND
R72 05403 0017,3150,0,3150,1630,0,1630,41000OND
R72 05403 0018,10800,19460,30260,5830,24300,30130,41000OND
R72 05403 0019,10800,32430,43230,5830,29340,35170,41000OND
R72 05403 0020,10800,22270,33070,5830,32220,38050,41000OND
R72 05403 0021,10800,18810,29610,5830,24720,30550,41000OND
R72 05403 0022,10800,19900,30700,2660,0,2660,41000OND
R72 05403 0023,5400,0,5400,2650,0,2650,41000OND
R72 05403 0024,10800,43820,54620,5810,13520,19330,41000OND
R72 05403 0025,10800,32110,42910,5810,37240,43050,41000OND
R72 05403 0026,10800,24370,35170,5810,27270,33080,41000OND
R72 05403 0027,10800,29610,40410,5810,37530,43340,41000OND
R72 05403 0028,10950,19520,30470,5900,24070,29970,41000OND
R72 05403 0029,10950,19120,30070,5900,28350,34250,41000OND
R72 05403 0030,10950,37820,48770,5900,48510,54410,41000OND
R72 05403 0031,9400,20360,29760,5020,26390,31410,41000OND
R72 05403 0032,9400,22010,31410,5020,23100,28120,41000OND
R72 05403 0033,9400,18060,27460,2290,0,2290,41000OND
R72 05403 0034,9400,18850,28250,5020,29750,34770,41000OND
R72 05403 0035,9400,24320,33720,5020,29520,34540,41000OND
R72 05403 0036,9530,18700,28230,5090,7090,12180,41000OND
R72 05403 0037,9530,15880,25410,5090,18820,23910,41000OND
R72 05403 0038,9530,16210,25740,5090,22730,27820,41000OND
R72 05403 0042,11990,31530,43520,6510,55680,62190,41000OND
R72 05403 0043,11990,35040,47030,6510,56500,63010,41000OND
R72 05403 0044,11990,20220,32210,6510,25770,32280,41000OND
R72 05403 0045,11990,28090,40080,6510,31480,37990,41000OND
R72 05403 0046,11990,22000,33990,6510,23260,29770,41000OND
R72 05403 0047,11990,28510,40500,6510,31280,37790,41000OND
R72 05403 0048,10040,23130,33170,5190,7640,12830,41000OND
R72 05403 0049,8690,3500,12190,2080,0,2080,41000OND
R72 05403 0051,3480,0,3480,1850,0,1850,41000OND
R72 05403 0053,2740,0,2740,1330,0,1330,41000OND
R72 05403 0055,5810,8750,14560,2920,11650,14570,41000OND
R72 05403 0056,9960,27030,36990,2700,0,2700,41000OND
R72 05403 0057,6320,17000,23320,3240,21690,24930,41000OND
R72 05403 0058,5910,0,5910,2910,0,2910,41000OND
R72 05403 0059,11830,25580,37410,6400,27740,34140,41000OND
R72 05403 0062,5990,21220,27210,3270,29560,32830,41000OND
R72 05403 0063,11990,30570,42560,6530,37450,43980,41000OND
R72 05403 0064,11990,30170,42160,6530,41260,47790,41000OND
R72 05403 0065,11990,19430,31420,6530,42900,49430,41000OND
R72 05403 0066,11990,20570,32560,6530,26530,33060,41000OND
R72 05403 0067,11990,20690,32680,6530,29170,35700,41000OND
R72 05403 0068,11990,25500,37490,6530,14750,21280,41000OND
R72 05403 0069,11990,16220,28210,7230,0,7230,41000OND
R72 05403 0076,8540,17370,25910,4720,22200,26920,41000OND
R72 05403 0078,7100,16190,23290,3660,19400,23060,41000OND
R72 05403 0080,4200,0,4200,1960,0,1960,41000OND
R72 05403 0081,5820,0,5820,3300,0,3300,41000OND
R72 05403 0082,31860,69850,101710,19280,104680,123960,41000OND
R72 05403 0083,16650,29510,46160,9300,44870,54170,41000OND
R72 05404 0009,9000,28040,37040,4950,73320,78270,41000OND
R72 05404 0010,9000,25610,34610,4950,32680,37630,41000OND
R72 05404 0011,6300,0,6300,3160,0,3160,41000OND
R72 05404 0012,12600,39390,51990,6940,63030,69970,41000OND
R72 05404 0013,12600,22780,35380,6940,28640,35580,41000OND
R72 05404 0015,9450,13080,22530,4860,11900,16760,41000OND
R72 05404 0016,12600,24950,37550,6940,37460,44400,41000OND
R72 05404 0017,4920,0,4920,2420,0,2420,41000OND
R72 05404 0019,3870,0,3870,1930,0,1930,41000OND
R72 05404 0021,9610,11880,21490,4960,15360,20320,41000OND
R72 05404 0022,8660,16150,24810,4340,17160,21500,41000OND
R72 05405 0002,10430,28300,38730,5580,4990,10570,41000OND
R72 05405 0003,10430,29400,39830,5580,34200,39780,41000OND
R72 05405 0004,9640,19520,29160,5140,17010,22150,41000OND
R72 05405 0008,7790,12360,20150,4140,20940,25080,41000OND
R72 05405 0009,8840,0,8840,1310,0,1310,41000OND
R72 05405 0010,17170,31710,48880,10020,37030,47050,41000OND
R72 05405 0012,2820,0,2820,1440,0,1440,41000OND
R72 05405 0013,14090,37120,51210,7930,45210,53140,41000OND
R72 05405 0014,4690,0,4690,2570,0,2570,41000OND
R72 05405 0022,4730,3890,8620,2600,0,2600,41000OND
R72 05405 0027,11830,29010,40840,3250,0,3250,41000OND
R72 05405 0028,11830,33780,45610,6420,37440,43860,41000OND
R72 05405 0029,11830,18360,30190,6420,25950,32370,41000OND
R72 05405 0031,7790,16530,24320,4140,21850,25990,41000OND
R72 05406 0029,4330,0,4330,1200,0,1200,41000OND
R72 05406 0030,8650,3250,11900,4730,10730,15460,41000OND
R72 05406 0032,8410,13420,21830,2330,0,2330,41000OND
R72 05406 0033,8650,14030,22680,4730,18170,22900,41000OND
R72 05406 0034,4050,0,4050,2050,0,2050,41000OND
R72 05406 0035,3440,0,3440,1930,0,1930,41000OND
R72 05406 0036,8100,20160,28260,4490,25400,29890,41000OND
R72 05406 0037,11280,24290,35570,6110,27740,33850,41000OND
R72 05406 0038,11280,7330,18610,6760,0,6760,41000OND
R72 05406 0039,8120,4180,12300,4400,31970,36370,41000OND
R72 05407 0001,10950,32280,43230,5930,22120,28050,41000OND
R72 05407 0002,10950,14260,25210,5930,16330,22260,41000OND
R72 05407 0003,10950,17540,28490,5930,24850,30780,41000OND
R72 05407 0004,10950,17370,28320,5930,26550,32480,41000OND
R72 05407 0005,10950,24970,35920,5930,28290,34220,41000OND
R72 05407 0006,10950,12740,23690,5930,16810,22740,41000OND
R72 05407 0007,10950,14440,25390,5930,20160,26090,41000OND
R72 05407 0008,10950,19680,30630,5930,590,6520,41000OND
R72 05407 0009,10950,7080,18030,5930,0,5930,41000OND
R72 05407 0010,10950,13440,24390,5930,26850,32780,41000OND
R72 05407 0011,5480,0,5480,2700,0,2700,41000OND
R72 05407 0017,10950,23820,34770,5930,33240,39170,41000OND
R72 05407 0018,10950,20640,31590,5930,29810,35740,41000OND
R72 05407 0019,10950,16970,27920,5930,22480,28410,41000OND
R72 05407 0020,10950,13120,24070,3000,0,3000,41000OND
R72 05407 0021,10950,14940,25890,5930,19690,25620,41000OND
R72 05407 0022,10950,26270,37220,5930,32090,38020,41000OND
R72 05407 0023,10950,24220,35170,5930,29680,35610,41000OND
R72 05407 0024,10050,8900,18950,5350,15590,20940,41000OND
R72 05407 0025,10950,26740,37690,5930,34870,40800,41000OND
R72 05407 0026,10950,22140,33090,5930,31210,37140,41000OND
R72 05407 0027,10950,17560,28510,5930,4190,10120,41000OND
R72 05407 0034,11830,17780,29610,2910,0,2910,41000OND
R72 05407 0035,5910,0,5910,2910,0,2910,41000OND
R72 05407 0036,11830,4850,16680,6400,6360,12760,41000OND
R72 05407 0037,11830,21320,33150,6400,24780,31180,41000OND
R72 05407 0038,11830,11790,23620,6400,27370,33770,41000OND
R72 05407 0039,5910,0,5910,2910,0,2910,41000OND
R72 05407 0040,11830,33940,45770,6400,38780,45180,41000OND
R72 05407 0042,5910,0,5910,2910,0,2910,41000OND
R72 05407 0043,9310,22580,31890,4990,36440,41430,41000OND
R72 05407 0051,5910,0,5910,2930,0,2930,41000OND
R72 05407 0052,11830,26430,38260,6420,38520,44940,41000OND
R72 05407 0053,11830,26540,38370,6420,40700,47120,41000OND
R72 05407 0057,11830,3980,15810,6420,4530,10950,41000OND
R72 05407 0059,7570,21450,29020,4260,18740,23000,41000OND
R72 05407 0068,3710,0,3710,1920,0,1920,41000OND
R72 05407 0073,350,0,350,170,0,170,41000OND
R72 05407 0074,7330,18490,25820,3760,21090,24850,41000OND
R72 05407 0075,7020,12810,19830,3460,2600,6060,41000OND
R72 05407 0076,6010,22560,28570,2990,26080,29070,41000OND
R72 05408 0020,1600,0,1600,500,0,500,41000OND
R72 05408 0022,5820,0,5820,2880,0,2880,41000OND
R72 05408 0023,12040,11820,23860,6560,24730,31290,41000OND
R72 05408 0024,13320,6730,20050,7510,18520,26030,41000OND
R72 05408 0026,11660,16480,28140,6330,18370,24700,41000OND
R72 05408 0028,11660,27070,38730,6330,32390,38720,41000OND
R72 05408 0029,5330,0,5330,2560,0,2560,41000OND
R72 05408 0030,10320,23480,33800,5380,30640,36020,41000OND
R72 05408 0032,13990,25200,39190,7990,29340,37330,41000OND
R72 05408 0033,14150,18130,32280,8100,34070,42170,41000OND
R72 05408 0034,4020,0,4020,1910,0,1910,41000OND
R72 05408 0035,7780,17750,25530,4370,20490,24860,41000OND
R72 05408 0058,3610,0,3610,1900,0,1900,41000OND
R72 05408 0065,9590,12570,22160,5090,16500,21590,41000OND
R72 05410 0007,9270,23220,32490,4790,32210,37000,41000OND
R72 05410 0009,10660,24540,35200,5700,25930,31630,41000OND
R72 05410 0010,10660,25330,35990,5700,38660,44360,41000OND
R72 05410 0011,11590,18400,29990,6310,21500,27810,41000OND
R72 05410 0012,10500,18560,29060,5640,18570,24210,41000OND
R72 05410 0013,10500,23490,33990,5640,22230,27870,41000OND
R72 05410 0014,10500,22470,32970,5640,20370,26010,41000OND
R72 05410 0015,10500,16460,26960,5640,18230,23870,41000OND
R72 05410 0016,11700,23110,34810,6400,29390,35790,41000OND
R72 05410 0022,10950,23510,34460,5930,27460,33390,41000OND
R72 05410 0032,11660,23000,34660,6290,32410,38700,41000OND
R72 05410 0033,5250,2750,8000,2860,0,2860,41000OND
R72 05410 0034,11660,30420,42080,6290,40300,46590,41000OND
R72 05410 0035,11660,23460,35120,6290,37100,43390,41000OND
R72 05410 0039,13770,35320,49090,7710,19570,27280,41000OND
R72 05410 0040,5390,2470,7860,2960,3220,6180,41000OND
R72 05410 0043,13520,25090,38610,7460,63410,70870,41000OND
R72 05410 0044,11170,30330,41500,6010,39370,45380,41000OND
R72 05410 0045,5510,1120,6630,2960,0,2960,41000OND
R72 05410 0046,11170,30100,41270,6010,39230,45240,41000OND
R72 05410 0047,11170,29840,41010,6010,36730,42740,41000OND
R72 05411 0008,11170,34250,45420,6010,14980,20990,41000OND
R72 05411 0009,11730,27830,39560,6410,34690,41100,41000OND
R72 05411 0010,6060,0,6060,3030,0,3030,41000OND
R72 05411 0014,11760,26740,38500,6370,42510,48880,41000OND
R72 05411 0015,11760,29620,41380,6370,38630,45000,41000OND
R72 05502 0001,1900,24100,26000,1910,32560,34470,41000MCC
R72 05502 0002,1900,21770,23670,1910,26220,28130,41000MCC
R72 05502 0003,950,0,950,860,0,860,41000MCC
R72 05502 0004,1900,20650,22550,1910,27490,29400,41000MCC
R72 05502 0005,1900,37580,39480,1910,43180,45090,41000MCC
R72 05502 0006,950,0,950,860,0,860,41000MCC
R72 05502 0007,1900,19340,21240,1910,26250,28160,41000MCC
R72 05502 0008,1900,18940,20840,1910,18510,20420,41000MCC
R72 05502 0009,1900,19060,20960,1910,19200,21110,41000MCC
R72 05502 0010,1770,18950,20720,1780,24760,26540,41000MCC
R72 05502 0013,1970,29040,31010,1980,33860,35840,41000MCC
R72 05502 0014,1970,23550,25520,1980,29960,31940,41000MCC
R72 05502 0015,1970,25680,27650,1980,28310,30290,41000MCC
R72 05502 0016,980,0,980,890,0,890,41000MCC
R72 05502 0017,1970,23740,25710,1980,30930,32910,41000MCC
R72 05502 0020,1970,21890,23860,1980,32620,34600,41000MCC
R72 05502 0021,1970,25240,27210,1980,42010,43990,41000MCC
R72 05502 0022,1970,22430,24400,1980,31410,33390,41000MCC
R72 05502 0023,1970,18710,20680,1980,24760,26740,41000MCC
R72 05502 0024,1900,33290,35190,1910,33670,35580,41000MCC
R72 05502 0025,1900,25220,27120,1910,23300,25210,41000MCC
R72 05502 0026,1900,15530,17430,1910,20180,22090,41000MCC
R72 05502 0027,1900,30760,32660,1910,32370,34280,41000MCC
R72 05502 0028,1900,30550,32450,1910,32480,34390,41000MCC
R72 05502 0034,1900,31980,33880,1910,43450,45360,41000MCC
R72 05502 0035,1350,24780,26130,1420,33860,35280,41000MCC
R72 05502 0065,1390,28390,29780,1490,42080,43570,41000MCC
R72 05502 0071,2500,21880,24380,2500,22520,25020,41000MCC
R72 05503 0001,1020,0,1020,890,0,890,41000MCC
R72 05503 0003,1900,37100,39000,1910,45160,47070,41000MCC
R72 05503 0004,1900,23910,25810,1910,26010,27920,41000MCC
R72 05503 0005,1900,25260,27160,1910,27040,28950,41000MCC
R72 05503 0006,1900,28470,30370,1910,31370,33280,41000MCC
R72 05503 0007,1900,20530,22430,1910,37630,39540,41000MCC
R72 05503 0008,1900,35540,37440,1910,48010,49920,41000MCC
R72 05503 0010,1900,20880,22780,1910,27500,29410,41000MCC
R72 05503 0012,1900,21480,23380,1910,25320,27230,41000MCC
R72 05503 0017,1890,32910,34800,1890,37930,39820,41000MCC
R72 05503 0018,940,0,940,850,0,850,41000MCC
R72 05503 0019,1890,26370,28260,1890,30140,32030,41000MCC
R72 05503 0020,1890,46480,48370,1890,57570,59460,41000MCC
R72 05503 0021,1890,35740,37630,1890,48820,50710,41000MCC
R72 05503 0022,1890,23850,25740,1890,40270,42160,41000MCC
R72 05503 0023,1890,15310,17200,1890,17940,19830,41000MCC
R72 05503 0024,1890,13980,15870,940,0,940,41000MCC
R72 05503 0025,1890,21570,23460,1890,24120,26010,41000MCC
R72 05503 0026,940,0,940,850,0,850,41000MCC
R72 05503 0029,1890,30030,31920,1890,21590,23480,41000MCC
R72 05503 0030,1890,37830,39720,1890,46600,48490,41000MCC
R72 05503 0031,940,0,940,850,0,850,41000MCC
R72 05503 0032,1890,23140,25030,1890,24040,25930,41000MCC
R72 05503 0033,1890,23640,25530,1890,27550,29440,41000MCC
R72 05503 0034,1890,15380,17270,1890,16840,18730,41000MCC
R72 05503 0035,1890,23750,25640,1890,26280,28170,41000MCC
R72 05503 0036,1910,15570,17480,1920,16420,18340,41000MCC
R72 05503 0038,1870,14590,16460,1880,14040,15920,41000MCC
R72 05503 0039,2760,25210,27970,2810,27390,30200,41000MCC
R72 05503 0041,1900,21960,23860,1910,19320,21230,41000MCC
R72 05503 0042,1900,36680,38580,1910,7210,9120,41000MCC
R72 05503 0043,1900,37250,39150,1910,14130,16040,41000MCC
R72 05503 0044,1900,17780,19680,1910,21510,23420,41000MCC
R72 05503 0045,1900,17980,19880,1910,21510,23420,41000MCC
R72 05503 0046,1900,25690,27590,1910,29480,31390,41000MCC
R72 05503 0047,1900,18430,20330,1910,20640,22550,41000MCC
R72 05503 0048,1900,24990,26890,1910,34800,36710,41000MCC
R72 05503 0049,1710,0,1710,1720,0,1720,41000MCC
R72 05503 0050,1900,26370,28270,1910,27210,29120,41000MCC
R72 05503 0051,1900,19220,21120,1910,20790,22700,41000MCC
R72 05503 0052,1900,15670,17570,1910,16780,18690,41000MCC
R72 05503 0053,1850,35240,37090,1840,37800,39640,41000MCC
R72 05504 0001,1390,16970,18360,1500,24280,25780,41000MCC
R72 05504 0002,560,0,560,580,0,580,41000MCC
R72 05504 0003,1790,20130,21920,1800,26440,28240,41000MCC
R72 05504 0004,1690,14330,16020,1710,32400,34110,41000MCC
R72 05504 0005,1690,18330,20020,1710,33890,35600,41000MCC
R72 05504 0006,1690,18150,19840,1710,32090,33800,41000MCC
R72 05504 0018,1680,22810,24490,760,0,760,41000MCC
R72 05504 0019,840,0,840,760,0,760,41000MCC
R72 05504 0020,1680,12340,14020,1700,19370,21070,41000MCC
R72 05504 0024,1680,16670,18350,1700,29150,30850,41000MCC
R72 05504 0025,1680,19430,21110,1700,30980,32680,41000MCC
R72 05504 0048,2500,13110,15610,2500,23310,25810,41000MCC
R72 05504 0049,1490,23400,24890,1540,31380,32920,41000MCC
R72 05504 0050,1820,16440,18260,1830,1080,2910,41000MCC
R72 05504 0051,1950,14230,16180,1960,5200,7160,41000MCC
R72 05504 0052,1950,22780,24730,1960,33740,35700,41000MCC
R72 05504 0053,1950,21540,23490,1960,24300,26260,41000MCC
R72 05504 0054,1950,22270,24220,1960,30300,32260,41000MCC
R72 05504 0055,1480,22240,23720,1560,26020,27580,41000MCC
R72 05504 0063,470,0,470,170,0,170,41000MCC
R72 05505 0002,1880,16750,18630,1880,19490,21370,41000MCC
R72 05505 0003,1640,13350,14990,1670,11110,12780,41000MCC
R72 05505 0004,2140,20500,22640,2120,11620,13740,41000MCC
R72 05505 0005,1720,20380,22100,1740,11110,12850,41000MCC
R72 05505 0006,1660,21730,23390,1680,30040,31720,41000MCC
R72 05505 0007,1460,20340,21800,1530,26490,28020,41000MCC
R72 05505 0008,800,0,800,800,0,800,41000MCC
R72 05604 0010,7970,48010,55980,6710,61950,68660,C0200000
R72 05604 0011,7970,6280,14250,6710,7340,14050,C0200000
R72 05604 0012,2090,28570,30660,2110,29900,32010,41000MCC
R72 05604 0019,1930,23730,25660,1940,28700,30640,41000MCC
R72 05604 0020,1930,21980,23910,1940,27380,29320,41000MCC
R72 05604 0021,1930,19050,20980,1940,25910,27850,41000MCC
R72 05604 0022,1930,20360,22290,1940,27660,29600,41000MCC
R72 05604 0023,1930,23540,25470,1940,30080,32020,41000MCC
R72 05608 0003,1950,25720,27670,1960,41900,43860,41000MCC
R72 05608 0004,1950,18960,20910,1960,27080,29040,41000MCC
R72 05608 0005,1950,22570,24520,1960,12370,14330,41000MCC
R72 05608 0006,1840,21260,23100,1860,13250,15110,41000MCC
R72 05608 0007,1860,18860,20720,1860,27690,29550,41000MCC
R72 05608 0008,1690,13410,15100,1690,22270,23960,41000MCC
R72 05608 0010,1940,29410,31350,1930,27130,29060,41000MCC
R72 05608 0012,1500,16710,18210,1570,26040,27610,41000MCC
R72 05608 0013,1950,23320,25270,1960,34900,36860,41000MCC
R72 05608 0014,1950,23500,25450,1960,15850,17810,41000MCC
R72 05608 0017,1950,14980,16930,1960,23060,25020,41000MCC
R72 05608 0018,1950,16080,18030,1570,10490,12060,41000MCC
R72 05608 0019,1950,15030,16980,1570,8440,10010,41000MCC
R72 05608 0020,970,0,970,880,0,880,41000MCC
R72 05608 0021,970,6390,7360,980,11740,12720,41000MCC
R72 05608 0023,1950,14830,16780,1960,29550,31510,41000MCC
R72 05608 0024,1950,17500,19450,1960,31230,33190,41000MCC
R72 05608 0025,1950,18740,20690,1960,38270,40230,41000MCC
R72 05608 0045,1990,5680,7670,2000,6750,8750,41000MCC
R72 05608 0046,1990,18360,20350,2000,36480,38480,41000MCC
R72 05608 0047,1990,25290,27280,2000,23000,25000,41000MCC
R72 05608 0048,1990,15230,17220,2000,24320,26320,41000MCC
R72 05608 0049,1990,25470,27460,2000,34900,36900,41000MCC
R72 05608 0050,1990,15880,17870,2000,30600,32600,41000MCC
R72 05608 0051,3120,14620,17740,1480,24770,26250,41000MCC
R72 05608 0052,1770,22010,23780,1680,35290,36970,41000MCC
R72 05608 0053,1470,20310,21780,1540,22190,23730,41000MCC
R72 05608 0054,1800,18720,20520,1820,9080,10900,41000MCC
R72 05608 0055,2030,18950,20980,2030,18490,20520,41000MCC
R72 05608 0058,1970,17320,19290,1970,27700,29670,41000MCC
R72 05608 0060,570,0,570,570,0,570,41000MCC
R72 05608 0061,1970,24470,26440,1970,26980,28950,41000MCC
R72 05608 0062,790,0,790,790,0,790,41000MCC
R72 05608 0063,1970,19740,21710,1970,24790,26760,41000MCC
R72 05608 0064,1970,15130,17100,1970,23600,25570,41000MCC
R72 05608 0065,1920,13600,15520,1910,27680,29590,41000MCC
R72 05608 0066,1920,19920,21840,1910,27070,28980,41000MCC
R72 05608 0067,1970,19960,21930,1970,25900,27870,41000MCC
R72 05608 0068,1970,12370,14340,1970,21630,23600,41000MCC
R72 05608 0069,980,19290,20270,1000,25560,26560,41000MCC
R72 05608 0070,1950,30140,32090,1960,34540,36500,41000MCC
R72 05608 0071,1950,18800,20750,1960,24400,26360,41000MCC
R72 05608 0072,1950,19650,21600,1960,20050,22010,41000MCC
R72 05608 0073,1950,12360,14310,1960,17420,19380,41000MCC
R72 05608 0074,1900,14400,16300,1910,19370,21280,41000MCC
R72 05608 0075,1900,18730,20630,1910,28360,30270,41000MCC
R72 05608 0076,1950,17970,19920,1960,27450,29410,41000MCC
R72 05608 0077,1950,13840,15790,1960,22920,24880,41000MCC
R72 05608 0078,1950,16360,18310,1960,23310,25270,41000MCC
R72 05608 0079,570,0,570,570,0,570,41000MCC
R72 05608 0080,1870,10550,12420,1880,15640,17520,41000MCC
R72 05608 0081,1950,14970,16920,1960,21130,23090,41000MCC
R72 05608 0082,1950,22980,24930,1960,23220,25180,41000MCC
R72 05608 0083,1950,17470,19420,1960,18120,20080,41000MCC
R72 05608 0084,1650,22930,24580,1670,31000,32670,41000MCC
R72 05608 0085,1050,13610,14660,1060,19630,20690,41000MCC
R72 05609 0003,2010,18240,20250,2020,26160,28180,41000MCC
R72 05609 0004,2010,20440,22450,2020,450,2470,41000MCC
R72 05609 0005,2010,1740,3750,2020,55480,57500,41000MCC
R72 05609 0006,2010,12660,14670,2020,17580,19600,41000MCC
R72 05609 0007,2010,16800,18810,2020,29610,31630,41000MCC
R72 05609 0008,2010,15820,17830,2020,15930,17950,41000MCC
R72 05609 0009,2010,26690,28700,2020,47380,49400,41000MCC
R72 05609 0014,1900,19720,21620,1910,8800,10710,41000MCC
R72 05609 0015,1900,20620,22520,1910,9850,11760,41000MCC
R72 05609 0016,1950,15740,17690,1960,20360,22320,41000MCC
R72 05609 0017,980,0,980,890,0,890,41000MCC
R72 05609 0018,1970,16200,18170,980,0,980,41000MCC
R72 05609 0019,1950,15940,17890,1960,25000,26960,41000MCC
R72 05609 0020,650,0,650,650,0,650,41000MCC
R72 05609 0021,1950,12440,14390,1960,18160,20120,41000MCC
R72 05609 0022,1950,11130,13080,1960,23120,25080,41000MCC
R72 05609 0023,1950,14680,16630,1960,18000,19960,41000MCC
R72 05609 0024,1420,28840,30260,1510,14130,15640,41000MCC
R72 05609 0027,1460,15850,17310,1240,0,1240,41000MCC
R72 05609 0028,2010,22970,24980,2020,33330,35350,41000MCC
R72 05609 0040,2010,10720,12730,2020,14620,16640,41000MCC
R72 05609 0041,1000,0,1000,910,0,910,41000MCC
R72 05609 0042,2010,22000,24010,2020,29820,31840,41000MCC
R72 05609 0043,2010,18790,20800,2020,9090,11110,41000MCC
R72 05609 0044,1980,20400,22380,1990,31750,33740,41000MCC
R72 05609 0050,660,6700,7360,2580,7040,9620,41000MCC
R72 05609 0054,2300,21560,23860,1040,41070,42110,41000MCC
R72 05609 0056,1440,22190,23630,1530,42400,43930,41000MCC
R72 05701 0010,1380,15800,17180,1370,19310,20680,41MCCEPA
R72 05701 0011,8790,0,8790,1100,0,1100,41MCCEPA
R72 05701 0012,1380,16230,17610,1370,24380,25750,41MCCEPA
R72 05701 0013,1380,16860,18240,1370,20550,21920,41MCCEPA
R72 05701 0014,1380,16550,17930,1370,21110,22480,41MCCEPA
R72 05701 0015,1380,19640,21020,1370,26410,27780,41MCCEPA
R72 05701 0016,1380,20480,21860,1370,28310,29680,41MCCEPA
R72 05701 0017,1550,15740,17290,1530,19000,20530,41MCCEPA
R72 05701 0018,1550,16750,18300,1530,20070,21600,41MCCEPA
R72 05701 0019,1550,19010,20560,1530,24460,25990,41MCCEPA
R72 05701 0022,1550,18650,20200,1530,23290,24820,41MCCEPA
R72 05701 0023,770,0,770,710,0,710,41MCCEPA
R72 05701 0024,1560,22220,23780,1540,30070,31610,41MCCEPA
R72 05701 0025,1560,16070,17630,1540,22410,23950,41MCCEPA
R72 05701 0026,1560,16190,17750,1540,19370,20910,41MCCEPA
R72 05701 0027,1560,17160,18720,1540,20870,22410,41MCCEPA
R72 05701 0028,1560,16110,17670,1540,12440,13980,41MCCEPA
R72 05701 0029,1560,16390,17950,1540,21070,22610,41MCCEPA
R72 05701 0030,1500,20520,22020,1490,27990,29480,41MCCEPA
R72 05701 0031,1400,15380,16780,710,0,710,41MCCEPA
R72 05701 0044,1560,17800,19360,1540,22670,24210,41MCCEPA
R72 05701 0045,1560,18130,19690,1540,22320,23860,41MCCEPA
R72 05701 0046,1560,20350,21910,1540,28580,30120,41MCCEPA
R72 05703 0009,260,0,260,270,0,270,41000MCC
R72 05703 0012,1730,12590,14320,1740,19790,21530,41000MCC
R72 05703 0021,1370,0,1370,1290,0,1290,41000MCC
R72 05703 0023,1750,17760,19510,1770,20870,22640,41000MCC
R72 05703 0024,1750,12570,14320,1930,0,1930,41000MCC
R72 05703 0025,700,0,700,710,0,710,41000MCC
R72 05703 0029,1780,19790,21570,1800,22430,24230,41000MCC
R72 05703 0039,8400,57760,66160,7140,53990,61130,C0200000
R72 05703 0040,1490,18590,20080,1570,7780,9350,41000MCC
R72 05703 0041,1930,18600,20530,1950,29350,31300,41000MCC
R72 05703 0042,2060,19400,21460,2090,4450,6540,41000MCC
R72 05703 0044,2080,17040,19120,2110,24580,26690,41000MCC
R72 05703 0045,2080,23680,25760,2110,25600,27710,41000MCC
R72 05703 0046,1040,0,1040,950,0,950,41000MCC
R72 05703 0047,2080,18600,20680,2110,28120,30230,41000MCC
R72 05703 0048,2080,29760,31840,2110,47010,49120,41000MCC
R72 05703 0049,1040,0,1040,950,0,950,41000MCC
R72 05703 0050,2080,17830,19910,2110,28270,30380,41000MCC
R72 05703 0051,1040,0,1040,950,0,950,41000MCC
R72 05703 0057,2080,22430,24510,2110,25700,27810,41000MCC
R72 05703 0060,2010,29330,31340,2030,39020,41050,41000MCC
R72 05703 0061,1000,0,1000,910,0,910,41000MCC
R72 05703 0062,2010,7470,9480,2030,1940,3970,41000MCC
R72 05703 0069,1860,18070,19930,1870,22860,24730,41000MCC
R72 05703 0070,1860,24160,26020,1870,36670,38540,41000MCC
R72 05703 0071,1860,24390,26250,1870,36670,38540,41000MCC
R72 05703 0072,1860,19660,21520,1870,26270,28140,41000MCC
R72 05703 0073,930,0,930,840,0,840,41000MCC
R72 05703 0074,1860,18890,20750,1880,19870,21750,41000MCC
R72 05703 0075,1880,15160,17040,1880,19930,21810,41000MCC
R72 05703 0076,1880,15560,17440,1890,17470,19360,41000MCC
R72 05703 0077,940,0,940,850,0,850,41000MCC
R72 05703 0081,940,0,940,860,0,860,41000MCC
R72 05703 0082,1890,14200,16090,1910,18680,20590,41000MCC
R72 05703 0083,1890,16080,17970,1910,23450,25360,41000MCC
R72 05703 0084,1910,23840,25750,1920,25310,27230,41000MCC
R72 05703 0107,1780,16260,18040,900,0,900,41000MCC
R72 05703 0112,1540,16420,17960,1600,20760,22360,41000MCC
R72 05703 0113,1530,9920,11450,1560,11450,13010,41000MCC
R72 05703 0116,1460,6700,8160,1560,15370,16930,41000MCC
R72 05703 0117,320,0,320,340,0,340,41000MCC
R72 05703 0150,500,0,500,500,0,500,41000MCC
R72 05704 0116,1510,30570,32080,1480,23820,25300,41MCCEPA
R72 05704 0117,1510,10110,11620,1480,8320,9800,41MCCEPA
R72 05704 0124,1510,7780,9290,1480,9600,11080,41MCCEPA
R72 05704 0125,6700,0,6700,5690,0,5690,C0200000
R72 05704 0128,1530,13870,15400,1510,21780,23290,41MCCEPA
R72 05705 0010,2080,20700,22780,2100,28820,30920,41000MCC
R72 05705 0011,2060,3590,5650,890,0,890,41000MCC
R72 05705 0012,2010,11950,13960,2010,17310,19320,41000MCC
R72 05705 0013,1990,18860,20850,2010,29230,31240,41000MCC
R72 05705 0014,2040,16300,18340,1410,28770,30180,41000MCC
R72 05705 0019,1050,21490,22540,1070,0,1070,41000MCC
R72 05705 0020,2100,16760,18860,2140,22930,25070,41000MCC
R72 05705 0023,2070,14830,16900,1060,6860,7920,41000MCC
R72 05705 0024,2050,14530,16580,2090,27530,29620,41000MCC
R72 05705 0025,2050,14050,16100,2080,16910,18990,41000MCC
R72 05705 0026,2080,15050,17130,2110,22020,24130,41000MCC
R72 05705 0027,2080,14830,16910,2110,21360,23470,41000MCC
R72 05705 0028,1040,0,1040,950,0,950,41000MCC
R72 05705 0029,2080,20060,22140,2110,25290,27400,41000MCC
R72 05705 0030,2080,15350,17430,2110,19880,21990,41000MCC
R72 05705 0031,1670,0,1670,1690,0,1690,41000MCC
R72 05705 0039,2080,19130,21210,2110,25400,27510,41000MCC
R72 05705 0040,980,17110,18090,990,19810,20800,41000MCC
R72 05705 0041,2040,12870,14910,2060,18460,20520,41000MCC
R72 05705 0042,2230,12600,14830,2380,15320,17700,41000MCC
R72 05705 0043,2310,15560,17870,2290,3850,6140,41000MCC
R72 05708 0019,0,0,0,0,0,0,C0200000
R72 05709 0003,1600,0,1600,500,0,500,41000OND
R72 05709 0004,1600,0,1600,500,0,500,41000OND
R72 05709 0005,1600,0,1600,500,0,500,41000OND
R72 05709 0006,1600,0,1600,500,0,500,41000OND
R72 05709 0007,1600,0,1600,500,0,500,41000OND
R72 05709 0009,11470,31550,43020,6250,23940,30190,41000OND
R72 05709 0010,11470,30770,42240,6250,60450,66700,41000OND
R72 05709 0011,11470,28900,40370,6250,53830,60080,41000OND
R72 05709 0012,11470,28060,39530,6250,36300,42550,41000OND
R72 05709 0013,11470,29950,41420,6250,52320,58570,41000OND
R72 05709 0014,11470,31910,43380,6250,51350,57600,41000OND
R72 05709 0015,19440,39210,58650,11680,38160,49840,41000OND
R72 05709 0017,12960,37010,49970,7230,48900,56130,41000OND
R72 05709 0018,12960,32600,45560,7230,45000,52230,41000OND
R72 05709 0019,12960,32030,44990,7230,9170,16400,41000OND
R72 05709 0020,12960,28720,41680,7230,37200,44430,41000OND
R72 05709 0021,12960,32550,45510,7230,44970,52200,41000OND
R72 05709 0022,23710,37860,61570,14550,47560,62110,41000OND
R72 05709 0024,13080,19150,32230,7260,67040,74300,41000OND
R72 05709 0025,13080,32060,45140,7260,18390,25650,41000OND
R72 05709 0026,13080,32090,45170,7260,41600,48860,41000OND
R72 05709 0027,13080,36110,49190,7260,42250,49510,41000OND
R72 05709 0028,13080,18490,31570,7260,50760,58020,41000OND
R72 05709 0029,17170,29460,46630,10060,12010,22070,41000OND
R72 05709 0030,13080,23440,36520,7260,41760,49020,41000OND
R72 05709 0031,13080,24340,37420,7260,28060,35320,41000OND
R72 05709 0032,6540,0,6540,3310,0,3310,41000OND
R72 05709 0033,13080,18470,31550,7260,17370,24630,41000OND
R72 05709 0034,13080,23600,36680,7260,26740,34000,41000OND
R72 05709 0035,13080,39440,52520,7260,50890,58150,41000OND
R72 05709 0036,11320,32240,43560,6160,34650,40810,41000OND
R72 05709 0037,11470,29260,40730,6250,37870,44120,41000OND
R72 05709 0038,11470,19520,30990,6250,44840,51090,41000OND
R72 05709 0039,10880,12110,22990,5890,58360,64250,41000OND
R72 05709 0040,11470,34140,45610,3170,0,3170,41000OND
R72 05709 0041,11470,17230,28700,6250,44840,51090,41000OND
R72 05709 0042,11470,28630,40100,6250,37370,43620,41000OND
R72 05709 0043,12500,33460,45960,6900,24920,31820,41000OND
R72 05709 0045,15880,35820,51700,9000,33730,42730,41000OND
R72 05709 0046,11470,19400,30870,6250,23220,29470,41000OND
R72 05709 0047,11470,22110,33580,6250,28950,35200,41000OND
R72 05709 0048,11470,30020,41490,6250,37190,43440,41000OND
R72 05709 0049,11470,28800,40270,6250,37190,43440,41000OND
R72 05709 0050,13280,11260,24540,7450,61310,68760,41000OND
R72 05709 0051,13280,29960,43240,7450,47470,54920,41000OND
R72 05709 0052,13280,31290,44570,7450,60040,67490,41000OND
R72 05709 0053,13280,28800,42080,7450,15010,22460,41000OND
R72 05709 0054,13280,22420,35700,7450,0,7450,41000OND
R72 05709 0055,13120,32030,45150,7340,33230,40570,41000OND
R72 05709 0058,13410,34700,48110,7480,39640,47120,41000OND
R72 05709 0059,6700,0,6700,3410,0,3410,41000OND
R72 05709 0060,13410,20300,33710,7480,28190,35670,41000OND
R72 05709 0061,13410,20000,33410,7480,24810,32290,41000OND
R72 05709 0062,13410,28430,41840,7480,36890,44370,41000OND
R72 05709 0063,20110,35890,56000,12080,43820,55900,41000OND
R72 05709 0065,13410,19120,32530,7480,25320,32800,41000OND
R72 05709 0069,4460,0,4460,2420,0,2420,41000OND
R72 05709 0070,10490,23180,33670,5620,39930,45550,41000OND
R72 05709 0071,10490,21500,31990,5620,32650,38270,41000OND
R72 05709 0072,5240,0,5240,2560,0,2560,41000OND
R72 05709 0073,5240,0,5240,2560,0,2560,41000OND
R72 05709 0074,10490,18270,28760,5620,21640,27260,41000OND
R72 05709 0075,10490,22410,32900,5620,29250,34870,41000OND
R72 05709 0076,10490,16380,26870,5620,28560,34180,41000OND
R72 05709 0077,5240,0,5240,2560,0,2560,41000OND
R72 05709 0078,6350,0,6350,3930,0,3930,41000OND
R72 05709 0079,4460,0,4460,2420,0,2420,41000OND
R72 05709 0080,4460,0,4460,2420,0,2420,41000OND
R72 05709 0081,5240,0,5240,2560,0,2560,41000OND
R72 05709 0082,10490,29440,39930,5620,44730,50350,41000OND
R72 05709 0083,7360,0,7360,3820,0,3820,41000OND
R72 05709 0084,14720,27500,42220,8380,49480,57860,41000OND
R72 05709 0085,!,!,!
R72 05710 0001,6490,0,6490,3320,0,3320,41000OND
R72 05710 0002,11660,14000,25660,6330,17470,23800,41000OND
R72 05710 0003,11660,14370,26030,6330,15750,22080,41000OND
R72 05710 0005,11490,11700,23190,6210,4770,10980,41000OND
R72 05710 0028,9180,0,9180,5610,0,5610,41000OND
R72 05710 0030,10000,32230,42230,3130,34030,37160,41000OND
R72 05710 0031,4640,0,4640,1820,0,1820,41000OND
R72 05710 0032,5720,0,5720,2720,0,2720,41000OND
R72 05710 0033,5820,0,5820,3050,0,3050,41000OND
R72 05710 0035,2000,0,2000,630,0,630,41000OND
R72 05710 0038,11760,26120,37880,6440,28410,34850,41000OND
R72 05710 0044,0,0,0,0,0,0,99999999
R72 05711 0001,13770,32220,45990,7710,33460,41170,41000OND
R72 05711 0003,11170,30410,41580,6030,35990,42020,41000OND
R72 05711 0004,5660,0,5660,2790,0,2790,41000OND
R72 05711 0005,11320,30560,41880,6130,34740,40870,41000OND
R72 05711 0006,13770,30570,44340,7710,36920,44630,41000OND
R72 05711 0007,12550,27670,40220,6920,24690,31610,41000OND
R72 05711 0008,1840,0,1840,900,0,900,41000OND
R72 05711 0009,11170,37700,48870,6030,33440,39470,41000OND
R72 05711 0010,1840,0,1840,900,0,900,41000OND
R72 05711 0011,5580,0,5580,2750,0,2750,41000OND
R72 05711 0012,5660,0,5660,2790,0,2790,41000OND
R72 05711 0023,11170,25670,36840,6030,30650,36680,41000OND
R72 05711 0024,12700,19570,32270,7020,7260,14280,41000OND
R72 05711 0026,11320,16660,27980,6130,16840,22970,41000OND
R72 05711 0027,13920,30800,44720,7810,65240,73050,41000OND
R72 05711 0029,11170,20200,31370,6030,25600,31630,41000OND
R72 05711 0030,11170,19740,30910,6030,40390,46420,41000OND
R72 05711 0032,3920,0,3920,2030,0,2030,41000OND
R72 05711 0033,4820,0,4820,2300,0,2300,41000OND
R72 05711 0034,3920,0,3920,2030,0,2030,41000OND
R72 05711 0052,9950,22340,32290,5240,29430,34670,41000OND
R72 05801 0022,2150,17890,20040,2100,21210,23310,41000MCC
R72 05801 0024,1950,30070,32020,1960,28170,30130,41000MCC
R72 05801 0025,970,0,970,880,0,880,41000MCC
R72 05801 0026,1950,28200,30150,1960,36740,38700,41000MCC
R72 05801 0027,2140,14000,16140,2160,17580,19740,41000MCC
R72 05801 0029,2220,14620,16840,2250,17300,19550,41000MCC
R72 05801 0030,2190,11260,13450,2220,6040,8260,41000MCC
R72 05801 0031,2140,12460,14600,2160,15090,17250,41000MCC
R72 05801 0032,1950,17090,19040,1960,20900,22860,41000MCC
R72 05801 0034,1950,16330,18280,1960,20870,22830,41000MCC
R72 05801 0035,2410,13280,15690,2450,15650,18100,41000MCC
R72 05801 0036,2140,25860,28000,2160,34630,36790,41000MCC
R72 05801 0037,200,0,200,190,0,190,41000MCC
R72 05801 0038,1950,15970,17920,1960,19510,21470,41000MCC
R72 05801 0040,1870,21830,23700,1870,9210,11080,41000MCC
R72 05801 0041,1950,21460,23410,1960,25880,27840,41000MCC
R72 05801 0042,1950,32420,34370,1960,39860,41820,41000MCC
R72 05801 0043,1950,11640,13590,1960,15460,17420,41000MCC
R72 05801 0044,580,0,580,590,0,590,41000MCC
R72 05801 0045,1950,25430,27380,1960,33630,35590,41000MCC
R72 05801 0048,1950,0,1950,1960,0,1960,41000MCC
R72 05801 0049,1950,28520,30470,1960,29160,31120,41000MCC
R72 05801 0050,1950,16680,18630,1960,19950,21910,41000MCC
R72 05801 0051,1950,23210,25160,1960,26190,28150,41000MCC
R72 05801 0052,970,0,970,880,0,880,41000MCC
R72 05801 0053,1950,18900,20850,1960,38820,40780,41000MCC
R72 05801 0054,2410,34400,36810,2450,42300,44750,41000MCC
R72 05801 0056,30,0,30,30,0,30,41000MCC
R72 05801 0057,1950,17660,19610,1960,18000,19960,41000MCC
R72 05801 0058,1040,34500,35540,1030,32390,33420,41000MCC
R72 05801 0059,240,0,240,1000,0,1000,41000MCC
R72 05801 0060,1650,26740,28390,1650,30740,32390,41000MCC
R72 05801 0061,1920,19220,21140,1930,19470,21400,41000MCC
R72 05801 0062,1920,28440,30360,1930,18190,20120,41000MCC
R72 05801 0063,1920,21730,23650,1930,8900,10830,41000MCC
R72 05801 0064,1920,16100,18020,1930,19680,21610,41000MCC
R72 05801 0065,1920,23330,25250,1930,35470,37400,41000MCC
R72 05801 0073,1530,0,1530,1540,0,1540,41000MCC
R72 05801 0074,570,0,570,580,0,580,41000MCC
R72 05801 0078,1920,23240,25160,960,0,960,41000MCC
R72 05801 0079,950,0,950,870,0,870,41000MCC
R72 05801 0080,1920,33080,35000,1930,7330,9260,41000MCC
R72 05801 0082,1920,38100,40020,1930,35630,37560,41000MCC
R72 05801 0083,950,0,950,870,0,870,41000MCC
R72 05801 0084,1920,13790,15710,1930,20250,22180,41000MCC
R72 05801 0085,1920,10160,12080,1930,22030,23960,41000MCC
R72 05801 0086,1920,13160,15080,1930,18580,20510,41000MCC
R72 05801 0087,1920,24620,26540,1930,32330,34260,41000MCC
R72 05801 0094,1920,23010,24930,1930,29770,31700,41000MCC
R72 05801 0095,4570,57930,62500,1930,44620,46550,41000MCC
R72 05801 0096,1600,23650,25250,1650,10540,12190,41000MCC
R72 05801 0103,2300,20880,23180,2330,22130,24460,41000MCC
R72 05801 0114,1210,30100,31310,1240,29720,30960,41000MCC
R72 05801 0115,650,0,650,200,0,200,41000MCC
R72 05802 0018,720,0,720,720,0,720,41000MCC
R72 05802 0019,1980,20670,22650,1990,27250,29240,41000MCC
R72 05802 0047,1980,27490,29470,890,0,890,41000MCC
R72 05802 0048,1980,34350,36330,1610,0,1610,41000MCC
R72 05802 0049,840,0,840,840,0,840,41000MCC
R72 05802 0050,840,0,840,840,0,840,41000MCC
R72 05802 0051,1060,0,1060,960,0,960,41000MCC
R72 05802 0087,720,0,720,720,0,720,41000MCC
R72 05803 0029,970,0,970,880,0,880,41000MCC
R72 05803 0031,1800,19450,21250,1810,28880,30690,41000MCC
R72 05803 0033,730,0,730,680,0,680,41000MCC
R72 05803 0034,1810,0,1810,1820,0,1820,41000MCC
R72 05803 0042,2420,26020,28440,2460,27620,30080,41000MCC
R72 05803 0043,340,0,340,340,0,340,41000MCC
R72 05803 0044,1890,18800,20690,1900,20050,21950,41000MCC
R72 05803 0046,940,0,940,850,0,850,41000MCC
R72 05803 0047,1890,24910,26800,1900,28430,30330,41000MCC
R72 05803 0048,1890,19180,21070,1900,17680,19580,41000MCC
R72 05803 0049,950,0,950,870,0,870,41000MCC
R72 05803 0050,760,0,760,770,0,770,41000MCC
R72 05803 0051,710,0,710,710,0,710,41000MCC
R72 05803 0052,800,0,800,680,0,680,41000MCC
R72 05803 0070,1860,19650,21510,1870,23930,25800,41000MCC
R72 05803 0082,!,!,!
R72 05901 0005,7800,8450,16250,6170,5010,11180,51010RIV
R72 05901 0006,1860,0,1860,1580,0,1580,51010RIV
R72 05901 0008,4560,0,4560,3310,0,3310,51010RIV
R72 05901 0009,9130,0,9130,7310,0,7310,51010RIV
R72 05901 0010,4560,0,4560,3310,0,3310,51010RIV
R72 05901 0012,3240,0,3240,2590,0,2590,51010RIV
R72 05901 0014,9130,19340,28470,3680,0,3680,51010RIV
R72 05901 0015,9130,20790,29920,7310,33890,41200,51010RIV
R72 05901 0016,9380,27380,36760,7510,14880,22390,51010RIV
R72 05901 0018,4370,0,4370,3180,0,3180,51010RIV
R72 05902 0017,10890,26310,37200,8790,28780,37570,51010RIV
R72 05902 0019,9840,12590,22430,7890,10130,18020,51010RIV
R72 05902 0020,9840,22470,32310,7890,10660,18550,51010RIV
R72 05902 0021,9280,13680,22960,7360,17030,24390,51010RIV
R72 05902 0022,9810,27710,37520,7840,38000,45840,51010RIV
R72 05902 0025,0,0,0,0,0,0,99999999
R72 05902 0035,1920,0,1920,1610,0,1610,51010RIV
R72 05902 0037,1710,0,1710,1490,0,1490,51010RIV
R72 05902 0038,1710,0,1710,1490,0,1490,51010RIV
R72 05902 0039,6850,70,6920,5900,0,5900,51010RIV
R72 05902 0040,1780,0,1780,1530,0,1530,51010RIV
R72 05902 0041,0,0,0,0,0,0,99999999
R72 05902 0042,0,0,0,0,0,0,99999999
R72 05902 0054,1920,0,1920,1610,0,1610,51010RIV
R72 05902 0056,1710,0,1710,1490,0,1490,51010RIV
R72 05902 0057,7120,3730,10850,6070,14680,20750,51010RIV
R72 05902 0058,1710,0,1710,1490,0,1490,51010RIV
R72 05902 0059,4260,0,4260,3130,0,3130,51010RIV
R72 05902 0073,2240,0,2240,1810,0,1810,51010RIV
R72 05903 0008,2300,0,2300,1860,0,1860,51010RIV
R72 05903 0009,2300,0,2300,1860,0,1860,51010RIV
R72 05903 0010,1820,0,1820,1530,0,1530,51010RIV
R72 05903 0014,1980,0,1980,1600,0,1600,51010RIV
R72 05903 0015,2210,0,2210,1780,0,1780,51010RIV
R72 05903 0016,2210,0,2210,1780,0,1780,51010RIV
R72 05903 0017,2210,0,2210,1780,0,1780,51010RIV
R72 05903 0018,2210,0,2210,1780,0,1780,51010RIV
R72 05903 0019,2210,0,2210,1780,0,1780,51010RIV
R72 05903 0020,2210,0,2210,1780,0,1780,51010RIV
R72 05903 0021,2230,0,2230,1790,0,1790,51010RIV
R72 05903 0022,2210,0,2210,1780,0,1780,51010RIV
R72 05903 0029,2790,0,2790,2260,0,2260,51010RIV
R72 05903 0031,2040,0,2040,1600,0,1600,51010RIV
R72 05905 0045,4960,0,4960,3590,0,3590,51010MCP
R72 05905 0055,9240,32520,41760,7430,24910,32340,51010MCP
R72 05905 0056,9240,35770,45010,7430,42760,50190,51010MCP
R72 05905 0058,9240,30920,40160,7430,29620,37050,51010MCP
R72 05905 0059,9240,35670,44910,7430,48440,55870,51010MCP
R72 05905 0060,9240,23300,32540,7430,29360,36790,51010MCP
R72 05905 0061,9240,27040,36280,7430,37830,45260,51010MCP
R72 05905 0062,9240,36210,45450,7430,48840,56270,51010MCP
R72 05906 0021,9600,31050,40650,7650,78340,85990,51010MCP
R72 05906 0028,7690,30650,38340,6380,39700,46080,51010MCP
R72 05906 0030,8450,23350,31800,6710,16350,23060,51010MCP
R72 05906 0031,8060,26720,34780,6610,31270,37880,51010MCP
R72 05906 0039,7690,28660,36350,6380,40740,47120,51010MCP
R72 05906 0042,8190,27890,36080,6500,16280,22780,51010MCP
R72 05907 0072,8420,25190,33610,3380,0,3380,51010MCP
R72 05907 0074,7520,30770,38290,5980,16640,22620,51010MCP
R72 05907 0125,!,!,!
R72 05907 0126,!,!,!
R72 05907 0127,!,!,!
R72 05907 0128,!,!,!
R72 05907 0129,!,!,!
R72 06001 0036,4090,0,4090,2990,0,2990,51010RIV
R72 06001 0037,4090,0,4090,3320,3840,7160,51010RIV
R72 06001 0038,4090,0,4090,2990,0,2990,51010RIV
R72 06001 0039,4090,0,4090,2990,0,2990,51010RIV
R72 06001 0040,3070,0,3070,2490,0,2490,51010RIV
R72 06001 0041,8190,3450,11640,6590,0,6590,51010RIV
R72 06001 0042,8190,6900,15090,2990,0,2990,51010RIV
R72 06001 0043,8190,7770,15960,6590,0,6590,51010RIV
R72 06001 0044,4090,0,4090,2990,0,2990,51010RIV
R72 06001 0045,4090,0,4090,2990,0,2990,51010RIV
R72 06001 0049,8550,20240,28790,6890,15020,21910,51010RIV
R72 06001 0050,8640,28290,36930,6910,1480,8390,51010RIV
R72 06001 0051,8640,22210,30850,6970,29200,36170,51010RIV
R72 06001 0052,3270,0,3270,2650,0,2650,51010RIV
R72 06001 0053,8820,30560,39380,7080,12790,19870,51010RIV
R72 06001 0054,8910,27060,35970,7130,12150,19280,51010RIV
R72 06001 0055,2250,0,2250,1810,0,1810,51010RIV
R72 06001 0056,3780,0,3780,2820,0,2820,51010RIV
R72 06001 0058,4970,4510,9480,3980,20300,24280,51010RIV
R72 06002 0006,4170,0,4170,3030,0,3030,51010RIV
R72 06002 0020,10350,23780,34130,8320,6790,15110,51010RIV
R72 06002 0022,8840,28330,37170,7080,13390,20470,51010RIV
R72 06002 0023,2210,0,2210,1780,0,1780,51010RIV
R72 06002 0024,8840,16030,24870,7080,11690,18770,51010RIV
R72 06002 0025,8840,15250,24090,7080,13980,21060,51010RIV
R72 06002 0026,8840,25620,34460,7080,8100,15180,51010RIV
R72 06002 0031,6670,0,6670,3260,0,3260,51010RIV
R72 06002 0032,6070,0,6070,3260,0,3260,51010RIV
R72 06002 0033,8960,26460,35420,7190,23900,31090,51010RIV
R72 06002 0034,8960,26660,35620,3260,0,3260,51010RIV
R72 06002 0035,4480,0,4480,3260,0,3260,51010RIV
R72 06002 0036,2240,0,2240,1810,0,1810,51010RIV
R72 06002 0037,7460,30660,38120,6150,15430,21580,51010RIV
R72 06002 0038,1280,0,1280,1010,0,1010,51010RIV
R72 06002 0039,5530,0,5530,4700,0,4700,51010RIV
R72 06002 0042,3720,0,3720,2700,0,2700,51010RIV
R72 06003 0007,9710,18900,28610,7760,13960,21720,51010RIV
R72 06003 0009,9990,22780,32770,8010,14230,22240,51010RIV
R72 06003 0010,3740,900,4640,3020,1180,4200,51010RIV
R72 06003 0011,9990,29490,39480,8010,16230,24240,51010RIV
R72 06003 0012,9990,28440,38430,8010,13570,21580,51010RIV
R72 06003 0013,9990,32700,42690,8010,11790,19800,51010RIV
R72 06003 0014,9990,23190,33180,8010,12430,20440,51010RIV
R72 06003 0015,9990,14550,24540,8010,11880,19890,51010RIV
R72 06003 0016,9990,34080,44070,8010,1280,9290,51010RIV
R72 06003 0017,9990,1920,11910,8010,11630,19640,51010RIV
R72 06003 0018,9990,31950,41940,7950,4810,12760,51010RIV
R72 06003 0019,9280,19080,28360,7360,8150,15510,51010RIV
R72 06003 0020,9100,31710,40810,7260,13630,20890,51010RIV
R72 06003 0021,8930,23250,32180,7160,12520,19680,51010RIV
R72 06003 0022,8750,10000,18750,7030,12990,20020,51010RIV
R72 06003 0023,8660,29660,38320,6930,19210,26140,51010RIV
R72 06003 0024,8490,30490,38980,6830,16120,22950,51010RIV
R72 06003 0025,8310,34380,42690,6710,13480,20190,51010RIV
R72 06003 0026,7130,27090,34220,5760,0,5760,51010RIV
R72 06003 0030,9990,31640,41630,8010,13130,21140,51010RIV
R72 06003 0031,9450,31690,41140,7540,25060,32600,51010RIV
R72 06003 0032,10530,40710,51240,8480,1840,10320,51010RIV
R72 06003 0034,9990,12450,22440,8010,10540,18550,51010RIV
R72 06003 0036,9990,24040,34030,8010,25060,33070,51010RIV
R72 06003 0037,9990,21300,31290,7950,1850,9800,51010RIV
R72 06003 0038,9280,17850,27130,7360,3380,10740,51010RIV
R72 06003 0039,9100,20120,29220,7260,2190,9450,51010RIV
R72 06003 0040,8930,25470,34400,7160,10840,18000,51010RIV
R72 06003 0041,8840,30880,39720,7060,7420,14480,51010RIV
R72 06003 0042,4330,0,4330,3150,0,3150,51010RIV
R72 06003 0043,9800,43330,53130,7880,20050,27930,51010RIV
R72 06004 0009,6470,0,6470,4930,0,4930,51010RIV
R72 06004 0010,6470,0,6470,4930,0,4930,51010RIV
R72 06004 0011,11500,37590,49090,9530,20270,29800,51010RIV
R72 06004 0012,10780,29830,40610,8840,23640,32480,51010RIV
R72 06004 0013,9340,26170,35510,7450,4350,11800,51010RIV
R72 06004 0014,11500,37490,48990,4790,0,4790,51010RIV
R72 06004 0015,11500,21340,32840,9530,16640,26170,51010RIV
R72 06004 0017,11500,5420,16920,9530,18300,27830,51010RIV
R72 06004 0019,11500,25230,36730,9530,3010,12540,51010RIV
R72 06004 0023,7070,30930,38000,5850,12810,18660,51010RIV
R72 06004 0024,7670,22830,30500,6280,12000,18280,51010RIV
R72 06004 0025,11210,44680,55890,3750,0,3750,51010RIV
R72 06004 0026,14090,31650,45740,12020,5150,17170,51010RIV
R72 06004 0028,10780,43140,53920,8840,4020,12860,51010RIV
R72 06004 0031,12940,29360,42300,10910,21970,32880,51010RIV
R72 06004 0033,9780,17100,26880,7860,12650,20510,51010RIV
R72 06004 0035,9780,37450,47230,7860,13070,20930,51010RIV
R72 06004 0038,9630,22160,31790,7730,13730,21460,51010RIV
R72 06004 0041,4500,17630,22130,8140,7300,15440,51010RIV
R72 06004 0048,10010,31760,41770,7930,13870,21800,51010RIV
R72 06004 0051,6560,29430,35990,5740,1660,7400,51010RIV
R72 06004 0053,8160,18740,26900,6590,25900,32490,51010RIV
R72 06005 0006,8860,27470,36330,7090,3860,10950,51010RIV
R72 06005 0008,8420,33160,41580,6810,23830,30640,51010RIV
R72 06005 0013,13410,41050,54460,7450,17910,25360,51010RIV
R72 06005 0016,13410,42750,56160,7450,31410,38860,51010RIV
R72 06005 0019,9200,43210,52410,3330,0,3330,51010RIV
R72 06005 0021,4500,0,4500,3270,0,3270,51010RIV
R72 06005 0022,9020,25740,34760,7130,930,8060,51010RIV
R72 06005 0025,13500,33710,47210,11960,22290,34250,51010RIV
R72 06005 0026,10200,44150,54350,8450,30690,39140,51010RIV
R72 06005 0027,4640,0,4640,3390,0,3390,51010RIV
R72 06005 0029,13500,30820,44320,11960,13340,25300,51010RIV
R72 06005 0033,9750,28910,38660,7970,9390,17360,51010RIV
R72 06005 0034,13500,11500,25000,11960,830,12790,51010RIV
R72 06005 0035,13500,30120,43620,11960,12020,23980,51010RIV
R72 06005 0036,13500,45960,59460,11960,19800,31760,51010RIV
R72 06005 0037,10200,38850,49050,8450,16660,25110,51010RIV
R72 06005 0038,10500,40340,50840,8770,26810,35580,51010RIV
R72 06005 0039,5240,0,5240,3970,0,3970,51010RIV
R72 06005 0041,12000,19550,31550,10370,950,11320,51010RIV
R72 06005 0042,9750,35550,45300,7970,19990,27960,51010RIV
R72 06005 0043,9750,39440,49190,7970,16690,24660,51010RIV
R72 06005 0048,7690,60010,67700,6380,52260,58640,51010RIV
R72 06005 0052,9750,33870,43620,7970,26340,34310,51010RIV
R72 06005 0054,7940,32230,40170,6420,4620,11040,51010RIV
R72 06005 0063,3570,0,3570,2670,0,2670,51010RIV
R72 06005 0064,7150,26920,34070,5900,6360,12260,51010RIV
R72 06005 0065,11930,39540,51470,9780,29130,38910,51010RIV
R72 06005 0074,8840,29580,38420,6940,19430,26370,51010RIV
R72 06005 0075,460,0,460,140,0,140,51010RIV
R72 06006 0010,9720,31640,41360,7770,33940,41710,51010RIV
R72 06006 0014,10530,35250,45780,8480,22720,31200,51010RIV
R72 06006 0015,10530,28360,38890,8480,15860,24340,51010RIV
R72 06006 0016,10530,2130,12660,3840,0,3840,51010RIV
R72 06006 0017,4210,0,4210,3410,0,3410,51010RIV
R72 06006 0018,10530,38230,48760,8480,22540,31020,51010RIV
R72 06006 0019,12830,36460,49290,10500,35770,46270,51010RIV
R72 06006 0021,11610,31940,43550,9430,16520,25950,51010RIV
R72 06006 0025,10530,39650,50180,8480,32300,40780,51010RIV
R72 06006 0026,10530,34720,45250,8480,18310,26790,51010RIV
R72 06006 0027,10530,37020,47550,8480,30060,38540,51010RIV
R72 06006 0029,10530,24560,35090,8480,4460,12940,51010RIV
R72 06006 0030,10530,29400,39930,8480,1600,10080,51010RIV
R72 06006 0031,10530,23600,34130,8480,8750,17230,51010RIV
R72 06006 0032,10800,23020,33820,8720,28020,36740,51010RIV
R72 06006 0034,2800,0,2800,2280,0,2280,51010RIV
R72 06007 0011,10530,33740,44270,8480,22990,31470,51010RIV
R72 06007 0013,10530,36140,46670,8480,15330,23810,51010RIV
R72 06007 0014,12960,29990,42950,10620,35630,46250,51010RIV
R72 06007 0020,19840,11680,31520,9110,36730,45840,51010RIV
R72 06007 0021,20380,5900,26280,9250,36610,45860,51010RIV
R72 06007 0023,18770,26690,45460,8840,18620,27460,51010RIV
R72 06007 0025,20380,34900,55280,9250,26330,35580,51010RIV
R72 06007 0026,20100,8740,28840,9180,24360,33540,51010RIV
R72 06007 0027,10130,29690,39820,8130,13030,21160,51010RIV
R72 06007 0028,10800,29190,39990,8720,21880,30600,51010RIV
R72 06007 0030,10530,25520,36050,8480,11660,20140,51010RIV
R72 06007 0031,10530,10530,21060,8480,0,8480,51010RIV
R72 06007 0032,10530,41760,52290,8480,1380,9860,51010RIV
R72 06007 0034,10530,38990,49520,8480,25410,33890,51010RIV
R72 06007 0035,10530,37510,48040,8480,17810,26290,51010RIV
R72 06007 0036,10530,38270,48800,8480,16790,25270,51010RIV
R72 06007 0037,10530,38190,48720,8480,15700,24180,51010RIV
R72 06007 0038,8510,29470,37980,6870,21630,28500,51010RIV
R72 06007 0040,2040,0,2040,1670,0,1670,51010RIV
R72 06007 0042,5260,0,5260,3840,0,3840,51010RIV
R72 06007 0043,10530,0,10530,8480,0,8480,51010RIV
R72 06007 0045,10530,35960,46490,8480,15480,23960,51010RIV
R72 06007 0046,10530,30270,40800,8480,28080,36560,51010RIV
R72 06007 0047,10530,36500,47030,8480,13100,21580,51010RIV
R72 06007 0048,10530,20080,30610,8480,15420,23900,51010RIV
R72 06007 0049,10530,26530,37060,8480,18810,27290,51010RIV
R72 06007 0050,10530,30570,41100,8480,19850,28330,51010RIV
R72 06007 0051,10530,24670,35200,8480,16730,25210,51010RIV
R72 06007 0052,10530,41610,52140,8480,24280,32760,51010RIV
R72 06007 0053,10580,31930,42510,8400,14390,22790,51010RIV
R72 06007 0055,6300,31810,38110,5070,12050,17120,51010RIV
R72 06007 0057,6300,21590,27890,5020,17430,22450,51010RIV
R72 06007 0062,7760,41160,48920,6340,18740,25080,51010RIV
R72 06008 0008,10500,19980,30480,8420,9770,18190,51010RIV
R72 06008 0009,10500,5280,15780,8420,7600,16020,51010RIV
R72 06008 0010,10500,4530,15030,8420,27290,35710,51010RIV
R72 06008 0011,9190,28220,37410,7310,2170,9480,51010RIV
R72 06008 0012,9190,29630,38820,7310,13370,20680,51010RIV
R72 06008 0016,9190,10940,20130,7310,3220,10530,51010RIV
R72 06008 0017,10500,38220,48720,8420,29740,38160,51010RIV
R72 06008 0018,8790,31820,40610,6980,7160,14140,51010RIV
R72 06008 0019,8790,30310,39100,6980,10860,17840,51010RIV
R72 06008 0020,10500,0,10500,8420,0,8420,51010RIV
R72 06008 0021,10900,31030,41930,8560,28180,36740,51010RIV
R72 06008 0024,10630,19710,30340,8530,26220,34750,51010RIV
R72 06008 0026,10500,38010,48510,8420,6900,15320,51010RIV
R72 06008 0027,10500,11260,21760,8420,5840,14260,51010RIV
R72 06008 0028,10500,26560,37060,8420,11380,19800,51010RIV
R72 06008 0029,10500,36610,47110,8420,6340,14760,51010RIV
R72 06008 0030,10500,35030,45530,8420,3670,12090,51010RIV
R72 06008 0031,10500,34100,44600,8420,6160,14580,51010RIV
R72 06008 0033,10500,31920,42420,4230,0,4230,51010RIV
R72 06008 0040,9450,24850,34300,7540,11450,18990,51010RIV
R72 06008 0042,10800,31490,42290,8720,21530,30250,51010RIV
R72 06008 0043,10800,8250,19050,4380,0,4380,51010RIV
R72 06008 0044,10000,6600,16600,8000,0,8000,51010RIV
R72 06008 0045,5400,0,5400,3950,0,3950,51010RIV
R72 06008 0046,10800,29640,40440,8720,14770,23490,51010RIV
R72 06008 0047,10800,31900,42700,8720,10580,19300,51010RIV
R72 06008 0049,8790,41270,50060,6980,15770,22750,51010RIV
R72 06008 0053,2740,0,2740,2230,0,2230,51010RIV
R72 06008 0060,6340,11100,17440,5080,3780,8860,51010RIV
R72 06009 0001,10500,41480,51980,8420,5080,13500,51010RIV
R72 06009 0002,10500,22480,32980,8420,30430,38850,51010RIV
R72 06009 0003,5250,0,5250,3810,0,3810,51010RIV
R72 06009 0004,10500,380,10880,8420,14850,23270,51010RIV
R72 06009 0005,6300,28390,34690,5050,24200,29250,51010RIV
R72 06009 0006,3150,2330,5480,2540,3080,5620,51010RIV
R72 06009 0007,10500,31420,41920,8420,3910,12330,51010RIV
R72 06009 0008,10500,23390,33890,8420,14620,23040,51010RIV
R72 06009 0009,10500,35960,46460,8420,5780,14200,51010RIV
R72 06009 0010,10500,30450,40950,8420,15260,23680,51010RIV
R72 06009 0020,10500,26260,36760,8420,27220,35640,51010RIV
R72 06009 0021,10500,23150,33650,8420,12380,20800,51010RIV
R72 06009 0022,10500,24890,35390,3810,0,3810,51010RIV
R72 06009 0023,10500,48010,58510,8420,0,8420,51010RIV
R72 06009 0024,5250,0,5250,3810,0,3810,51010RIV
R72 06009 0028,10500,17220,27720,8420,13820,22240,51010RIV
R72 06009 0029,7150,0,7150,6140,930,7070,51010RIV
R72 06009 0030,8930,22830,31760,7090,11520,18610,51010RIV
R72 06009 0040,4100,0,4100,3020,0,3020,51010RIV
R72 06009 0044,7250,32590,39840,6000,22660,28660,51010RIV
R72 06009 0047,3930,0,3930,2820,0,2820,51010RIV
R72 06009 0053,400,0,400,400,0,400,51010RIV
R72 06010 0001,12210,41550,53760,9860,18720,28580,51010RIV
R72 06010 0002,10500,31310,41810,8420,14950,23370,51010RIV
R72 06010 0003,10500,36800,47300,8420,16570,24990,51010RIV
R72 06010 0004,10500,37980,48480,8420,38000,46420,51010RIV
R72 06010 0005,10500,31950,42450,8420,16390,24810,51010RIV
R72 06010 0006,10500,19380,29880,8420,29580,38000,51010RIV
R72 06010 0007,10500,23730,34230,8420,12100,20520,51010RIV
R72 06010 0008,10500,35580,46080,8420,13670,22090,51010RIV
R72 06010 0009,10500,31280,41780,8420,13540,21960,51010RIV
R72 06010 0010,10500,14910,25410,8420,12660,21080,51010RIV
R72 06010 0011,10500,42590,53090,8420,18110,26530,51010RIV
R72 06010 0012,10500,38230,48730,8420,19120,27540,51010RIV
R72 06010 0013,10500,47840,58340,8420,19030,27450,51010RIV
R72 06010 0014,7900,26530,34430,6430,5720,12150,51010RIV
R72 06010 0015,10890,41220,52110,8750,15080,23830,51010RIV
R72 06010 0017,10240,22830,33070,8200,4480,12680,51010RIV
R72 06010 0019,10500,31100,41600,8420,12200,20620,51010RIV
R72 06010 0021,10370,33500,43870,8310,19560,27870,51010RIV
R72 06010 0022,10500,19680,30180,8420,15230,23650,51010RIV
R72 06010 0023,10500,30270,40770,8420,11200,19620,51010RIV
R72 06010 0024,10500,29590,40090,8420,18960,27380,51010RIV
R72 06010 0025,10500,40770,51270,8420,20740,29160,51010RIV
R72 06010 0026,10500,38490,48990,8420,29990,38410,51010RIV
R72 06010 0027,10500,27750,38250,8420,21640,30060,51010RIV
R72 06010 0028,11830,27420,39250,14930,19420,34350,51010RIV
R72 06010 0030,10500,27140,37640,8420,2460,10880,51010RIV
R72 06010 0031,5250,0,5250,3810,0,3810,51010RIV
R72 06010 0032,4320,0,4320,3110,0,3110,51010RIV
R72 06010 0033,8660,33910,42570,6870,14070,20940,51010RIV
R72 06010 0035,7140,0,7140,5670,0,5670,51010RIV
R72 06010 0037,10500,25060,35560,8420,18750,27170,51010RIV
R72 06010 0038,10500,13280,23780,8420,24310,32730,51010RIV
R72 06010 0039,9980,30750,40730,7980,23330,31310,51010RIV
R72 06010 0041,9450,15860,25310,6400,5510,11910,51010RIV
R72 06010 0044,10500,24400,34900,8420,20110,28530,51010RIV
R72 06010 0045,8660,0,8660,6870,0,6870,51010RIV
R72 06010 0046,8790,0,8790,6980,0,6980,51010RIV
R72 06010 0049,7610,31660,39270,6350,2940,9290,51010RIV
R72 06011 0001,9500,44660,54160,7610,23100,30710,51010RIV
R72 06011 0002,9250,34350,43600,7410,10940,18350,51010RIV
R72 06011 0003,9090,51810,60900,7260,1540,8800,51010RIV
R72 06011 0004,9950,50350,60300,7970,24470,32440,51010RIV
R72 06011 0005,10460,52770,63230,8390,21950,30340,51010RIV
R72 06011 0007,9310,50180,59490,7450,17730,25180,51010RIV
R72 06011 0009,9440,43780,53220,7550,20300,27850,51010RIV
R72 06011 0010,10200,43620,53820,8180,4960,13140,51010RIV
R72 06011 0011,9820,34110,43930,7870,4430,12300,51010RIV
R72 06011 0012,10660,39880,50540,4130,0,4130,51010RIV
R72 06011 0013,11050,37890,48940,8900,26440,35340,51010RIV
R72 06011 0014,10400,44300,54700,8350,7450,15800,51010RIV
R72 06011 0015,10400,27750,38150,8350,19570,27920,51010RIV
R72 06011 0016,10400,2200,12600,8350,19390,27740,51010RIV
R72 06011 0017,10400,60190,70590,8350,32180,40530,51010RIV
R72 06011 0018,11180,25930,37110,9010,23590,32600,51010RIV
R72 06011 0019,6070,0,6070,4400,0,4400,51010RIV
R72 06011 0020,9780,31160,40940,7760,27080,34840,51010RIV
R72 06011 0022,9660,31560,41220,7680,21330,29010,51010RIV
R72 06011 0024,8400,27870,36270,6760,13940,20700,51010RIV
R72 06011 0025,8400,32610,41010,6760,14980,21740,51010RIV
R72 06011 0028,8510,12740,21250,3440,0,3440,51010RIV
R72 06011 0030,9560,30380,39940,7660,6080,13740,51010RIV
R72 06012 0004,9030,35920,44950,7200,33990,41190,51010RIV
R72 06012 0010,9790,20570,30360,3560,0,3560,51010RIV
R72 06012 0014,9670,18570,28240,7700,490,8190,51010RIV
R72 06012 0017,9940,0,9940,7920,0,7920,51010RIV
R72 06012 0018,8880,32710,41590,3580,0,3580,51010RIV
R72 06012 0020,9320,31550,40870,7420,3970,11390,51010RIV
R72 06012 0021,9450,42000,51450,7530,29150,36680,51010RIV
R72 06012 0022,9450,39020,48470,7530,21620,29150,51010RIV
R72 06012 0023,9450,31150,40600,7530,29160,36690,51010RIV
R72 06012 0024,9450,26750,36200,7530,3940,11470,51010RIV
R72 06012 0025,9450,47280,56730,7530,26270,33800,51010RIV
R72 06012 0026,3660,0,3660,2610,0,2610,51010RIV
R72 06012 0027,9450,40260,49710,7530,10990,18520,51010RIV
R72 06012 0028,9450,29330,38780,7530,18580,26110,51010RIV
R72 06012 0029,9450,40450,49900,7530,13210,20740,51010RIV
R72 06012 0030,9450,37980,47430,7530,14720,22250,51010RIV
R72 06012 0031,9450,26930,36380,7530,7050,14580,51010RIV
R72 06012 0032,8500,37510,46010,6840,24010,30850,51010RIV
R72 06012 0033,10500,39130,49630,8420,27240,35660,51010RIV
R72 06012 0034,10500,36220,46720,8420,22160,30580,51010RIV
R72 06012 0035,10500,14920,25420,8420,12540,20960,51010RIV
R72 06012 0036,10370,26970,37340,8310,23010,31320,51010RIV
R72 06012 0038,9000,30280,39280,7210,15980,23190,51010RIV
R72 06012 0039,9780,54420,64200,7760,4270,12030,51010RIV
R72 06012 0042,8970,13300,22270,7180,18650,25830,51010RIV
R72 06012 0045,8970,31890,40860,7180,9270,16450,51010RIV
R72 06012 0048,6560,17980,24540,5750,1670,7420,51010RIV
R72 06012 0049,6560,3560,10120,5750,1520,7270,51010RIV
R72 06012 0050,9820,31170,40990,7730,18960,26690,51010RIV
R72 06012 0052,6310,39990,46300,5560,19850,25410,51010RIV
R72 06012 0054,7590,15200,22790,6280,1030,7310,51010RIV
R72 06012 0055,3790,0,3790,2850,0,2850,51010RIV
R72 06012 0061,8290,34130,42420,6700,18810,25510,51010RIV
R72 06012 0067,3660,0,3660,2610,0,2610,51010RIV
R72 06101 0002,8740,35990,44730,6450,34850,41300,52000NOR
R72 06101 0003,8740,37040,45780,6450,36430,42880,52000NOR
R72 06101 0004,8740,34140,42880,6450,30540,36990,52000NOR
R72 06101 0005,8740,32120,40860,6450,30090,36540,52000NOR
R72 06101 0006,8630,24850,33480,6380,35150,41530,52000NOR
R72 06101 0007,10410,30020,40430,7370,29650,37020,52000NOR
R72 06101 0008,10410,32230,42640,7370,37260,44630,52000NOR
R72 06101 0009,10410,37220,47630,7370,27960,35330,52000NOR
R72 06101 0010,10410,31540,41950,7370,27820,35190,52000NOR
R72 06101 0011,10410,32980,43390,7370,17630,25000,52000NOR
R72 06101 0012,10410,27450,37860,7370,18000,25370,52000NOR
R72 06101 0013,10410,11120,21530,7370,19120,26490,52000NOR
R72 06101 0014,10410,33530,43940,7370,19110,26480,52000NOR
R72 06101 0015,10410,38680,49090,7370,29700,37070,52000NOR
R72 06101 0016,10410,38580,48990,7370,3620,10990,52000NOR
R72 06101 0017,5200,0,5200,3340,0,3340,52000NOR
R72 06101 0018,10410,37150,47560,7370,36220,43590,52000NOR
R72 06101 0019,12300,27130,39430,8690,14590,23280,52000NOR
R72 06101 0022,10730,30100,40830,7600,21240,28840,52000NOR
R72 06101 0023,10730,31390,42120,7600,3990,11590,52000NOR
R72 06101 0024,10730,34840,45570,7600,29380,36980,52000NOR
R72 06101 0025,11240,33960,45200,8010,27520,35530,52000NOR
R72 06101 0026,11240,18270,29510,8010,24060,32070,52000NOR
R72 06101 0027,8840,31430,40270,6510,2810,9320,52000NOR
R72 06101 0053,290,0,290,290,0,290,52000NOR
R72 06102 0001,11630,35350,46980,7730,23820,31550,52010NOR
R72 06102 0002,11480,33270,44750,7630,23040,30670,52010NOR
R72 06102 0003,11480,61640,73120,7630,23430,31060,52010NOR
R72 06102 0004,11480,38720,50200,7630,21900,29530,52010NOR
R72 06102 0005,9560,45400,54960,8000,30670,38670,51000NOR
R72 06102 0006,9560,38520,48080,8000,32930,40930,51000NOR
R72 06102 0007,9560,4110,13670,8000,5000,13000,51000NOR
R72 06102 0008,9560,45550,55110,8000,39490,47490,51000NOR
R72 06102 0009,9560,40410,49970,8000,30590,38590,51000NOR
R72 06102 0010,9560,45090,54650,8000,40390,48390,51000NOR
R72 06102 0011,9560,44960,54520,8000,38480,46480,51000NOR
R72 06102 0012,9470,16380,25850,7960,19250,27210,51000NOR
R72 06102 0013,9750,41160,50910,8180,11940,20120,51000NOR
R72 06102 0014,9750,41220,50970,8180,1320,9500,51000NOR
R72 06102 0015,9750,31660,41410,8180,0,8180,51000NOR
R72 06102 0016,9750,22520,32270,8180,35110,43290,51000NOR
R72 06102 0017,9750,32860,42610,8180,9780,17960,51000NOR
R72 06102 0018,9750,37040,46790,8180,40820,49000,51000NOR
R72 06102 0021,9750,27300,37050,8180,28230,36410,51000NOR
R72 06102 0022,9750,35290,45040,8180,28510,36690,51000NOR
R72 06102 0023,9750,42420,52170,8180,25830,34010,51000NOR
R72 06102 0024,9750,30160,39910,8180,29480,37660,51000NOR
R72 06102 0025,9940,36480,46420,8330,22800,31130,51000NOR
R72 06102 0026,9940,37410,47350,8330,27440,35770,51000NOR
R72 06102 0027,4970,23290,28260,4170,28550,32720,51000NOR
R72 06102 0028,9940,57370,67310,8330,41280,49610,51000NOR
R72 06102 0029,9940,20560,30500,8330,18360,26690,51000NOR
R72 06102 0030,9750,29170,38920,8210,24420,32630,51000NOR
R72 06102 0031,11310,43660,54970,9860,1300,11160,51000NOR
R72 06102 0032,11310,35450,46760,9860,27810,37670,51000NOR
R72 06102 0033,11310,52670,63980,9860,44030,53890,51000NOR
R72 06102 0034,11310,39740,51050,9860,35810,45670,51000NOR
R72 06102 0035,11310,47910,59220,9860,29780,39640,51000NOR
R72 06102 0036,11310,42210,53520,9860,35720,45580,51000NOR
R72 06102 0037,11310,47200,58510,9930,35180,45110,51000NOR
R72 06102 0038,11310,42460,53770,9860,32540,42400,51000NOR
R72 06102 0039,11890,57480,69370,10460,37150,47610,51000NOR
R72 06102 0040,9200,36000,45200,7700,37500,45200,51000NOR
R72 06102 0041,11600,45150,56750,10160,27600,37760,51000NOR
R72 06102 0042,11750,33240,44990,10310,29540,39850,51000NOR
R72 06102 0044,11310,36730,48040,9860,29880,39740,51000NOR
R72 06102 0045,7980,17850,25830,6640,10320,16960,51000NOR
R72 06102 0046,11020,42830,53850,9560,34130,43690,51000NOR
R72 06102 0048,11600,36470,48070,10160,26060,36220,51000NOR
R72 06102 0049,11600,46270,57870,10160,37160,47320,51000NOR
R72 06102 0050,11600,44510,56110,10160,34380,44540,51000NOR
R72 06102 0053,11600,27980,39580,10160,28680,38840,51000NOR
R72 06102 0054,11600,44150,55750,10160,32340,42500,51000NOR
R72 06102 0055,11020,42820,53840,9560,13030,22590,51000NOR
R72 06102 0056,10730,43020,53750,9260,32240,41500,51000NOR
R72 06102 0057,11600,20950,32550,10160,28480,38640,51000NOR
R72 06103 0001,18190,35040,53230,12410,21970,34380,52010NOR
R72 06103 0002,11640,37290,48930,7780,22320,30100,52010NOR
R72 06103 0003,10920,32940,43860,7240,22640,29880,52010NOR
R72 06103 0004,10460,32020,42480,6980,20750,27730,52010NOR
R72 06103 0005,11930,32820,44750,9220,21640,30860,52010NOR
R72 06103 0006,11930,37390,49320,7970,22780,30750,52010NOR
R72 06103 0007,11930,29520,41450,7970,20200,28170,52010NOR
R72 06103 0008,12170,28700,40870,8130,19920,28050,52010NOR
R72 06103 0009,12240,28610,40850,8180,20110,28290,52010NOR
R72 06103 0010,12240,39590,51830,8180,18000,26180,52010NOR
R72 06103 0011,12240,31670,43910,8180,21770,29950,52010NOR
R72 06103 0012,12240,30060,42300,8180,15630,23810,52010NOR
R72 06103 0013,12240,30510,42750,8180,15890,24070,52010NOR
R72 06103 0014,13160,33030,46190,8780,20650,29430,52010NOR
R72 06103 0015,12750,30220,42970,8520,14760,23280,52010NOR
R72 06103 0016,12750,33410,46160,8520,20930,29450,52010NOR
R72 06103 0017,12750,9250,22000,8520,23210,31730,52010NOR
R72 06103 0018,12750,32100,44850,8520,22970,31490,52010NOR
R72 06103 0019,12750,34680,47430,8520,22400,30920,52010NOR
R72 06103 0020,12150,18000,30150,8120,20360,28480,52010NOR
R72 06103 0021,12150,33690,45840,8120,16320,24440,52010NOR
R72 06103 0023,12300,30030,42330,8220,18440,26660,52010NOR
R72 06103 0025,13690,33100,46790,9570,24550,34120,52010NOR
R72 06103 0026,13690,39160,52850,9570,24460,34030,52010NOR
R72 06103 0027,13690,33850,47540,9570,19440,29010,52010NOR
R72 06103 0028,13280,31240,44520,9330,17810,27140,52010NOR
R72 06103 0029,1760,0,1760,420,0,420,52010NOR
R72 06103 0030,1760,0,1760,420,0,420,52010NOR
R72 06103 0031,1760,0,1760,420,0,420,52010NOR
R72 06103 0032,1590,0,1590,0,0,0,52010NOR
R72 06103 0033,11540,32790,44330,7700,20920,28620,52010NOR
R72 06103 0034,12150,38010,50160,8120,25660,33780,52010NOR
R72 06103 0036,12150,30920,43070,8120,18150,26270,52010NOR
R72 06103 0039,11600,44800,56400,10160,25760,35920,51000NOR
R72 06103 0040,11600,16980,28580,10160,25400,35560,51000NOR
R72 06103 0041,11600,39510,51110,10160,22520,32680,51000NOR
R72 06103 0042,11600,43340,54940,10160,32950,43110,51000NOR
R72 06103 0043,11600,41780,53380,10160,33110,43270,51000NOR
R72 06103 0044,11600,49260,60860,10160,36490,46650,51000NOR
R72 06103 0045,11280,37850,49130,9400,31390,40790,51000NOR
R72 06103 0046,11790,50530,62320,10000,49910,59910,51000NOR
R72 06103 0047,15900,41220,57120,13680,26670,40350,51000NOR
R72 06103 0049,10600,46590,57190,8930,16880,25810,51000NOR
R72 06103 0050,10600,41320,51920,8930,31750,40680,51000NOR
R72 06103 0051,10600,39970,50570,8930,30310,39240,51000NOR
R72 06103 0052,10600,41150,51750,8930,32340,41270,51000NOR
R72 06103 0053,10600,38660,49260,8930,28460,37390,51000NOR
R72 06103 0054,11400,41920,53320,9640,35110,44750,51000NOR
R72 06103 0056,11600,32200,43800,10200,9400,19600,51000NOR
R72 06103 0057,11600,26180,37780,10200,19260,29460,51000NOR
R72 06103 0058,11600,39390,50990,10200,20710,30910,51000NOR
R72 06103 0059,11600,40020,51620,10200,33840,44040,51000NOR
R72 06103 0060,11600,19680,31280,7140,34910,42050,51000NOR
R72 06103 0061,11460,39420,50880,10040,22020,32060,51000NOR
R72 06103 0062,10330,55190,65520,8930,41120,50050,51000NOR
R72 06103 0063,11750,38930,50680,10350,30600,40950,51000NOR
R72 06103 0064,11750,45510,57260,10350,33800,44150,51000NOR
R72 06103 0065,11750,32340,44090,10350,32740,43090,51000NOR
R72 06104 0003,11100,38150,49250,9460,31980,41440,51000NOR
R72 06104 0004,11100,20520,31620,9460,27210,36670,51000NOR
R72 06104 0007,11100,19300,30400,9460,28960,38420,51000NOR
R72 06104 0009,10790,0,10790,1070,0,1070,51000NOR
R72 06104 0010,11170,30220,41390,9710,4050,13760,51000NOR
R72 06104 0011,11170,23810,34980,9710,650,10360,51000NOR
R72 06104 0012,12330,37020,49350,10910,21930,32840,51000NOR
R72 06104 0014,11600,32670,44270,10160,23160,33320,51000NOR
R72 06104 0015,11020,33620,44640,9560,27890,37450,51000NOR
R72 06104 0016,11020,38290,49310,9560,19210,28770,51000NOR
R72 06104 0018,11020,36210,47230,9560,29410,38970,51000NOR
R72 06104 0020,11020,39310,50330,9560,36790,46350,51000NOR
R72 06104 0022,11890,39530,51420,10460,49340,59800,51000NOR
R72 06104 0023,11890,51480,63370,10460,7200,17660,51000NOR
R72 06104 0025,11890,12040,23930,5250,0,5250,51000NOR
R72 06104 0026,11890,35790,47680,10460,28650,39110,51000NOR
R72 06104 0028,11890,12300,24190,10460,32970,43430,51000NOR
R72 06104 0029,11890,33730,45620,10460,29330,39790,51000NOR
R72 06104 0030,10880,53100,63980,9410,40090,49500,51000NOR
R72 06104 0031,9570,3310,12880,8070,25280,33350,51000NOR
R72 06104 0033,10300,41130,51430,8440,27000,35440,51000NOR
R72 06104 0036,7760,33970,41730,6530,33850,40380,51000NOR
R72 06107 0001,12040,40900,52940,10610,6810,17420,51000NOR
R72 06107 0002,12040,51290,63330,10610,37860,48470,51000NOR
R72 06107 0003,12040,49020,61060,4800,0,4800,51000NOR
R72 06107 0004,12040,47670,59710,10610,9690,20300,51000NOR
R72 06107 0005,12040,40730,52770,10610,30410,41020,51000NOR
R72 06107 0006,12040,40350,52390,10610,35440,46050,51000NOR
R72 06107 0007,12040,3840,15880,10610,35910,46520,51000NOR
R72 06107 0008,12040,34780,46820,10610,37520,48130,51000NOR
R72 06107 0009,12040,54260,66300,10610,35590,46200,51000NOR
R72 06107 0010,12040,42810,54850,10610,40000,50610,51000NOR
R72 06107 0011,12040,48750,60790,10120,26600,36720,51000NOR
R72 06107 0013,12040,52500,64540,10610,37910,48520,51000NOR
R72 06107 0014,12040,25460,37500,10610,28630,39240,51000NOR
R72 06107 0017,10730,41120,51850,9260,36870,46130,51000NOR
R72 06107 0022,10600,18890,29490,8930,3470,12400,51000NOR
R72 06107 0024,11890,43370,55260,10460,40990,51450,51000NOR
R72 06107 0025,11600,40770,52370,10160,9740,19900,51000NOR
R72 06107 0026,19000,55760,74760,16010,47630,63640,51000NOR
R72 06107 0027,19290,45360,64650,16280,48410,64690,51000NOR
R72 06107 0030,11600,35750,47350,10160,39900,50060,51000NOR
R72 06107 0031,11600,41640,53240,10160,46690,56850,51000NOR
R72 06107 0032,11600,38560,50160,10160,12210,22370,51000NOR
R72 06107 0033,11600,36290,47890,10160,25810,35970,51000NOR
R72 06107 0034,11600,44990,56590,10160,28220,38380,51000NOR
R72 06107 0035,11600,45720,57320,10160,34070,44230,51000NOR
R72 06107 0036,11600,28250,39850,9700,13350,23050,51000NOR
R72 06107 0037,11600,39650,51250,10160,36610,46770,51000NOR
R72 06107 0038,11460,40240,51700,10010,42350,52360,51000NOR
R72 06107 0039,11020,40420,51440,9560,36740,46300,51000NOR
R72 06107 0040,10730,40550,51280,9260,34500,43760,51000NOR
R72 06108 0001,8090,29630,37720,6910,36890,43800,51000NOR
R72 06108 0002,8400,44350,52750,7100,6710,13810,51000NOR
R72 06108 0003,8000,45140,53140,6850,6700,13550,51000NOR
R72 06108 0004,12690,36510,49200,10830,32850,43680,51000NOR
R72 06108 0007,10400,35400,45800,4390,0,4390,51000NOR
R72 06108 0008,10670,32160,42830,8980,8210,17190,51000NOR
R72 06108 0009,10670,20940,31610,8980,7160,16140,51000NOR
R72 06108 0010,10670,22870,33540,8980,19280,28260,51000NOR
R72 06108 0011,10670,35170,45840,8930,18130,27060,51000NOR
R72 06108 0012,10800,36360,47160,9100,23370,32470,51000NOR
R72 06108 0013,10800,39300,50100,9100,18890,27990,51000NOR
R72 06108 0015,5300,5300,10600,9010,2780,11790,51000NOR
R72 06108 0016,10670,49040,59710,8980,45280,54260,51000NOR
R72 06108 0017,10670,48260,58930,8980,32350,41330,51000NOR
R72 06108 0018,11070,42310,53380,9350,40460,49810,51000NOR
R72 06108 0019,9280,49550,58830,7520,45870,53390,51000NOR
R72 06108 0020,4800,0,4800,5040,0,5040,51000NOR
R72 06108 0021,6370,42230,48600,5840,40940,46780,51000NOR
R72 06108 0022,8700,49950,58650,7340,32290,39630,51000NOR
R72 06108 0023,8700,47370,56070,7340,22900,30240,51000NOR
R72 06108 0024,8700,43970,52670,7010,12370,19380,51000NOR
R72 06108 0025,8700,46440,55140,7340,22910,30250,51000NOR
R72 06108 0026,8700,45470,54170,7340,34520,41860,51000NOR
R72 06108 0027,8700,47730,56430,7340,14360,21700,51000NOR
R72 06108 0028,8700,50350,59050,7340,44230,51570,51000NOR
R72 06108 0029,8700,44680,53380,7340,32830,40170,51000NOR
R72 06108 0030,8370,18910,27280,7110,31610,38720,51000NOR
R72 06108 0031,8660,42260,50920,7270,29260,36530,51000NOR
R72 06108 0032,9090,42900,51990,7570,26040,33610,51000NOR
R72 06108 0033,9480,39840,49320,7950,25620,33570,51000NOR
R72 06108 0034,10100,36890,46990,8470,39880,48350,51000NOR
R72 06108 0035,10830,40920,51750,8740,7510,16250,51000NOR
R72 06108 0036,11000,43830,54830,9280,15870,25150,51000NOR
R72 06108 0037,10600,44130,54730,8930,20760,29690,51000NOR
R72 06108 0038,9820,44830,54650,8280,33250,41530,51000NOR
R72 06108 0039,9470,32940,42410,7960,34670,42630,51000NOR
R72 06108 0040,9380,38860,48240,7870,32190,40060,51000NOR
R72 06108 0041,9380,32050,41430,7840,16480,24320,51000NOR
R72 06108 0042,9380,44880,54260,7840,18860,26700,51000NOR
R72 06108 0043,9110,43980,53090,7610,13160,20770,51000NOR
R72 06108 0044,8700,49520,58220,7310,41720,49030,51000NOR
R72 06108 0045,9200,38680,47880,7660,33440,41100,51000NOR
R72 06108 0046,9600,45010,54610,8050,32270,40320,51000NOR
R72 06108 0047,9600,26630,36230,4050,0,4050,51000NOR
R72 06108 0048,8600,43190,51790,7270,12640,19910,51000NOR
R72 06108 0049,8100,42890,50990,6920,20880,27800,51000NOR
R72 06108 0050,7590,29220,36810,6570,14620,21190,51000NOR
R72 06108 0051,8490,44300,52790,7210,30330,37540,51000NOR
R72 06108 0052,7390,38120,45510,6470,17110,23580,51000NOR
R72 06108 0054,10000,47530,57530,8400,66210,74610,51000NOR
R72 06108 0055,9600,44610,54210,8050,33580,41630,51000NOR
R72 06108 0056,9200,45060,54260,7700,27840,35540,51000NOR
R72 06108 0057,9880,47350,57230,8140,38890,47030,51000NOR
R72 06108 0058,9230,21620,30850,7720,66380,74100,51000NOR
R72 06108 0059,9500,37750,47250,7940,25870,33810,51000NOR
R72 06108 0060,9230,19990,29220,7690,25470,33160,51000NOR
R72 06108 0073,11280,47770,59050,9400,20590,29990,51000NOR
R72 06108 0074,8740,33780,42520,7340,27910,35250,51000NOR
R72 06108 0075,8480,47450,55930,7190,30640,37830,51000NOR
R72 06108 0076,8610,42260,50870,7280,12760,20040,51000NOR
R72 06108 0077,8290,47190,55480,7110,14860,21970,51000NOR
R72 06108 0078,9180,46170,55350,7590,4130,11720,51000NOR
R72 06109 0012,6000,30640,36640,9460,35100,44560,51000NOR
R72 06109 0016,10560,44690,55250,8220,26020,34240,51000NOR
R72 06109 0017,8100,50410,58510,6960,38430,45390,51000NOR
R72 06109 0018,9130,49880,59010,7620,35860,43480,51000NOR
R72 06109 0019,10690,37430,48120,8890,42540,51430,51000NOR
R72 06109 0020,10860,43010,53870,9160,39800,48960,51000NOR
R72 06109 0021,11070,32610,43680,9320,39000,48320,51000NOR
R72 06109 0022,10520,52360,62880,8850,9360,18210,51000NOR
R72 06109 0023,10400,41910,52310,8740,33770,42510,51000NOR
R72 06109 0024,10000,51050,61050,8440,42280,50720,51000NOR
R72 06109 0025,9260,51330,60590,7750,32160,39910,51000NOR
R72 06109 0026,11220,31230,42450,13350,26470,39820,51000NOR
R72 06109 0028,9480,45700,55180,7950,29850,37800,51000NOR
R72 06109 0029,9300,26700,36000,7770,32380,40150,51000NOR
R72 06109 0030,9100,27400,36500,7590,31250,38840,51000NOR
R72 06109 0031,9210,38370,47580,7680,38130,45810,51000NOR
R72 06109 0032,9200,34790,43990,7660,30500,38160,51000NOR
R72 06109 0033,9300,53550,62850,7800,62220,70020,51000NOR
R72 06109 0034,9400,44020,53420,7870,36350,44220,51000NOR
R72 06109 0035,9280,45180,54460,7780,25620,33400,51000NOR
R72 06109 0036,9420,51660,61080,7860,31700,39560,51000NOR
R72 06109 0037,11400,41630,53030,9500,29140,38640,51000NOR
R72 06109 0038,12880,38330,51210,10940,52090,63030,51000NOR
R72 06109 0039,10090,48630,58720,8450,49760,58210,51000NOR
R72 06109 0040,10080,34440,44520,7940,18270,26210,51000NOR
R72 06109 0041,9200,56780,65980,7660,39240,46900,51000NOR
R72 06109 0042,9200,47270,56470,7660,31240,38900,51000NOR
R72 06109 0043,9550,45420,54970,7920,18390,26310,51000NOR
R72 06109 0044,8860,46510,55370,7400,8580,15980,51000NOR
R72 06109 0045,9550,17870,27420,7920,33110,41030,51000NOR
R72 06109 0046,9200,46290,55490,7660,30300,37960,51000NOR
R72 06109 0047,8860,26370,35230,7400,20310,27710,51000NOR
R72 06109 0061,10580,20240,30820,8500,29870,38370,51010NOR
R72 06109 0062,10580,30570,41150,8500,21410,29910,51010NOR
R72 06109 0063,10580,35200,45780,8500,39670,48170,51010NOR
R72 06109 0064,10580,41050,51630,3850,0,3850,51010NOR
R72 06109 0065,10580,19280,29860,8500,6190,14690,51010NOR
R72 06109 0066,10580,46700,57280,8500,40100,48600,51010NOR
R72 06110 0001,5950,45620,51570,9410,32600,42010,51000NOR
R72 06110 0002,10880,46110,56990,9410,34340,43750,51000NOR
R72 06110 0003,11600,45820,57420,10160,32630,42790,51000NOR
R72 06110 0004,11600,44500,56100,10160,16780,26940,51000NOR
R72 06110 0005,11600,30600,42200,10160,21320,31480,51000NOR
R72 06110 0006,10880,33150,44030,9410,25530,34940,51000NOR
R72 06110 0007,10880,42230,53110,9410,30710,40120,51000NOR
R72 06110 0008,14210,42110,56320,12850,36110,48960,51000NOR
R72 06110 0014,11600,42680,54280,10160,28910,39070,51000NOR
R72 06110 0015,11600,44340,55940,10160,26850,37010,51000NOR
R72 06110 0016,11600,41650,53250,10160,31030,41190,51000NOR
R72 06110 0017,11600,43590,55190,10160,34040,44200,51000NOR
R72 06110 0018,11400,43360,54760,9810,66220,76030,51000NOR
R72 06110 0019,9200,39230,48430,7730,32930,40660,51000NOR
R72 06110 0020,10130,44880,55010,8510,32950,41460,51000NOR
R72 06110 0021,5050,0,5050,3830,0,3830,51000NOR
R72 06110 0022,10200,48740,58940,8570,29220,37790,51000NOR
R72 06110 0023,10460,3100,13560,8800,4050,12850,51000NOR
R72 06110 0024,10800,34220,45020,9100,29240,38340,51000NOR
R72 06110 0025,10940,44750,55690,9210,21190,30400,51000NOR
R72 06110 0026,9720,40440,50160,8010,17510,25520,51000NOR
R72 06110 0027,7180,43840,51020,6290,32910,39200,51000NOR
R72 06110 0028,8050,17180,25230,6950,14280,21230,51000NOR
R72 06110 0029,11600,39620,51220,10160,34510,44670,51000NOR
R72 06110 0030,10880,32640,43520,9410,21950,31360,51000NOR
R72 06110 0036,5400,0,5400,4120,0,4120,51000NOR
R72 06110 0037,10800,48590,59390,9100,9570,18670,51000NOR
R72 06110 0038,10800,52270,63070,9100,34940,44040,51000NOR
R72 06110 0039,10800,42380,53180,9100,34180,43280,51000NOR
R72 06110 0040,10800,51990,62790,9100,36910,46010,51000NOR
R72 06110 0041,10800,58090,68890,9120,74430,83550,51000NOR
R72 06110 0042,11000,53390,64390,9320,17890,27210,51000NOR
R72 06110 0043,9590,45580,55170,3620,0,3620,51000NOR
R72 06110 0045,10460,30590,41050,8830,25420,34250,51000NOR
R72 06110 0046,11220,45870,57090,9500,30210,39710,51000NOR
R72 06110 0047,2400,0,2400,2520,0,2520,51000NOR
R72 06110 0049,2400,2330,4730,2520,3080,5600,51000NOR
R72 06110 0052,2400,1700,4100,2520,1700,4220,51000NOR
R72 06111 0001,11250,60560,71810,9020,59920,68940,51010NOR
R72 06111 0002,11000,43880,54880,8920,41880,50800,51010NOR
R72 06111 0003,11100,43050,54150,9020,53290,62310,51010NOR
R72 06111 0004,11240,49150,60390,9180,46430,55610,51010NOR
R72 06111 0005,11660,52660,64320,9530,3760,13290,51010NOR
R72 06111 0006,11100,50610,61710,9020,47390,56410,51010NOR
R72 06111 0007,11100,63820,74920,9020,54680,63700,51010NOR
R72 06111 0008,11100,44770,55870,9020,22690,31710,51010NOR
R72 06111 0009,11100,32200,43300,9020,28050,37070,51010NOR
R72 06111 0010,11100,34280,45380,9020,11270,20290,51010NOR
R72 06111 0011,11100,48060,59160,9020,43900,52920,51010NOR
R72 06111 0012,9960,49140,59100,7960,44830,52790,51010NOR
R72 06111 0016,10400,43900,54300,8350,41830,50180,51010NOR
R72 06111 0017,10400,49220,59620,8350,3230,11580,51010NOR
R72 06111 0018,10300,10420,20720,8280,19990,28270,51010NOR
R72 06111 0021,1670,3160,4830,9010,4110,13120,51010NOR
R72 06201 0001,14580,18210,32790,9860,52840,62700,52010NOR
R72 06201 0002,10530,37570,48100,6920,29410,36330,52010NOR
R72 06201 0003,6080,0,6080,3670,0,3670,52010NOR
R72 06201 0005,2810,0,2810,530,0,530,52010NOR
R72 06201 0007,12450,34070,46520,8320,22900,31220,52010NOR
R72 06201 0008,14550,48890,63440,9730,36840,46570,52010NOR
R72 06201 0010,14550,45770,60320,9730,35550,45280,52010NOR
R72 06201 0011,11850,32290,44140,7920,20900,28820,52010NOR
R72 06201 0013,11700,43540,55240,7810,17340,25150,52010NOR
R72 06201 0014,11700,42670,54370,7810,3900,11710,52010NOR
R72 06201 0015,11700,35760,47460,7810,14310,22120,52010NOR
R72 06201 0016,11700,40510,52210,7810,29320,37130,52010NOR
R72 06201 0017,11700,33100,44800,7810,22680,30490,52010NOR
R72 06201 0018,11700,39360,51060,7810,19440,27250,52010NOR
R72 06201 0019,11700,44300,56000,7810,24970,32780,52010NOR
R72 06201 0020,11700,34560,46260,7810,27630,35440,52010NOR
R72 06201 0021,14400,28330,42730,9630,32060,41690,52010NOR
R72 06201 0022,15000,44040,59040,10030,32020,42050,52010NOR
R72 06201 0024,12000,41020,53020,8020,21910,29930,52010NOR
R72 06201 0025,12000,36090,48090,8020,27660,35680,52010NOR
R72 06201 0026,12000,38530,50530,8020,27560,35580,52010NOR
R72 06201 0027,12000,39100,51100,8020,25640,33660,52010NOR
R72 06201 0028,12000,33320,45320,8020,17190,25210,52010NOR
R72 06201 0029,12000,32660,44660,8020,26320,34340,52010NOR
R72 06201 0030,12000,39910,51910,8020,19620,27640,52010NOR
R72 06201 0031,12000,40630,52630,8020,27670,35690,52010NOR
R72 06201 0032,12000,40560,52560,8020,21100,29120,52010NOR
R72 06201 0033,12000,37260,49260,8020,18260,26280,52010NOR
R72 06201 0034,12000,40230,52230,8020,25520,33540,52010NOR
R72 06201 0035,12000,40840,52840,8020,25890,33910,52010NOR
R72 06201 0036,12000,40150,52150,8020,27200,35220,52010NOR
R72 06201 0037,12000,26000,38000,8020,22770,30790,52010NOR
R72 06201 0038,11250,46660,57910,7510,26460,33970,52010NOR
R72 06201 0039,11550,30450,42000,7710,25700,33410,52010NOR
R72 06201 0041,4860,0,4860,3170,0,3170,52010NOR
R72 06201 0044,11040,31140,42180,7340,31350,38690,52010NOR
R72 06201 0045,5240,0,5240,3180,0,3180,52010NOR
R72 06202 0001,13360,39780,53140,8970,36400,45370,52010NOR
R72 06202 0004,11860,41990,53850,7880,24230,32110,52010NOR
R72 06202 0006,13370,44990,58360,8900,35230,44130,52010NOR
R72 06202 0008,12850,44150,57000,8600,34000,42600,52010NOR
R72 06202 0009,14550,39550,54100,9830,36140,45970,52010NOR
R72 06202 0010,15390,38260,53650,10790,19940,30730,52010NOR
R72 06202 0011,15220,29230,44450,10650,28930,39580,52010NOR
R72 06202 0012,14020,40280,54300,9420,21150,30570,52010NOR
R72 06202 0013,12240,40310,52550,8180,22660,30840,52010NOR
R72 06202 0015,12550,39180,51730,8390,29010,37400,52010NOR
R72 06202 0016,12530,43150,55680,4190,0,4190,52010NOR
R72 06202 0017,13810,41040,54850,9040,28690,37730,52010NOR
R72 06202 0018,12120,34150,46270,8120,23030,31150,52010NOR
R72 06202 0019,12480,35530,48010,8320,26090,34410,52010NOR
R72 06202 0020,12360,42630,54990,8280,37820,46100,52010NOR
R72 06202 0022,11480,41550,53030,7660,24230,31890,52010NOR
R72 06202 0024,11540,63470,75010,7700,49290,56990,52010NOR
R72 06202 0025,12000,37880,49880,8020,21410,29430,52010NOR
R72 06202 0027,12000,41810,53810,8020,26360,34380,52010NOR
R72 06202 0029,12000,37040,49040,8020,26640,34660,52010NOR
R72 06202 0031,12000,40740,52740,8020,15520,23540,52010NOR
R72 06202 0033,12000,38610,50610,8020,38030,46050,52010NOR
R72 06202 0035,12000,29010,41010,8020,28240,36260,52010NOR
R72 06202 0040,14250,43690,57940,9530,30880,40410,52010NOR
R72 06202 0041,12900,40800,53700,8370,55570,63940,52010NOR
R72 06202 0043,12050,39800,51850,8070,33540,41610,52010NOR
R72 06202 0046,12480,38010,50490,8320,25750,34070,52010NOR
R72 06202 0048,12000,41260,53260,8020,26050,34070,52010NOR
R72 06202 0050,12000,38280,50280,8020,27360,35380,52010NOR
R72 06202 0051,12600,35150,47750,8420,23910,32330,52010NOR
R72 06202 0052,12000,49910,61910,8020,48000,56020,52010NOR
R72 06202 0053,12330,41320,53650,8250,25450,33700,52010NOR
R72 06202 0054,12500,38770,51270,8290,26040,34330,52010NOR
R72 06202 0055,12530,38420,50950,8330,22160,30490,52010NOR
R72 06202 0056,13100,32620,45720,8690,34570,43260,52010NOR
R72 06202 0057,14150,35680,49830,9650,38600,48250,52010NOR
R72 06202 0059,12550,42800,55350,8360,28220,36580,52010NOR
R72 06202 0062,17010,36040,53050,10850,31910,42760,52010NOR
R72 06202 0064,12950,42870,55820,8720,12780,21500,52010NOR
R72 06202 0066,13010,37060,50070,8710,23960,32670,52010NOR
R72 06202 0068,12450,36900,49350,8280,35310,43590,52010NOR
R72 06202 0069,13050,36460,49510,8680,18140,26820,52010NOR
R72 06202 0070,12450,36000,48450,8280,28130,36410,52010NOR
R72 06202 0071,12450,36910,49360,8280,38230,46510,52010NOR
R72 06202 0072,12450,45360,57810,8280,32110,40390,52010NOR
R72 06202 0073,12990,39680,52670,8770,37680,46450,52010NOR
R72 06202 0074,23400,42080,65480,15780,19710,35490,52010NOR
R72 06202 0078,1760,0,1760,400,0,400,52010NOR
R72 06202 0081,11550,35330,46880,7710,20470,28180,52010NOR
R72 06202 0082,11550,35540,47090,7680,20550,28230,52010NOR
R72 06202 0083,11550,33980,45530,7710,20810,28520,52010NOR
R72 06202 0084,12600,29760,42360,8420,15550,23970,52010NOR
R72 06202 0085,5550,0,5550,3340,0,3340,52010NOR
R72 06202 0086,11100,37450,48550,7380,23570,30950,52010NOR
R72 06202 0087,11100,43440,54540,7410,25120,32530,52010NOR
R72 06202 0088,11250,38810,50060,7510,27330,34840,52010NOR
R72 06202 0089,11550,40530,52080,7710,37050,44760,52010NOR
R72 06202 0090,11550,41220,52770,7680,27060,34740,52010NOR
R72 06202 0091,11550,40000,51550,7710,23850,31560,52010NOR
R72 06202 0092,11550,44890,56440,7710,24470,32180,52010NOR
R72 06202 0093,11550,36490,48040,7710,21440,29150,52010NOR
R72 06202 0094,11700,33880,45580,7810,24870,32680,52010NOR
R72 06202 0095,11550,41220,52770,7710,26180,33890,52010NOR
R72 06202 0096,11550,29520,41070,7710,27440,35150,52010NOR
R72 06202 0097,11550,39180,50730,7710,27190,34900,52010NOR
R72 06202 0098,11550,43940,55490,7710,28780,36490,52010NOR
R72 06202 0099,11550,43260,54810,7710,8230,15940,52010NOR
R72 06202 0100,11550,39720,51270,7710,10610,18320,52010NOR
R72 06202 0101,11400,33570,44970,7610,25220,32830,52010NOR
R72 06204 0001,6360,0,6360,3860,0,3860,52010NOR
R72 06204 0002,12880,33630,46510,8600,1860,10460,52010NOR
R72 06204 0003,14250,34870,49120,9570,25620,35190,52010NOR
R72 06204 0004,15750,41060,56810,10590,35750,46340,52010NOR
R72 06204 0006,12000,28270,40270,8050,16810,24860,52010NOR
R72 06204 0007,11850,30660,42510,7950,26770,34720,52010NOR
R72 06204 0014,18300,36890,55190,12250,24250,36500,52010NOR
R72 06204 0016,18360,42620,60980,12450,62810,75260,52010NOR
R72 06204 0018,12000,32150,44150,8020,20790,28810,52010NOR
R72 06204 0019,12000,31800,43800,8020,20370,28390,52010NOR
R72 06204 0020,12000,29520,41520,8020,18600,26620,52010NOR
R72 06204 0021,12000,31150,43150,8020,17950,25970,52010NOR
R72 06204 0022,11850,25480,37330,7920,21240,29160,52010NOR
R72 06204 0023,11850,23060,34910,7920,10720,18640,52010NOR
R72 06204 0024,14850,34800,49650,9930,14100,24030,52010NOR
R72 06204 0026,15000,29000,44000,10030,28830,38860,52010NOR
R72 06204 0027,12000,21260,33260,8020,24900,32920,52010NOR
R72 06204 0028,12000,41840,53840,8020,30640,38660,52010NOR
R72 06204 0029,12150,40330,52480,8120,32550,40670,52010NOR
R72 06204 0030,12150,39910,52060,8120,24310,32430,52010NOR
R72 06204 0032,12150,39850,52000,8120,25740,33860,52010NOR
R72 06204 0033,12150,41400,53550,8120,26490,34610,52010NOR
R72 06204 0034,11040,40550,51590,7340,31440,38780,52010NOR
R72 06204 0035,12000,39100,51100,8020,25360,33380,52010NOR
R72 06204 0036,12000,36490,48490,8020,23530,31550,52010NOR
R72 06204 0037,12000,38320,50320,8020,23540,31560,52010NOR
R72 06204 0038,12000,39290,51290,8020,30690,38710,52010NOR
R72 06204 0039,11850,32790,44640,7920,26360,34280,52010NOR
R72 06204 0040,11850,40870,52720,7920,32640,40560,52010NOR
R72 06204 0041,5930,0,5930,3580,0,3580,52010NOR
R72 06204 0042,12600,42390,54990,8420,19510,27930,52010NOR
R72 06204 0043,12150,36950,49100,8120,21640,29760,52010NOR
R72 06204 0044,900,0,900,600,0,600,52010NOR
R72 06204 0045,6380,0,6380,3860,0,3860,52010NOR
R72 06204 0046,12750,40050,52800,8520,25890,34410,52010NOR
R72 06204 0047,810,0,810,540,0,540,52010NOR
R72 06204 0048,12750,58600,71350,8520,32780,41300,52010NOR
R72 06204 0049,12750,48780,61530,8520,37930,46450,52010NOR
R72 06204 0050,12750,45470,58220,8520,39100,47620,52010NOR
R72 06204 0051,13350,6670,20020,8920,34270,43190,52010NOR
R72 06204 0052,13200,40710,53910,4440,0,4440,52010NOR
R72 06204 0053,11700,41480,53180,7810,19750,27560,52010NOR
R72 06204 0054,11700,41660,53360,7810,24640,32450,52010NOR
R72 06204 0055,18000,38190,56190,12050,24250,36300,52010NOR
R72 06204 0057,12900,35420,48320,8620,20710,29330,52010NOR
R72 06204 0058,12900,31270,44170,8620,16830,25450,52010NOR
R72 06204 0059,12000,39220,51220,8020,13980,22000,52010NOR
R72 06204 0061,8030,0,8030,4850,0,4850,52010NOR
R72 06204 0064,12000,37190,49190,8020,25230,33250,52010NOR
R72 06204 0065,5850,0,5850,3540,0,3540,52010NOR
R72 06204 0069,12150,33500,45650,8120,20410,28530,52010NOR
R72 06204 0071,12300,33010,45310,8220,20510,28730,52010NOR
R72 06205 0001,12720,30520,43240,8550,18900,27450,52010NOR
R72 06205 0003,26710,29640,56350,18610,63440,82050,52010NOR
R72 06205 0004,11700,42500,54200,7810,23260,31070,52010NOR
R72 06205 0005,11700,38340,50040,7810,23830,31640,52010NOR
R72 06205 0006,11700,31770,43470,7810,37080,44890,52010NOR
R72 06205 0007,11700,20570,32270,7810,24000,31810,52010NOR
R72 06205 0008,11700,41040,52740,7810,4600,12410,52010NOR
R72 06205 0009,11700,41890,53590,7810,25280,33090,52010NOR
R72 06205 0010,12360,49410,61770,8280,14690,22970,52010NOR
R72 06205 0011,12360,3080,15440,8280,27760,36040,52010NOR
R72 06205 0012,12720,41050,53770,8550,27140,35690,52010NOR
R72 06205 0013,5930,0,5930,3580,0,3580,52010NOR
R72 06205 0014,11850,53610,65460,7920,25020,32940,52010NOR
R72 06205 0015,11850,34930,46780,7920,19660,27580,52010NOR
R72 06205 0016,11850,36870,48720,7920,22080,30000,52010NOR
R72 06205 0017,5930,0,5930,3580,0,3580,52010NOR
R72 06205 0018,11850,47370,59220,7920,30760,38680,52010NOR
R72 06205 0021,13610,26430,40040,9200,12970,22170,52010NOR
R72 06205 0022,13930,19210,33140,9390,17600,26990,52010NOR
R72 06205 0025,14060,6020,20080,9470,10470,19940,52010NOR
R72 06205 0026,12720,36880,49600,8550,23190,31740,52010NOR
R72 06205 0029,12000,46970,58970,8020,25310,33330,52010NOR
R72 06205 0030,12000,36930,48930,8020,27900,35920,52010NOR
R72 06205 0031,12000,44490,56490,8020,28640,36660,52010NOR
R72 06205 0032,11850,47170,59020,7920,28990,36910,52010NOR
R72 06205 0033,11850,42330,54180,7920,33690,41610,52010NOR
R72 06205 0034,11850,42880,54730,7920,19510,27430,52010NOR
R72 06205 0037,12150,55930,68080,8120,33120,41240,52010NOR
R72 06205 0044,19080,33370,52450,13120,25480,38600,52010NOR
R72 06205 0047,12720,35160,47880,8550,22000,30550,52010NOR
R72 06205 0048,14790,33860,48650,10040,35130,45170,52010NOR
R72 06205 0049,14790,38560,53350,10040,34830,44870,52010NOR
R72 06205 0050,14790,44280,59070,10040,35110,45150,52010NOR
R72 06206 0001,10230,36380,46610,8580,38120,46700,51000NOR
R72 06206 0002,10100,58700,68800,8470,8340,16810,51000NOR
R72 06206 0003,10100,54700,64800,8470,7140,15610,51000NOR
R72 06206 0004,10100,49550,59650,8470,14740,23210,51000NOR
R72 06206 0005,10100,42560,52660,8470,34460,42930,51000NOR
R72 06206 0006,10100,25700,35800,8470,9810,18280,51000NOR
R72 06206 0007,11880,35880,47760,7920,21180,29100,52010NOR
R72 06206 0008,11880,56580,68460,7920,54070,61990,52010NOR
R72 06206 0009,11880,49690,61570,7950,47120,55070,52010NOR
R72 06206 0011,12620,29120,41740,8440,37420,45860,52010NOR
R72 06206 0012,14690,39130,53820,10080,24550,34630,52010NOR
R72 06206 0013,13420,40350,53770,9010,30200,39210,52010NOR
R72 06206 0014,12550,26760,39310,8360,27970,36330,52010NOR
R72 06206 0015,12420,32630,45050,8320,27290,35610,52010NOR
R72 06206 0016,12180,33670,45850,8110,30170,38280,52010NOR
R72 06206 0017,11400,43570,54970,7580,24380,31960,52010NOR
R72 06206 0018,10650,27010,37660,6940,23100,30040,52010NOR
R72 06206 0019,13170,22140,35310,8880,19570,28450,52010NOR
R72 06206 0020,13520,38240,51760,8750,26260,35010,52010NOR
R72 06206 0021,13320,37100,50420,8540,23170,31710,52010NOR
R72 06206 0022,13320,8880,22200,8600,15280,23880,52010NOR
R72 06206 0023,11760,41340,53100,7810,16910,24720,52010NOR
R72 06206 0024,16880,25260,42140,11200,19660,30860,52010NOR
R72 06206 0025,11780,41460,53240,7680,25000,32680,52010NOR
R72 06206 0026,12470,40300,52770,8310,24240,32550,52010NOR
R72 06206 0027,12600,40510,53110,8450,4820,13270,52010NOR
R72 06206 0029,11880,34590,46470,7920,24240,32160,52010NOR
R72 06206 0030,12670,38440,51110,8460,31780,40240,52010NOR
R72 06206 0032,9810,28360,38170,8190,22640,30830,51000NOR
R72 06206 0033,11880,41270,53150,7810,30940,38750,52010NOR
R72 06206 0034,9560,46390,55950,6590,27470,34060,52010NOR
R72 06206 0035,11020,32110,43130,7180,18750,25930,52010NOR
R72 06206 0037,12470,32470,44940,8260,20880,29140,52010NOR
R72 06206 0039,2490,0,2490,5900,0,5900,51000NOR
R72 06206 0040,11130,39210,50340,9260,20890,30150,51000NOR
R72 06206 0041,9660,40280,49940,8120,29650,37770,51000NOR
R72 06206 0042,9660,42200,51860,8120,31160,39280,51000NOR
R72 06206 0043,9660,27900,37560,4080,0,4080,51000NOR
R72 06206 0044,9660,26150,35810,8120,14340,22460,51000NOR
R72 06206 0045,9660,44040,53700,8120,26490,34610,51000NOR
R72 06206 0046,9660,33670,43330,8120,18200,26320,51000NOR
R72 06206 0047,9660,30830,40490,8120,24530,32650,51000NOR
R72 06206 0048,9660,35120,44780,8120,23480,31600,51000NOR
R72 06206 0049,9190,35670,44860,7720,23290,31010,51000NOR
R72 06206 0050,10350,55990,66340,8530,7870,16400,51000NOR
R72 06206 0051,8390,22340,30730,7150,57280,64430,51000NOR
R72 06206 0052,11250,39380,50630,7510,38560,46070,52010NOR
R72 06206 0053,11250,21970,33220,7510,19590,27100,52010NOR
R72 06206 0054,6000,0,6000,3630,0,3630,52010NOR
R72 06206 0056,480,0,480,480,0,480,52010NOR
R72 06209 0001,6250,0,6250,4870,0,4870,51000NOR
R72 06209 0002,14330,0,14330,4990,0,4990,51000NOR
R72 06209 0003,11380,37320,48700,9720,50710,60430,51000NOR
R72 06209 0006,11660,24190,35850,9980,38740,48720,51000NOR
R72 06209 0009,10550,31350,41900,8930,18380,27310,51000NOR
R72 06209 0014,9380,23740,33120,7870,33000,40870,51000NOR
R72 06209 0015,9380,43150,52530,7870,30590,38460,51000NOR
R72 06209 0016,8750,34550,43300,7340,40720,48060,51000NOR
R72 06209 0017,10000,36590,46590,8400,38880,47280,51000NOR
R72 06209 0018,9380,47420,56800,3560,0,3560,51000NOR
R72 06209 0019,9380,0,9380,7870,0,7870,51000NOR
R72 06209 0020,9380,50750,60130,7870,1630,9500,51000NOR
R72 06209 0021,4690,0,4690,3560,0,3560,51000NOR
R72 06209 0022,9380,23040,32420,7870,18540,26410,51000NOR
R72 06209 0023,9380,37860,47240,7870,21070,28940,51000NOR
R72 06209 0024,9380,11130,20510,7870,19370,27240,51000NOR
R72 06209 0025,9380,45970,55350,7870,23580,31450,51000NOR
R72 06209 0026,9380,41520,50900,7870,29860,37730,51000NOR
R72 06209 0027,9380,44440,53820,7870,11020,18890,51000NOR
R72 06209 0028,9380,42750,52130,7870,36990,44860,51000NOR
R72 06209 0029,9380,45670,55050,7870,39820,47690,51000NOR
R72 06209 0030,9380,40280,49660,7870,30700,38570,51000NOR
R72 06209 0031,9380,53030,62410,7870,34250,42120,51000NOR
R72 06209 0032,9380,46550,55930,7870,31010,38880,51000NOR
R72 06209 0033,9380,50050,59430,7870,47260,55130,51000NOR
R72 06209 0034,9380,39000,48380,7870,46480,54350,51000NOR
R72 06209 0035,9380,43890,53270,7870,8190,16060,51000NOR
R72 06209 0036,9380,38860,48240,7870,33970,41840,51000NOR
R72 06209 0037,9380,47250,56630,7870,39900,47770,51000NOR
R72 06209 0038,9380,38020,47400,7870,24700,32570,51000NOR
R72 06209 0039,9380,26250,35630,7870,18820,26690,51000NOR
R72 06209 0040,9380,34680,44060,7870,6160,14030,51000NOR
R72 06209 0041,9380,33910,43290,7870,25380,33250,51000NOR
R72 06209 0042,9380,34620,44000,7870,1790,9660,51000NOR
R72 06209 0043,9380,35520,44900,7870,10480,18350,51000NOR
R72 06209 0044,9380,39340,48720,7870,28510,36380,51000NOR
R72 06209 0045,9380,36000,45380,7870,24870,32740,51000NOR
R72 06209 0046,9380,46100,55480,7870,38060,45930,51000NOR
R72 06209 0048,9380,41200,50580,7870,35370,43240,51000NOR
R72 06209 0049,9380,45190,54570,3960,0,3960,51000NOR
R72 06209 0050,9380,15750,25130,7870,21170,29040,51000NOR
R72 06209 0051,9380,28900,38280,7870,2630,10500,51000NOR
R72 06209 0052,9380,33720,43100,7870,2030,9900,51000NOR
R72 06209 0053,9380,37680,47060,7870,18710,26580,51000NOR
R72 06209 0054,4690,0,4690,3560,0,3560,51000NOR
R72 06209 0055,9380,50760,60140,7870,35000,42870,51000NOR
R72 06209 0056,9380,57190,66570,7870,16320,24190,51000NOR
R72 06209 0057,4690,0,4690,3560,0,3560,51000NOR
R72 06209 0059,4100,0,4100,3190,0,3190,51000NOR
R72 06210 0001,9380,37070,46450,7870,30910,38780,51000NOR
R72 06210 0002,9380,25700,35080,7870,36720,44590,51000NOR
R72 06210 0003,9380,34930,44310,7870,20000,27870,51000NOR
R72 06210 0004,9380,34020,43400,3560,0,3560,51000NOR
R72 06210 0006,9380,0,9380,7870,0,7870,51000NOR
R72 06210 0007,9380,54100,63480,7870,41620,49490,51000NOR
R72 06210 0008,9380,36770,46150,7870,20560,28430,51000NOR
R72 06210 0009,9380,54310,63690,7870,24260,32130,51000NOR
R72 06210 0010,4690,0,4690,3560,0,3560,51000NOR
R72 06210 0011,9380,26050,35430,7870,41410,49280,51000NOR
R72 06210 0012,9380,36770,46150,7870,39480,47350,51000NOR
R72 06210 0017,9380,37940,47320,7870,31200,39070,51000NOR
R72 06210 0018,9380,36810,46190,7870,25030,32900,51000NOR
R72 06210 0019,9380,36090,45470,7870,24830,32700,51000NOR
R72 06210 0020,9380,40230,49610,7870,20550,28420,51000NOR
R72 06210 0021,9380,20070,29450,7870,23160,31030,51000NOR
R72 06210 0022,9380,22150,31530,7870,26960,34830,51000NOR
R72 06210 0023,9380,38140,47520,7870,3530,11400,51000NOR
R72 06210 0024,9380,33860,43240,7870,16530,24400,51000NOR
R72 06210 0025,9380,33730,43110,7870,33120,40990,51000NOR
R72 06210 0026,9380,40850,50230,7870,29850,37720,51000NOR
R72 06210 0027,9380,39820,49200,7870,29410,37280,51000NOR
R72 06210 0028,9380,27220,36600,7870,32940,40810,51000NOR
R72 06210 0029,9380,39780,49160,7870,14620,22490,51000NOR
R72 06210 0030,9380,40600,49980,7870,33580,41450,51000NOR
R72 06210 0031,9380,37510,46890,7870,26570,34440,51000NOR
R72 06210 0032,9380,39300,48680,7870,8600,16470,51000NOR
R72 06210 0033,9380,45600,54980,7870,35470,43340,51000NOR
R72 06210 0034,9380,13750,23130,7870,33890,41760,51000NOR
R72 06210 0035,9380,38180,47560,7870,25680,33550,51000NOR
R72 06210 0036,9380,19920,29300,7510,8710,16220,51000NOR
R72 06210 0037,9380,41980,51360,7870,32240,40110,51000NOR
R72 06210 0038,9380,35810,45190,7870,29360,37230,51000NOR
R72 06210 0039,9380,27660,37040,7870,22860,30730,51000NOR
R72 06210 0040,9380,38910,48290,7870,28560,36430,51000NOR
R72 06210 0041,9380,36850,46230,7870,38610,46480,51000NOR
R72 06210 0042,9380,36740,46120,7870,21740,29610,51000NOR
R72 06210 0043,9380,37690,47070,7870,11950,19820,51000NOR
R72 06210 0044,9380,43220,52600,7870,30630,38500,51000NOR
R72 06210 0045,9380,39540,48920,7870,32910,40780,51000NOR
R72 06210 0046,4690,0,4690,3560,0,3560,51000NOR
R72 06210 0047,9380,38410,47790,7870,3310,11180,51000NOR
R72 06210 0048,9380,42830,52210,7870,3630,11500,51000NOR
R72 06210 0049,9380,45290,54670,7870,25760,33630,51000NOR
R72 06210 0050,9380,44990,54370,7870,28110,35980,51000NOR
R72 06210 0051,9380,39150,48530,7870,22470,30340,51000NOR
R72 06210 0059,9380,36330,45710,7870,3210,11080,51000NOR
R72 06210 0060,9380,18350,27730,7870,23030,30900,51000NOR
R72 06210 0061,9380,36000,45380,7870,20890,28760,51000NOR
R72 06210 0062,9380,20200,29580,7870,18910,26780,51000NOR
R72 06210 0063,9380,9480,18860,7870,2860,10730,51000NOR
R72 06210 0064,9380,43940,53320,7870,7260,15130,51000NOR
R72 06210 0068,5630,0,5630,3400,0,3400,52010NOR
R72 06210 0069,12300,18600,30900,8220,10690,18910,52010NOR
R72 06210 0071,13500,38830,52330,9020,23880,32900,52010NOR
R72 06210 0073,13500,24390,37890,9020,14070,23090,52010NOR
R72 06210 0075,12300,35860,48160,8220,38020,46240,52010NOR
R72 06210 0076,11250,28930,40180,7510,30470,37980,52010NOR
R72 06210 0077,11250,46170,57420,7510,46860,54370,52010NOR
R72 06210 0078,5630,0,5630,3400,0,3400,52010NOR
R72 06210 0079,11250,23870,35120,7510,18990,26500,52010NOR
R72 06210 0080,11250,42230,53480,7510,31600,39110,52010NOR
R72 06210 0081,5630,0,5630,3400,0,3400,52010NOR
R72 06210 0082,12150,32610,44760,8120,14750,22870,52010NOR
R72 06210 0084,11250,36130,47380,7510,21330,28840,52010NOR
R72 06210 0085,11250,24070,35320,7510,20070,27580,52010NOR
R72 06210 0086,11250,39550,50800,7510,24320,31830,52010NOR
R72 06210 0087,12750,36420,49170,8520,40110,48630,52010NOR
R72 06210 0088,4880,0,4880,2950,0,2950,52010NOR
R72 06210 0089,11250,39060,50310,7510,23040,30550,52010NOR
R72 06210 0090,12300,30950,43250,8220,20420,28640,52010NOR
R72 06210 0091,10100,38490,48590,6760,24860,31620,52010NOR
R72 06210 0092,1350,2500,3850,7330,3310,10640,52010NOR
R72 06210 0093,13050,28490,41540,9040,3890,12930,52010NOR
R72 06210 0094,13320,35010,48330,8970,18320,27290,52010NOR
R72 06210 0095,13200,30080,43280,8820,18810,27630,52010NOR
R72 06210 0097,12150,61180,73330,8120,38360,46480,52010NOR
R72 06210 0098,12490,25830,38320,8390,23330,31720,52010NOR
R72 06212 0001,12940,12450,25390,8810,13950,22760,52010NOR
R72 06212 0002,13340,33910,47250,9160,13490,22650,52010NOR
R72 06212 0009,12300,64740,77040,8220,38760,46980,52010NOR
R72 06212 0010,11250,39390,50640,7510,31810,39320,52010NOR
R72 06212 0011,10800,23060,33860,7210,9360,16570,52010NOR
R72 06212 0012,16050,40870,56920,10740,25750,36490,52010NOR
R72 06212 0014,11700,36400,48100,7810,23770,31580,52010NOR
R72 06212 0015,11550,33320,44870,7710,20530,28240,52010NOR
R72 06212 0017,11250,34270,45520,7510,24090,31600,52010NOR
R72 06212 0018,5630,0,5630,3400,0,3400,52010NOR
R72 06212 0019,11250,34510,45760,6030,0,6030,52010NOR
R72 06212 0020,5630,0,5630,3400,0,3400,52010NOR
R72 06212 0024,5340,0,5340,3230,0,3230,52010NOR
R72 06212 0025,32760,37450,70210,20450,42050,62500,52010NOR
R72 06212 0048,14250,40560,54810,9530,22630,32160,52010NOR
R72 06301 0002,13320,51340,64660,13500,18120,31620,52010HIL
R72 06301 0003,13320,13900,27220,13500,18680,32180,52010HIL
R72 06301 0005,13320,34140,47460,13500,23730,37230,52010HIL
R72 06301 0006,13320,63700,77020,13500,17530,31030,52010HIL
R72 06302 0001,12000,14220,26220,12000,10800,22800,52010NOR
R72 06302 0002,12790,27250,40040,8570,17300,25870,52010NOR
R72 06302 0003,12790,30610,43400,8570,20220,28790,52010NOR
R72 06302 0006,12360,17870,30230,8280,36810,45090,52010NOR
R72 06302 0007,12360,38430,50790,8280,37190,45470,52010NOR
R72 06302 0008,12360,45490,57850,8280,32640,40920,52010NOR
R72 06302 0009,12360,17490,29850,8280,19720,28000,52010NOR
R72 06302 0010,12360,27500,39860,8280,33310,41590,52010NOR
R72 06302 0011,12360,34230,46590,8280,21960,30240,52010NOR
R72 06302 0012,12360,41610,53970,8280,38060,46340,52010NOR
R72 06302 0013,12360,28780,41140,8280,24010,32290,52010NOR
R72 06302 0014,12360,41230,53590,8280,37870,46150,52010NOR
R72 06302 0015,12360,36060,48420,8280,9130,17410,52010NOR
R72 06302 0016,12360,40480,52840,8280,38580,46860,52010NOR
R72 06302 0017,12360,44240,56600,8280,40220,48500,52010NOR
R72 06302 0018,12360,35740,48100,8280,26980,35260,52010NOR
R72 06302 0019,12360,30570,42930,8280,19820,28100,52010NOR
R72 06302 0020,12360,37470,49830,8280,38530,46810,52010NOR
R72 06302 0021,12360,36110,48470,8280,24150,32430,52010NOR
R72 06302 0022,12360,37430,49790,8280,29270,37550,52010NOR
R72 06302 0023,12360,43520,55880,8280,30860,39140,52010NOR
R72 06302 0024,12360,41520,53880,8280,32870,41150,52010NOR
R72 06302 0025,12360,41810,54170,8280,25010,33290,52010NOR
R72 06302 0026,12360,37290,49650,8280,24980,33260,52010NOR
R72 06305 0001,12720,25880,38600,8550,37830,46380,52010NOR
R72 06305 0002,12720,34320,47040,8550,21160,29710,52010NOR
R72 06305 0003,12720,20190,32910,8550,18790,27340,52010NOR
R72 06305 0004,12720,30090,42810,8550,18500,27050,52010NOR
R72 06305 0005,12720,31110,43830,8550,17110,25660,52010NOR
R72 06305 0006,12720,30740,43460,8550,17290,25840,52010NOR
R72 06305 0007,13360,29980,43340,9010,17650,26660,52010NOR
R72 06305 0009,15600,30990,46590,10540,20580,31120,52010NOR
R72 06305 0013,12720,40320,53040,8550,24780,33330,52010NOR
R72 06305 0014,12720,42790,55510,8550,40160,48710,52010NOR
R72 06305 0015,12720,39880,52600,8550,24060,32610,52010NOR
R72 06305 0016,11770,28210,39980,7870,13940,21810,52010NOR
R72 06305 0017,11610,29970,41580,7750,15800,23550,52010NOR
R72 06305 0018,11930,31010,42940,7980,16720,24700,52010NOR
R72 06305 0019,11770,31600,43370,7870,57590,65460,52010NOR
R72 06305 0020,14630,16190,30820,9920,20350,30270,52010NOR
R72 06305 0021,14630,33900,48530,9920,21740,31660,52010NOR
R72 06305 0023,12360,31160,43520,8280,35390,43670,52010NOR
R72 06305 0024,12360,32130,44490,8280,23560,31840,52010NOR
R72 06305 0025,12360,27540,39900,8280,18240,26520,52010NOR
R72 06305 0026,12720,39350,52070,8550,22510,31060,52010NOR
R72 06305 0027,12360,27260,39620,8280,23610,31890,52010NOR
R72 06305 0029,12290,45860,58150,8200,28100,36300,52010NOR
R72 06305 0030,12050,47300,59350,8070,29440,37510,52010NOR
R72 06305 0031,12050,40530,52580,8090,6510,14600,52010NOR
R72 06305 0032,11740,40780,52520,7850,24560,32410,52010NOR
R72 06305 0033,12790,41620,54410,8540,26850,35390,52010NOR
R72 06305 0034,12840,30220,43060,8590,25030,33620,52010NOR
R72 06305 0035,12840,39950,52790,8590,25330,33920,52010NOR
R72 06305 0036,12840,26460,39300,8590,22970,31560,52010NOR
R72 06305 0037,12840,39860,52700,8590,21140,29730,52010NOR
R72 06305 0038,12680,38580,51260,8470,22260,30730,52010NOR
R72 06305 0039,12680,23400,36080,8470,17580,26050,52010NOR
R72 06305 0040,12680,39350,52030,8470,7580,16050,52010NOR
R72 06305 0041,12680,40870,53550,8470,2520,10990,52010NOR
R72 06305 0042,12680,44340,57020,8470,22690,31160,52010NOR
R72 06305 0043,12680,40410,53090,8470,19640,28110,52010NOR
R72 06305 0044,12840,43960,56800,8590,26240,34830,52010NOR
R72 06305 0045,12840,38400,51240,8590,22810,31400,52010NOR
R72 06305 0046,12840,36550,49390,8590,22340,30930,52010NOR
R72 06305 0047,12840,40200,53040,8590,21140,29730,52010NOR
R72 06305 0048,12840,36540,49380,8590,0,8590,52010NOR
R72 06305 0049,12840,44320,57160,8590,25150,33740,52010NOR
R72 06305 0050,12840,36410,49250,8590,22350,30940,52010NOR
R72 06305 0051,12840,43990,56830,8590,27260,35850,52010NOR
R72 06305 0052,12840,41620,54460,8590,23610,32200,52010NOR
R72 06305 0053,12840,48660,61500,8590,28990,37580,52010NOR
R72 06305 0054,12840,42290,55130,8590,23440,32030,52010NOR
R72 06305 0055,12840,42450,55290,8590,21060,29650,52010NOR
R72 06305 0056,12840,42900,55740,8590,24320,32910,52010NOR
R72 06305 0057,12840,42190,55030,8590,26500,35090,52010NOR
R72 06305 0058,12840,39130,51970,8590,22300,30890,52010NOR
R72 06305 0059,12840,41440,54280,8590,21410,30000,52010NOR
R72 06305 0060,12840,41640,54480,8590,15560,24150,52010NOR
R72 06305 0061,14120,15630,29750,9510,20680,30190,52010NOR
R72 06305 0062,12900,31360,44260,8580,15810,24390,52010NOR
R72 06305 0063,12770,27530,40300,8500,13800,22300,52010NOR
R72 06305 0064,13360,24220,37580,9010,24930,33940,52010NOR
R72 06305 0065,13360,34160,47520,9010,22810,31820,52010NOR
R72 06305 0066,13360,34210,47570,9010,23150,32160,52010NOR
R72 06305 0068,12210,35660,47870,8180,22380,30560,52010NOR
R72 06305 0082,12880,40110,52990,8670,24220,32890,52010NOR
R72 06306 0001,11240,17810,29050,7460,20940,28400,52010NOR
R72 06306 0002,12040,35200,47240,8040,21160,29200,52010NOR
R72 06306 0003,12040,29880,41920,8040,21800,29840,52010NOR
R72 06306 0004,11930,35270,47200,7950,29920,37870,52010NOR
R72 06306 0005,12040,21860,33900,8040,18770,26810,52010NOR
R72 06306 0006,12040,30770,42810,8040,16090,24130,52010NOR
R72 06306 0007,12040,35500,47540,8040,18130,26170,52010NOR
R72 06306 0008,12210,40170,52380,8150,20760,28910,52010NOR
R72 06306 0009,12210,31380,43590,8150,17630,25780,52010NOR
R72 06306 0010,12210,31730,43940,8150,16990,25140,52010NOR
R72 06306 0011,12210,33580,45790,8150,19300,27450,52010NOR
R72 06306 0012,12210,9110,21320,8150,20670,28820,52010NOR
R72 06306 0013,12210,32570,44780,8150,19270,27420,52010NOR
R72 06306 0014,12210,29750,41960,8150,11210,19360,52010NOR
R72 06306 0015,12210,35070,47280,8150,6910,15060,52010NOR
R72 06306 0016,12210,38120,50330,8150,24920,33070,52010NOR
R72 06306 0017,12210,41250,53460,8150,21140,29290,52010NOR
R72 06306 0018,12210,41870,54080,8150,25100,33250,52010NOR
R72 06306 0019,12210,25450,37660,8150,15120,23270,52010NOR
R72 06306 0020,12210,0,12210,8150,0,8150,52010NOR
R72 06306 0021,12540,33060,45600,8400,20730,29130,52010NOR
R72 06306 0022,13200,28190,41390,8890,18570,27460,52010NOR
R72 06306 0023,13200,41420,54620,8890,22630,31520,52010NOR
R72 06306 0024,13200,42450,55650,8890,26280,35170,52010NOR
R72 06306 0025,13200,39020,52220,8890,26080,34970,52010NOR
R72 06306 0026,13200,38450,51650,8890,9940,18830,52010NOR
R72 06306 0027,13200,30890,44090,8890,24900,33790,52010NOR
R72 06306 0028,12720,59060,71780,8550,27650,36200,52010NOR
R72 06306 0029,12720,43990,56710,8550,25660,34210,52010NOR
R72 06306 0030,12720,37440,50160,8550,25640,34190,52010NOR
R72 06306 0031,12720,38000,50720,8550,26450,35000,52010NOR
R72 06306 0032,12720,43250,55970,8550,20270,28820,52010NOR
R72 06306 0033,25440,43710,69150,17690,19110,36800,52010NOR
R72 06306 0034,12720,32390,45110,8550,31540,40090,52010NOR
R72 06306 0036,12720,34490,47210,8550,9300,17850,52010NOR
R72 06306 0037,12720,20810,33530,8550,38090,46640,52010NOR
R72 06306 0038,12720,27360,40080,8550,17490,26040,52010NOR
R72 06306 0039,12720,39030,51750,8550,29550,38100,52010NOR
R72 06306 0040,12720,13940,26660,8550,22750,31300,52010NOR
R72 06306 0041,12360,16430,28790,8280,26790,35070,52010NOR
R72 06306 0042,12360,42940,55300,8280,19370,27650,52010NOR
R72 06306 0043,12360,36220,48580,8280,21040,29320,52010NOR
R72 06306 0044,12360,49750,62110,8280,29800,38080,52010NOR
R72 06306 0045,6180,0,6180,3750,0,3750,52010NOR
R72 06306 0046,12360,23680,36040,8280,9610,17890,52010NOR
R72 06306 0047,11770,42610,54380,7870,26620,34490,52010NOR
R72 06306 0048,11770,21570,33340,7870,60420,68290,52010NOR
R72 06306 0049,11770,34640,46410,7870,20470,28340,52010NOR
R72 06306 0050,11770,34270,46040,7870,3620,11490,52010NOR
R72 06306 0051,11770,44440,56210,7870,21560,29430,52010NOR
R72 06306 0052,11770,34780,46550,7870,18760,26630,52010NOR
R72 06306 0053,12080,36210,48290,8100,24490,32590,52010NOR
R72 06306 0054,12720,33770,46490,8550,3040,11590,52010NOR
R72 06306 0061,12720,32410,45130,8550,15630,24180,52010NOR
R72 06306 0062,12720,33140,45860,8550,20700,29250,52010NOR
R72 06306 0063,12720,30400,43120,8550,19020,27570,52010NOR
R72 06306 0065,300,0,300,80,0,80,52010NOR
R72 06306 0067,15740,27710,43450,5260,0,5260,52010NOR
R72 06306 0068,12240,41300,53540,8220,33500,41720,52010NOR
R72 06306 0069,12240,17480,29720,8220,33500,41720,52010NOR
R72 06306 0070,12240,17480,29720,8220,33500,41720,52010NOR
R72 06306 0071,12240,41300,53540,8220,33500,41720,52010NOR
R72 06306 0072,12240,33740,45980,8220,21850,30070,52010NOR
R72 06306 0073,12240,27740,39980,8220,28260,36480,52010NOR
R72 06306 0074,12720,31560,44280,8550,18810,27360,52010NOR
R72 06306 0076,12720,28800,41520,8550,17690,26240,52010NOR
R72 06306 0077,22140,42470,64610,24140,37740,61880,52010NOR
R72 06306 0079,700,0,700,160,0,160,52010NOR
R72 06307 0003,13200,26650,39850,8890,17630,26520,52010NOR
R72 06307 0004,13640,36630,50270,9200,21320,30520,52010NOR
R72 06307 0005,12840,32650,45490,8620,20200,28820,52010NOR
R72 06307 0006,12840,37530,50370,8620,6710,15330,52010NOR
R72 06307 0007,12840,35390,48230,8620,18700,27320,52010NOR
R72 06307 0008,6420,0,6420,3900,0,3900,52010NOR
R72 06307 0009,12840,40810,53650,8620,19690,28310,52010NOR
R72 06307 0010,13160,37180,50340,8850,16340,25190,52010NOR
R72 06307 0011,13160,38540,51700,8850,17360,26210,52010NOR
R72 06307 0012,13320,35540,48860,8970,17490,26460,52010NOR
R72 06307 0013,12840,33990,46830,8620,26580,35200,52010NOR
R72 06307 0014,12840,43950,56790,8620,36120,44740,52010NOR
R72 06307 0015,12840,33440,46280,8620,33300,41920,52010NOR
R72 06307 0016,19800,36270,56070,13800,4310,18110,52010NOR
R72 06307 0017,13200,30880,44080,8920,5640,14560,52010NOR
R72 06307 0018,13200,32020,45220,8920,18280,27200,52010NOR
R72 06307 0019,12360,31030,43390,8250,22000,30250,52010NOR
R72 06307 0020,12360,32750,45110,8250,29670,37920,52010NOR
R72 06307 0021,12360,40100,52460,8280,37950,46230,52010NOR
R72 06307 0022,12360,37190,49550,8280,22090,30370,52010NOR
R72 06307 0023,12360,27850,40210,8280,21140,29420,52010NOR
R72 06307 0024,12480,38500,50980,8320,22780,31100,52010NOR
R72 06307 0025,12480,32900,45380,8320,38400,46720,52010NOR
R72 06307 0026,12480,28530,41010,8320,22420,30740,52010NOR
R72 06307 0027,12480,42980,55460,8350,19770,28120,52010NOR
R72 06307 0028,12480,38570,51050,8350,23190,31540,52010NOR
R72 06307 0029,12480,25430,37910,8350,18540,26890,52010NOR
R72 06307 0030,12360,35410,47770,8250,5200,13450,52010NOR
R72 06307 0031,12360,38880,51240,8250,27240,35490,52010NOR
R72 06307 0032,12360,38060,50420,3730,0,3730,52010NOR
R72 06307 0033,12360,36910,49270,8250,25960,34210,52010NOR
R72 06307 0034,12360,32380,44740,8250,24940,33190,52010NOR
R72 06307 0036,12360,46250,58610,8250,31550,39800,52010NOR
R72 06307 0038,12360,17120,29480,8250,19220,27470,52010NOR
R72 06307 0039,12360,29540,41900,8250,21200,29450,52010NOR
R72 06307 0040,12360,36410,48770,8250,21110,29360,52010NOR
R72 06307 0041,12360,33410,45770,8280,23980,32260,52010NOR
R72 06307 0042,12360,37260,49620,8280,24410,32690,52010NOR
R72 06307 0043,12360,27790,40150,8280,24260,32540,52010NOR
R72 06307 0044,12360,34590,46950,8280,17960,26240,52010NOR
R72 06307 0045,12360,19830,32190,8280,12780,21060,52010NOR
R72 06307 0046,12360,13490,25850,8280,14260,22540,52010NOR
R72 06307 0049,12360,26210,38570,8280,15920,24200,52010NOR
R72 06307 0050,12360,43910,56270,8280,26360,34640,52010NOR
R72 06307 0051,13910,41740,55650,9360,24420,33780,52010NOR
R72 06308 0008,17470,37580,55050,16140,21180,37320,52010NOR
R72 06308 0009,18460,35090,53550,12490,7530,20020,52010NOR
R72 06308 0011,13040,35400,48440,8750,4400,13150,52010NOR
R72 06308 0012,12400,36320,48720,8290,4350,12640,52010NOR
R72 06308 0013,12720,31440,44160,8520,18390,26910,52010NOR
R72 06308 0014,12720,35380,48100,8490,18010,26500,52010NOR
R72 06308 0015,12720,13540,26260,8490,11830,20320,52010NOR
R72 06308 0016,12600,39930,52530,8450,16790,25240,52010NOR
R72 06308 0017,12600,34700,47300,8450,28020,36470,52010NOR
R72 06308 0018,12600,37720,50320,8450,56910,65360,52010NOR
R72 06308 0019,12600,15510,28110,8450,9550,18000,52010NOR
R72 06308 0020,12600,36650,49250,8420,20800,29220,52010NOR
R72 06308 0021,12600,33940,46540,8420,17050,25470,52010NOR
R72 06308 0023,12480,38810,51290,8390,38390,46780,52010NOR
R72 06308 0024,12480,20090,32570,8390,17840,26230,52010NOR
R72 06308 0025,12480,42650,55130,8390,38100,46490,52010NOR
R72 06308 0026,12360,22640,35000,8250,23400,31650,52010NOR
R72 06308 0027,12360,32210,44570,8250,23880,32130,52010NOR
R72 06308 0028,12360,33670,46030,8250,24940,33190,52010NOR
R72 06308 0029,12360,31110,43470,8250,19720,27970,52010NOR
R72 06308 0030,12360,29570,41930,8250,18520,26770,52010NOR
R72 06308 0031,12360,36480,48840,8250,36250,44500,52010NOR
R72 06308 0032,12360,41920,54280,8250,12810,21060,52010NOR
R72 06308 0035,12360,36830,49190,8250,30600,38850,52010NOR
R72 06308 0036,12360,35110,47470,8250,5600,13850,52010NOR
R72 06308 0037,12360,36890,49250,8250,14580,22830,52010NOR
R72 06308 0038,12360,36380,48740,8250,21190,29440,52010NOR
R72 06308 0039,12360,36260,48620,8250,27510,35760,52010NOR
R72 06308 0040,18080,66210,84290,12200,47630,59830,52010NOR
R72 06308 0041,12790,42670,55460,8570,36740,45310,52010NOR
R72 06308 0042,12790,38630,51420,8570,27830,36400,52010NOR
R72 06308 0044,12790,36170,48960,4310,0,4310,52010NOR
R72 06308 0046,14990,50010,65000,10110,24550,34660,52010NOR
R72 06308 0047,12360,34530,46890,8280,24240,32520,52010NOR
R72 06308 0048,12360,42620,54980,8280,38710,46990,52010NOR
R72 06308 0049,4100,5900,10000,8280,22730,31010,52010NOR
R72 06308 0050,12360,36250,48610,8280,30700,38980,52010NOR
R72 06308 0051,12360,38220,50580,8280,24770,33050,52010NOR
R72 06308 0053,12360,23520,35880,8280,19410,27690,52010NOR
R72 06308 0054,12360,34700,47060,8280,24300,32580,52010NOR
R72 06308 0055,12360,11710,24070,8280,25080,33360,52010NOR
R72 06308 0056,12360,42610,54970,8280,34550,42830,52010NOR
R72 06308 0057,12360,32200,44560,8280,1230,9510,52010NOR
R72 06308 0058,12360,37170,49530,8280,18690,26970,52010NOR
R72 06310 0001,9840,29900,39740,6670,10820,17490,52010NOR
R72 06310 0002,10560,35950,46510,7040,50380,57420,52010NOR
R72 06310 0003,11160,34200,45360,7440,18080,25520,52010NOR
R72 06310 0004,11760,26640,38400,7810,14220,22030,52010NOR
R72 06310 0005,12240,33020,45260,8180,24330,32510,52010NOR
R72 06310 0007,12840,31840,44680,8620,24620,33240,52010NOR
R72 06310 0008,12840,32670,45510,8620,21700,30320,52010NOR
R72 06310 0009,12840,31970,44810,8620,11820,20440,52010NOR
R72 06310 0010,12840,23460,36300,8620,7120,15740,52010NOR
R72 06310 0011,12840,32750,45590,8620,13440,22060,52010NOR
R72 06310 0012,12840,29420,42260,8620,14870,23490,52010NOR
R72 06310 0013,12840,37350,50190,8620,22960,31580,52010NOR
R72 06310 0014,12840,35180,48020,8620,22070,30690,52010NOR
R72 06310 0015,12840,37670,50510,8620,14810,23430,52010NOR
R72 06310 0016,12840,40380,53220,8620,38350,46970,52010NOR
R72 06310 0017,12840,35410,48250,3900,0,3900,52010NOR
R72 06310 0018,12840,40870,53710,4330,0,4330,52010NOR
R72 06310 0019,12840,30000,42840,8620,26110,34730,52010NOR
R72 06310 0020,12840,37400,50240,8620,19910,28530,52010NOR
R72 06310 0021,12840,33110,45950,8620,25350,33970,52010NOR
R72 06310 0022,12840,14430,27270,8620,23540,32160,52010NOR
R72 06310 0023,12840,37950,50790,8620,23730,32350,52010NOR
R72 06310 0024,12840,35770,48610,8620,38180,46800,52010NOR
R72 06310 0025,12840,36700,49540,8620,24640,33260,52010NOR
R72 06310 0026,12840,36500,49340,8620,26390,35010,52010NOR
R72 06310 0027,12840,35060,47900,8620,30660,39280,52010NOR
R72 06310 0028,12840,35090,47930,8620,21950,30570,52010NOR
R72 06310 0029,12840,42090,54930,8620,25170,33790,52010NOR
R72 06310 0030,7740,24780,32520,5630,18110,23740,52010NOR
R72 06310 0032,12680,36190,48870,8500,22620,31120,52010NOR
R72 06310 0033,10140,0,10140,6800,0,6800,52010NOR
R72 06310 0034,12680,35640,48320,8500,16960,25460,52010NOR
R72 06310 0036,12680,31290,43970,8500,21490,29990,52010NOR
R72 06310 0037,12680,46190,58870,8500,24150,32650,52010NOR
R72 06310 0038,12680,38520,51200,8500,23400,31900,52010NOR
R72 06310 0039,12840,32630,45470,8620,18230,26850,52010NOR
R72 06310 0040,12680,38520,51200,8500,22850,31350,52010NOR
R72 06310 0041,12680,35100,47780,8500,14310,22810,52010NOR
R72 06310 0042,12680,44030,56710,8500,23160,31660,52010NOR
R72 06310 0043,12680,38160,50840,8500,25470,33970,52010NOR
R72 06310 0044,12680,37350,50030,8500,16790,25290,52010NOR
R72 06310 0045,12680,35480,48160,8500,18170,26670,52010NOR
R72 06310 0046,12480,34020,46500,8390,41010,49400,52010NOR
R72 06310 0047,12600,25740,38340,8420,18230,26650,52010NOR
R72 06310 0048,12600,36710,49310,8420,26750,35170,52010NOR
R72 06310 0049,12600,45290,57890,8420,11130,19550,52010NOR
R72 06310 0050,6300,2060,8360,4230,2710,6940,52010NOR
R72 06310 0051,12600,35940,48540,8450,5360,13810,52010NOR
R72 06310 0052,12600,42380,54980,8450,7340,15790,52010NOR
R72 06310 0054,12720,37500,50220,8490,21620,30110,52010NOR
R72 06310 0055,12720,41820,54540,8490,23950,32440,52010NOR
R72 06310 0056,12720,42310,55030,8490,26210,34700,52010NOR
R72 06310 0057,12720,46870,59590,8490,18260,26750,52010NOR
R72 06310 0058,12720,15050,27770,8520,20500,29020,52010NOR
R72 06310 0059,12720,39860,52580,8520,17660,26180,52010NOR
R72 06310 0060,12720,37210,49930,8480,0,8480,52010NOR
R72 06310 0061,10440,45640,56080,6970,21350,28320,52010NOR
R72 06310 0065,13960,39720,53680,9430,21550,30980,52010NOR
R72 06310 0066,12840,22650,35490,8620,6670,15290,52010NOR
R72 06310 0067,12840,35680,48520,8620,23650,32270,52010NOR
R72 06310 0068,12840,44510,57350,8620,37030,45650,52010NOR
R72 06310 0069,12840,35040,47880,8620,20850,29470,52010NOR
R72 06310 0070,12840,42630,55470,8620,31910,40530,52010NOR
R72 06310 0071,12300,30700,43000,8180,2650,10830,52010NOR
R72 06310 0072,7770,27080,34850,5390,34420,39810,52010NOR
R72 06310 0073,10100,24210,34310,6810,19660,26470,52010NOR
R72 06310 0074,12680,22620,35300,8500,1760,10260,52010NOR
R72 06310 0075,12680,38110,50790,8500,21220,29720,52010NOR
R72 06310 0089,12480,33110,45590,8390,15800,24190,52010NOR
R72 06402 0021,11870,26900,38770,4330,0,4330,51010RIV
R72 06402 0024,9800,0,9800,7900,0,7900,51010RIV
R72 06402 0028,8640,0,8640,6880,0,6880,51010RIV
R72 06402 0032,6750,0,6750,5470,0,5470,51010RIV
R72 06402 0034,2430,0,2430,1930,0,1930,51010RIV
R72 06402 0036,450,0,450,420,0,420,51010RIV
R72 06402 0039,2920,0,2920,3090,0,3090,51010RIV
R72 06402 0040,4190,0,4190,3340,0,3340,51010RIV
R72 06402 0049,8350,0,8350,6660,0,6660,51010RIV
R72 06402 0052,90,0,90,100,0,100,51010RIV
R72 06402 0063,9580,41900,51480,3850,0,3850,51010RIV
R72 06404 0001,9660,57000,66660,7680,72780,80460,51010GRA
R72 06404 0002,11030,26520,37550,14040,31250,45290,51010GRA
R72 06404 0023,0,0,0,0,0,0,51010GRA
R72 06404 0025,9940,19650,29590,7940,8250,16190,51010GRA
R72 06404 0026,9580,47960,57540,7650,40820,48470,51010GRA
R72 06404 0027,4850,1950,6800,3870,2550,6420,51010GRA
R72 06404 0029,4850,0,4850,3510,0,3510,51010GRA
R72 06404 0030,9700,27040,36740,7750,35440,43190,51010GRA
R72 06404 0031,10910,42490,53400,8690,39550,48240,51010GRA
R72 06404 0032,10910,24410,35320,8690,50030,58720,51010GRA
R72 06404 0033,9100,25410,34510,4370,0,4370,51010GRA
R72 06404 0034,10910,41590,52500,8690,35160,43850,51010GRA
R72 06404 0035,10910,10350,21260,8690,40320,49010,51010GRA
R72 06404 0041,9700,43840,53540,7750,44950,52700,51010GRA
R72 06404 0049,8100,0,8100,5980,0,5980,51010GRA
R72 06404 0063,!,!,!
R72 06505 0007,3800,6340,10140,3940,8200,12140,C7001000
R72 06505 0008,3000,5200,8200,2800,6730,9530,C7001000
R72 06505 0041,10810,70210,81020,7600,85600,93200,61010ODV
R72 06505 0059,4960,94450,99410,31670,86500,118170,HISTXGRA
R72 06505 0063,2920,0,2920,1910,0,1910,61010ODV
R72 06601 0001,7560,24810,32370,3760,0,3760,61010FVO
R72 06601 0002,9900,14990,24890,5400,38610,44010,61010FVO
R72 06601 0003,9900,38020,47920,5420,55690,61110,61010FVO
R72 06601 0004,9900,28480,38380,5420,12800,18220,61010FVO
R72 06601 0005,9900,0,9900,5420,0,5420,61010FVO
R72 06601 0006,9900,5500,15400,5440,28820,34260,61010FVO
R72 06601 0007,9900,33970,43870,5440,42710,48150,61010FVO
R72 06601 0008,9900,37870,47770,5440,42380,47820,61010FVO
R72 06601 0009,10170,0,10170,2550,0,2550,61010FVO
R72 06601 0010,5110,0,5110,2550,0,2550,61010FVO
R72 06601 0011,10170,33990,44160,5660,19480,25140,61010FVO
R72 06601 0012,10170,7330,17500,5660,18300,23960,61010FVO
R72 06601 0013,10700,24790,35490,5770,0,5770,61010FVO
R72 06601 0017,9900,27770,37670,5420,13920,19340,61010FVO
R72 06601 0018,9900,15520,25420,5440,40780,46220,61010FVO
R72 06601 0019,9900,48680,58580,5440,20580,26020,61010FVO
R72 06601 0020,7060,0,7060,5440,12410,17850,61010FVO
R72 06601 0021,9090,28510,37600,4960,10750,15710,61010FVO
R72 06601 0023,4510,0,4510,2200,0,2200,61010FVO
R72 06601 0024,9200,36660,45860,5000,17140,22140,61010FVO
R72 06601 0025,8860,29280,38140,4820,20910,25730,61010FVO
R72 06601 0026,9090,7690,16780,4940,11840,16780,61010FVO
R72 06601 0028,9000,26400,35400,4920,12210,17130,61010FVO
R72 06601 0029,4220,0,4220,3600,7350,10950,61010FVO
R72 06601 0031,7160,0,7160,5300,30580,35880,61010FVO
R72 06601 0033,9090,28730,37820,4960,26310,31270,61010FVO
R72 06601 0034,9090,12950,22040,4940,23530,28470,61010FVO
R72 06601 0035,9090,6130,15220,4940,28700,33640,61010FVO
R72 06601 0036,9090,34760,43850,4940,27470,32410,61010FVO
R72 06601 0037,9090,8560,17650,4940,30010,34950,61010FVO
R72 06601 0038,9090,16320,25410,4940,22000,26940,61010FVO
R72 06601 0039,9000,6750,15750,4920,8650,13570,61010FVO
R72 06601 0040,9000,5290,14290,4920,26120,31040,61010FVO
R72 06601 0042,6530,6200,12730,1850,0,1850,61010FVO
R72 06601 0049,9540,29630,39170,5180,22940,28120,61010FVO
R72 06601 0051,9540,36270,45810,5200,46480,51680,61010FVO
R72 06601 0052,9540,30340,39880,5180,34490,39670,61010FVO
R72 06601 0054,9540,28620,38160,5180,33560,38740,61010FVO
R72 06601 0055,9540,32290,41830,5180,22130,27310,61010FVO
R72 06601 0056,9540,19430,28970,5180,28150,33330,61010FVO
R72 06601 0057,4790,0,4790,2330,0,2330,61010FVO
R72 06601 0058,4320,0,4320,2100,0,2100,61010FVO
R72 06601 0059,9540,14530,24070,5180,12860,18040,61010FVO
R72 06601 0060,9180,15170,24350,4980,0,4980,61010FVO
R72 06601 0061,9540,5390,14930,5180,0,5180,61010FVO
R72 06601 0062,9540,0,9540,2330,0,2330,61010FVO
R72 06601 0063,9540,22060,31600,5180,34370,39550,61010FVO
R72 06601 0064,9540,3420,12960,5180,7500,12680,61010FVO
R72 06601 0065,9540,35500,45040,5180,37430,42610,61010FVO
R72 06601 0066,5950,0,5950,5180,27350,32530,61010FVO
R72 06601 0068,6460,0,6460,3130,0,3130,61010FVO
R72 06601 0069,6210,13050,19260,3660,9290,12950,61010FVO
R72 06601 0070,5730,24800,30530,34610,69220,103830,61010FVO
R72 06601 0071,7510,16220,23730,4150,24880,29030,61010FVO
R72 06602 0005,9990,28670,38660,5500,4890,10390,61010FVO
R72 06602 0007,9990,13380,23370,5500,34030,39530,61010FVO
R72 06602 0008,9990,1040,11030,5500,16470,21970,61010FVO
R72 06602 0009,9990,16300,26290,5500,26140,31640,61010FVO
R72 06602 0010,9990,7960,17950,5500,35900,41400,61010FVO
R72 06602 0014,19880,4970,24850,18000,3960,21960,C7001000
R72 06602 0016,11130,7110,18240,5960,10610,16570,61010FVO
R72 06602 0023,11920,28560,40480,6590,35780,42370,61010FVO
R72 06602 0024,9810,4700,14510,5340,10390,15730,61010FVO
R72 06602 0028,9810,8850,18660,5360,12550,17910,61010FVO
R72 06602 0029,9810,1370,11180,4840,0,4840,61010FVO
R72 06602 0030,5360,0,5360,4840,0,4840,61010FVO
R72 06602 0033,9180,15980,25160,5000,10280,15280,61010FVO
R72 06602 0035,4610,0,4610,2240,0,2240,61010FVO
R72 06602 0036,4610,0,4610,2240,0,2240,61010FVO
R72 06602 0037,9180,11500,20680,4980,13850,18830,61010FVO
R72 06602 0040,9090,7710,16800,4960,29600,34560,61010FVO
R72 06602 0041,9480,9360,18840,5170,27340,32510,61010FVO
R72 06602 0043,9090,45160,54250,4940,26750,31690,61010FVO
R72 06602 0044,9180,27580,36760,5000,23960,28960,61010FVO
R72 06602 0045,9180,21140,30320,5000,0,5000,61010FVO
R72 06602 0046,9180,27950,37130,5000,34740,39740,61010FVO
R72 06602 0047,9180,10910,20090,4980,16780,21760,61010FVO
R72 06602 0048,9180,17370,26550,4980,0,4980,61010FVO
R72 06602 0049,9180,13710,22890,4980,11210,16190,61010FVO
R72 06602 0050,9180,2910,12090,4980,15470,20450,61010FVO
R72 06602 0051,8750,32930,41680,4780,26360,31140,61010FVO
R72 06602 0052,4570,0,4570,2230,0,2230,61010FVO
R72 06602 0053,8620,35100,43720,4700,29870,34570,61010FVO
R72 06602 0054,13910,37350,51260,5120,30140,35260,61010FVO
R72 06602 0055,8440,36270,44710,4580,32470,37050,61010FVO
R72 06602 0061,900,0,900,230,0,230,61010FVO
R72 06602 0063,9610,22320,31930,5280,33620,38900,61010FVO
R72 06602 0078,9180,0,9180,2260,0,2260,61010FVO
R72 06603 0003,11160,41030,52190,5880,38900,44780,61010FVO
R72 06603 0004,10170,42430,52600,5620,42100,47720,61010FVO
R72 06603 0005,10170,42600,52770,5620,52040,57660,61010FVO
R72 06603 0006,10170,38830,49000,5620,38990,44610,61010FVO
R72 06603 0007,10170,57300,67470,5620,0,5620,61010FVO
R72 06603 0008,10170,38300,48470,5620,46020,51640,61010FVO
R72 06603 0009,10170,52750,62920,5620,38790,44410,61010FVO
R72 06603 0010,10170,40560,50730,5620,39410,45030,61010FVO
R72 06603 0011,10170,24340,34510,5620,11060,16680,61010FVO
R72 06603 0012,6240,10410,16650,5620,7850,13470,61010FVO
R72 06603 0013,10170,39830,50000,5620,32280,37900,61010FVO
R72 06603 0014,10170,25240,35410,5620,21630,27250,61010FVO
R72 06603 0015,10170,28760,38930,5620,19890,25510,61010FVO
R72 06603 0016,10170,29100,39270,5620,25850,31470,61010FVO
R72 06603 0017,10170,12750,22920,5620,24280,29900,61010FVO
R72 06603 0018,10170,23350,33520,5620,24690,30310,61010FVO
R72 06603 0019,10170,46530,56700,5620,43150,48770,61010FVO
R72 06603 0020,10170,35910,46080,5620,25750,31370,61010FVO
R72 06603 0021,10170,36600,46770,5620,26020,31640,61010FVO
R72 06603 0022,10170,33030,43200,5620,38180,43800,61010FVO
R72 06603 0023,9540,24090,33630,5220,25580,30800,61010FVO
R72 06603 0025,8460,5650,14110,4600,27780,32380,61010FVO
R72 06603 0026,9900,28320,38220,5440,28320,33760,61010FVO
R72 06603 0027,4970,0,4970,2450,0,2450,61010FVO
R72 06603 0028,4970,0,4970,2450,0,2450,61010FVO
R72 06603 0029,7920,0,7920,4350,0,4350,61010FVO
R72 06603 0030,9900,11180,21080,2720,0,2720,61010FVO
R72 06603 0031,9900,21620,31520,5440,44340,49780,61010FVO
R72 06603 0032,9900,33390,43290,5420,40530,45950,61010FVO
R72 06603 0033,9900,14500,24400,5420,19100,24520,61010FVO
R72 06603 0034,9900,39290,49190,5420,36070,41490,61010FVO
R72 06603 0041,190,0,190,190,0,190,61010FVO
R72 06604 0001,130,0,130,80,0,80,61010FVO
R72 06604 0002,13230,3590,16820,7640,42030,49670,61010FVO
R72 06604 0003,9810,10070,19880,5340,47980,53320,61010FVO
R72 06604 0004,9810,11830,21640,2400,0,2400,61010FVO
R72 06604 0005,9900,12720,22620,5440,30160,35600,61010FVO
R72 06604 0006,10710,11230,21940,6220,42990,49210,61010FVO
R72 06604 0007,10710,16420,27130,6200,33380,39580,61010FVO
R72 06604 0008,10710,11200,21910,5270,0,5270,61010FVO
R72 06604 0009,10710,26560,37270,5250,0,5250,61010FVO
R72 06604 0010,10710,21770,32480,6180,29250,35430,61010FVO
R72 06604 0012,10620,19940,30560,6140,22700,28840,61010FVO
R72 06604 0013,5330,0,5330,2760,0,2760,61010FVO
R72 06604 0016,10620,10470,21090,6120,43500,49620,61010FVO
R72 06604 0017,10620,7360,17980,6120,34280,40400,61010FVO
R72 06604 0018,10620,35800,46420,6120,24440,30560,61010FVO
R72 06604 0019,10620,16750,27370,6120,70440,76560,61010FVO
R72 06604 0020,10620,20530,31150,6120,26190,32310,61010FVO
R72 06604 0021,10620,29680,40300,6120,21260,27380,61010FVO
R72 06604 0022,10620,29410,40030,6120,25410,31530,61010FVO
R72 06604 0023,5330,0,5330,2750,0,2750,61010FVO
R72 06604 0024,9720,45130,54850,5320,42350,47670,61010FVO
R72 06607 0001,10170,32700,42870,5620,18910,24530,61010FVO
R72 06607 0002,10170,8240,18410,5620,16560,22180,61010FVO
R72 06607 0003,10170,39630,49800,5620,32750,38370,61010FVO
R72 06607 0004,10170,14710,24880,5620,32130,37750,61010FVO
R72 06607 0005,10170,29020,39190,5620,24950,30570,61010FVO
R72 06607 0006,10170,18030,28200,5620,41680,47300,61010FVO
R72 06607 0007,10170,29590,39760,5620,26030,31650,61010FVO
R72 06607 0008,10170,56760,66930,5620,34850,40470,61010FVO
R72 06607 0009,10170,7350,17520,5620,35810,41430,61010FVO
R72 06607 0010,10170,32530,42700,2810,3470,6280,61010FVO
R72 06607 0011,10170,15780,25950,5620,39370,44990,61010FVO
R72 06607 0012,10170,14130,24300,5620,28380,34000,61010FVO
R72 06607 0013,10170,24520,34690,5620,39100,44720,61010FVO
R72 06607 0014,10170,24060,34230,5620,15680,21300,61010FVO
R72 06607 0015,10680,10560,21240,5930,45260,51190,61010FVO
R72 06607 0016,9790,26290,36080,5390,18860,24250,61010FVO
R72 06607 0017,10170,10550,20720,5620,17650,23270,61010FVO
R72 06607 0018,10170,34040,44210,5620,30000,35620,61010FVO
R72 06607 0019,10170,38760,48930,5620,30230,35850,61010FVO
R72 06607 0020,10170,27730,37900,5060,0,5060,61010FVO
R72 06607 0021,10910,37380,48290,9030,35890,44920,61010FVO
R72 06607 0022,13820,25210,39030,7700,0,7700,61010FVO
R72 06607 0024,9900,21750,31650,5440,23250,28690,61010FVO
R72 06607 0025,9900,25510,35410,5440,23410,28850,61010FVO
R72 06607 0026,9900,31960,41860,5440,35530,40970,61010FVO
R72 06607 0027,9900,15980,25880,5440,19190,24630,61010FVO
R72 06607 0028,12390,18570,30960,6910,40670,47580,61010FVO
R72 06607 0031,2850,0,2850,1590,0,1590,61010FVO
R72 06607 0043,12530,69510,82040,6350,56080,62430,61010FVO
R72 06607 0044,3140,0,3140,1710,0,1710,61010FVO
R72 06607 0055,7000,29990,36990,3940,13840,17780,61010FVO
R72 06608 0001,4270,0,4270,2450,0,2450,61010FVO
R72 06608 0002,10620,10460,21080,6100,6030,12130,61010FVO
R72 06608 0003,10620,39400,50020,6100,10880,16980,61010FVO
R72 06608 0004,5330,0,5330,2740,0,2740,61010FVO
R72 06608 0005,10620,20340,30960,6080,18680,24760,61010FVO
R72 06608 0006,5330,0,5330,2730,0,2730,61010FVO
R72 06608 0007,8420,0,8420,4830,0,4830,61010FVO
R72 06608 0008,5290,0,5290,2720,0,2720,61010FVO
R72 06608 0009,10530,3630,14160,6020,47700,53720,61010FVO
R72 06608 0010,10530,17150,27680,6000,22260,28260,61010FVO
R72 06608 0011,6860,33300,40160,3800,7040,10840,61010FVO
R72 06608 0012,10620,20390,31010,6120,16950,23070,61010FVO
R72 06608 0013,10620,37890,48510,6120,20860,26980,61010FVO
R72 06608 0014,10620,30630,41250,6120,34110,40230,61010FVO
R72 06608 0016,10620,19010,29630,6120,52010,58130,61010FVO
R72 06608 0017,10620,29880,40500,6120,31110,37230,61010FVO
R72 06608 0018,10620,21930,32550,6120,18880,25000,61010FVO
R72 06608 0019,10620,5570,16190,6120,28460,34580,61010FVO
R72 06608 0020,8730,13330,22060,4740,36690,41430,61010FVO
R72 06608 0021,3900,0,3900,2140,0,2140,61010FVO
R72 06608 0022,7760,0,7760,4280,0,4280,61010FVO
R72 06608 0023,9700,11970,21670,5350,0,5350,61010FVO
R72 06608 0031,1890,3090,4980,4850,3450,8300,61010FVO
R72 06608 0032,8820,8390,17210,4340,0,4340,61010FVO
R72 06608 0038,10080,38710,48790,5580,22140,27720,61010FVO
R72 06608 0039,10080,14980,25060,5580,21380,26960,61010FVO
R72 06608 0040,10080,38360,48440,5580,22820,28400,61010FVO
R72 06608 0041,3800,0,3800,1880,0,1880,61010FVO
R72 06608 0042,8030,32270,40300,4390,20270,24660,61010FVO
R72 06608 0044,9720,9450,19170,5280,35270,40550,61010FVO
R72 06608 0045,9720,32490,42210,5280,44400,49680,61010FVO
R72 06608 0047,9720,3770,13490,5280,8460,13740,61010FVO
R72 06608 0048,3910,0,3910,2110,0,2110,61010FVO
R72 06608 0049,9960,13700,23660,5420,23270,28690,61010FVO
R72 06608 0050,9480,11870,21350,5140,17950,23090,61010FVO
R72 06608 0052,9720,21510,31230,5280,37190,42470,61010FVO
R72 06608 0053,3280,7370,10650,5080,22850,27930,61010FVO
R72 06608 0055,9360,14880,24240,5080,12510,17590,61010FVO
R72 06608 0056,9360,0,9360,2290,0,2290,61010FVO
R72 06608 0057,9360,10160,19520,5080,0,5080,61010FVO
R72 06608 0059,9360,21010,30370,5080,23850,28930,61010FVO
R72 06608 0060,9360,30440,39800,3810,4330,8140,61010FVO
R72 06608 0061,6080,8390,14470,3300,30430,33730,61010FVO
R72 06608 0064,7090,23890,30980,3970,31770,35740,61010FVO
R72 06608 0066,7090,27270,34360,3970,20680,24650,61010FVO
R72 06612 0023,15120,12380,27500,8530,19300,27830,61010FVO
R72 06612 0024,9990,24240,34230,5500,35760,41260,61010FVO
R72 06612 0029,5290,0,5290,2710,0,2710,61010FVO
R72 06612 0030,10620,29200,39820,6080,10490,16570,61010FVO
R72 06612 0031,10490,7890,18380,5160,0,5160,61010FVO
R72 06612 0033,10800,25150,35950,6320,12650,18970,61010FVO
R72 06612 0034,10240,12640,22880,5650,19580,25230,61010FVO
R72 06612 0036,9990,16270,26260,5500,36300,41800,61010FVO
R72 06612 0038,10160,11640,21800,5470,21650,27120,61010FVO
R72 06612 0039,7200,13690,20890,4040,24110,28150,61010FVO
R72 06612 0042,480,0,480,480,0,480,61010FVO
R72 06701 0001,10760,33200,43960,8680,30560,39240,51010RIV
R72 06701 0004,6300,0,6300,4970,0,4970,51010RIV
R72 06701 0005,9150,13040,22190,7350,9450,16800,51010RIV
R72 06701 0006,12760,51710,64470,10060,1120,11180,51010RIV
R72 06701 0007,12760,30670,43430,10170,15460,25630,51010RIV
R72 06701 0008,12660,22680,35340,10480,14250,24730,51010RIV
R72 06701 0009,7250,15480,22730,5920,11540,17460,51010RIV
R72 06701 0010,9460,13850,23310,7720,10850,18570,51010RIV
R72 06701 0011,9230,10330,19560,7480,8600,16080,51010RIV
R72 06701 0012,12450,39550,52000,10920,12680,23600,51010RIV
R72 06701 0013,12500,35720,48220,10860,25060,35920,51010RIV
R72 06701 0014,12430,41470,53900,10640,25280,35920,51010RIV
R72 06701 0015,12430,23680,36110,10520,6840,17360,51010RIV
R72 06701 0016,3210,0,3210,2600,0,2600,51010RIV
R72 06701 0021,8940,31400,40340,7170,31310,38480,51010RIV
R72 06701 0024,9340,18710,28050,7470,37040,44510,51010RIV
R72 06701 0025,4470,0,4470,3260,0,3260,51010RIV
R72 06701 0026,8760,32750,41510,7060,32320,39380,51010RIV
R72 06701 0027,8580,41530,50110,5560,0,5560,51010RIV
R72 06701 0030,8210,20290,28500,6620,10680,17300,51010RIV
R72 06701 0031,7940,23670,31610,6480,10440,16920,51010RIV
R72 06701 0032,7670,30690,38360,6310,5920,12230,51010RIV
R72 06701 0033,6940,23170,30110,5920,10540,16460,51010RIV
R72 06701 0034,7120,39880,47000,6040,10600,16640,51010RIV
R72 06701 0035,7220,0,7220,6070,0,6070,51010RIV
R72 06701 0036,6750,15740,22490,5830,7020,12850,51010RIV
R72 06701 0039,4900,0,4900,3540,0,3540,51010RIV
R72 06701 0046,10040,30370,40410,8070,15510,23580,51010RIV
R72 06701 0047,8420,31970,40390,6760,15390,22150,51010RIV
R72 06701 0048,8380,26600,34980,6680,0,6680,51010RIV
R72 06701 0049,2300,10120,12420,5920,18090,24010,51010RIV
R72 06701 0051,4870,0,4870,3550,0,3550,51010RIV
R72 06701 0052,100,0,100,1830,0,1830,51010RIV
R72 06701 0055,6930,18130,25060,5660,13510,19170,51010RIV
R72 06701 0056,7170,12500,19670,5840,10220,16060,51010RIV
R72 06701 0057,910,0,910,300,0,300,51010RIV
R72 06701 0058,8540,11950,20490,6670,10840,17510,51010RIV
R72 06702 0001,9100,33360,42460,7260,1780,9040,51010RIV
R72 06702 0002,9460,23230,32690,7540,25580,33120,51010RIV
R72 06702 0003,9460,32250,41710,7540,29190,36730,51010RIV
R72 06702 0004,9960,29440,39400,12900,25050,37950,51010RIV
R72 06702 0005,8760,27180,35940,7060,8140,15200,51010RIV
R72 06702 0006,9600,43950,53550,7710,31760,39470,51010RIV
R72 06702 0007,9600,50020,59620,7710,36980,44690,51010RIV
R72 06702 0008,9600,43260,52860,7710,30830,38540,51010RIV
R72 06702 0010,9460,31820,41280,7560,28220,35780,51010RIV
R72 06702 0011,9460,53090,62550,7560,19740,27300,51010RIV
R72 06702 0012,7380,43850,51230,6050,23120,29170,51010RIV
R72 06702 0013,3330,0,3330,2640,0,2640,51010RIV
R72 06702 0014,7510,0,7510,6280,0,6280,51010RIV
R72 06702 0015,4380,6890,11270,3550,15830,19380,51010RIV
R72 06702 0016,8880,29380,38260,7150,12100,19250,51010RIV
R72 06702 0017,3020,7020,10040,6970,7530,14500,51010RIV
R72 06702 0018,8760,29170,37930,7060,0,7060,51010RIV
R72 06702 0019,8760,13150,21910,5670,0,5670,51010RIV
R72 06702 0021,8040,16040,24080,6500,6860,13360,51010RIV
R72 06702 0022,9480,23690,33170,7620,28180,35800,51010RIV
R72 06702 0023,9000,28610,37610,7250,3340,10590,51010RIV
R72 06702 0024,9240,44150,53390,7430,6870,14300,51010RIV
R72 06702 0025,9240,57240,66480,7430,21880,29310,51010RIV
R72 06702 0026,9240,43050,52290,7430,13230,20660,51010RIV
R72 06702 0027,9240,28570,37810,7430,13460,20890,51010RIV
R72 06702 0028,9240,10020,19260,7430,3140,10570,51010RIV
R72 06702 0029,9240,45270,54510,7430,17260,24690,51010RIV
R72 06702 0030,9240,40230,49470,7430,15360,22790,51010RIV
R72 06702 0031,9240,25330,34570,5970,0,5970,51010RIV
R72 06702 0032,9360,6880,16240,7530,3530,11060,51010RIV
R72 06702 0033,8760,38910,47670,7060,25800,32860,51010RIV
R72 06702 0034,4380,0,4380,3200,0,3200,51010RIV
R72 06702 0035,8880,38540,47420,7150,23940,31090,51010RIV
R72 06702 0037,8490,21700,30190,6810,8480,15290,51010RIV
R72 06702 0038,8490,15480,23970,6810,9410,16220,51010RIV
R72 06702 0039,7510,23610,31120,6250,45050,51300,51010RIV
R72 06702 0040,3750,0,3750,2840,0,2840,51010RIV
R72 06702 0041,3750,0,3750,2840,0,2840,51010RIV
R72 06702 0042,8490,14820,23310,6810,8940,15750,51010RIV
R72 06702 0043,8490,31810,40300,6810,8420,15230,51010RIV
R72 06702 0044,8490,21770,30260,6810,7170,13980,51010RIV
R72 06702 0045,4060,0,4060,2970,0,2970,51010RIV
R72 06702 0050,8910,42230,51140,7130,14940,22070,51010RIV
R72 06703 0001,10310,40220,50530,8040,31450,39490,51010RIV
R72 06703 0002,9530,33440,42970,7610,21620,29230,51010RIV
R72 06703 0003,9710,33520,43230,7750,12250,20000,51010RIV
R72 06703 0004,9710,39920,49630,7750,25590,33340,51010RIV
R72 06703 0005,9710,30260,39970,7750,0,7750,51010RIV
R72 06703 0007,9710,37030,46740,7750,0,7750,51010RIV
R72 06703 0009,9710,31710,41420,7750,10620,18370,51010RIV
R72 06703 0010,9710,3940,13650,7750,5100,12850,51010RIV
R72 06703 0012,6950,33100,40050,5840,10430,16270,51010RIV
R72 06703 0014,8400,38090,46490,6650,13450,20100,51010RIV
R72 06703 0016,8400,38460,46860,7330,0,7330,51010RIV
R72 06703 0017,10110,45260,55370,8090,13540,21630,51010RIV
R72 06703 0019,10110,35090,45200,8090,29090,37180,51010RIV
R72 06703 0020,10240,18980,29220,8200,17610,25810,51010RIV
R72 06703 0021,10240,23600,33840,3710,0,3710,51010RIV
R72 06703 0022,10240,7810,18050,8200,1230,9430,51010RIV
R72 06703 0023,10240,51520,61760,8200,37070,45270,51010RIV
R72 06703 0024,9710,31740,41450,7750,18300,26050,51010RIV
R72 06703 0025,10430,34710,45140,8390,36600,44990,51010RIV
R72 06703 0026,2160,0,2160,3450,0,3450,51010RIV
R72 06703 0027,20620,73300,93920,19040,74780,93820,C8000000
R72 06703 0037,9950,25740,35690,7750,14480,22230,51010RIV
R72 06703 0038,7020,35040,42060,5970,10570,16540,51010RIV
R72 06703 0039,8290,17040,25330,6610,19890,26500,51010RIV
R72 06703 0040,8290,40950,49240,6610,23590,30200,51010RIV
R72 06703 0042,8420,45130,53550,6710,18880,25590,51010RIV
R72 06703 0043,8420,44500,52920,6710,16960,23670,51010RIV
R72 06703 0046,8930,43880,52810,7130,3780,10910,51010RIV
R72 06703 0048,8930,29540,38470,7870,0,7870,51010RIV
R72 06703 0049,9820,32460,42280,7870,1410,9280,51010RIV
R72 06703 0051,9820,28240,38060,7870,9840,17710,51010RIV
R72 06703 0052,9310,51540,60850,7450,13600,21050,51010RIV
R72 06703 0053,10460,44910,55370,8390,68340,76730,51010RIV
R72 06703 0055,9950,39400,49350,7970,21240,29210,51010RIV
R72 06703 0063,16160,44100,60260,12550,6670,19220,51010RIV
R72 06703 0065,6810,24710,31520,6010,0,6010,51010RIV
R72 06703 0067,6810,4980,11790,5450,13340,18790,51010RIV
R72 06703 0068,3850,0,3850,2820,0,2820,51010RIV
R72 06703 0069,3910,0,3910,3110,0,3110,51010RIV
R72 06703 0071,9110,32300,41410,7300,24450,31750,51010RIV
R72 06703 0072,4560,0,4560,3310,0,3310,51010RIV
R72 06703 0073,9110,63290,72400,7300,16760,24060,51010RIV
R72 06703 0074,9110,20880,29990,7300,890,8190,51010RIV
R72 06703 0075,8390,27090,35480,6820,17470,24290,51010RIV
R72 06703 0076,3180,0,3180,2500,0,2500,51010RIV
R72 06703 0077,8610,17640,26250,6970,13770,20740,51010RIV
R72 06703 0078,5970,18900,24870,5240,15510,20750,51010RIV
R72 06703 0079,6680,32310,38990,5710,17050,22760,51010RIV
R72 06703 0081,8390,8010,16400,6820,11240,18060,51010RIV
R72 06703 0082,8810,0,8810,7100,0,7100,51010RIV
R72 06703 0089,8810,22480,31290,7100,990,8090,51010RIV
R72 06703 0090,3180,0,3180,2500,0,2500,51010RIV
R72 06703 0097,7110,28200,35310,6000,2110,8110,51010RIV
R72 06704 0005,8400,26780,35180,6730,13970,20700,51010RIV
R72 06704 0006,8400,30050,38450,6730,4760,11490,51010RIV
R72 06704 0008,8400,33610,42010,6730,4820,11550,51010RIV
R72 06704 0009,8400,33050,41450,6730,11630,18360,51010RIV
R72 06704 0012,8870,29080,37950,7080,15530,22610,51010RIV
R72 06704 0013,8520,19770,28290,6850,10550,17400,51010RIV
R72 06704 0015,7920,34590,42510,6390,0,6390,51010RIV
R72 06704 0023,5300,26800,32100,4300,12500,16800,51010RIV
R72 06704 0025,9380,50480,59860,7510,4660,12170,51010RIV
R72 06704 0026,4690,0,4690,3400,0,3400,51010RIV
R72 06704 0027,9380,30620,40000,7510,9570,17080,51010RIV
R72 06704 0034,12580,61780,74360,10710,2590,13300,51010RIV
R72 06704 0038,12580,45980,58560,10750,51730,62480,51010RIV
R72 06704 0039,13370,0,13370,5450,0,5450,51010RIV
R72 06704 0041,10000,13980,23980,10000,3400,13400,51010RIV
R72 06704 0043,8520,31900,40420,6850,17660,24510,51010RIV
R72 06704 0044,8520,27640,36160,6850,4560,11410,51010RIV
R72 06704 0046,8520,31440,39960,6850,11680,18530,51010RIV
R72 06704 0049,11210,29600,40810,8580,3860,12440,51010RIV
R72 06704 0051,3510,0,3510,2710,0,2710,51010RIV
R72 06704 0056,8970,26890,35860,7180,13340,20520,51010RIV
R72 06705 0010,8660,4670,13330,3490,0,3490,51010RIV
R72 06705 0011,1590,0,1590,340,0,340,51010RIV
R72 06705 0012,6860,8890,15750,5660,5430,11090,51010RIV
R72 06705 0013,12570,37760,50330,10490,25780,36270,51010RIV
R72 06705 0014,5290,0,5290,3900,0,3900,51010RIV
R72 06705 0015,5290,0,5290,3900,0,3900,51010RIV
R72 06705 0016,10590,39490,50080,8630,37760,46390,51010RIV
R72 06705 0017,8480,2790,11270,6830,0,6830,51010RIV
R72 06705 0018,4290,0,4290,3520,0,3520,51010RIV
R72 06705 0019,10310,35100,45410,8360,22850,31210,51010RIV
R72 06705 0022,11440,40970,52410,9430,26220,35650,51010RIV
R72 06705 0024,5730,0,5730,4400,0,4400,51010RIV
R72 06705 0027,5430,0,5430,4120,0,4120,51010RIV
R72 06705 0028,10860,35040,45900,9110,16690,25800,51010RIV
R72 06705 0029,9220,13810,23030,7400,13910,21310,51010RIV
R72 06705 0030,4600,0,4600,3350,0,3350,51010RIV
R72 06705 0032,4600,0,4600,3350,0,3350,51010RIV
R72 06705 0033,1380,0,1380,5840,0,5840,51010RIV
R72 06705 0035,10200,17300,27500,15290,7560,22850,51010RIV
R72 06705 0037,3590,0,3590,2680,0,2680,51010RIV
R72 06705 0038,3300,0,3300,2580,0,2580,51010RIV
R72 06705 0055,7230,20180,27410,5960,15870,21830,51010RIV
R72 06705 0056,3420,0,3420,2570,0,2570,51010RIV
R72 06706 0001,11280,38440,49720,9030,33250,42280,51000FVO
R72 06706 0002,11280,42730,54010,9130,26930,36060,51000FVO
R72 06706 0003,9140,38740,47880,7270,30200,37470,51000FVO
R72 06706 0004,9780,39480,49260,7760,31400,39160,51000FVO
R72 06706 0009,11260,29640,40900,9230,27180,36410,51000FVO
R72 06706 0010,11480,38540,50020,9350,31870,41220,51000FVO
R72 06706 0011,12290,36600,48890,9980,40970,50950,51000FVO
R72 06706 0013,12290,38780,51070,9940,40150,50090,51000FVO
R72 06706 0040,10090,37260,47350,8070,32130,40200,51000FVO
R72 06708 0010,10870,50380,61250,8780,39540,48320,51000FVO
R72 06708 0012,10600,38100,48700,8550,2930,11480,51000FVO
R72 06708 0013,10600,71720,82320,8550,48410,56960,51000FVO
R72 06709 0005,10590,37780,48370,8630,0,8630,51010RIV
R72 06709 0006,9940,43940,53880,7950,17470,25420,51010RIV
R72 06709 0019,6590,0,6590,5120,0,5120,51010RIV
R72 06709 0021,13160,43660,56820,11330,34660,45990,51010RIV
R72 06709 0030,10470,21930,32400,8140,22380,30520,51010RIV
R72 06709 0032,12870,18250,31120,11040,30360,41400,51010RIV
R72 06711 0001,8760,29270,38030,7030,18540,25570,51010RIV
R72 06711 0002,7140,27080,34220,6050,15330,21380,51010RIV
R72 06711 0003,8760,11270,20030,7030,6950,13980,51010RIV
R72 06711 0004,6910,0,6910,5550,0,5550,51010RIV
R72 06711 0005,5670,19580,25250,4510,13010,17520,51010RIV
R72 06711 0006,6390,27190,33580,5650,11710,17360,51010RIV
R72 06711 0007,4920,0,4920,3560,0,3560,51010RIV
R72 06711 0008,9360,31940,41300,7500,22280,29780,51010RIV
R72 06711 0009,9360,27240,36600,7500,26030,33530,51010RIV
R72 06711 0010,7480,42070,49550,6240,22480,28720,51010RIV
R72 06711 0011,7230,31700,38930,6100,13380,19480,51010RIV
R72 06711 0012,7140,26350,33490,6050,6320,12370,51010RIV
R72 06711 0014,7140,28500,35640,6050,1000,7050,51010RIV
R72 06711 0016,12050,78650,90700,10390,3330,13720,51010RIV
R72 06711 0017,12050,53930,65980,10390,2570,12960,51010RIV
R72 06711 0018,11900,20250,32150,10230,6230,16460,51010RIV
R72 06711 0020,14880,36900,51780,12020,15560,27580,51010RIV
R72 06711 0022,5580,0,5580,4280,0,4280,51010RIV
R72 06711 0023,7060,20650,27710,3030,0,3030,51010RIV
R72 06711 0024,12230,45740,57970,9850,20060,29910,51010RIV
R72 06711 0025,8550,0,8550,6740,0,6740,51010RIV
R72 06711 0027,10780,27180,37960,8740,34660,43400,51010RIV
R72 06711 0029,10400,46480,56880,8300,0,8300,51010RIV
R72 06711 0030,10400,54470,64870,8300,12440,20740,51010RIV
R72 06711 0031,10400,58380,68780,8300,52860,61160,51010RIV
R72 06711 0032,9820,40300,50120,7840,23970,31810,51010RIV
R72 06711 0033,9820,44320,54140,7840,27600,35440,51010RIV
R72 06711 0034,9820,47760,57580,7840,27000,34840,51010RIV
R72 06712 0001,3610,0,3610,2990,0,2990,51000FVO
R72 06712 0004,1980,8390,10370,10410,10990,21400,51000FVO
R72 06712 0005,11100,65640,76740,18130,62250,80380,51000FVO
R72 06801 0003,4050,0,4050,3010,0,3010,51010FVO
R72 06801 0004,7700,19620,27320,6400,12620,19020,51010FVO
R72 06801 0005,8900,39900,48800,3240,0,3240,51010FVO
R72 06801 0006,4870,0,4870,3540,0,3540,51010FVO
R72 06801 0007,9750,39700,49450,7810,28510,36320,51010FVO
R72 06801 0008,10000,29630,39630,3640,0,3640,51010FVO
R72 06801 0009,5790,0,5790,4320,0,4320,51010FVO
R72 06801 0020,10130,16410,26540,8100,23130,31230,51010FVO
R72 06801 0025,5100,0,5100,3700,0,3700,51010FVO
R72 06801 0026,5100,0,5100,3700,0,3700,51010FVO
R72 06801 0027,10200,30370,40570,8180,7600,15780,51010FVO
R72 06801 0029,10200,35990,46190,8180,27250,35430,51010FVO
R72 06801 0030,10200,44020,54220,8180,27920,36100,51010FVO
R72 06801 0031,7280,18910,26190,6070,32230,38300,51010FVO
R72 06801 0039,4870,0,4870,3550,0,3550,51010FVO
R72 06801 0040,12740,15570,28310,10320,2110,12430,51010FVO
R72 06801 0041,11140,38510,49650,8940,30500,39440,51010FVO
R72 06801 0042,10150,21500,31650,8150,51910,60060,51010FVO
R72 06801 0043,10270,20910,31180,8250,32050,40300,51010FVO
R72 06801 0044,10640,36390,47030,8540,10220,18760,51010FVO
R72 06801 0045,10410,50460,60870,8330,52600,60930,51010FVO
R72 06801 0046,9800,54410,64210,7850,13030,20880,51010FVO
R72 06801 0047,9800,21520,31320,7850,6540,14390,51010FVO
R72 06801 0048,9800,29910,39710,7850,29820,37670,51010FVO
R72 06801 0050,9800,52120,61920,3550,0,3550,51010FVO
R72 06801 0051,9800,43650,53450,7850,33770,41620,51010FVO
R72 06801 0053,9800,22110,31910,7850,28170,36020,51010FVO
R72 06801 0055,9800,2460,12260,3550,0,3550,51010FVO
R72 06801 0056,9800,55100,64900,3950,0,3950,51010FVO
R72 06802 0008,14140,29590,43730,13050,42310,55360,C8000000
R72 06802 0009,10960,57310,68270,8900,27770,36670,51000SAN
R72 06802 0012,9110,24830,33940,7260,28520,35780,51000SAN
R72 06802 0014,12710,30900,43610,10540,44280,54820,51000FVO
R72 06802 0026,4730,0,4730,3360,0,3360,51000FVO
R72 06803 0001,11160,13450,24610,9060,14190,23250,51000FVO
R72 06803 0002,11160,42810,53970,9090,35720,44810,51000FVO
R72 06803 0003,11900,48580,60480,9770,33830,43600,51000FVO
R72 06803 0004,11580,45300,56880,9390,5460,14850,51000FVO
R72 06803 0005,9280,42820,52100,7390,26390,33780,51000FVO
R72 06803 0006,8700,33830,42530,7010,12770,19780,51000SAN
R72 06803 0007,10800,42280,53080,8690,35450,44140,51000SAN
R72 06803 0008,10800,26200,37000,8690,20380,29070,51000SAN
R72 06803 0009,10800,38960,49760,8690,22840,31530,51000SAN
R72 06803 0010,10800,52330,63130,8690,20040,28730,51000SAN
R72 06803 0011,10800,15260,26060,8690,660,9350,51000SAN
R72 06803 0012,10800,38700,49500,8690,4600,13290,51000SAN
R72 06803 0013,10800,39060,49860,8690,3520,12210,51000SAN
R72 06803 0014,10800,47000,57800,8690,20680,29370,51000SAN
R72 06803 0015,10800,47040,57840,8690,17750,26440,51000SAN
R72 06803 0016,10800,45070,55870,8690,21860,30550,51000SAN
R72 06803 0017,5400,0,5400,3930,0,3930,51000SAN
R72 06803 0018,5400,0,5400,3930,0,3930,51000SAN
R72 06803 0021,10800,40640,51440,8690,23090,31780,51000SAN
R72 06803 0023,5400,0,5400,3930,0,3930,51000SAN
R72 06803 0024,10600,35160,45760,8520,33140,41660,51000FVO
R72 06803 0025,10600,34090,44690,8520,34210,42730,51000FVO
R72 06803 0027,5370,0,5370,3890,0,3890,51000FVO
R72 06803 0028,12130,45920,58050,9910,4940,14850,51000FVO
R72 06803 0029,6270,0,6270,4720,0,4720,51000FVO
R72 06804 0001,11100,50320,61420,9020,43140,52160,51000FVO
R72 06804 0006,5500,0,5500,4040,0,4040,51000FVO
R72 06804 0014,11400,48900,60300,9330,42130,51460,51000FVO
R72 06804 0015,11300,53180,64480,9290,3550,12840,51000FVO
R72 06804 0018,11300,43350,54650,9190,35210,44400,51000FVO
R72 06804 0019,5650,0,5650,4160,0,4160,51000FVO
R72 06804 0020,11300,35230,46530,9190,39730,48920,51000FVO
R72 06804 0023,11300,29900,41200,9190,5010,14200,51000FVO
R72 06804 0026,11300,54740,66040,9190,38620,47810,51000FVO
R72 06804 0027,11300,31860,43160,9190,9530,18720,51000FVO
R72 06804 0028,11300,28940,40240,9190,36440,45630,51000FVO
R72 06804 0029,5650,0,5650,4160,0,4160,51000FVO
R72 06804 0030,11300,6280,17580,9190,39100,48290,51000FVO
R72 06804 0032,14130,56090,70220,11800,39380,51180,51000FVO
R72 06804 0034,11300,34460,45760,9190,52530,61720,51000FVO
R72 06804 0035,11300,55100,66400,4160,0,4160,51000FVO
R72 06804 0036,11300,48040,59340,9190,34370,43560,51000FVO
R72 06804 0037,13280,36510,49790,11010,32900,43910,51000FVO
R72 06804 0044,3350,0,3350,2310,0,2310,51000FVO
R72 06805 0001,10730,43230,53960,8600,26430,35030,51000FVO
R72 06805 0002,10630,44040,54670,8560,14510,23070,51000FVO
R72 06805 0003,10320,39430,49750,8120,27390,35510,51000FVO
R72 06805 0004,10870,37020,47890,8750,23630,32380,51000FVO
R72 06805 0005,10870,47840,58710,8750,32650,41400,51000FVO
R72 06805 0006,10870,45480,56350,8750,42260,51010,51000FVO
R72 06805 0007,11130,44940,56070,8970,34270,43240,51000FVO
R72 06805 0008,11130,38940,50070,9010,34740,43750,51000FVO
R72 06805 0009,11130,49730,60860,9010,25230,34240,51000FVO
R72 06805 0010,11130,47680,58810,9010,37330,46340,51000FVO
R72 06805 0011,11130,36300,47430,9010,17080,26090,51000FVO
R72 06805 0012,11130,29470,40600,9010,24640,33650,51000FVO
R72 06805 0013,10870,45700,56570,8780,39100,47880,51000FVO
R72 06805 0014,10870,44510,55380,8780,39300,48080,51000FVO
R72 06805 0015,10970,39880,50850,8820,23420,32240,51000FVO
R72 06805 0016,7230,43480,50710,6100,27670,33770,51000FVO
R72 06806 0001,8280,43040,51320,6690,2680,9370,51000SAN
R72 06806 0004,11020,45550,56570,8960,38180,47140,51000SAN
R72 06806 0005,11300,50650,61950,9230,19430,28660,51000SAN
R72 06806 0006,11300,52400,63700,9230,16540,25770,51000SAN
R72 06806 0007,11300,43050,54350,9230,35050,44280,51000SAN
R72 06806 0008,11300,49730,61030,9230,4710,13940,51000SAN
R72 06806 0009,11300,34180,45480,9140,0,9140,51000SAN
R72 06806 0010,11300,46170,57470,9230,9030,18260,51000SAN
R72 06806 0011,11100,25350,36450,9020,35360,44380,51000SAN
R72 06806 0012,10900,44880,55780,8760,30610,39370,51000SAN
R72 06806 0015,11100,48830,59930,9020,21410,30430,51000SAN
R72 06806 0016,4150,0,4150,2950,0,2950,51000SAN
R72 06806 0017,11100,40390,51490,9020,5270,14290,51000SAN
R72 06806 0018,11100,31820,42920,9020,37180,46200,51000SAN
R72 06806 0019,11100,55610,66710,9020,14550,23570,51000SAN
R72 06806 0020,11100,43980,55080,9020,15850,24870,51000SAN
R72 06806 0021,11100,47670,58770,9020,15990,25010,51000SAN
R72 06806 0022,11100,47360,58460,9020,11520,20540,51000SAN
R72 06806 0023,11100,33050,44150,9020,50090,59110,51000SAN
R72 06806 0024,11100,38080,49180,9020,18060,27080,51000SAN
R72 06806 0026,10700,25460,36160,8590,12580,21170,51000SAN
R72 06806 0027,11800,45480,57280,10070,22800,32870,51000SAN
R72 06806 0028,12300,7870,20170,9870,910,10780,51000SAN
R72 06806 0029,13020,42230,55250,10110,15860,25970,51000SAN
R72 06806 0031,13530,31160,44690,10770,4260,15030,51000SAN
R72 06806 0032,13420,12070,25490,10920,9970,20890,51000SAN
R72 06806 0034,10600,50400,61000,8490,31410,39900,51000SAN
R72 06806 0035,10300,38430,48730,8250,4060,12310,51000SAN
R72 06806 0037,10200,41390,51590,8180,20770,28950,51000SAN
R72 06806 0038,10200,35750,45950,8180,18170,26350,51000SAN
R72 06806 0039,10200,18990,29190,8180,21390,29570,51000SAN
R72 06806 0041,11790,9910,21700,9650,19450,29100,51000SAN
R72 06806 0044,4150,0,4150,2950,0,2950,51000SAN
R72 06806 0046,12000,43630,55630,12000,2860,14860,51000SAN
R72 06806 0050,3220,0,3220,2240,0,2240,51000FVO
R72 06807 0001,15930,63090,79020,12600,41910,54510,51000FVO
R72 06807 0005,10660,34440,45100,8480,32800,41280,51000FVO
R72 06807 0007,10660,54660,65320,8480,39080,47560,51000FVO
R72 06807 0008,10290,49990,60280,8200,37790,45990,51000FVO
R72 06807 0009,9700,21600,31300,7780,9050,16830,51000FVO
R72 06807 0010,9700,24770,34470,7750,25920,33670,51000FVO
R72 06807 0011,9700,51160,60860,7750,41620,49370,51000FVO
R72 06807 0012,9700,26290,35990,7750,26930,34680,51000FVO
R72 06807 0013,9600,41260,50860,7710,32240,39950,51000FVO
R72 06807 0014,9600,49060,58660,7710,25310,33020,51000FVO
R72 06807 0015,7560,31590,39150,6130,20800,26930,51000FVO
R72 06807 0016,7560,31680,39240,6130,20870,27000,51000FVO
R72 06807 0073,10660,43980,54640,8480,24210,32690,51000FVO
R72 06808 0001,12540,54860,67400,10480,44660,55140,51000FVO
R72 06808 0002,10970,43760,54730,8990,34430,43420,51000FVO
R72 06808 0003,5840,0,5840,4370,0,4370,51000FVO
R72 06808 0004,10970,40130,51100,8910,0,8910,51000FVO
R72 06808 0005,10970,39260,50230,8990,33630,42620,51000FVO
R72 06808 0006,11690,54340,66030,9660,34830,44490,51000FVO
R72 06808 0007,10970,43110,54080,8990,34630,43620,51000FVO
R72 06808 0008,10970,34290,45260,8990,32960,41950,51000FVO
R72 06808 0009,10970,43780,54750,8990,34170,43160,51000FVO
R72 06808 0010,11690,45720,57410,9660,18910,28570,51000FVO
R72 06808 0011,10970,54200,65170,8990,33330,42320,51000FVO
R72 06808 0012,10970,38100,49070,8990,4700,13690,51000FVO
R72 06808 0013,11120,45440,56560,9120,33130,42250,51000FVO
R72 06808 0015,11580,5900,17480,9560,6230,15790,51000FVO
R72 06808 0016,11990,22540,34530,9750,23860,33610,51000FVO
R72 06808 0017,10350,47100,57450,8320,34590,42910,51000FVO
R72 06808 0018,10790,34170,44960,8440,30740,39180,51000FVO
R72 06808 0020,10430,47510,57940,8200,38400,46600,51000FVO
R72 06808 0040,5230,0,5230,3730,0,3730,51000FVO
R72 06808 0081,10460,33000,43460,8250,34600,42850,51000FVO
R72 06809 0001,10570,44380,54950,8470,12140,20610,51000FVO
R72 06809 0002,11160,25590,36750,9130,44610,53740,51000FVO
R72 06809 0003,10570,21250,31820,8470,31560,40030,51000FVO
R72 06809 0006,10730,55550,66280,8670,42000,50670,51000FVO
R72 06809 0007,8080,55030,63110,6370,39540,45910,51000FVO
R72 06809 0008,10730,42210,52940,8630,28100,36730,51000FVO
R72 06809 0009,10730,58610,69340,8630,30110,38740,51000FVO
R72 06809 0010,10730,45810,56540,8630,32790,41420,51000FVO
R72 06809 0011,10730,43130,53860,8600,34870,43470,51000FVO
R72 06809 0012,10730,46100,56830,8600,36820,45420,51000FVO
R72 06809 0013,10730,38380,49110,8600,3590,12190,51000FVO
R72 06809 0014,10070,42810,52880,8080,11080,19160,51000FVO
R72 06809 0015,10070,45210,55280,8080,18610,26690,51000FVO
R72 06809 0016,10070,45400,55470,8080,32880,40960,51000FVO
R72 06809 0017,10070,27350,37420,8080,990,9070,51000FVO
R72 06809 0018,10200,41970,52170,8180,4610,12790,51000FVO
R72 06809 0019,10200,38350,48550,8180,36850,45030,51000FVO
R72 06809 0020,10200,47830,58030,8180,39820,48000,51000FVO
R72 06809 0021,10200,38520,48720,8180,12290,20470,51000FVO
R72 06809 0022,10200,43150,53350,8180,39730,47910,51000FVO
R72 06809 0023,10200,29950,40150,8180,27940,36120,51000FVO
R72 06809 0024,10200,43970,54170,8180,28950,37130,51000FVO
R72 06809 0025,10200,51070,61270,8180,34400,42580,51000FVO
R72 06809 0026,10200,46930,57130,8180,44930,53110,51000FVO
R72 06809 0027,10070,40060,50130,8080,21520,29600,51000FVO
R72 06809 0028,10070,20790,30860,8080,25150,33230,51000FVO
R72 06809 0029,10070,42660,52730,8080,26330,34410,51000FVO
R72 06809 0030,10070,37740,47810,8080,560,8640,51000FVO
R72 06809 0031,10200,32270,42470,8180,39380,47560,51000FVO
R72 06809 0032,10200,41950,52150,8180,24300,32480,51000FVO
R72 06809 0033,10200,43130,53330,8180,37250,45430,51000FVO
R72 06809 0034,10200,60430,70630,8180,17910,26090,51000FVO
R72 06809 0035,10200,46840,57040,8180,15830,24010,51000FVO
R72 06809 0036,10200,46540,56740,8180,28730,36910,51000FVO
R72 06809 0037,10200,48650,58850,8180,1670,9850,51000FVO
R72 06809 0038,10200,29780,39980,8180,22710,30890,51000FVO
R72 06809 0039,10200,44130,54330,8180,32810,40990,51000FVO
R72 06809 0040,10070,43570,53640,8080,29310,37390,51000FVO
R72 06809 0041,10070,59310,69380,8080,39620,47700,51000FVO
R72 06809 0042,10070,34990,45060,8080,37030,45110,51000FVO
R72 06809 0043,5040,0,5040,3660,0,3660,51000FVO
R72 06809 0044,11380,34040,45420,8760,14540,23300,51000FVO
R72 06809 0046,10200,49990,60190,8180,39880,48060,51000FVO
R72 06809 0047,10200,42180,52380,8180,27950,36130,51000FVO
R72 06809 0048,10200,42680,52880,8180,28640,36820,51000FVO
R72 06809 0049,10200,44290,54490,8180,27480,35660,51000FVO
R72 06809 0050,10200,43790,53990,8180,31170,39350,51000FVO
R72 06809 0051,10200,48610,58810,8180,31990,40170,51000FVO
R72 06809 0052,10200,50780,60980,8180,31700,39880,51000FVO
R72 06809 0053,10070,32360,42430,8080,26200,34280,51000FVO
R72 06809 0054,10070,45620,55690,8080,31660,39740,51000FVO
R72 06809 0055,10070,40840,50910,8080,26930,35010,51000FVO
R72 06809 0056,3080,10920,14000,8080,24720,32800,51000FVO
R72 06809 0057,10200,43070,53270,8180,30140,38320,51000FVO
R72 06809 0058,10200,44760,54960,8180,24020,32200,51000FVO
R72 06809 0059,10200,44890,55090,8180,32470,40650,51000FVO
R72 06809 0060,10200,49340,59540,8180,25010,33190,51000FVO
R72 06809 0061,10200,45440,55640,8180,26460,34640,51000FVO
R72 06809 0062,10200,40900,51100,8180,33320,41500,51000FVO
R72 06809 0063,10200,35650,45850,8180,1670,9850,51000FVO
R72 06809 0064,10200,17580,27780,8180,19090,27270,51000FVO
R72 06809 0065,10200,39830,50030,8180,14150,22330,51000FVO
R72 06809 0066,9740,21940,31680,7680,38460,46140,51000FVO
R72 06809 0069,8080,0,8080,6370,0,6370,51000FVO
R72 06810 0001,10670,53670,64340,8600,30060,38660,51000FVO
R72 06810 0002,10670,42930,53600,8600,39080,47680,51000FVO
R72 06810 0003,10670,47360,58030,8600,39410,48010,51000FVO
R72 06810 0004,10670,42940,53610,8570,33420,41990,51000FVO
R72 06810 0005,10670,33170,43840,8570,37670,46240,51000FVO
R72 06810 0006,5330,0,5330,3880,0,3880,51000FVO
R72 06810 0007,10670,43330,54000,8570,30440,39010,51000FVO
R72 06810 0008,10670,43660,54330,8540,23900,32440,51000FVO
R72 06810 0009,10670,35600,46270,8540,36540,45080,51000FVO
R72 06810 0010,10670,38280,48950,8540,25840,34380,51000FVO
R72 06810 0011,10670,35150,45820,8540,29060,37600,51000FVO
R72 06810 0012,10570,46570,57140,8500,33200,41700,51000FVO
R72 06810 0013,10570,45960,56530,8500,40240,48740,51000FVO
R72 06810 0014,10570,45540,56110,8500,35520,44020,51000FVO
R72 06810 0015,10570,48710,59280,8500,32390,40890,51000FVO
R72 06810 0016,10070,33510,43580,8080,39840,47920,51000FVO
R72 06810 0017,10070,53230,63300,8080,40040,48120,51000FVO
R72 06810 0018,10070,37330,47400,3660,0,3660,51000FVO
R72 06810 0019,10070,35790,45860,8080,22140,30220,51000FVO
R72 06810 0020,10070,23110,33180,8110,39720,47830,51000FVO
R72 06810 0021,10070,47840,57910,8080,31200,39280,51000FVO
R72 06810 0022,10070,22560,32630,8080,5060,13140,51000FVO
R72 06810 0023,10070,47510,57580,8080,6490,14570,51000FVO
R72 06810 0024,10070,49400,59470,8080,16760,24840,51000FVO
R72 06810 0025,10070,26910,36980,8080,17840,25920,51000FVO
R72 06810 0026,10070,47620,57690,8080,5670,13750,51000FVO
R72 06810 0027,10070,45100,55170,8080,5650,13730,51000FVO
R72 06810 0028,10070,42940,53010,8080,4420,12500,51000FVO
R72 06810 0029,10070,44050,54120,8080,36000,44080,51000FVO
R72 06810 0030,10070,20930,31000,3400,6600,10000,51000FVO
R72 06810 0031,10070,7560,17630,8080,1020,9100,51000FVO
R72 06810 0032,10070,48960,59030,8080,25540,33620,51000FVO
R72 06810 0033,10070,47980,58050,8080,4200,12280,51000FVO
R72 06810 0034,10070,40940,51010,8080,36670,44750,51000FVO
R72 06810 0035,10070,42050,52120,8080,43930,52010,51000FVO
R72 06810 0036,10070,16540,26610,890,36320,37210,51000FVO
R72 06810 0037,10070,34730,44800,8080,35710,43790,51000FVO
R72 06810 0038,10070,33700,43770,8080,2030,10110,51000FVO
R72 06810 0039,10070,48000,58070,8080,7980,16060,51000FVO
R72 06810 0040,10070,36140,46210,8080,20240,28320,51000FVO
R72 06810 0041,10070,45180,55250,8080,22760,30840,51000FVO
R72 06810 0042,10070,34970,45040,8080,37290,45370,51000FVO
R72 06810 0043,10070,26640,36710,8080,20880,28960,51000FVO
R72 06810 0044,10070,45220,55290,8080,33510,41590,51000FVO
R72 06810 0045,10070,46860,56930,8080,13980,22060,51000FVO
R72 06810 0046,10070,57430,67500,8080,31490,39570,51000FVO
R72 06810 0047,10070,51610,61680,8080,34160,42240,51000FVO
R72 06810 0048,10070,51800,61870,8080,37900,45980,51000FVO
R72 06810 0049,10070,54720,64790,8080,16430,24510,51000FVO
R72 06810 0050,10070,53790,63860,8080,36120,44200,51000FVO
R72 06810 0051,10070,53300,63370,8080,29160,37240,51000FVO
R72 06810 0052,10070,49090,59160,8080,30190,38270,51000FVO
R72 06810 0053,10070,49010,59080,8080,29420,37500,51000FVO
R72 06810 0054,10070,48190,58260,8080,28320,36400,51000FVO
R72 06810 0055,10070,56730,66800,8080,37320,45400,51000FVO
R72 06810 0056,10070,49770,59840,8080,33340,41420,51000FVO
R72 06810 0057,5040,0,5040,3660,0,3660,51000FVO
R72 06810 0058,10070,33110,43180,8080,36710,44790,51000FVO
R72 06810 0059,10070,42310,52380,8080,29610,37690,51000FVO
R72 06810 0060,10070,44420,54490,8080,29080,37160,51000FVO
R72 06810 0061,10070,47630,57700,8080,38230,46310,51000FVO
R72 06810 0062,10070,39320,49390,8080,28090,36170,51000FVO
R72 06810 0063,10070,48890,58960,8080,22190,30270,51000FVO
R72 06810 0064,10070,46860,56930,8080,32080,40160,51000FVO
R72 06810 0065,10070,47090,57160,8080,40050,48130,51000FVO
R72 06810 0066,5040,0,5040,3660,0,3660,51000FVO
R72 06810 0067,10070,19350,29420,8080,37990,46070,51000FVO
R72 06810 0068,10070,47280,57350,8080,32440,40520,51000FVO
R72 06810 0069,10070,44810,54880,8080,29070,37150,51000FVO
R72 06810 0070,10070,49720,59790,8080,29460,37540,51000FVO
R72 06810 0071,10070,50720,60790,8080,45500,53580,51000FVO
R72 06810 0072,10070,35620,45690,8080,41210,49290,51000FVO
R72 06810 0073,10070,59780,69850,8080,37590,45670,51000FVO
R72 06810 0074,10070,50020,60090,8080,34760,42840,51000FVO
R72 06810 0075,10070,63420,73490,8080,32720,40800,51000FVO
R72 06901 0007,14710,53500,68210,15010,73960,88970,HISTXKEN
R72 06901 0015,10730,86330,97060,8680,50530,59210,51000FVO
R72 06901 0016,4870,0,4870,3530,0,3530,51000FVO
R72 06901 0017,9750,52860,62610,7810,53210,61020,51000FVO
R72 06901 0021,12490,31280,43770,10280,16960,27240,51000FVO
R72 06901 0022,11240,28860,40100,9150,31550,40700,51000FVO
R72 06901 0028,14070,36630,50700,11600,52430,64030,51000FVO
R72 06901 0036,!,!,!
R72 06902 0019,11700,66040,77740,9440,19470,28910,51000FVO
R72 06902 0021,11700,47100,58800,9440,46480,55920,51000FVO
R72 06902 0022,11700,66830,78530,9440,33790,43230,51000FVO
R72 06902 0024,10400,61810,72210,8350,26470,34820,51000FVO
R72 06902 0025,10400,63290,73690,8350,32290,40640,51000FVO
R72 06902 0026,12350,65620,77970,9990,32980,42970,51000FVO
R72 06902 0028,3890,0,3890,2800,0,2800,51000FVO
R72 06902 0030,11700,31540,43240,9440,54580,64020,51000FVO
R72 06903 0001,12440,49870,62310,10130,33070,43200,51000FVO
R72 06903 0003,12440,43740,56180,10130,27320,37450,51000FVO
R72 06903 0005,12310,23320,35630,10010,25250,35260,51000FVO
R72 06903 0007,12440,53280,65720,10130,47150,57280,51000FVO
R72 06903 0009,13240,58280,71520,10820,45620,56440,51000FVO
R72 06903 0010,11540,42620,54160,13520,27970,41490,51000FVO
R72 06903 0012,10660,47480,58140,8570,28100,36670,51000FVO
R72 06903 0013,10660,46740,57400,8570,25820,34390,51000FVO
R72 06903 0014,10660,50370,61030,8570,10990,19560,51000FVO
R72 06903 0015,10660,48600,59260,8570,33300,41870,51000FVO
R72 06903 0016,10660,39760,50420,8570,5260,13830,51000FVO
R72 06903 0017,10660,45530,56190,8570,5830,14400,51000FVO
R72 06903 0018,10660,36300,46960,8570,6110,14680,51000FVO
R72 06903 0019,10660,45120,55780,8570,9420,17990,51000FVO
R72 06903 0020,10660,39930,50590,8570,21210,29780,51000FVO
R72 06903 0021,10660,39050,49710,8570,26540,35110,51000FVO
R72 06903 0022,10660,48920,59580,8570,31080,39650,51000FVO
R72 06903 0023,10660,35450,46110,8570,28840,37410,51000FVO
R72 06903 0024,10660,43920,54580,8570,10830,19400,51000FVO
R72 06903 0025,10920,54380,65300,8790,32160,40950,51000FVO
R72 06903 0026,11700,49380,61080,9440,43400,52840,51000FVO
R72 06903 0027,11700,43590,55290,9440,20920,30360,51000FVO
R72 06903 0029,11700,67420,79120,9440,39050,48490,51000FVO
R72 06903 0031,10400,36230,46630,8350,31990,40340,51000FVO
R72 06903 0032,10400,55750,66150,8350,31220,39570,51000FVO
R72 06903 0033,10400,41790,52190,8350,28940,37290,51000FVO
R72 06903 0034,10400,39390,49790,8350,23920,32270,51000FVO
R72 06903 0035,10400,38290,48690,8350,10590,18940,51000FVO
R72 06903 0036,10400,47170,57570,8350,43490,51840,51000FVO
R72 06903 0037,10400,45050,55450,8350,25760,34110,51000FVO
R72 06903 0038,10400,26690,37090,8350,33900,42250,51000FVO
R72 06903 0039,10400,42000,52400,8350,22150,30500,51000FVO
R72 06903 0040,10400,34700,45100,8350,28640,36990,51000FVO
R72 06903 0041,10400,44030,54430,8350,34970,43320,51000FVO
R72 06903 0042,10400,49000,59400,8350,34220,42570,51000FVO
R72 06903 0043,9880,45890,55770,7920,6200,14120,51000FVO
R72 06903 0044,10530,46850,57380,8460,36500,44960,51000FVO
R72 06903 0045,10530,43050,53580,8460,27930,36390,51000FVO
R72 06903 0046,10530,51370,61900,8460,32590,41050,51000FVO
R72 06903 0047,10530,45830,56360,8460,6530,14990,51000FVO
R72 06903 0048,10530,48080,58610,8460,32230,40690,51000FVO
R72 06903 0049,10530,48500,59030,8460,31500,39960,51000FVO
R72 06903 0050,10530,47150,57680,8460,32540,41000,51000FVO
R72 06903 0051,10530,39570,50100,8460,37160,45620,51000FVO
R72 06903 0052,10400,44660,55060,8350,28510,36860,51000FVO
R72 06903 0053,10400,25360,35760,8350,33570,41920,51000FVO
R72 06903 0054,10400,15390,25790,8350,16030,24380,51000FVO
R72 06903 0055,10400,35600,46000,8350,23500,31850,51000FVO
R72 06903 0056,10400,35030,45430,8350,34020,42370,51000FVO
R72 06903 0057,10400,53480,63880,8350,33370,41720,51000FVO
R72 06903 0058,10400,49550,59950,8350,32600,40950,51000FVO
R72 06903 0059,10400,42990,53390,8350,31390,39740,51000FVO
R72 06903 0060,10400,44270,54670,8350,31520,39870,51000FVO
R72 06903 0061,10400,48400,58800,8350,24200,32550,51000FVO
R72 06903 0062,10400,56940,67340,8350,40310,48660,51000FVO
R72 06903 0063,10400,25490,35890,8350,14600,22950,51000FVO
R72 06903 0064,10400,52230,62630,8350,34980,43330,51000FVO
R72 06903 0065,10400,36540,46940,8350,29550,37900,51000FVO
R72 06903 0066,10400,44380,54780,8350,29940,38290,51000FVO
R72 06903 0067,10400,35540,45940,8350,26410,34760,51000FVO
R72 06903 0068,10400,53120,63520,8350,35040,43390,51000FVO
R72 06903 0069,10270,46520,56790,8240,41840,50080,51000FVO
R72 06903 0070,10400,48510,58910,8350,58310,66660,51000FVO
R72 06903 0071,10400,41470,51870,8350,28640,36990,51000FVO
R72 06903 0072,10400,49340,59740,8350,4160,12510,51000FVO
R72 06903 0073,10400,46460,56860,8350,7090,15440,51000FVO
R72 06903 0074,10400,46090,56490,8350,12770,21120,51000FVO
R72 06903 0075,10400,40080,50480,8350,26460,34810,51000FVO
R72 06903 0076,10400,58980,69380,8350,62830,71180,51000FVO
R72 06903 0078,12710,52220,64930,10360,38710,49070,51000FVO
R72 06903 0080,12440,65880,78320,10130,38140,48270,51000FVO
R72 06903 0081,11700,56500,68200,9440,27840,37280,51000FVO
R72 06903 0086,13210,51170,64380,11010,29320,40330,51000FVO
R72 06904 0001,11140,36070,47210,8940,38420,47360,51000FVO
R72 06904 0002,11030,29760,40790,8770,27950,36720,51000FVO
R72 06904 0003,10670,40710,51380,8500,41330,49830,51000FVO
R72 06904 0004,10690,50290,60980,8520,20510,29030,51000FVO
R72 06904 0007,10580,44570,55150,8440,34920,43360,51000FVO
R72 06904 0008,10680,49120,59800,8510,38880,47390,51000FVO
R72 06904 0010,10580,44210,54790,8440,32500,40940,51000FVO
R72 06904 0011,10690,79480,90170,8520,42670,51190,51000FVO
R72 06904 0012,10800,54120,64920,8600,32910,41510,51000FVO
R72 06904 0013,10910,40770,51680,8690,29420,38110,51000FVO
R72 06904 0014,11030,50440,61470,8770,31790,40560,51000FVO
R72 06904 0015,11030,23290,34320,8860,22650,31510,51000FVO
R72 06904 0016,11250,37600,48850,9070,44250,53320,51000FVO
R72 06904 0017,11480,54320,65800,9280,34430,43710,51000FVO
R72 06904 0018,11700,42440,54140,9400,35490,44890,51000FVO
R72 06904 0019,11810,31380,43190,9570,32080,41650,51000FVO
R72 06904 0020,11640,51800,63440,9390,42560,51950,51000FVO
R72 06904 0021,10700,33470,44170,8620,48090,56710,51000FVO
R72 06904 0022,12570,42110,54680,10240,16180,26420,51000FVO
R72 06904 0023,13460,57210,70670,11170,39710,50880,51000FVO
R72 06904 0024,7450,0,7450,7450,0,7450,51000FVO
R72 06904 0026,11250,20570,31820,8770,39280,48050,51000FVO
R72 06904 0029,480,0,480,480,0,480,51000FVO
R72 06904A0001,10580,43230,53810,8390,30580,38970,51000FVO
R72 06904A0002,10350,44300,54650,8230,37760,45990,51000FVO
R72 06904A0003,10350,37330,47680,8140,32630,40770,51000FVO
R72 06904A0004,8190,56200,64390,6450,42300,48750,51000FVO
R72 06904A0005,10130,47910,58040,7970,41500,49470,51000FVO
R72 06904A0006,9900,41400,51300,7850,35640,43490,51000FVO
R72 06904A0007,10460,44950,55410,8310,27580,35890,51000FVO
R72 06904A0008,10460,46890,57350,8310,25560,33870,51000FVO
R72 06904A0009,10240,41660,51900,8060,26660,34720,51000FVO
R72 06904A0010,10580,22350,32930,8300,44240,52540,51000FVO
R72 06904A0011,10010,43010,53020,7930,34910,42840,51000FVO
R72 06904A0012,11000,29820,40820,8570,7410,15980,51000FVO
R72 06904A0014,10860,37880,48740,8440,32600,41040,51000FVO
R72 06904A0015,8820,8180,17000,7080,34830,41910,51000FVO
R72 06904A0016,9230,41210,50440,7340,1390,8730,51000FVO
R72 06904A0017,10130,46150,56280,7920,39980,47900,51000FVO
R72 06904A0018,9110,43590,52700,7260,36630,43890,51000FVO
R72 06904A0019,9650,40940,50590,7650,0,7650,51000FVO
R72 06904A0020,9140,34770,43910,7310,22020,29330,51000FVO
R72 06904A0021,10770,47000,57770,8440,12650,21090,51000FVO
R72 06904A0022,10860,35800,46660,8440,27000,35440,51000FVO
R72 06904A0023,8820,44720,53540,7080,35560,42640,51000FVO
R72 06904A0024,9340,34940,44280,7390,27370,34760,51000FVO
R72 06904A0025,10130,45420,55550,7920,27400,35320,51000FVO
R72 06904A0026,9000,42900,51900,7180,30610,37790,51000FVO
R72 06904A0027,9750,42870,52620,7710,28570,36280,51000FVO
R72 06904A0028,9480,38690,48170,7510,24290,31800,51000FVO
R72 06905 0004,11240,21610,32850,6250,32150,38400,61010FVO
R72 06905 0005,7290,49180,56470,2750,19690,22440,61010FVO
R72 06905 0007,9990,14220,24210,4950,0,4950,61010FVO
R72 06905 0008,9990,32800,42790,5500,24230,29730,61010FVO
R72 06905 0011,13840,52180,66020,11050,2750,13800,51000FVO
R72 06905 0012,12660,54230,66890,10440,40420,50860,51000FVO
R72 06905 0013,12350,53180,65530,10770,37970,48740,51000FVO
R72 06905 0014,12080,8160,20240,10160,1070,11230,51000FVO
R72 06905 0015,12320,52240,64560,9990,38860,48850,51000FVO
R72 06905 0016,11810,68280,80090,9570,38940,48510,51000FVO
R72 06905 0019,4700,0,4700,2300,0,2300,61010FVO
R72 06905 0020,8320,38700,47020,4500,13630,18130,61010FVO
R72 06905 0024,8040,38090,46130,4390,23120,27510,61010FVO
R72 06905 0025,10240,37790,48030,5650,27280,32930,61010FVO
R72 06905 0027,17340,28500,45840,17800,0,17800,HISTXKEN
R72 06906 0001,10800,67650,78450,8690,44510,53200,51000FVO
R72 06906 0002,11480,46070,57550,9280,38480,47760,51000FVO
R72 06906 0003,11480,37560,49040,9280,32540,41820,51000FVO
R72 06906 0004,10800,45480,56280,8690,12970,21660,51000FVO
R72 06906 0006,11690,46230,57920,9470,49340,58810,51000FVO
R72 06906 0007,11210,30050,41260,9040,32790,41830,51000FVO
R72 06906 0008,11210,47090,58300,9040,33440,42480,51000FVO
R72 06906 0009,10800,43920,54720,8690,24190,32880,51000FVO
R72 06906 0010,10800,49600,60400,8690,29600,38290,51000FVO
R72 06906 0011,12150,53110,65260,9860,49260,59120,51000FVO
R72 06906 0012,11480,43090,54570,9280,14110,23390,51000FVO
R72 06906 0013,11480,44190,55670,9280,14080,23360,51000FVO
R72 06906 0014,11480,46150,57630,9280,33830,43110,51000FVO
R72 06906 0015,11480,46980,58460,9280,32720,42000,51000FVO
R72 06906 0016,11480,46300,57780,9280,25990,35270,51000FVO
R72 06906 0017,5670,0,5670,4140,0,4140,51000FVO
R72 06906 0019,12160,14150,26310,6570,28950,35520,61010FVO
R72 06906 0020,11310,36740,48050,6210,34450,40660,61010FVO
R72 06906 0021,10330,35060,45390,5650,10590,16240,61010FVO
R72 06906 0022,10330,40970,51300,5650,34680,40330,61010FVO
R72 06906 0023,10330,37250,47580,5650,45570,51220,61010FVO
R72 06906 0024,5180,0,5180,2540,0,2540,61010FVO
R72 06906 0025,5180,0,5180,2540,0,2540,61010FVO
R72 06906 0026,10330,54980,65310,5650,18700,24350,61010FVO
R72 06906 0027,10330,24970,35300,5650,32170,37820,61010FVO
R72 06906 0028,10330,17100,27430,4240,0,4240,61010FVO
R72 06906 0029,10330,39850,50180,5650,25640,31290,61010FVO
R72 06906 0034,11210,51070,62280,9040,39190,48230,51000FVO
R72 06906 0040,12000,25100,37100,12000,23310,35310,61010FVO
R72 06906 0041,9180,29400,38580,4980,41470,46450,61010FVO
R72 06906 0042,11520,29560,41080,6790,21580,28370,61010FVO
R72 06907 0001,9010,46250,55260,7220,25130,32350,51000FVO
R72 06907 0002,10130,39520,49650,7970,1580,9550,51000FVO
R72 06907 0004,9460,42000,51460,7500,33200,40700,51000FVO
R72 06907 0005,11790,60430,72220,9690,41990,51680,51000FVO
R72 06907 0006,11790,46740,58530,9650,6690,16340,51000FVO
R72 06907 0007,11690,56370,68060,9580,23710,33290,51000FVO
R72 06907 0008,11690,43230,54920,9540,27640,37180,51000FVO
R72 06907 0009,10310,45990,56300,8250,990,9240,51000FVO
R72 06907 0010,10310,49070,59380,8250,23860,32110,51000FVO
R72 06907 0012,10900,47230,58130,8790,33060,41850,51000FVO
R72 06907 0014,5450,0,5450,3960,0,3960,51000FVO
R72 06907 0016,10800,51820,62620,8690,28850,37540,51000FVO
R72 06907 0018,10800,50360,61160,8650,29300,37950,51000FVO
R72 06907 0020,10030,47150,57180,8040,29590,37630,51000FVO
R72 06907 0021,11260,38360,49620,9120,47170,56290,51000FVO
R72 06907 0022,11260,53270,64530,9090,4750,13840,51000FVO
R72 06907 0023,10600,0,10600,9050,27160,36210,51000FVO
R72 06907 0024,8500,25240,33740,6890,21460,28350,51000FVO
R72 06907 0025,11030,35170,46200,8900,31320,40220,51000FVO
R72 06907 0026,11160,39600,50760,9010,39390,48400,51000FVO
R72 06907 0027,11810,50710,62520,9570,25530,35100,51000FVO
R72 06907 0031,12470,37870,50340,10130,37700,47830,51000FVO
R72 06907 0033,11160,43370,54530,9010,31110,40120,51000FVO
R72 06907 0035,11810,54050,65860,9570,43670,53240,51000FVO
R72 06907 0037,11810,48040,59850,9570,33520,43090,51000FVO
R72 06907 0039,11810,48930,60740,9570,41030,50600,51000FVO
R72 06907 0041,11810,55310,67120,9570,41690,51260,51000FVO
R72 06907 0043,11810,42610,54420,9570,34050,43620,51000FVO
R72 06907 0045,11810,41460,53270,9570,17230,26800,51000FVO
R72 06907 0047,11160,43570,54730,9010,11110,20120,51000FVO
R72 06907 0048,12210,47280,59490,9860,29270,39130,51000FVO
R72 06907 0049,6620,29820,36440,5790,3960,9750,51000FVO
R72 06908 0003,10210,17340,27550,5580,14890,20470,61010FVO
R72 06908 0004,10210,13660,23870,5580,30000,35580,61010FVO
R72 06908 0006,10210,7070,17280,5580,45680,51260,61010FVO
R72 06908 0008,12560,54260,66820,10220,40720,50940,51000FVO
R72 06908 0009,11340,49790,61130,9160,33330,42490,51000FVO
R72 06908 0010,11340,42330,53670,9160,25890,35050,51000FVO
R72 06908 0011,11340,40880,52220,9160,34450,43610,51000FVO
R72 06908 0012,11340,56170,67510,9160,31300,40460,51000FVO
R72 06908 0013,5020,45260,50280,3940,43230,47170,51000FVO
R72 06908 0015,11420,53990,65410,9230,47530,56760,51000FVO
R72 06908 0016,11030,33280,44310,8860,37590,46450,51000FVO
R72 06908 0017,5510,0,5510,4010,0,4010,51000FVO
R72 06908 0018,11030,51190,62220,8860,48000,56860,51000FVO
R72 06908 0020,11030,36950,47980,8860,39780,48640,51000FVO
R72 06908 0021,12080,95890,107970,9750,13050,22800,51000FVO
R72 06908 0022,8420,43970,52390,6910,35600,42510,51000FVO
R72 06908 0023,10300,22890,33190,8250,37370,45620,51000FVO
R72 06908 0024,10710,47510,58220,8640,28800,37440,51000FVO
R72 06908 0025,10710,47600,58310,8600,20920,29520,51000FVO
R72 06908 0026,10610,35950,46560,8530,3500,12030,51000FVO
R72 06908 0027,10330,1780,12110,8140,26330,34470,51000FVO
R72 06908 0029,8510,34600,43110,6780,31870,38650,51000FVO
R72 06908 0030,11110,37340,48450,8700,38060,46760,51000FVO
R72 06908 0034,5020,1300,6320,3940,0,3940,51000FVO
R72 06908 0035,12000,64200,76200,12000,45220,57220,51000FVO
R72 06909 0003,13770,44980,58750,13150,87740,100890,61000MOU
R72 06909 0005,5930,0,5930,5050,0,5050,61000MOU
R72 06909 0007,13500,52320,65820,12870,50070,62940,61000MOU
R72 06909 0009,12960,55110,68070,12320,44730,57050,61000MOU
R72 06909 0010,12830,16610,29440,12180,53500,65680,61000MOU
R72 06909 0012,13100,27110,40210,12450,50790,63240,61000MOU
R72 06909 0013,13200,22600,35800,12540,40090,52630,61000MOU
R72 06909 0014,12060,20280,32340,5710,0,5710,61000MOU
R72 06909 0015,13780,41650,55430,6570,0,6570,61000MOU
R72 06909 0016,11930,34680,46610,11290,47450,58740,61000MOU
R72 06909 0017,14720,32830,47550,14120,37920,52040,61000MOU
R72 06909 0018,13910,57410,71320,28960,26710,55670,61000MOU
R72 06909 0020,14050,40760,54810,13370,80090,93460,61000MOU
R72 06909 0021,15000,62140,77140,14250,95730,109980,61000MOU
R72 06909 0024,14850,35090,49940,14260,64040,78300,61000MOU
R72 06909 0026,14440,51910,66350,13840,61530,75370,61000MOU
R72 06909 0027,15020,32130,47150,13670,36230,49900,61000MOU
R72 06909 0034,5000,5000,10000,12590,14860,27450,61000MOU
R72 06909 0036,12490,14270,26760,11880,77750,89630,61000MOU
R72 06909 0037,11350,35560,46910,10730,37710,48440,61000MOU
R72 06909 0039,160,0,160,30,0,30,61000MOU
R72 06910 0003,14580,35920,50500,13960,37350,51310,61000MOU
R72 06910 0004,14580,33190,47770,13960,39870,53830,61000MOU
R72 06910 0005,14580,28860,43440,13960,30700,44660,61000MOU
R72 06910 0006,14580,38890,53470,13960,37840,51800,61000MOU
R72 06910 0007,19880,99700,119580,19310,99720,119030,61000MOU
R72 06910 0008,16900,53240,70140,16240,74210,90450,61000MOU
R72 06910 0012,17440,90050,107490,17060,71680,88740,61000MOU
R72 06910 0013,6000,0,6000,5110,0,5110,61000MOU
R72 06910 0014,15670,104360,120030,15140,85730,100870,61000MOU
R72 06910 0015,15260,61730,76990,14700,97950,112650,61000MOU
R72 06910 0016,15540,68470,84010,15110,84400,99510,61000MOU
R72 06910 0017,15680,75450,91130,15300,84060,99360,61000MOU
R72 06910 0018,16910,67160,84070,16640,65140,81780,61000MOU
R72 06910 0020,16780,95170,111950,16280,101370,117650,61000MOU
R72 06910 0021,17680,84820,102500,17940,102160,120100,61000MOU
R72 06910 0022,18760,81350,100110,17640,71550,89190,61000MOU
R72 06910 0023,17400,64200,81600,17580,60930,78510,61000MOU
R72 06910 0025,14580,71210,85790,14090,74020,88110,61000MOU
R72 06910 0026,15120,63210,78330,14470,79520,93990,61000MOU
R72 06910 0027,14840,56200,71040,14160,60040,74200,61000MOU
R72 06910 0028,14700,35990,50690,14100,60520,74620,61000MOU
R72 06910 0029,14830,68950,83780,14240,58170,72410,61000MOU
R72 06910 0031,18410,45760,64170,17720,59810,77530,61000MOU
R72 06910 0032,17230,61840,79070,16630,62090,78720,61000MOU
R72 06910 0034,16050,39240,55290,15500,88660,104160,61000MOU
R72 06910 0036,14980,56950,71930,14410,66710,81120,61000MOU
R72 06910 0039,14180,71210,85390,13560,73210,86770,61000MOU
R72 06910 0040,15620,34050,49670,14960,60900,75860,61000MOU
R72 06910 0041,15930,70450,86380,15430,61810,77240,61000MOU
R72 06910 0042,13780,43110,56890,13160,35510,48670,61000MOU
R72 06910 0043,13520,63270,76790,12890,73790,86680,61000MOU
R72 06910 0044,15240,45280,60520,14630,65760,80390,61000MOU
R72 06910 0045,13750,76800,90550,12970,71640,84610,61000MOU
R72 06910 0047,14580,48900,63480,14660,75680,90340,61000MOU
R72 06910 0048,14580,63360,77940,13960,60630,74590,61000MOU
R72 06910 0049,14400,58900,73300,13560,109130,122690,61000MOU
R72 06910 0050,9970,0,9970,9410,930,10340,61000MOU
R72 06910 0051,15200,109030,124230,14200,105050,119250,61000MOU
R72 06910 0052,8320,0,8320,7120,0,7120,61000MOU
R72 06910 0053,15860,65040,80900,15210,115550,130760,61000MOU
R72 06910 0055,13250,58570,71820,12670,103210,115880,61000MOU
R72 06910 0056,13230,60550,73780,12640,63610,76250,61000MOU
R72 06910 0057,13350,67990,81340,12690,67360,80050,61000MOU
R72 06910 0058,13350,60570,73920,12690,53890,66580,61000MOU
R72 06910 0060,7160,0,7160,6150,0,6150,61000MOU
R72 06910 0062,13250,66760,80010,12620,68220,80840,61000MOU
R72 06910 0063,12860,75410,88270,12210,74520,86730,61000MOU
R72 06910 0064,12840,59500,72340,12220,67840,80060,61000MOU
R72 06910 0068,14700,82820,97520,13980,68230,82210,61000MOU
R72 06910 0069,7410,0,7410,6160,0,6160,61000MOU
R72 06910 0070,17980,118000,135980,16540,103560,120100,61000MOU
R72 06910 0072,14310,103970,118280,13730,72640,86370,61000MOU
R72 06910 0073,14440,58240,72680,13840,45530,59370,61000MOU
R72 06910 0074,14440,63230,77670,13840,64870,78710,61000MOU
R72 06910 0075,14580,46790,61370,13960,47770,61730,61000MOU
R72 06910 0076,14710,55990,70700,14140,61380,75520,61000MOU
R72 06910 0077,14090,56630,70720,13400,62920,76320,61000MOU
R72 06910 0079,5580,0,5580,4720,0,4720,61000MOU
R72 06911 0001,10410,55360,65770,10530,30580,41110,61000FVO
R72 06911 0002,10090,2640,12730,10180,3470,13650,61000FVO
R72 06911 0005,16100,53520,69620,16720,46320,63040,61000FVO
R72 06911 0009,14040,55760,69800,14130,54340,68470,61000FVO
R72 06911 0010,14180,65670,79850,14280,59570,73850,61000FVO
R72 06911 0012,16180,51870,68050,16430,33830,50260,61000FVO
R72 06911 0013,15780,37860,53640,16000,44350,60350,61000FVO
R72 06911 0016,15380,32120,47500,15570,30000,45570,61000FVO
R72 06911 0017,13640,32580,46220,13700,28310,42010,61000FVO
R72 06911 0019,12040,43400,55440,11980,29140,41120,61000FVO
R72 06911 0020,12570,26540,39110,12550,13290,25840,61000FVO
R72 06911 0021,14580,46960,61540,14710,31680,46390,61000FVO
R72 06911 0022,13380,46740,60120,13420,45430,58850,61000FVO
R72 06911 0024,12310,40950,53260,12270,51220,63490,61000FVO
R72 06911 0025,12310,55930,68240,12270,40980,53250,61000FVO
R72 06911 0027,11850,32030,43880,11830,24730,36560,61000FVO
R72 06911 0029,12970,30900,43870,12990,29600,42590,61000FVO
R72 06911 0031,12710,54010,66720,12700,49300,62000,61000FVO
R72 06911 0032,12040,35030,47070,11980,44170,56150,61000FVO
R72 06911 0033,6010,0,6010,5390,0,5390,61000FVO
R72 06911 0034,5340,0,5340,4750,0,4750,61000FVO
R72 06911 0035,13380,33790,47170,13420,46350,59770,61000FVO
R72 06911 0036,12040,27470,39510,11980,31460,43440,61000FVO
R72 06911 0037,13510,36310,49820,13560,21830,35390,61000FVO
R72 06911 0040,14850,30420,45270,14990,41580,56570,61000FVO
R72 06911 0042,13380,34680,48060,13420,44630,58050,61000FVO
R72 06911 0044,12310,34590,46900,12270,40070,52340,61000FVO
R72 06911 0048,12310,41900,54210,12270,42840,55110,61000FVO
R72 06911 0053,2100,0,2100,2030,0,2030,61000FVO
R72 06911 0061,!,!,!
R72 07001 0001,9560,44250,53810,3820,0,3820,51000SAN
R72 07001 0003,11120,32500,43620,9090,32540,41630,51000SAN
R72 07001 0004,11120,28150,39270,9120,640,9760,51000SAN
R72 07001 0005,11120,47120,58240,4590,0,4590,51000SAN
R72 07001 0006,11120,36370,47490,9120,660,9780,51000SAN
R72 07001 0008,11120,710,11830,9120,2900,12020,51000SAN
R72 07001 0009,11120,6610,17730,9120,24240,33360,51000SAN
R72 07001 0010,11120,33010,44130,9120,1180,10300,51000SAN
R72 07001 0011,11120,51950,63070,4590,0,4590,51000SAN
R72 07001 0012,11600,50240,61840,9920,10130,20050,51000SAN
R72 07001 0013,11600,40300,51900,9920,18820,28740,51000SAN
R72 07001 0014,5800,0,5800,4490,0,4490,51000SAN
R72 07001 0015,11600,51300,62900,9920,9570,19490,51000SAN
R72 07001 0016,11410,41760,53170,9630,2100,11730,51000SAN
R72 07001 0017,11090,54560,65650,9460,1780,11240,51000SAN
R72 07001 0018,11310,39040,50350,9410,2290,11700,51000SAN
R72 07001 0019,5650,0,5650,4260,0,4260,51000SAN
R72 07001 0020,11310,39380,50690,9410,2020,11430,51000SAN
R72 07001 0021,11310,21570,32880,9410,15710,25120,51000SAN
R72 07001 0022,11310,41970,53280,9410,4600,14010,51000SAN
R72 07001 0023,11310,47000,58310,9410,8380,17790,51000SAN
R72 07001 0024,11310,35820,47130,9410,16550,25960,51000SAN
R72 07001 0025,11310,14280,25590,9350,13040,22390,51000SAN
R72 07001 0026,12000,42230,54230,12000,16650,28650,51000SAN
R72 07001 0030,8100,40970,49070,6600,3480,10080,51000SAN
R72 07001 0031,12000,31590,43590,12000,23220,35220,51000SAN
R72 07002 0001,11120,46560,57680,9120,13670,22790,51000SAN
R72 07002 0002,11120,38860,49980,9120,5480,14600,51000SAN
R72 07002 0003,5560,0,5560,4130,0,4130,51000SAN
R72 07002 0004,11120,39450,50570,9120,33330,42450,51000SAN
R72 07002 0005,11120,36770,47890,9120,18600,27720,51000SAN
R72 07002 0007,5560,0,5560,4130,0,4130,51000SAN
R72 07002 0008,11120,12050,23170,9120,14280,23400,51000SAN
R72 07002 0009,5560,0,5560,4130,0,4130,51000SAN
R72 07002 0010,5560,0,5560,4130,0,4130,51000SAN
R72 07002 0011,11120,31160,42280,9120,16080,25200,51000SAN
R72 07002 0017,11600,30280,41880,9920,25930,35850,51000SAN
R72 07002 0018,11600,30760,42360,9920,5240,15160,51000SAN
R72 07002 0019,11600,32330,43930,9920,5750,15670,51000SAN
R72 07002 0020,11600,37290,48890,9920,27470,37390,51000SAN
R72 07002 0021,11450,46640,58090,9760,30050,39810,51000SAN
R72 07002 0022,11750,47050,58800,10080,18350,28430,51000SAN
R72 07002 0023,11600,37170,48770,9920,6100,16020,51000SAN
R72 07002 0024,11600,35430,47030,9920,5110,15030,51000SAN
R72 07002 0025,11600,35760,47360,9920,2420,12340,51000SAN
R72 07002 0026,11600,6190,17790,9920,3700,13620,51000SAN
R72 07002 0027,5300,5300,10600,9920,1730,11650,51000SAN
R72 07002 0028,11600,36720,48320,4980,0,4980,51000SAN
R72 07002 0029,11600,36340,47940,9920,3130,13050,51000SAN
R72 07002 0030,11600,24020,35620,9920,25150,35070,51000SAN
R72 07002 0040,9720,45010,54730,3910,0,3910,51000SAN
R72 07002 0041,10440,41390,51830,4190,0,4190,51000SAN
R72 07003 0001,12150,22330,34480,9860,21980,31840,51000MOU
R72 07003 0005,12960,19430,32390,10570,27510,38080,51000MOU
R72 07003 0006,12960,17070,30030,10570,26080,36650,51000MOU
R72 07003 0008,10800,24370,35170,8690,21070,29760,51000MOU
R72 07003 0009,10600,40180,50780,8490,18590,27080,51000SAN
R72 07003 0010,10600,38770,49370,8490,20720,29210,51000SAN
R72 07003 0011,10600,12530,23130,8490,12130,20620,51000SAN
R72 07003 0012,10600,22470,33070,8490,15450,23940,51000SAN
R72 07003 0013,10600,14060,24660,8490,21500,29990,51000SAN
R72 07003 0014,5300,0,5300,3840,0,3840,51000SAN
R72 07003 0015,10600,19030,29630,8490,28280,36770,51000SAN
R72 07003 0016,5250,0,5250,3830,0,3830,51000SAN
R72 07003 0017,10600,40180,50780,8490,1980,10470,51000SAN
R72 07003 0018,10600,35070,45670,8490,16230,24720,51000SAN
R72 07003 0019,10600,14330,24930,8490,19900,28390,51000SAN
R72 07003 0020,10600,48970,59570,8490,32300,40790,51000SAN
R72 07003 0021,10600,38400,49000,8490,30830,39320,51000SAN
R72 07003 0022,10600,40790,51390,8490,27080,35570,51000SAN
R72 07003 0023,10600,40410,51010,6790,12220,19010,51000SAN
R72 07003 0024,10600,18640,29240,8490,23450,31940,51000SAN
R72 07003 0025,10600,38100,48700,8490,36060,44550,51000SAN
R72 07003 0026,10600,33740,44340,8490,14880,23370,51000SAN
R72 07003 0027,10600,35400,46000,8490,5560,14050,51000SAN
R72 07003 0028,10600,28590,39190,8490,25630,34120,51000SAN
R72 07003 0029,10600,37810,48410,8490,26120,34610,51000SAN
R72 07003 0030,10500,36380,46880,8450,25100,33550,51000SAN
R72 07003 0031,10600,35490,46090,8490,24410,32900,51000SAN
R72 07003 0032,10600,33350,43950,8490,25350,33840,51000SAN
R72 07003 0033,10600,18420,29020,8490,540,9030,51000SAN
R72 07003 0034,10600,33620,44220,8490,19480,27970,51000SAN
R72 07003 0035,10600,20070,30670,8490,22290,30780,51000SAN
R72 07003 0036,10600,32170,42770,8490,19220,27710,51000SAN
R72 07003 0037,10600,34360,44960,8490,26940,35430,51000SAN
R72 07003 0038,10600,35960,46560,8490,20680,29170,51000SAN
R72 07003 0039,10600,25810,36410,8490,20050,28540,51000SAN
R72 07003 0040,10600,27120,37720,8490,13310,21800,51000SAN
R72 07003 0041,10600,28780,39380,8490,920,9410,51000SAN
R72 07003 0042,10600,13330,23930,8490,16400,24890,51000SAN
R72 07003 0043,12150,31370,43520,9860,7610,17470,51000MOU
R72 07004 0001,5260,0,5260,3810,0,3810,51000SAN
R72 07004 0002,11900,35100,47000,10270,16360,26630,51000SAN
R72 07004 0003,11900,37310,49210,10200,8700,18900,51000SAN
R72 07004 0004,11900,29780,41680,10170,20760,30930,51000SAN
R72 07004 0005,11800,16930,28730,10100,10620,20720,51000SAN
R72 07004 0006,11800,29250,41050,10070,19830,29900,51000SAN
R72 07004 0007,11800,41100,52900,10030,4810,14840,51000SAN
R72 07004 0008,11800,46250,58050,9960,26000,35960,51000SAN
R72 07004 0009,11700,42630,54330,9930,17440,27370,51000SAN
R72 07004 0010,11700,34580,46280,9860,9040,18900,51000SAN
R72 07004 0011,11700,27050,38750,9830,20880,30710,51000SAN
R72 07004 0012,11700,46320,58020,9800,31040,40840,51000SAN
R72 07004 0013,11600,20810,32410,9730,20530,30260,51000SAN
R72 07004 0014,11600,48590,60190,9700,13870,23570,51000SAN
R72 07004 0015,11600,37990,49590,9630,23100,32730,51000SAN
R72 07004 0016,11500,35930,47430,9600,23650,33250,51000SAN
R72 07004 0017,11500,39370,50870,9560,20250,29810,51000SAN
R72 07004 0018,5750,0,5750,4290,0,4290,51000SAN
R72 07004 0019,11500,30600,42100,9460,2720,12180,51000SAN
R72 07004 0020,11500,39950,51450,9460,60750,70210,51000SAN
R72 07004 0035,13500,37680,51180,11040,27300,38340,51000SAN
R72 07004 0036,10800,34410,45210,8690,23970,32660,51000SAN
R72 07004 0037,10800,36830,47630,8690,31450,40140,51000SAN
R72 07004 0038,10800,45550,56350,8690,32410,41100,51000SAN
R72 07004 0039,10800,41870,52670,8690,32070,40760,51000SAN
R72 07004 0040,10800,46390,57190,8690,31510,40200,51000SAN
R72 07004 0041,10800,42010,52810,8690,27600,36290,51000SAN
R72 07004 0042,10800,22340,33140,8690,16160,24850,51000SAN
R72 07004 0043,10800,30160,40960,8690,18510,27200,51000SAN
R72 07004 0044,10800,47450,58250,8690,24770,33460,51000SAN
R72 07005 0001,11780,19730,31510,18240,12820,31060,51000SAN
R72 07005 0002,9500,31230,40730,7610,670,8280,51000SAN
R72 07005 0003,10640,25770,36410,8640,1600,10240,51000SAN
R72 07005 0008,10000,18490,28490,8020,24720,32740,51000SAN
R72 07005 0009,10000,11130,21130,8020,16630,24650,51000SAN
R72 07005 0010,10000,40070,50070,8020,20210,28230,51000SAN
R72 07005 0011,9800,36440,46240,7810,22350,30160,51000SAN
R72 07005 0012,9800,37940,47740,7810,19110,26920,51000SAN
R72 07005 0013,9800,34880,44680,7810,33870,41680,51000SAN
R72 07005 0020,11400,44920,56320,9390,26460,35850,51000SAN
R72 07005 0021,1600,0,1600,450,0,450,51000SAN
R72 07005 0029,10800,21180,31980,8720,2960,11680,51000SAN
R72 07005 0030,10800,40780,51580,8720,22770,31490,51000SAN
R72 07005 0031,10800,25080,35880,8720,3800,12520,51000SAN
R72 07005 0032,10800,16540,27340,8720,17670,26390,51000SAN
R72 07005 0033,10800,33920,44720,8720,18260,26980,51000SAN
R72 07005 0034,10800,0,10800,8720,0,8720,51000SAN
R72 07005 0035,10800,29430,40230,8720,18810,27530,51000SAN
R72 07005 0036,10800,19780,30580,8720,25630,34350,51000SAN
R72 07005 0037,10800,31890,42690,8720,26250,34970,51000SAN
R72 07005 0038,10800,33900,44700,4380,0,4380,51000SAN
R72 07005 0039,10800,27090,37890,8720,25790,34510,51000SAN
R72 07005 0040,8750,31620,40370,7010,19300,26310,51000SAN
R72 07005 0043,10000,21250,31250,8020,1010,9030,51000SAN
R72 07005 0046,9880,17390,27270,7920,11960,19880,51000SAN
R72 07005 0049,9000,23570,32570,7210,17870,25080,51000SAN
R72 07005 0052,10000,34640,44640,8020,870,8890,51000SAN
R72 07005 0056,1200,0,1200,310,0,310,51000SAN
R72 07005 0062,9800,48580,58380,7810,18820,26630,51000SAN
R72 07005 0070,10780,44450,55230,8580,31430,40010,51000SAN
R72 07005 0072,11760,38210,49970,9350,32420,41770,51000SAN
R72 07006 0001,10260,30320,40580,8250,4870,13120,51000SAN
R72 07006 0002,10260,29660,39920,8250,430,8680,51000SAN
R72 07006 0003,10260,19820,30080,9090,0,9090,51000SAN
R72 07006 0004,5400,0,5400,3950,0,3950,51000SAN
R72 07006 0005,10800,36660,47460,8720,19270,27990,51000SAN
R72 07006 0006,10800,27260,38060,8720,2840,11560,51000SAN
R72 07006 0007,10800,41390,52190,8720,42880,51600,51000SAN
R72 07006 0008,5800,5800,11600,8720,20030,28750,51000SAN
R72 07006 0009,10800,33090,43890,8720,18260,26980,51000SAN
R72 07006 0010,10800,34480,45280,8720,1440,10160,51000SAN
R72 07006 0011,10800,25800,36600,8720,560,9280,51000SAN
R72 07006 0012,10800,37710,48510,8720,6850,15570,51000SAN
R72 07006 0013,10800,35590,46390,8720,12450,21170,51000SAN
R72 07006 0014,10800,42700,53500,8720,3800,12520,51000SAN
R72 07006 0015,9500,35410,44910,3450,0,3450,51000SAN
R72 07006 0024,4690,0,4690,3400,0,3400,51000SAN
R72 07006 0029,10260,32920,43180,8250,28180,36430,51000SAN
R72 07006 0030,10800,33530,44330,8720,20840,29560,51000SAN
R72 07006 0031,10800,27110,37910,8720,21930,30650,51000SAN
R72 07006 0032,10800,30380,41180,8720,3280,12000,51000SAN
R72 07006 0033,10800,38270,49070,8720,25300,34020,51000SAN
R72 07006 0034,10800,40190,50990,8720,19790,28510,51000SAN
R72 07006 0035,10800,48920,59720,8720,5060,13780,51000SAN
R72 07006 0036,10800,19910,30710,8720,380,9100,51000SAN
R72 07006 0037,10800,26120,36920,8720,17770,26490,51000SAN
R72 07006 0038,10800,35120,45920,8720,19620,28340,51000SAN
R72 07006 0039,10800,33400,44200,8720,19030,27750,51000SAN
R72 07006 0040,10800,44850,55650,8720,36840,45560,51000SAN
R72 07006 0041,10800,35930,46730,8720,2630,11350,51000SAN
R72 07006 0044,10260,34150,44410,8250,23610,31860,51000SAN
R72 07006 0045,10260,38090,48350,8250,19790,28040,51000SAN
R72 07006 0046,10260,0,10260,8250,0,8250,51000SAN
R72 07006 0047,10800,33900,44700,8720,36190,44910,51000SAN
R72 07006 0048,10800,43300,54100,8720,33770,42490,51000SAN
R72 07006 0049,10800,43930,54730,8720,29780,38500,51000SAN
R72 07006 0050,10800,30220,41020,8720,21030,29750,51000SAN
R72 07006 0051,10800,29970,40770,8720,14740,23460,51000SAN
R72 07006 0053,10800,32710,43510,8720,33920,42640,51000SAN
R72 07006 0054,10800,38230,49030,8720,29150,37870,51000SAN
R72 07006 0055,5400,0,5400,3950,0,3950,51000SAN
R72 07006 0056,10800,34700,45500,8720,2800,11520,51000SAN
R72 07006 0057,10800,45120,55920,8640,0,8640,51000SAN
R72 07006 0058,10800,55090,65890,8720,26920,35640,51000SAN
R72 07006 0059,6940,8410,15350,2700,0,2700,51000SAN
R72 07006 0061,15010,31170,46180,11890,5770,17660,51000SAN
R72 07006 0062,9400,28400,37800,7550,8980,16530,51000SAN
R72 07007 0006,11200,31050,42250,9160,11430,20590,51000SAN
R72 07007 0007,11200,29530,40730,7330,20170,27500,51000SAN
R72 07007 0008,11200,40260,51460,9160,49810,58970,51000SAN
R72 07007 0010,7510,35520,43030,6250,0,6250,51000SAN
R72 07007 0011,7510,39430,46940,6250,18470,24720,51000SAN
R72 07007 0012,11480,42090,53570,9380,1330,10710,51000SAN
R72 07007 0013,11200,19830,31030,9160,26710,35870,51000SAN
R72 07007 0014,10080,41600,51680,8120,15300,23420,51000SAN
R72 07007 0015,9940,41850,51790,7990,23030,31020,51000SAN
R72 07007 0016,9800,30040,39840,7860,2710,10570,51000SAN
R72 07007 0017,10410,20570,30980,8390,16900,25290,51000SAN
R72 07007 0018,10200,24020,34220,8180,16130,24310,51000SAN
R72 07007 0019,8280,41940,50220,6770,16320,23090,51000SAN
R72 07007 0020,8590,21790,30380,6930,15970,22900,51000SAN
R72 07007 0021,8800,40920,49720,7040,29310,36350,51000SAN
R72 07007 0022,10640,30140,40780,6560,9370,15930,51000SAN
R72 07007 0023,7130,28630,35760,5970,21780,27750,51000SAN
R72 07007 0024,8710,29330,38040,7040,690,7730,51000SAN
R72 07007 0028,8570,35350,43920,6950,8590,15540,51000SAN
R72 07007 0029,7780,34210,41990,6390,1110,7500,51000SAN
R72 07007 0030,9000,36890,45890,7220,28820,36040,51000SAN
R72 07007 0032,5100,0,5100,3700,0,3700,51000SAN
R72 07007 0033,10200,40210,50410,8180,3440,11620,51000SAN
R72 07007 0034,10200,43760,53960,4120,0,4120,51000SAN
R72 07007 0035,5100,0,5100,3700,0,3700,51000SAN
R72 07007 0036,10200,34560,44760,8180,6310,14490,51000SAN
R72 07007 0037,10200,2330,12530,8180,3080,11260,51000SAN
R72 07007 0038,10200,9540,19740,8180,2440,10620,51000SAN
R72 07007 0039,10200,10580,20780,8180,5370,13550,51000SAN
R72 07007 0040,10200,33370,43570,4120,0,4120,51000SAN
R72 07007 0041,5100,0,5100,3700,0,3700,51000SAN
R72 07007 0042,10200,23420,33620,8180,1190,9370,51000SAN
R72 07007 0043,10200,10640,20840,8180,1730,9910,51000SAN
R72 07007 0044,10200,27120,37320,8180,16780,24960,51000SAN
R72 07007 0045,10200,54520,64720,8180,35960,44140,51000SAN
R72 07007 0046,10200,46820,57020,8180,5820,14000,51000SAN
R72 07007 0047,10200,35640,45840,8180,7370,15550,51000SAN
R72 07007 0048,10200,45050,55250,8180,12280,20460,51000SAN
R72 07007 0049,9700,40760,50460,7750,14200,21950,51000SAN
R72 07007 0050,8600,25590,34190,11630,1250,12880,51000SAN
R72 07007 0053,7600,33160,40760,6340,19420,25760,51000SAN
R72 07008 0001,10400,32560,42960,8350,39060,47410,51000SAN
R72 07008 0002,9880,37900,47780,7920,21910,29830,51000SAN
R72 07008 0003,9880,40890,50770,7920,4970,12890,51000SAN
R72 07008 0005,10400,29500,39900,8350,27410,35760,51000SAN
R72 07008 0006,5200,0,5200,3780,0,3780,51000SAN
R72 07008 0007,5200,0,5200,3780,0,3780,51000SAN
R72 07008 0008,10400,31750,42150,8350,25100,33450,51000SAN
R72 07008 0009,10400,33640,44040,8350,28080,36430,51000SAN
R72 07008 0010,10400,18780,29180,8350,11760,20110,51000SAN
R72 07008 0011,10400,34920,45320,8350,22910,31260,51000SAN
R72 07008 0012,10400,43700,54100,8350,16380,24730,51000SAN
R72 07008 0013,10400,46000,56400,8350,14870,23220,51000SAN
R72 07008 0014,10400,29080,39480,8350,2990,11340,51000SAN
R72 07008 0015,10400,10670,21070,8350,3720,12070,51000SAN
R72 07008 0016,10400,25010,35410,8350,19620,27970,51000SAN
R72 07008 0017,10400,68010,78410,8350,7030,15380,51000SAN
R72 07008 0018,10140,41570,51710,8130,21890,30020,51000SAN
R72 07008 0020,10400,41510,51910,8350,4340,12690,51000SAN
R72 07008 0022,10400,8190,18590,8350,22260,30610,51000SAN
R72 07008 0024,10140,47050,57190,8130,6080,14210,51000SAN
R72 07008 0025,10140,41260,51400,8130,30080,38210,51000SAN
R72 07008 0026,10400,41130,51530,8350,1050,9400,51000SAN
R72 07008 0027,10400,25660,36060,8350,19630,27980,51000SAN
R72 07008 0029,1230,2870,4100,8130,8670,16800,51000SAN
R72 07008 0031,10920,41940,52860,8790,29690,38480,51000SAN
R72 07008 0032,10400,38260,48660,8350,20620,28970,51000SAN
R72 07008 0039,10600,32420,43020,8490,18400,26890,51000SAN
R72 07008 0041,10600,41650,52250,8490,16210,24700,51000SAN
R72 07008 0042,5300,0,5300,3840,0,3840,51000SAN
R72 07008 0043,10500,35970,46470,8450,54630,63080,51000SAN
R72 07008 0044,10500,41370,51870,8450,29500,37950,51000SAN
R72 07008 0045,10500,41860,52360,6760,11990,18750,51000SAN
R72 07008 0046,10500,43910,54410,8450,24260,32710,51000SAN
R72 07008 0054,9880,41180,51060,7920,4480,12400,51000SAN
R72 07008 0055,10140,28650,38790,8130,25770,33900,51000SAN
R72 07008 0056,10400,37340,47740,8350,7650,16000,51000SAN
R72 07008 0057,10140,39650,49790,8130,4090,12220,51000SAN
R72 07008 0059,10140,43480,53620,8130,24790,32920,51000SAN
R72 07008 0061,9620,48280,57900,7700,36850,44550,51000SAN
R72 07008 0066,11120,44420,55540,9090,29650,38740,51000SAN
R72 07009 0001,12150,43890,56040,9860,36690,46550,51000MOU
R72 07009 0003,9450,28330,37780,7510,16230,23740,51000MOU
R72 07009 0004,10800,23460,34260,8690,31980,40670,51000MOU
R72 07009 0005,1710,0,1710,1330,0,1330,51000MOU
R72 07009 0010,12380,36040,48420,5120,0,5120,51000MOU
R72 07009 0014,11200,35290,46490,9160,20690,29850,51000SAN
R72 07009 0015,11200,40890,52090,9160,16780,25940,51000SAN
R72 07009 0016,11200,41670,52870,9160,25820,34980,51000SAN
R72 07009 0017,11200,44250,55450,9160,27940,37100,51000SAN
R72 07009 0019,11200,35400,46600,9160,23120,32280,51000SAN
R72 07009 0020,11200,16550,27750,9160,13810,22970,51000SAN
R72 07009 0021,11200,53800,65000,9160,36700,45860,51000SAN
R72 07009 0022,11200,38930,50130,9160,6020,15180,51000SAN
R72 07009 0023,11200,38610,49810,9160,26480,35640,51000SAN
R72 07009 0024,11200,46860,58060,9160,30910,40070,51000SAN
R72 07009 0025,11200,6210,17410,9160,5390,14550,51000SAN
R72 07009 0026,11200,34110,45310,9160,17800,26960,51000SAN
R72 07009 0027,8400,0,8400,2770,0,2770,C8000000
R72 07009 0028,8960,15910,24870,7330,44420,51750,51000SAN
R72 07009 0029,11200,55860,67060,9160,28990,38150,51000SAN
R72 07009 0030,11200,27070,38270,9160,21850,31010,51000SAN
R72 07009 0034,12000,32350,44350,12000,720,12720,51000SAN
R72 07009 0035,1000,48140,49140,12000,28200,40200,51000SAN
R72 07009 0036,11200,23260,34460,9160,24800,33960,51000SAN
R72 07009 0038,11200,35870,47070,9160,28020,37180,51000SAN
R72 07009 0039,11200,33610,44810,9160,46720,55880,51000SAN
R72 07009 0040,11200,27080,38280,9160,21490,30650,51000SAN
R72 07009 0041,2000,0,2000,580,0,580,51000SAN
R72 07009 0042,12040,24950,36990,9930,30200,40130,51000SAN
R72 07009 0043,11900,21910,33810,9810,19060,28870,51000SAN
R72 07009 0044,11900,30570,42470,9810,12720,22530,51000SAN
R72 07009 0046,11050,24620,35670,8700,2860,11560,51000SAN
R72 07009 0047,10350,25170,35520,8180,26210,34390,51000SAN
R72 07009 0048,10800,21330,32130,8720,2930,11650,51000SAN
R72 07009 0049,10800,42380,53180,8720,3000,11720,51000SAN
R72 07009 0050,10800,23380,34180,8720,37160,45880,51000SAN
R72 07009 0051,9870,37410,47280,8720,27470,36190,51000SAN
R72 07009 0052,10800,35880,46680,8720,31790,40510,51000SAN
R72 07009 0053,10800,32590,43390,8720,28930,37650,51000SAN
R72 07009 0054,13500,37890,51390,11090,35250,46340,51000SAN
R72 07009 0065,10800,37270,48070,8690,21120,29810,51000MOU
R72 07009 0071,10800,21020,31820,8690,29870,38560,51000MOU
R72 07009 0074,9200,16070,25270,7340,25420,32760,51000SAN
R72 07009 0077,10810,23760,34570,8520,26290,34810,51000SAN
R72 07009 0080,4190,0,4190,2980,0,2980,51000SAN
R72 07010 0002,5780,0,5780,4280,0,4280,51000MOU
R72 07010 0004,11000,22120,33120,8960,1170,10130,51000MOU
R72 07010 0011,10540,41470,52010,12460,28810,41270,51000MOU
R72 07010 0016,10800,34000,44800,8720,23030,31750,51000SAN
R72 07010 0017,10800,18310,29110,8720,18250,26970,51000SAN
R72 07010 0018,10800,17980,28780,8720,840,9560,51000SAN
R72 07010 0019,10800,20470,31270,8720,22800,31520,51000SAN
R72 07010 0020,10800,30200,41000,8720,34860,43580,51000SAN
R72 07010 0021,10800,20630,31430,8720,16970,25690,51000SAN
R72 07010 0022,10800,29940,40740,8720,3750,12470,51000SAN
R72 07010 0027,16200,33490,49690,13460,2080,15540,51000SAN
R72 07010 0029,10800,31400,42200,8720,19960,28680,51000SAN
R72 07010 0030,10800,31730,42530,8720,15370,24090,51000SAN
R72 07010 0032,10800,0,10800,8720,0,8720,51000SAN
R72 07010 0033,10800,30420,41220,8720,1720,10440,51000SAN
R72 07010 0034,5400,0,5400,3950,0,3950,51000SAN
R72 07010 0035,10800,21360,32160,8720,18710,27430,51000SAN
R72 07010 0040,10800,34280,45080,8720,3200,11920,51000SAN
R72 07010 0041,10800,23940,34740,8720,17930,26650,51000SAN
R72 07010 0048,10800,51550,62350,8720,18680,27400,51000SAN
R72 07010 0049,10800,34870,45670,8720,810,9530,51000SAN
R72 07010 0050,10800,27860,38660,8720,1730,10450,51000SAN
R72 07010 0051,10800,15410,26210,8720,22720,31440,51000SAN
R72 07010 0052,10800,31340,42140,8720,13670,22390,51000SAN
R72 07010 0053,9200,40750,49950,7340,3390,10730,51000SAN
R72 07010 0054,10800,31330,42130,8720,850,9570,51000SAN
R72 07010 0061,10800,33240,44040,8720,6450,15170,51000SAN
R72 07010 0062,10800,34090,44890,8720,20520,29240,51000SAN
R72 07010 0065,10010,29920,39930,7930,19980,27910,51000MOU
R72 07010 0068,10220,14820,25040,8130,23960,32090,51000MOU
R72 07011 0002,11410,27740,39150,8810,12540,21350,51000MOU
R72 07011 0006,11440,49560,61000,8770,42310,51080,51000MOU
R72 07011 0008,10400,34000,44400,8390,530,8920,51000FVO
R72 07011 0009,5200,0,5200,3800,0,3800,51000FVO
R72 07011 0010,10400,50090,60490,8390,4460,12850,51000FVO
R72 07011 0011,10400,41380,51780,8390,5710,14100,51000FVO
R72 07011 0012,10400,35310,45710,8390,4170,12560,51000FVO
R72 07011 0013,10400,20320,30720,8390,700,9090,51000FVO
R72 07011 0014,10400,34080,44480,8390,2970,11360,51000FVO
R72 07011 0015,10400,19150,29550,8390,4210,12600,51000FVO
R72 07011 0016,10400,36380,46780,8390,14320,22710,51000FVO
R72 07011 0017,10400,11050,21450,8390,5030,13420,51000FVO
R72 07011 0018,10400,51130,61530,8390,28760,37150,51000FVO
R72 07011 0019,10400,41280,51680,8390,25320,33710,51000FVO
R72 07011 0020,10400,48870,59270,8390,33690,42080,51000FVO
R72 07011 0021,10400,41520,51920,8390,27240,35630,51000FVO
R72 07011 0022,10400,43720,54120,8390,27330,35720,51000FVO
R72 07011 0026,10400,46150,56550,8390,38480,46870,51000FVO
R72 07011 0027,5200,0,5200,3800,0,3800,51000FVO
R72 07011 0028,10400,50390,60790,8390,36040,44430,51000FVO
R72 07011 0030,10400,23840,34240,8390,34510,42900,51000FVO
R72 07011 0031,10400,43050,53450,8390,29980,38370,51000FVO
R72 07011 0032,10400,41900,52300,8390,28080,36470,51000FVO
R72 07011 0033,10400,47700,58100,8390,30110,38500,51000FVO
R72 07011 0034,10400,46770,57170,8390,3440,11830,51000FVO
R72 07011 0035,10400,46920,57320,8390,46380,54770,51000FVO
R72 07011 0036,10400,41680,52080,8390,26730,35120,51000FVO
R72 07011 0037,10400,32890,43290,8390,34690,43080,51000FVO
R72 07011 0038,10400,33800,44200,8390,45670,54060,51000FVO
R72 07011 0039,10400,42100,52500,8390,28040,36430,51000FVO
R72 07011 0040,10400,23040,33440,8390,45210,53600,51000FVO
R72 07011 0041,10400,40290,50690,8390,28460,36850,51000FVO
R72 07011 0042,11960,52070,64030,9790,21130,30920,51000FVO
R72 07011 0043,11000,62030,73030,8890,33590,42480,51000FVO
R72 07011 0044,10800,57110,67910,8690,26970,35660,51000FVO
R72 07011 0045,11000,25580,36580,8890,25510,34400,51000FVO
R72 07011 0046,11000,33010,44010,8890,25630,34520,51000FVO
R72 07011 0050,11000,34180,45180,8860,47250,56110,51000FVO
R72 07011 0055,10760,45830,56590,8700,31970,40670,51000FVO
R72 07011 0056,10760,46430,57190,8700,32670,41370,51000FVO
R72 07011 0057,10490,30430,40920,8460,34330,42790,51000FVO
R72 07011 0058,10630,49430,60060,8580,43460,52040,51000FVO
R72 07011 0067,10730,29490,40220,8310,53090,61400,51000MOU
R72 07101 0028,20280,32720,53000,18720,60640,79360,C8000000
R72 07101 0030,18450,35300,53750,9230,18540,27770,51000SAN
R72 07102 0003,11880,35510,47390,8520,38520,47040,52000HIL
R72 07102 0004,11880,26420,38300,8520,38470,46990,52000HIL
R72 07102 0005,11880,33590,45470,8520,37720,46240,52000HIL
R72 07102 0006,11990,46640,58630,8600,35820,44420,52000HIL
R72 07102 0007,12230,48090,60320,8780,38380,47160,52000HIL
R72 07102 0008,12350,39220,51570,8860,20840,29700,52000HIL
R72 07102 0009,12470,31080,43550,9010,38000,47010,52000HIL
R72 07102 0010,12830,32910,45740,9310,1700,11010,52000HIL
R72 07102 0011,12940,37330,50270,9390,42450,51840,52000HIL
R72 07102 0012,12460,41260,53720,8940,37820,46760,52000HIL
R72 07102 0013,11380,44150,55530,8100,27350,35450,52000HIL
R72 07102 0015,9860,37500,47360,7730,32210,39940,51000HIL
R72 07102 0016,11420,22310,33730,9080,27100,36180,51000HIL
R72 07102 0017,10730,37040,47770,8630,29440,38070,51000HIL
R72 07102 0018,10840,25140,35980,8670,42150,50820,51000HIL
R72 07102 0019,10840,43120,53960,8670,41800,50470,51000HIL
R72 07102 0020,11990,35240,47230,9610,43110,52720,51000HIL
R72 07102 0021,14900,46460,61360,11820,37330,49150,52000HIL
R72 07102 0022,13940,49760,63700,10580,38870,49450,52000HIL
R72 07102 0023,13700,40490,54190,10100,30790,40890,52000HIL
R72 07102 0024,13350,43570,56920,9790,23210,33000,52000HIL
R72 07102 0025,12990,37350,50340,9430,56250,65680,52000HIL
R72 07102 0026,12620,13170,25790,9170,14480,23650,52000HIL
R72 07102 0027,11640,48040,59680,8370,20190,28560,52000HIL
R72 07102 0028,12970,32950,45920,9390,43300,52690,52000HIL
R72 07102 0030,14640,44020,58660,10640,51770,62410,52000HIL
R72 07103 0001,13280,26430,39710,13350,43120,56470,52010HIL
R72 07103 0002,13450,39280,52730,13530,9070,22600,52010HIL
R72 07103 0003,13770,11730,25500,13880,2790,16670,52010HIL
R72 07103 0006,13770,37820,51590,13880,9090,22970,52010HIL
R72 07103 0007,13770,34330,48100,13880,7960,21840,52010HIL
R72 07103 0008,13770,0,13770,13880,0,13880,52010HIL
R72 07103 0011,13390,33170,46560,13480,3350,16830,52010HIL
R72 07103 0012,5990,0,5990,5360,0,5360,52010HIL
R72 07103 0014,12360,40470,52830,8730,20600,29330,52000HIL
R72 07103 0015,13970,40690,54660,10110,16700,26810,52000HIL
R72 07103 0016,8540,44540,53080,6390,45010,51400,52000HIL
R72 07103 0017,13490,53770,67260,9830,32080,41910,52000HIL
R72 07103 0018,13180,51660,64840,9690,39900,49590,52000HIL
R72 07103 0019,13420,48720,62140,9880,33940,43820,52000HIL
R72 07103 0020,13420,65180,78600,9960,63080,73040,52000HIL
R72 07103 0021,13420,45390,58810,9880,21350,31230,52000HIL
R72 07103 0022,13860,39760,53620,10280,29320,39600,52000HIL
R72 07103 0023,13480,43280,56760,9950,42660,52610,52000HIL
R72 07103 0024,13490,41370,54860,9910,27400,37310,52000HIL
R72 07103 0025,13230,50850,64080,9670,37570,47240,52000HIL
R72 07103 0026,13230,52380,65610,9630,46700,56330,52000HIL
R72 07103 0027,12570,48110,60680,15540,34630,50170,52000HIL
R72 07103 0028,12000,53730,65730,12000,40400,52400,52000HIL
R72 07103 0030,14990,59160,74150,11140,37810,48950,52000HIL
R72 07103 0031,13600,55200,68800,10030,29560,39590,52000HIL
R72 07103 0032,12000,42350,54350,12000,29120,41120,52000HIL
R72 07103 0033,13840,63470,77310,10310,48450,58760,52000HIL
R72 07103 0034,13480,53030,66510,9830,42290,52120,52000HIL
R72 07103 0035,12880,52920,65800,9300,55840,65140,52000HIL
R72 07103 0036,12650,40510,53160,9070,34850,43920,52000HIL
R72 07103 0037,12500,34600,47100,8840,37660,46500,52000HIL
R72 07103 0038,12340,32460,44800,8880,41150,50030,52000HIL
R72 07103 0039,12810,43580,56390,9020,75690,84710,52000HIL
R72 07103 0040,12980,0,12980,8840,0,8840,52000HIL
R72 07103 0043,3350,0,3350,2000,0,2000,52000HIL
R72 07104A0001,12650,32910,45560,9020,45690,54710,52000HIL
R72 07104A0002,11880,44210,56090,8520,37340,45860,52000HIL
R72 07104A0003,11880,40250,52130,8520,10760,19280,52000HIL
R72 07104A0004,11880,27230,39110,8520,35730,44250,52000HIL
R72 07104A0005,11880,33890,45770,8520,26110,34630,52000HIL
R72 07104A0006,11880,32670,44550,8520,38020,46540,52000HIL
R72 07104A0007,11880,38730,50610,8520,14550,23070,52000HIL
R72 07104A0008,13130,22840,35970,9530,45670,55200,52000HIL
R72 07104A0009,13250,17800,31050,9630,38790,48420,52000HIL
R72 07104A0010,12500,23180,35680,9020,22710,31730,52000HIL
R72 07104A0011,12500,33230,45730,9020,33440,42460,52000HIL
R72 07104A0012,12500,65790,78290,9020,18490,27510,52000HIL
R72 07104A0013,13130,42570,55700,9530,24360,33890,52000HIL
R72 07104A0014,13520,45040,58560,9880,35840,45720,52000HIL
R72 07104A0015,12480,44000,56480,9010,41260,50270,52000HIL
R72 07104A0016,12480,47790,60270,9010,38740,47750,52000HIL
R72 07104A0017,12480,45840,58320,9010,31830,40840,52000HIL
R72 07104A0018,12480,41190,53670,9010,21710,30720,52000HIL
R72 07104A0019,12480,45430,57910,9010,33300,42310,52000HIL
R72 07104A0020,12480,42470,54950,9010,68010,77020,52000HIL
R72 07104A0021,12480,35460,47940,9010,43410,52420,52000HIL
R72 07104A0022,12480,50290,62770,9010,32180,41190,52000HIL
R72 07104A0023,12610,37720,50330,9120,22410,31530,52000HIL
R72 07104A0024,6250,0,6250,4510,0,4510,52000HIL
R72 07104A0025,12500,35030,47530,9020,14160,23180,52000HIL
R72 07104A0026,11250,38220,49470,9020,43960,52980,51000HIL
R72 07104A0028,11750,5870,17620,9430,12520,21950,51000HIL
R72 07104A0029,13000,53020,66020,9440,21920,31360,52000HIL
R72 07104A0030,12480,35000,47480,9010,30810,39820,52000HIL
R72 07104A0031,12610,40730,53340,9120,47540,56660,52000HIL
R72 07104A0032,12610,37910,50520,9120,37790,46910,52000HIL
R72 07104A0033,12480,53730,66210,9010,34610,43620,52000HIL
R72 07104A0034,12480,46700,59180,9010,30940,39950,52000HIL
R72 07104A0035,12480,42180,54660,9010,38030,47040,52000HIL
R72 07104A0036,12000,32280,44280,8620,38010,46630,52000HIL
R72 07104A0037,12480,28180,40660,9010,22500,31510,52000HIL
R72 07104A0038,12480,39240,51720,9010,21860,30870,52000HIL
R72 07104A0039,12870,26910,39780,9330,39760,49090,52000HIL
R72 07104A0041,14160,59370,73530,10860,50120,60980,52000HIL
R72 07104A0042,14070,47820,61890,10700,30220,40920,52000HIL
R72 07104A0043,14110,59800,73910,10650,39330,49980,52000HIL
R72 07104A0044,13980,47390,61370,10360,23840,34200,52000HIL
R72 07104A0045,13610,51990,65600,10080,25400,35480,52000HIL
R72 07104A0046,13490,7230,20720,9870,35330,45200,52000HIL
R72 07104A0047,13240,46460,59700,9620,20610,30230,52000HIL
R72 07104A0048,12860,41490,54350,9350,27370,36720,52000HIL
R72 07104A0049,12740,39380,52120,9190,29000,38190,52000HIL
R72 07104A0051,11630,35600,47230,9330,46140,55470,51000HIL
R72 07104A0053,11250,38600,49850,9020,29720,38740,51000HIL
R72 07104A0054,11250,36750,48000,9020,24640,33660,51000HIL
R72 07104A0055,11500,32180,43680,9230,67750,76980,51000HIL
R72 07104A0056,11700,32070,43770,8350,24510,32860,52000HIL
R72 07104A0057,11700,39240,50940,8350,21440,29790,52000HIL
R72 07104A0058,11700,46080,57780,8350,20970,29320,52000HIL
R72 07104A0059,11700,48990,60690,8350,34590,42940,52000HIL
R72 07104A0060,11700,41740,53440,8350,40090,48440,52000HIL
R72 07104A0061,11700,36630,48330,8350,26870,35220,52000HIL
R72 07104A0062,11700,35770,47470,8350,25320,33670,52000HIL
R72 07104A0063,11700,41110,52810,8350,29730,38080,52000HIL
R72 07104A0064,11700,45510,57210,8350,33300,41650,52000HIL
R72 07104A0065,11700,43290,54990,8350,16490,24840,52000HIL
R72 07104A0066,11700,37890,49590,8390,19500,27890,52000HIL
R72 07104A0067,12860,28170,41030,9310,20690,30000,52000HIL
R72 07104A0068,850,0,850,530,0,530,52000HIL
R72 07104B0001,11640,42030,53670,8270,28070,36340,52000HIL
R72 07104B0002,12460,52430,64890,8970,30520,39490,52000HIL
R72 07104B0003,12850,35360,48210,9310,98430,107740,52000HIL
R72 07104B0004,12850,51670,64520,9310,29480,38790,52000HIL
R72 07104B0005,12970,35380,48350,9390,36690,46080,52000HIL
R72 07104B0006,13100,53020,66120,9510,36430,45940,52000HIL
R72 07104B0007,13340,52520,65860,9790,35090,44880,52000HIL
R72 07104B0008,13700,47230,60930,10100,30170,40270,52000HIL
R72 07104B0009,13940,50060,64000,10420,35230,45650,52000HIL
R72 07104B0010,14190,41430,55620,10890,28190,39080,52000HIL
R72 07104B0011,14310,37530,51840,11210,25120,36330,52000HIL
R72 07104B0012,14550,47500,62050,11640,32080,43720,52000HIL
R72 07104B0013,13570,54830,68400,10830,38800,49630,52000HIL
R72 07104B0014,11740,44000,55740,8390,17660,26050,52000HIL
R72 07104B0015,12090,54590,66680,8680,22800,31480,52000HIL
R72 07104B0016,12320,40920,53240,8900,39160,48060,52000HIL
R72 07104B0017,12560,22750,35310,9080,54670,63750,52000HIL
R72 07104B0018,12790,18920,31710,9220,36390,45610,52000HIL
R72 07104B0019,14580,52990,67570,10800,36270,47070,52000HIL
R72 07104B0020,12620,43020,55640,9100,54370,63470,52000HIL
R72 07104B0021,12370,46840,59210,8920,26140,35060,52000HIL
R72 07104B0022,12370,41830,54200,8920,38600,47520,52000HIL
R72 07104B0023,12370,42600,54970,8920,38240,47160,52000HIL
R72 07104B0024,12370,56610,68980,8920,35340,44260,52000HIL
R72 07104B0025,12370,17810,30180,8920,13360,22280,52000HIL
R72 07104B0026,12240,56180,68420,8810,36820,45630,52000HIL
R72 07104B0027,12110,36430,48540,8710,38120,46830,52000HIL
R72 07104B0028,11990,35860,47850,8600,38190,46790,52000HIL
R72 07104B0029,11730,44160,55890,8390,36970,45360,52000HIL
R72 07104B0030,11860,52660,64520,8500,38080,46580,52000HIL
R72 07104B0031,11860,45160,57020,8500,39760,48260,52000HIL
R72 07104B0032,11480,44370,55850,8180,27240,35420,52000HIL
R72 07104B0033,12110,45790,57900,8710,31810,40520,52000HIL
R72 07104B0034,11860,30630,42490,8460,39810,48270,52000HIL
R72 07104B0035,11860,54720,66580,8500,30890,39390,52000HIL
R72 07104B0036,12090,52550,64640,8680,37700,46380,52000HIL
R72 07104B0037,12560,48290,60850,9040,33950,42990,52000HIL
R72 07104B0038,13130,45770,58900,9530,17500,27030,52000HIL
R72 07104B0039,13580,25490,39070,10060,17040,27100,52000HIL
R72 07104B0040,13800,43870,57670,10400,28030,38430,52000HIL
R72 07104B0041,14210,27750,41960,10840,20800,31640,52000HIL
R72 07104B0042,14070,35930,50000,10700,36490,47190,52000HIL
R72 07104B0043,14250,41740,55990,10790,9120,19910,52000HIL
R72 07104B0044,13720,12380,26100,10150,36710,46860,52000HIL
R72 07104B0045,12540,40710,53250,9060,14980,24040,52000HIL
R72 07104B0046,12190,37570,49760,8780,30590,39370,52000HIL
R72 07104B0047,13130,42380,55510,9580,32060,41640,52000HIL
R72 07104B0048,12750,42900,55650,9270,35430,44700,52000HIL
R72 07104B0049,12620,4880,17500,9090,37730,46820,52000HIL
R72 07104B0050,12500,14610,27110,9050,10240,19290,52000HIL
R72 07104B0051,12750,41230,53980,9180,27930,37110,52000HIL
R72 07104B0052,13390,43510,56900,9730,23430,33160,52000HIL
R72 07104B0053,14560,33540,48100,10880,56050,66930,52000HIL
R72 07104B0054,880,0,880,530,0,530,52000HIL
R72 07105 0003,15240,16970,32210,11750,36670,48420,52000HIL
R72 07105 0005,14300,53980,68280,10540,49940,60480,52000HIL
R72 07105 0006,14840,47330,62170,11180,53720,64900,52000HIL
R72 07105 0007,16320,37710,54030,11930,50920,62850,52000HIL
R72 07105 0008,15750,42890,58640,12760,36310,49070,52000HIL
R72 07105 0009,15060,46900,61960,11780,31570,43350,52000HIL
R72 07105 0010,15090,61410,76500,11560,39770,51330,52000HIL
R72 07105 0011,7150,0,7150,4820,0,4820,52000HIL
R72 07105 0012,17440,41640,59080,12640,41410,54050,52000HIL
R72 07105 0013,16000,41800,57800,11010,25040,36050,52000HIL
R72 07105 0014,12190,41990,54180,8640,49220,57860,52000HIL
R72 07105 0015,11130,41040,52170,7880,18720,26600,52000HIL
R72 07105 0016,11240,45280,56520,8010,11610,19620,52000HIL
R72 07106 0001,9360,17870,27230,7460,22950,30410,51000SAN
R72 07106 0002,9360,25360,34720,7460,15990,23450,51000SAN
R72 07106 0004,8690,29170,37860,6880,740,7620,51000SAN
R72 07106 0005,10700,42230,52930,8620,1270,9890,51000SAN
R72 07106 0006,10300,27330,37630,8240,28560,36800,51000SAN
R72 07106 0008,9760,31560,41320,7780,17180,24960,51000SAN
R72 07106 0010,9630,31370,41000,7670,29200,36870,51000SAN
R72 07106 0011,9810,39030,48840,7870,30590,38460,51000SAN
R72 07106 0012,10600,38620,49220,8550,3110,11660,51000SAN
R72 07106 0013,10600,50450,61050,8550,19770,28320,51000SAN
R72 07106 0014,10600,36900,47500,8550,25100,33650,51000SAN
R72 07106 0015,10600,38650,49250,8520,19560,28080,51000SAN
R72 07106 0016,10600,46320,56920,8520,27350,35870,51000SAN
R72 07106 0017,10600,31640,42240,8520,19280,27800,51000SAN
R72 07106 0018,10700,45430,56130,8620,19360,27980,51000SAN
R72 07106 0019,10700,34320,45020,8620,3910,12530,51000SAN
R72 07106 0020,10700,42170,52870,8620,3980,12600,51000SAN
R72 07106 0021,10700,28330,39030,9490,0,9490,51000SAN
R72 07106 0022,10700,44130,54830,8590,33030,41620,51000SAN
R72 07106 0023,10700,42330,53030,8590,32880,41470,51000SAN
R72 07106 0024,10700,41970,52670,8590,2970,11560,51000SAN
R72 07106 0025,10700,41880,52580,8590,1420,10010,51000SAN
R72 07106 0026,10600,35230,45830,8550,1670,10220,51000SAN
R72 07106 0027,10700,20020,30720,8590,17290,25880,51000SAN
R72 07106 0028,10600,14060,24660,8550,20050,28600,51000SAN
R72 07106 0029,10600,30660,41260,8520,18140,26660,51000SAN
R72 07106 0030,10600,12900,23500,8520,11460,19980,51000SAN
R72 07106 0031,10600,36210,46810,8520,26710,35230,51000SAN
R72 07106 0032,10600,37410,48010,8520,3520,12040,51000SAN
R72 07106 0033,12000,26310,38310,10440,2530,12970,51000SAN
R72 07106 0034,10900,39780,50680,9640,0,9640,51000SAN
R72 07106 0035,10900,28100,39000,8760,500,9260,51000SAN
R72 07106 0036,10800,39280,50080,8720,5020,13740,51000SAN
R72 07106 0037,11210,48650,59860,9080,11410,20490,51000SAN
R72 07106 0041,10800,32150,42950,8650,6440,15090,51000SAN
R72 07106 0042,10700,36920,47620,8620,21400,30020,51000SAN
R72 07106 0043,10700,29860,40560,8620,19430,28050,51000SAN
R72 07106 0044,10700,41920,52620,8590,13860,22450,51000SAN
R72 07106 0045,10600,35530,46130,8550,540,9090,51000SAN
R72 07106 0046,8480,0,8480,6840,0,6840,51000SAN
R72 07106 0047,10600,17610,28210,8520,11570,20090,51000SAN
R72 07106 0048,10700,38740,49440,8620,26490,35110,51000SAN
R72 07106 0049,10700,43640,54340,8620,1930,10550,51000SAN
R72 07106 0050,10700,41300,52000,8620,19790,28410,51000SAN
R72 07106 0051,10700,16180,26880,8590,17520,26110,51000SAN
R72 07106 0052,10700,25050,35750,8590,20740,29330,51000SAN
R72 07106 0053,5350,0,5350,3890,0,3890,51000SAN
R72 07106 0054,10700,31500,42200,8590,20920,29510,51000SAN
R72 07106 0055,10600,41660,52260,8550,6830,15380,51000SAN
R72 07106 0056,10600,42540,53140,8550,30280,38830,51000SAN
R72 07106 0057,10600,37160,47760,8550,25390,33940,51000SAN
R72 07106 0058,10600,37280,47880,8550,31040,39590,51000SAN
R72 07106 0059,10600,20850,31450,8550,7150,15700,51000SAN
R72 07106 0060,10600,19500,30100,8550,14030,22580,51000SAN
R72 07106 0061,10600,35940,46540,8520,28440,36960,51000SAN
R72 07106 0062,10600,44270,54870,8520,9570,18090,51000SAN
R72 07106 0063,10400,36910,47310,8340,960,9300,51000SAN
R72 07106 0064,9760,41940,51700,7780,4150,11930,51000SAN
R72 07106 0066,9760,43490,53250,7780,20090,27870,51000SAN
R72 07106 0070,9760,39180,48940,7780,7430,15210,51000SAN
R72 07107 0001,10800,37520,48320,8690,26660,35350,51000SAN
R72 07107 0002,10800,43500,54300,8690,25450,34140,51000SAN
R72 07107 0003,11000,34550,45550,8960,880,9840,51000SAN
R72 07107 0004,10800,36510,47310,8690,29730,38420,51000SAN
R72 07107 0005,10800,38890,49690,8690,48010,56700,51000SAN
R72 07107 0006,10800,41630,52430,8690,930,9620,51000SAN
R72 07107 0007,10800,34710,45510,8690,21580,30270,51000SAN
R72 07107 0009,10400,33080,43480,8340,24910,33250,51000SAN
R72 07107 0010,10400,15500,25900,8340,23130,31470,51000SAN
R72 07107 0011,10400,48090,58490,8340,23960,32300,51000SAN
R72 07107 0012,10800,36530,47330,8650,30380,39030,51000SAN
R72 07107 0013,10800,31590,42390,6920,11980,18900,51000SAN
R72 07107 0014,8100,37010,45110,6490,35980,42470,51000SAN
R72 07107 0015,10800,25480,36280,8690,21870,30560,51000SAN
R72 07107 0016,10800,37730,48530,8690,27970,36660,51000SAN
R72 07107 0017,10800,35480,46280,8690,28160,36850,51000SAN
R72 07107 0018,10800,30970,41770,8690,25280,33970,51000SAN
R72 07107 0019,10800,39120,49920,8690,27300,35990,51000SAN
R72 07107 0021,10800,50710,61510,8690,22780,31470,51000SAN
R72 07107 0022,10400,30740,41140,8340,30250,38590,51000SAN
R72 07107 0023,10400,34010,44410,8340,2900,11240,51000SAN
R72 07107 0024,10400,20040,30440,8340,6160,14500,51000SAN
R72 07107 0025,10400,21850,32250,8340,19730,28070,51000SAN
R72 07107 0026,10800,48930,59730,8650,36030,44680,51000SAN
R72 07107 0027,10800,40720,51520,8650,17670,26320,51000SAN
R72 07107 0028,10800,32990,43790,8650,18230,26880,51000SAN
R72 07107 0029,5600,0,5600,4110,0,4110,51000SAN
R72 07107 0030,11100,37480,48580,9060,20850,29910,51000SAN
R72 07107 0031,11100,13000,24100,8990,13010,22000,51000SAN
R72 07107 0032,11000,24700,35700,8960,34830,43790,51000SAN
R72 07107 0033,11000,42040,53040,8920,17660,26580,51000SAN
R72 07107 0034,11000,42860,53860,8860,39550,48410,51000SAN
R72 07107 0035,5450,0,5450,3990,0,3990,51000SAN
R72 07107 0036,10590,28750,39340,8550,37750,46300,51000SAN
R72 07107 0037,10590,31660,42250,8520,1850,10370,51000SAN
R72 07107 0038,10590,34120,44710,8490,15870,24360,51000SAN
R72 07107 0039,10590,40670,51260,8490,33030,41520,51000SAN
R72 07107 0040,11000,35230,46230,8860,19050,27910,51000SAN
R72 07107 0041,10900,44600,55500,8820,29640,38460,51000SAN
R72 07107 0042,10900,31460,42360,8820,19560,28380,51000SAN
R72 07107 0043,10800,38580,49380,8690,30250,38940,51000SAN
R72 07107 0044,10800,36630,47430,8690,23030,31720,51000SAN
R72 07107 0045,10800,2370,13170,8690,32780,41470,51000SAN
R72 07107 0046,10800,19250,30050,8690,32470,41160,51000SAN
R72 07107 0047,10800,8040,18840,8690,4320,13010,51000SAN
R72 07107 0048,20110,10010,30120,16660,11730,28390,51000SAN
R72 07107 0052,10400,33790,44190,8340,22200,30540,51000SAN
R72 07107 0053,10670,41380,52050,8570,4830,13400,51000SAN
R72 07107 0055,10800,38580,49380,8650,33890,42540,51000SAN
R72 07107 0056,10800,47290,58090,8650,19350,28000,51000SAN
R72 07107 0057,10530,43030,53560,8420,10440,18860,51000SAN
R72 07107 0058,4000,0,4000,2990,0,2990,51000SAN
R72 07108 0008,11210,40670,51880,9080,19550,28630,51000SAN
R72 07108 0009,11210,34720,45930,9080,2810,11890,51000SAN
R72 07108 0010,11070,45840,56910,8920,30060,38980,51000SAN
R72 07108 0011,10800,30650,41450,8690,14350,23040,51000SAN
R72 07108 0012,10800,37460,48260,8690,1040,9730,51000SAN
R72 07108 0013,10800,19380,30180,8690,9120,17810,51000SAN
R72 07108 0015,11040,31230,42270,8910,3060,11970,51000SAN
R72 07108 0016,10360,23910,34270,8310,26810,35120,51000SAN
R72 07108 0018,10260,43860,54120,8250,3500,11750,51000SAN
R72 07108 0020,5130,0,5130,3720,0,3720,51000SAN
R72 07108 0021,10260,36100,46360,8220,16600,24820,51000SAN
R72 07108 0022,12430,42520,54950,10310,44490,54800,51000SAN
R72 07108 0023,10800,24100,34900,8690,19250,27940,51000SAN
R72 07108 0024,10800,23580,34380,4370,0,4370,51000SAN
R72 07108 0025,10800,44580,55380,8690,27000,35690,51000SAN
R72 07108 0026,10800,34150,44950,8690,1660,10350,51000SAN
R72 07108 0029,12300,31980,44280,10720,17840,28560,51000SAN
R72 07108 0031,11550,19160,30710,7810,0,7810,51000SAN
R72 07108 0032,11310,31850,43160,9410,940,10350,51000SAN
R72 07108 0033,5680,0,5680,4280,0,4280,51000SAN
R72 07108 0034,11360,40730,52090,9360,970,10330,51000SAN
R72 07108 0035,5610,0,5610,4170,0,4170,51000SAN
R72 07108 0036,11400,36400,47800,9360,27890,37250,51000SAN
R72 07108 0037,11020,46140,57160,9030,19840,28870,51000SAN
R72 07108 0040,9890,29690,39580,7890,2350,10240,51000SAN
R72 07108 0041,11200,25410,36610,9160,27330,36490,51000SAN
R72 07108 0042,5930,0,5930,4430,0,4430,51000SAN
R72 07108 0043,11240,42190,53430,9150,21170,30320,51000SAN
R72 07108 0044,5220,0,5220,3790,0,3790,51000SAN
R72 07108 0045,10360,14250,24610,8310,21040,29350,51000SAN
R72 07108 0046,10260,32720,42980,8250,3890,12140,51000SAN
R72 07108 0047,10260,48060,58320,8220,9090,17310,51000SAN
R72 07108 0048,10800,37270,48070,8690,3970,12660,51000SAN
R72 07108 0049,10800,13000,23800,8690,4130,12820,51000SAN
R72 07108 0050,10800,38290,49090,8690,3150,11840,51000SAN
R72 07108 0051,10800,29620,40420,8690,1760,10450,51000SAN
R72 07108 0052,10530,46130,56660,8450,28310,36760,51000SAN
R72 07108 0053,10800,34250,45050,8690,940,9630,51000SAN
R72 07108 0055,10800,53180,63980,8690,34550,43240,51000SAN
R72 07108 0056,10800,35600,46400,8690,22430,31120,51000SAN
R72 07108 0069,16610,48960,65570,15340,54690,70030,C8000000
R72 07109 0001,10700,19260,29960,8590,20000,28590,51000SAN
R72 07109 0002,10600,2710,13310,8550,3160,11710,51000SAN
R72 07109 0003,10340,40270,50610,8260,1030,9290,51000SAN
R72 07109 0004,10370,39930,50300,8340,5010,13350,51000SAN
R72 07109 0006,10110,44190,54300,8090,20570,28660,51000SAN
R72 07109 0008,10260,44720,54980,8220,4540,12760,51000SAN
R72 07109 0010,5260,0,5260,3830,0,3830,51000SAN
R72 07109 0012,10530,33750,44280,8450,12670,21120,51000SAN
R72 07109 0015,7560,0,7560,6010,0,6010,51000SAN
R72 07109 0017,10800,37130,47930,8690,35880,44570,51000SAN
R72 07109 0018,10800,40680,51480,8690,8750,17440,51000SAN
R72 07109 0019,10800,20200,31000,8690,36880,45570,51000SAN
R72 07109 0020,10800,47150,57950,8690,2540,11230,51000SAN
R72 07109 0021,10800,40080,50880,8690,6370,15060,51000SAN
R72 07109 0022,10800,24030,34830,8690,21950,30640,51000SAN
R72 07109 0023,10530,23600,34130,4250,0,4250,51000SAN
R72 07109 0024,10530,43250,53780,8450,18000,26450,51000SAN
R72 07109 0026,10530,44480,55010,8450,4100,12550,51000SAN
R72 07109 0028,10530,24110,34640,8450,2020,10470,51000SAN
R72 07109 0034,9950,39170,49120,7970,33430,41400,51000SAN
R72 07109 0036,7850,36210,44060,6370,23430,29800,51000SAN
R72 07109 0038,10600,31470,42070,8490,17730,26220,51000SAN
R72 07109 0039,10600,27050,37650,8490,1000,9490,51000SAN
R72 07109 0040,10600,17760,28360,8490,790,9280,51000SAN
R72 07109 0041,9200,36690,45890,7340,2110,9450,51000SAN
R72 07109 0042,10600,34540,45140,8490,3080,11570,51000SAN
R72 07109 0043,10600,45140,55740,8490,1120,9610,51000SAN
R72 07109 0044,10600,34650,45250,4270,0,4270,51000SAN
R72 07109 0045,10600,42910,53510,8490,19900,28390,51000SAN
R72 07109 0046,10470,43920,54390,8370,25820,34190,51000SAN
R72 07109 0047,10300,41060,51360,8240,620,8860,51000SAN
R72 07109 0048,10400,39030,49430,8370,25560,33930,51000SAN
R72 07109 0049,5310,0,5310,3870,0,3870,51000SAN
R72 07109 0051,10600,18510,29110,8490,21930,30420,51000SAN
R72 07109 0052,10600,28850,39450,8490,4010,12500,51000SAN
R72 07109 0053,10600,30330,40930,4270,0,4270,51000SAN
R72 07109 0054,10340,25760,36100,590,2910,3500,51000SAN
R72 07109 0055,5300,0,5300,3840,0,3840,51000SAN
R72 07109 0057,10600,25980,36580,8490,27530,36020,51000SAN
R72 07109 0059,10600,31220,41820,9350,0,9350,51000SAN
R72 07109 0061,10870,17830,28700,8710,19910,28620,51000SAN
R72 07109 0063,10600,36500,47100,8490,17640,26130,51000SAN
R72 07109 0064,10600,13230,23830,8490,11840,20330,51000SAN
R72 07109 0065,10600,30280,40880,8490,3970,12460,51000SAN
R72 07109 0066,12000,34220,46220,12000,0,12000,51000SAN
R72 07109 0067,9140,12990,22130,7250,26480,33730,51000SAN
R72 07109 0068,9230,24690,33920,7320,7540,14860,51000SAN
R72 07109 0069,11210,39510,50720,9040,3170,12210,51000SAN
R72 07109 0070,8880,34890,43770,7070,1320,8390,51000SAN
R72 07110 0001,9900,32840,42740,7920,22200,30120,51000SAN
R72 07110 0002,9800,38550,48350,7850,17350,25200,51000SAN
R72 07110 0003,11200,6510,17710,9160,820,9980,51000SAN
R72 07110 0004,11200,18650,29850,9090,5330,14420,51000SAN
R72 07110 0005,11100,20450,31550,9060,23960,33020,51000SAN
R72 07110 0006,11100,43460,54560,9020,4820,13840,51000SAN
R72 07110 0007,11000,42290,53290,8960,32240,41200,51000SAN
R72 07110 0008,11000,45450,56450,8920,4220,13140,51000SAN
R72 07110 0009,11000,37660,48660,8860,19150,28010,51000SAN
R72 07110 0010,10900,38520,49420,8820,4800,13620,51000SAN
R72 07110 0011,10900,38430,49330,8760,3360,12120,51000SAN
R72 07110 0012,10800,43630,54430,8720,25730,34450,51000SAN
R72 07110 0013,10800,34060,44860,8690,1420,10110,51000SAN
R72 07110 0014,10700,40950,51650,8620,18200,26820,51000SAN
R72 07110 0015,10800,43850,54650,8690,1930,10620,51000SAN
R72 07110 0016,10800,41040,51840,8690,2840,11530,51000SAN
R72 07110 0017,10800,31870,42670,8690,22320,31010,51000SAN
R72 07110 0018,10800,25230,36030,6950,10950,17900,51000SAN
R72 07110 0019,10800,38180,48980,8690,10300,18990,51000SAN
R72 07110 0020,10800,20350,31150,8690,3960,12650,51000SAN
R72 07110 0021,10800,45290,56090,8690,17890,26580,51000SAN
R72 07110 0022,10800,41880,52680,8690,3870,12560,51000SAN
R72 07110 0023,10800,38880,49680,8690,1790,10480,51000SAN
R72 07110 0024,10800,43790,54590,8690,7550,16240,51000SAN
R72 07110 0025,10800,51430,62230,8690,22400,31090,51000SAN
R72 07110 0026,10800,44460,55260,8690,20550,29240,51000SAN
R72 07110 0027,10800,47410,58210,8690,24960,33650,51000SAN
R72 07110 0029,10070,43560,53630,8040,30820,38860,51000SAN
R72 07110 0030,10070,40370,50440,8040,3810,11850,51000SAN
R72 07110 0031,9980,40740,50720,8010,19030,27040,51000SAN
R72 07110 0032,10600,26090,36690,8490,1740,10230,51000SAN
R72 07110 0033,10600,37570,48170,8490,1600,10090,51000SAN
R72 07110 0034,10600,31280,41880,8490,16910,25400,51000SAN
R72 07110 0035,10600,9320,19920,8490,17160,25650,51000SAN
R72 07110 0036,10600,25720,36320,8490,22010,30500,51000SAN
R72 07110 0037,10600,42030,52630,8490,17410,25900,51000SAN
R72 07110 0038,10600,15560,26160,8490,710,9200,51000SAN
R72 07110 0039,10600,43480,54080,8490,19190,27680,51000SAN
R72 07110 0040,10600,14660,25260,8490,2740,11230,51000SAN
R72 07110 0041,10600,42110,52710,8490,31960,40450,51000SAN
R72 07110 0042,10600,42490,53090,8490,2770,11260,51000SAN
R72 07110 0048,10600,30370,40970,8490,40660,49150,51000SAN
R72 07110 0049,5300,0,5300,3840,0,3840,51000SAN
R72 07110 0050,10600,34560,45160,8490,23620,32110,51000SAN
R72 07110 0051,10600,32330,42930,8490,23200,31690,51000SAN
R72 07110 0052,10600,42450,53050,8490,17330,25820,51000SAN
R72 07110 0053,10600,44470,55070,8490,22080,30570,51000SAN
R72 07110 0054,10600,36340,46940,8490,28540,37030,51000SAN
R72 07110 0055,10600,8940,19540,8490,17800,26290,51000SAN
R72 07110 0056,10600,13550,24150,8490,17900,26390,51000SAN
R72 07110 0057,8200,32360,40560,6670,21870,28540,51000SAN
R72 07201 0002,14290,51300,65590,11700,62210,73910,61000DVT
R72 07201 0009,10690,54200,64890,8500,50200,58700,61000DVT
R72 07201 0010,10690,54860,65550,8500,3080,11580,61000DVT
R72 07201 0011,5330,0,5330,3850,0,3850,61000DVT
R72 07201 0012,10690,46700,57390,8500,43490,51990,61000DVT
R72 07201 0013,10690,36240,46930,8500,41170,49670,61000DVT
R72 07201 0014,10690,46060,56750,8500,39670,48170,61000DVT
R72 07201 0015,10690,32730,43420,8500,21210,29710,61000DVT
R72 07201 0016,10690,29640,40330,8500,31170,39670,61000DVT
R72 07201 0018,11210,47230,58440,4460,0,4460,61000DVT
R72 07201 0029,10690,48410,59100,8500,39730,48230,61000DVT
R72 07201 0030,10690,29330,40020,8500,7720,16220,61000DVT
R72 07201 0032,10690,39010,49700,8500,0,8500,61000DVT
R72 07201 0034,7160,0,7160,5230,0,5230,61000DVT
R72 07201 0036,12960,45960,58920,10390,44990,55380,61000DVT
R72 07201 0038,11480,35110,46590,9100,27950,37050,61000DVT
R72 07201 0039,11210,48560,59770,8860,39960,48820,61000DVT
R72 07201 0040,11210,43620,54830,8860,22200,31060,61000DVT
R72 07201 0041,11210,39380,50590,8860,38620,47480,61000DVT
R72 07203 0001,12190,33310,45500,9710,44100,53810,61000UNR
R72 07203 0002,12510,48570,61080,10040,69620,79660,61000UNR
R72 07203 0006,13310,50840,64150,10970,74870,85840,61000UNR
R72 07203 0008,13420,53780,67200,11400,74260,85660,61000UNR
R72 07203 0009,13200,42420,55620,10620,59940,70560,61000UNR
R72 07203 0010,13200,32990,46190,10620,54320,64940,61000UNR
R72 07203 0011,13200,27340,40540,10620,81100,91720,61000UNR
R72 07203 0012,15780,34710,50490,10620,18540,29160,61000UNR
R72 07203 0013,13200,30190,43390,10620,58560,69180,61000UNR
R72 07203 0014,13200,37890,51090,10620,65910,76530,61000UNR
R72 07203 0015,13200,43630,56830,4810,0,4810,61000UNR
R72 07203 0016,13200,33850,47050,5680,54650,60330,61000UNR
R72 07203 0020,13380,30080,43460,10720,19160,29880,61000UNR
R72 07203 0022,11040,32380,43420,8880,44120,53000,61000UNR
R72 07203 0023,11160,35990,47150,8960,47460,56420,61000UNR
R72 07203 0025,11160,28420,39580,8920,37740,46660,61000UNR
R72 07203 0026,11040,40590,51630,8880,53380,62260,61000UNR
R72 07203 0027,11160,20180,31340,8920,47900,56820,61000UNR
R72 07203 0028,7600,27810,35410,6180,37660,43840,61000UNR
R72 07203 0029,11160,27410,38570,8960,47520,56480,61000UNR
R72 07203 0032,7520,27480,35000,6150,13120,19270,61000UNR
R72 07203 0033,0,0,0,0,0,0,61000UNR
R72 07205 0001,19430,113170,132600,17050,145990,163040,61000UNR
R72 07205 0002,23200,97990,121190,18700,153140,171840,61000UNR
R72 07205 0004,7000,0,7000,5160,0,5160,61000UNR
R72 07205 0005,13500,50940,64440,10860,54510,65370,61000UNR
R72 07205 0006,13380,45570,58950,10780,66310,77090,61000UNR
R72 07205 0007,13000,39500,52500,10400,49950,60350,61000UNR
R72 07205 0008,11990,49940,61930,9600,53660,63260,61000UNR
R72 07205 0009,19570,215520,235090,15860,202910,218770,61000UNR
R72 07205 0010,890,0,890,710,0,710,61000UNR
R72 07205 0011,13250,70340,83590,10650,63030,73680,61000UNR
R72 07205 0012,6630,0,6630,4820,0,4820,61000UNR
R72 07205 0013,19390,111750,131140,15910,137720,153630,61000UNR
R72 07206 0001,13250,70080,83330,10760,89400,100160,61000UNR
R72 07206 0002,14250,56320,70570,11700,61910,73610,61000UNR
R72 07206 0003,14250,52170,66420,11700,66700,78400,61000UNR
R72 07206 0004,14250,53880,68130,11700,69830,81530,61000UNR
R72 07206 0005,14250,57880,72130,11700,68270,79970,61000UNR
R72 07206 0006,14000,53100,67100,11360,63740,75100,61000UNR
R72 07206 0007,13750,6250,20000,11070,19390,30460,61000UNR
R72 07206 0008,13630,15350,28980,11030,52160,63190,61000UNR
R72 07206 0009,13630,41170,54800,10990,44950,55940,61000UNR
R72 07206 0010,6810,0,6810,4950,0,4950,61000UNR
R72 07206 0011,13250,74360,87610,10690,90990,101680,61000UNR
R72 07206 0012,6350,3370,9720,5130,4390,9520,61000UNR
R72 07206 0013,12150,37730,49880,9680,50440,60120,61000UNR
R72 07206 0014,15670,79070,94740,12790,115550,128340,61000UNR
R72 07206 0015,17580,42190,59770,14560,44760,59320,61000UNR
R72 07206 0016,13500,40450,53950,10880,55860,66740,61000UNR
R72 07206 0017,13250,37820,51070,10650,59060,69710,61000UNR
R72 07206 0018,6880,0,6880,5010,0,5010,61000UNR
R72 07206 0019,14000,106910,120910,11450,137440,148890,61000UNR
R72 07206 0020,15730,46050,61780,12670,66010,78680,61000UNR
R72 07206 0021,14030,45070,59100,11390,56120,67510,61000UNR
R72 07206 0022,14420,76720,91140,11750,81970,93720,61000UNR
R72 07206 0023,14550,59230,73780,11970,81580,93550,61000UNR
R72 07206 0024,14040,40680,54720,11360,71330,82690,61000UNR
R72 07206 0025,12340,42250,54590,9880,53800,63680,61000UNR
R72 07206 0026,25490,80510,106000,19830,109960,129790,61000UNR
R72 07206 0027,19460,38260,57720,15790,48380,64170,61000UNR
R72 07206 0031,15660,71560,87220,13160,65490,78650,61000UNR
R72 07207 0002,23040,48710,71750,18440,54300,72740,61000UNR
R72 07207 0003,14500,44070,58570,12120,52140,64260,61000UNR
R72 07207 0004,14380,43410,57790,11990,58510,70500,61000UNR
R72 07207 0005,14380,23060,37440,11910,59870,71780,61000UNR
R72 07207 0006,14380,42520,56900,11990,65570,77560,61000UNR
R72 07207 0007,14500,45890,60390,12120,66120,78240,61000UNR
R72 07207 0008,14630,43590,58220,12250,75510,87760,61000UNR
R72 07207 0009,14330,41120,55450,12120,46420,58540,61000UNR
R72 07207 0010,13250,53720,66970,10650,65120,75770,61000UNR
R72 07207 0011,13250,40510,53760,10650,55190,65840,61000UNR
R72 07207 0012,13250,24000,37250,10650,40220,50870,61000UNR
R72 07207 0013,13250,37640,50890,10650,36840,47490,61000UNR
R72 07207 0014,13250,44510,57760,10650,47770,58420,61000UNR
R72 07207 0015,13250,41650,54900,10650,56790,67440,61000UNR
R72 07207 0016,13250,52860,66110,10650,61670,72320,61000UNR
R72 07207 0017,20720,33130,53850,16490,47580,64070,61000UNR
R72 07207 0018,21130,50220,71350,16980,57670,74650,61000UNR
R72 07207 0019,13660,46280,59940,11140,52710,63850,61000UNR
R72 07207 0020,13660,32120,45780,11140,43340,54480,61000UNR
R72 07207 0021,13660,40270,53930,11140,51090,62230,61000UNR
R72 07207 0022,14250,41240,55490,11660,19300,30960,61000UNR
R72 07207 0023,14000,53780,67780,11360,53020,64380,61000UNR
R72 07207 0024,13630,31920,45550,10990,56630,67620,61000UNR
R72 07207 0025,14580,42080,56660,11730,72370,84100,61000UNR
R72 07207 0026,14550,51770,66320,11570,87260,98830,61000UNR
R72 07207 0027,13400,28380,41780,10570,109690,120260,61000UNR
R72 07207 0028,13650,60210,73860,10950,69830,80780,61000UNR
R72 07207 0029,14290,27050,41340,11660,72010,83670,61000UNR
R72 07207 0030,14820,55120,69940,12280,71910,84190,61000UNR
R72 07207 0031,13660,47240,60900,11290,81700,92990,61000UNR
R72 07207 0032,13050,46950,60000,10660,93360,104020,61000UNR
R72 07207 0033,14380,66820,81200,11990,74220,86210,61000UNR
R72 07207 0034,15380,36570,51950,12830,59700,72530,61000UNR
R72 07207 0036,13490,70060,83550,10630,66150,76780,61000UNR
R72 07207 0040,940,0,940,810,0,810,61000UNR
R72 07208 0001,13750,57170,70920,11150,57260,68410,61000UNR
R72 07208 0002,13750,42420,56170,11150,75020,86170,61000UNR
R72 07208 0003,13750,55890,69640,11150,70080,81230,61000UNR
R72 07208 0004,13880,55540,69420,11320,61720,73040,61000UNR
R72 07208 0005,14130,40410,54540,11620,27660,39280,61000UNR
R72 07208 0006,14380,58290,72670,11870,48720,60590,61000UNR
R72 07208 0007,14500,54400,68900,12200,71430,83630,61000UNR
R72 07208 0008,7380,0,7380,5670,0,5670,61000UNR
R72 07208 0009,15000,72890,87890,12960,66390,79350,61000UNR
R72 07208 0010,14950,79760,94710,13250,111240,124490,61000UNR
R72 07208 0011,13910,86030,99940,11160,95930,107090,61000UNR
R72 07208 0013,15130,58580,73710,13340,69630,82970,61000UNR
R72 07208 0014,15130,46570,61700,13250,66350,79600,61000UNR
R72 07208 0015,15000,46420,61420,13170,72730,85900,61000UNR
R72 07208 0016,9630,55380,65010,8000,57740,65740,61000UNR
R72 07208 0017,14730,34400,49130,12640,65330,77970,61000UNR
R72 07208 0018,14460,58900,73360,12200,68670,80870,61000UNR
R72 07208 0019,14210,62670,76880,11830,69690,81520,61000UNR
R72 07208 0020,14630,120820,135450,12250,110940,123190,61000UNR
R72 07208 0021,7440,0,7440,5750,0,5750,61000UNR
R72 07208 0022,15000,62650,77650,13000,90300,103300,61000UNR
R72 07208 0023,15000,61050,76050,13170,64620,77790,61000UNR
R72 07208 0024,15130,72960,88090,13250,103990,117240,61000UNR
R72 07208 0025,14130,43470,57600,11970,58110,70080,61000UNR
R72 07208 0027,13600,57440,71040,11300,76210,87510,61000UNR
R72 07208 0028,18220,87520,105740,15400,90640,106040,61000UNR
R72 07208 0029,15090,73460,88550,12560,87790,100350,61000UNR
R72 07208 0031,12560,46390,58950,10000,56530,66530,61000UNR
R72 07208 0033,12650,40980,53630,10020,53340,63360,61000UNR
R72 07208 0036,14250,60920,75170,12280,70490,82770,61000UNR
R72 07209 0001,19620,98780,118400,15300,111400,126700,61000UNR
R72 07209 0004,17330,74780,92110,13830,82850,96680,61000UNR
R72 07209 0007,9780,0,9780,6870,0,6870,61000UNR
R72 07209 0010,6940,0,6940,4940,0,4940,61000UNR
R72 07209 0012,12840,78440,91280,10250,82130,92380,61000UNR
R72 07209 0013,18250,117270,135520,14660,115940,130600,61000UNR
R72 07209 0016,16720,11950,28670,13610,87540,101150,61000UNR
R72 07209 0019,17990,81570,99560,14760,129420,144180,61000UNR
R72 07209 0020,12080,0,12080,8710,0,8710,61000UNR
R72 07209 0021,20120,57700,77820,16950,57570,74520,61000UNR
R72 07209 0022,18250,73150,91400,14540,91630,106170,61000UNR
R72 07209 0025,15680,80810,96490,12880,91430,104310,61000UNR
R72 07209 0027,15990,87530,103520,12950,88960,101910,61000UNR
R72 07209 0028,15910,102500,118410,12770,121020,133790,61000UNR
R72 07209 0030,25500,93620,119120,20630,127270,147900,61000UNR
R72 07209 0032,14650,67900,82550,11740,86400,98140,61000UNR
R72 07209 0034,14410,73040,87450,11540,71460,83000,61000UNR
R72 07209 0039,16140,38420,54560,13140,50320,63460,61000UNR
R72 07209 0040,18960,52020,70980,14960,64330,79290,61000UNR
R72 07209 0041,13780,38770,52550,11120,41810,52930,61000UNR
R72 07209 0042,13600,21050,34650,10870,38250,49120,61000UNR
R72 07209 0043,8850,0,8850,5940,0,5940,61000UNR
R72 07209 0044,8400,0,8400,6180,0,6180,61000UNR
R72 07209 0045,15600,75210,90810,12620,107650,120270,61000UNR
R72 07209 0046,7360,0,7360,5410,0,5410,61000UNR
R72 07209 0047,18500,62540,81040,15280,108020,123300,61000UNR
R72 07209 0049,14810,29790,44600,11970,40550,52520,61000UNR
R72 07209 0054,5320,0,5320,3830,0,3830,61000UNR
R72 07209 0058,4870,0,4870,3470,0,3470,61000UNR
R72 07209A0001,18390,121610,140000,15120,125640,140760,61000UNR
R72 07209A0002,14720,51380,66100,11920,69400,81320,61000UNR
R72 07209A0003,14440,51110,65550,11720,70930,82650,61000UNR
R72 07209A0004,14310,53110,67420,11570,69730,81300,61000UNR
R72 07209A0005,14310,13190,27500,11570,45020,56590,61000UNR
R72 07209A0006,14440,56550,70990,11620,68370,79990,61000UNR
R72 07209A0007,16300,69180,85480,13320,67530,80850,61000UNR
R72 07209A0008,14130,47320,61450,10980,62340,73320,61000UNR
R72 07209A0009,27810,68040,95850,23190,123700,146890,61000UNR
R72 07209A0011,14280,84180,98460,11440,52670,64110,61000UNR
R72 07209A0013,13350,36850,50200,10630,72210,82840,61000UNR
R72 07209A0014,16130,64810,80940,12940,80120,93060,61000UNR
R72 07209A0016,17120,12740,29860,13830,85660,99490,61000UNR
R72 07209A0018,14660,42050,56710,11860,62190,74050,61000UNR
R72 07209A0019,15170,42210,57380,12230,54120,66350,61000UNR
R72 07209A0020,16430,39830,56260,13310,51040,64350,61000UNR
R72 07209A0021,15450,88250,103700,12510,122540,135050,61000UNR
R72 07209A0022,15440,76450,91890,11940,108510,120450,61000UNR
R72 07209A0023,16580,68950,85530,12340,84140,96480,61000UNR
R72 07209A0024,15620,48250,63870,12010,64370,76380,61000UNR
R72 07209A0025,15470,12530,28000,12410,67380,79790,61000UNR
R72 07209A0027,6620,0,6620,4790,0,4790,61000UNR
R72 07209A0031,11360,56980,68340,9110,63950,73060,61000UNR
R72 07301 0001,15000,81940,96940,15000,126400,141400,61000UNR
R72 07301 0002,16560,50510,67070,12580,62940,75520,61000UNR
R72 07301 0003,16690,105410,122100,13090,133680,146770,61000UNR
R72 07301 0004,19240,38210,57450,15680,62840,78520,61000UNR
R72 07301 0005,15600,83490,99090,12620,125340,137960,61000UNR
R72 07301 0006,26040,112950,138990,22340,190120,212460,61000UNR
R72 07301 0007,29750,104230,133980,24470,195550,220020,61000UNR
R72 07301 0008,19220,115820,135040,15850,158790,174640,61000UNR
R72 07301 0009,19990,111810,131800,15780,190840,206620,61000UNR
R72 07301 0010,14250,82160,96410,11330,132900,144230,61000UNR
R72 07301 0011,15270,75340,90610,11700,88270,99970,61000UNR
R72 07302 0002,9540,0,9540,7570,0,7570,61000UNR
R72 07302 0003,21120,73470,94590,17280,103850,121130,61000UNR
R72 07302 0004,20600,106550,127150,16120,151060,167180,61000UNR
R72 07302 0007,19060,101440,120500,15090,157930,173020,61000UNR
R72 07304 0018,!,!,!
R72 07304 0019,!,!,!
R72 07306 0005,9900,26480,36380,6950,17790,24740,61010SDV
R72 07306 0006,9540,30580,40120,6670,23050,29720,61010SDV
R72 07306 0007,9540,580,10120,6670,840,7510,61010SDV
R72 07306 0015,10140,23060,33200,7060,31160,38220,61010SDV
R72 07306 0016,9540,24580,34120,6670,8030,14700,61010SDV
R72 07306 0017,9540,32400,41940,6670,31930,38600,61010SDV
R72 07306 0018,4790,0,4790,3030,0,3030,61010SDV
R72 07309 0002,4880,0,4880,3080,0,3080,61010ODV
R72 07309 0003,4840,0,4840,3050,0,3050,61010ODV
R72 07309 0004,9660,45040,54700,6720,48270,54990,61010ODV
R72 07309 0005,9660,9020,18680,6750,7080,13830,61010ODV
R72 07309 0006,9660,35370,45030,6750,54820,61570,61010ODV
R72 07309 0007,9660,35760,45420,6750,46910,53660,61010ODV
R72 07309 0008,9540,29950,39490,3370,0,3370,61010ODV
R72 07309 0009,4790,0,4790,3030,0,3030,61010ODV
R72 07309 0011,10500,77520,88020,7300,22390,29690,61010ODV
R72 07309 0016,9900,25410,35310,6970,35430,42400,61010ODV
R72 07309 0017,9900,10290,20190,3480,0,3480,61010ODV
R72 07309 0018,9810,34800,44610,6830,12120,18950,61010ODV
R72 07309 0019,9720,53990,63710,6760,64130,70890,61010ODV
R72 07309 0020,9540,39950,49490,6690,55320,62010,61010ODV
R72 07309 0021,9540,41910,51450,6670,42660,49330,61010ODV
R72 07309 0022,9540,37670,47210,6670,26820,33490,61010ODV
R72 07309 0023,10380,10820,21200,7220,8590,15810,61010ODV
R72 07309 0025,9540,37020,46560,6670,25770,32440,61010ODV
R72 07309 0026,10140,45870,56010,7060,49620,56680,61010ODV
R72 07309 0027,5380,0,5380,3380,0,3380,61010ODV
R72 07310 0001,10620,55180,65800,7380,3940,11320,61010ODV
R72 07310 0002,8940,48570,57510,6270,42000,48270,61010ODV
R72 07310 0004,9540,46490,56030,6670,53080,59750,61010ODV
R72 07310 0006,4380,0,4380,2780,0,2780,61010ODV
R72 07310 0007,8700,46620,55320,6110,35200,41310,61010ODV
R72 07310 0008,12180,41110,53290,9520,41780,51300,61010ODV
R72 07310 0009,11750,30300,42050,6040,31240,37280,61010ODV
R72 07310 0010,9780,49360,59140,6740,52190,58930,61010ODV
R72 07310 0011,9540,21960,31500,6670,25400,32070,61010ODV
R72 07310 0012,4790,0,4790,3030,0,3030,61010ODV
R72 07310 0013,9540,28510,38050,6670,42320,48990,61010ODV
R72 07310 0027,9540,45570,55110,6670,50830,57500,61010ODV
R72 07310 0028,9540,43070,52610,6670,56070,62740,61010ODV
R72 07310 0029,9540,38510,48050,6670,38820,45490,61010ODV
R72 07310 0030,9540,40550,50090,6670,39890,46560,61010ODV
R72 07310 0031,4790,0,4790,3030,0,3030,61010ODV
R72 07310 0032,5540,0,5540,3710,0,3710,61010ODV
R72 07310 0033,9540,45270,54810,6670,25180,31850,61010ODV
R72 07310 0035,10140,46520,56660,7060,45320,52380,61010ODV
R72 07310 0036,10140,43430,53570,7060,54750,61810,61010ODV
R72 07310 0051,690,0,690,510,0,510,61010ODV
R72 07402 0018,14180,37290,51470,10640,52040,62680,HISTXODV
R72 07402 0019,14180,65490,79670,10640,71950,82590,HISTXODV
R72 07402 0020,3540,1740,5280,2660,1600,4260,HISTXODV
R72 07403 0005,1810,0,1810,1310,0,1310,HISTXODV
R72 07406 0026,13070,57470,70540,9850,56510,66360,HISTXODV
R72 07406 0027,13070,34740,47810,9850,11200,21050,HISTXODV
R72 07406 0028,13070,20560,33630,9850,47440,57290,HISTXODV
R72 07406 0029,21530,43060,64590,16180,10970,27150,HISTXODV
R72 07406 0031,7940,0,7940,5380,0,5380,HISTXODV
R72 07406 0033,13070,6110,19180,9850,7030,16880,HISTXODV
R72 07406 0034,13070,6470,19540,4930,0,4930,HISTXODV
R72 07406 0035,13370,16900,30270,8040,0,8040,HISTXODV
R72 07406 0036,13370,46030,59400,10080,66030,76110,HISTXODV
R72 07406 0037,9240,45060,54300,7000,49220,56220,HISTXODV
R72 07406 0038,9240,38140,47380,7000,42910,49910,HISTXODV
R72 07406 0039,9240,37430,46670,7000,36530,43530,HISTXODV
R72 07406 0040,9240,37380,46620,7000,36210,43210,HISTXODV
R72 07406 0041,15000,20200,35200,15000,42950,57950,HISTXODV
R72 07406 0042,9240,36910,46150,7000,39500,46500,HISTXODV
R72 07406 0043,13180,38740,51920,9920,43150,53070,HISTXODV
R72 07406 0044,13330,34590,47920,10030,10290,20320,HISTXODV
R72 07406 0045,6670,0,6670,4520,0,4520,HISTXODV
R72 07406 0046,13330,17720,31050,10990,0,10990,HISTXODV
R72 07406 0047,13640,0,13640,10260,0,10260,HISTXODV
R72 07406 0050,17150,36270,53420,12980,61520,74500,HISTXODV
R72 07406 0051,14680,76860,91540,11050,98830,109880,HISTXODV
R72 07406 0052,14060,38910,52970,10570,8430,19000,HISTXODV
R72 07406 0053,14060,41840,55900,10570,74950,85520,HISTXODV
R72 07406 0054,14060,42360,56420,10570,58880,69450,HISTXODV
R72 07406 0056,25640,29340,54980,19450,47260,66710,HISTXODV
R72 07406 0058,6480,0,6480,4420,0,4420,HISTXODV
R72 07406 0059,12960,41930,54890,9810,55310,65120,HISTXODV
R72 07406 0060,5040,0,5040,3480,0,3480,HISTXODV
R72 07406 0061,4150,0,4150,2870,0,2870,HISTXODV
R72 07406 0062,13240,0,13240,9960,94600,104560,HISTXODV
R72 07406 0069,17550,32640,50190,13960,27370,41330,HISTXODV
R72 07406 0070,19310,6570,25880,15620,19850,35470,HISTXODV
R72 07406 0071,12510,40840,53350,9430,43570,53000,HISTXODV
R72 07406 0072,12530,47020,59550,9500,15330,24830,HISTXODV
R72 07406 0076,8230,15180,23410,6240,15570,21810,HISTXODV
R72 07406 0079,16070,32940,49010,12140,29510,41650,HISTXODV
R72 07406 0080,16070,9610,25680,12140,17790,29930,HISTXODV
R72 07407 0023,6000,0,6000,4100,0,4100,HISTXODV
R72 07407 0024,5930,0,5930,4060,0,4060,HISTXODV
R72 07407 0025,5930,0,5930,4060,0,4060,HISTXODV
R72 07407 0026,16170,63900,80070,12130,79390,91520,HISTXODV
R72 07407 0027,7350,0,7350,4970,0,4970,HISTXODV
R72 07407 0028,13230,36320,49550,9960,47600,57560,HISTXODV
R72 07409 0026,2830,0,2830,2120,0,2120,61010ODV
R72 07409 0027,4410,0,4410,2770,0,2770,61010ODV
R72 07409 0028,3480,0,3480,2370,0,2370,61010ODV
R72 07409 0031,4960,0,4960,3230,0,3230,61010ODV
R72 07409 0032,5090,0,5090,3320,0,3320,61010ODV
R72 07410 0001,3860,0,3860,2510,0,2510,61010ODV
R72 07410 0002,4640,0,4640,2950,0,2950,61010ODV
R72 07410 0004,4580,0,4580,2910,0,2910,61010ODV
R72 07410 0006,5640,0,5640,3580,0,3580,61010ODV
R72 07410 0008,5830,0,5830,3690,0,3690,61010ODV
R72 07410 0025,2960,0,2960,2170,0,2170,61010ODV
R72 07410 0027,3120,0,3120,2220,0,2220,61010ODV
R72 07410 0029,3190,0,3190,2250,0,2250,61010ODV
R72 07410 0031,4310,0,4310,2770,0,2770,61010ODV
R72 07410 0032,5160,0,5160,3370,0,3370,61010ODV
R72 07410 0033,5160,0,5160,3370,0,3370,61010ODV
R72 07410 0034,10270,44010,54280,7430,61520,68950,61010ODV
R72 07410 0035,7700,35040,42740,5570,45530,51100,61010ODV
R72 07410 0036,9870,25430,35300,7110,57890,65000,61010ODV
R72 07410 0037,5160,0,5160,3370,0,3370,61010ODV
R72 07410 0039,5350,0,5350,3500,0,3500,61010ODV
R72 07410 0041,5160,0,5160,3370,0,3370,61010ODV
R72 07410 0042,5480,0,5480,3600,0,3600,61010ODV
R72 07410 0043,6070,0,6070,4010,0,4010,61010ODV
R72 07410 0044,5290,0,5290,3460,0,3460,61010ODV
R72 07410 0048,2830,0,2830,2100,0,2100,61010ODV
R72 07410 0049,3120,0,3120,2220,0,2220,61010ODV
R72 07411 0002,10800,41400,52200,8110,35390,43500,61010ODV
R72 07411 0004,8820,0,8820,6160,0,6160,61010ODV
R72 07411 0005,4620,0,4620,5770,0,5770,61010ODV
R72 07411 0007,9190,0,9190,6410,0,6410,61010ODV
R72 07411 0017,3050,0,3050,2180,0,2180,61010ODV
R72 07411 0051,2490,0,2490,1880,0,1880,61010ODV
R72 07411 0052,6150,41620,47770,4800,30170,34970,61010ODV
R72 07411 0061,9320,0,9320,6430,86940,93370,61010ODV
R72 07411 0062,8700,0,8700,6080,86940,93020,61010ODV
R72 07411 0063,8700,0,8700,6080,87070,93150,61010ODV
R72 07411 0064,8700,0,8700,6080,98770,104850,61010ODV
R72 07411 0067,8700,0,8700,6080,87840,93920,61010ODV
R72 07411 0068,6960,0,6960,4860,0,4860,61010ODV
R72 07411 0069,9320,0,9320,6430,0,6430,61010ODV
R72 07411 0070,9320,0,9320,6430,99990,106420,61010ODV
R72 07411 0071,8700,0,8700,6080,88330,94410,61010ODV
R72 07411 0072,8700,0,8700,6080,0,6080,61010ODV
R72 07411 0073,6960,0,6960,4860,0,4860,61010ODV
R72 07411 0074,6960,101960,108920,4860,91690,96550,61010ODV
R72 07411 0075,8700,0,8700,6080,89010,95090,61010ODV
R72 07411 0076,8600,0,8600,6020,100580,106600,61010ODV
R72 07411 0077,8600,0,8600,6020,88530,94550,61010ODV
R72 07411 0078,9220,0,9220,6370,0,6370,61010ODV
R72 07411 0079,12970,0,12970,8960,0,8960,61010ODV
R72 07411 0080,12970,0,12970,8960,0,8960,61010ODV
R72 07411 0081,5580,0,5580,6770,0,6770,61010ODV
R72 07411 0082,5580,0,5580,6770,0,6770,61010ODV
R72 07411 0083,3350,0,3350,6770,0,6770,61010ODV
R72 07411 0084,3370,0,3370,6800,0,6800,61010ODV
R72 07411 0085,4850,0,4850,6800,0,6800,61010ODV
R72 07411 0086,!,!,!
R72 07412 0001,2320,0,2320,5350,0,5350,61010ODV
R72 07412 0003,4380,0,4380,2780,0,2780,61010ODV
R72 07412 0004,8820,19120,27940,6190,21820,28010,61010ODV
R72 07412 0005,8820,41330,50150,6190,23080,29270,61010ODV
R72 07412 0007,8820,32230,41050,6190,39110,45300,61010ODV
R72 07412 0008,8410,34330,42740,9800,48150,57950,61010ODV
R72 07412 0009,4440,0,4440,2820,0,2820,61010ODV
R72 07412 0010,8820,19380,28200,6190,26570,32760,61010ODV
R72 07412 0011,8820,3670,12490,6190,0,6190,61010ODV
R72 07412 0012,4440,0,4440,2820,0,2820,61010ODV
R72 07412 0014,7820,25200,33020,5570,34060,39630,61010ODV
R72 07412 0015,7820,28650,36470,5570,35460,41030,61010ODV
R72 07412 0019,3770,0,3770,2470,0,2470,61010ODV
R72 07412 0026,4900,0,4900,3100,0,3100,61010ODV
R72 07412 0027,9750,35530,45280,6820,59330,66150,61010ODV
R72 07412 0034,9630,24570,34200,6640,20770,27410,61010ODV
R72 07412 0035,3770,0,3770,2470,0,2470,61010ODV
R72 07412 0038,7820,31860,39680,5590,42610,48200,61010ODV
R72 07412 0042,3520,0,3520,2350,0,2350,61010ODV
R72 07412 0048,440,0,440,110,0,110,61010ODV
R72 07414 0002,8700,0,8700,6080,94910,100990,61010ODV
R72 07414 0003,8700,0,8700,6080,84460,90540,61010ODV
R72 07414 0005,4360,0,4360,2770,85640,88410,61010ODV
R72 07414 0006,8700,0,8700,6080,84930,91010,61010ODV
R72 07414 0007,8700,0,8700,6080,85600,91680,61010ODV
R72 07414 0008,8700,0,8700,6080,97950,104030,61010ODV
R72 07414 0009,8700,0,8700,6080,65440,71520,61010ODV
R72 07414 0010,8700,0,8700,6080,85330,91410,61010ODV
R72 07414 0011,8700,0,8700,6080,85810,91890,61010ODV
R72 07414 0012,8700,0,8700,6080,89060,95140,61010ODV
R72 07414 0018,9150,0,9150,6400,87430,93830,61010ODV
R72 07414 0019,9150,0,9150,6400,86870,93270,61010ODV
R72 07414 0021,9150,0,9150,6400,104590,110990,61010ODV
R72 07414 0022,9150,0,9150,6400,104590,110990,61010ODV
R72 07414 0024,9360,0,9360,6540,57770,64310,61010ODV
R72 07414 0025,9360,0,9360,6540,61660,68200,61010ODV
R72 07414 0026,9360,0,9360,6540,97950,104490,61010ODV
R72 07414 0027,9360,0,9360,6540,97470,104010,61010ODV
R72 07501 0001,10760,43970,54730,3750,0,3750,61010ODV
R72 07501 0005,10330,54900,65230,3660,0,3660,61010ODV
R72 07501 0007,9620,34330,43950,6800,35220,42020,61010ODV
R72 07501 0011,11290,34300,45590,4140,0,4140,61010ODV
R72 07501 0013,5650,0,5650,3780,0,3780,61010ODV
R72 07501 0015,10660,22040,32700,7180,48330,55510,61010ODV
R72 07501 0018,9870,40090,49960,7050,53390,60440,61010ODV
R72 07501 0019,9870,17760,27630,7050,48430,55480,61010ODV
R72 07501 0020,9870,50650,60520,7070,59450,66520,61010ODV
R72 07501 0021,4960,0,4960,3220,0,3220,61010ODV
R72 07501 0022,9870,23150,33020,7110,16300,23410,61010ODV
R72 07501 0023,10660,0,10660,7660,0,7660,61010ODV
R72 07501 0024,10660,0,10660,7660,0,7660,61010ODV
R72 07501 0025,8570,33250,41820,6000,32010,38010,61010ODV
R72 07501 0027,5350,0,5350,3470,0,3470,61010ODV
R72 07501 0035,7640,11870,19510,5160,0,5160,61010ODV
R72 07501 0036,6840,36100,42940,5130,17410,22540,61010ODV
R72 07501 0037,9420,31010,40430,7040,0,7040,61010ODV
R72 07501 0038,5670,0,5670,3290,0,3290,61010ODV
R72 07501 0043,9900,20330,30230,6720,0,6720,61010ODV
R72 07501 0045,7010,20010,27020,5210,24530,29740,61010ODV
R72 07501 0047,8320,0,8320,8390,0,8390,61010ODV
R72 07501 0048,7800,0,7800,8080,0,8080,61010ODV
R72 07501 0049,7840,0,7840,8110,0,8110,61010ODV
R72 07501 0050,8620,0,8620,8570,0,8570,61010ODV
R72 07502 0001,5330,0,5330,3380,0,3380,61010ODV
R72 07502 0004,9990,37980,47970,7040,37910,44950,61010ODV
R72 07502 0005,10080,44710,54790,7070,49570,56640,61010ODV
R72 07502 0006,10080,43870,53950,7090,47810,54900,61010ODV
R72 07502 0007,10080,30170,40250,7110,33630,40740,61010ODV
R72 07502 0008,10170,32040,42210,7140,31240,38380,61010ODV
R72 07502 0009,10170,37610,47780,7140,34520,41660,61010ODV
R72 07502 0010,10170,32060,42230,7160,37700,44860,61010ODV
R72 07502 0011,10810,15900,26710,7650,42430,50080,61010ODV
R72 07502 0013,9900,43860,53760,6900,49400,56300,61010ODV
R72 07502 0014,9900,43860,53760,6950,53840,60790,61010ODV
R72 07502 0016,4970,0,4970,3150,0,3150,61010ODV
R72 07502 0021,15520,12330,27850,5280,32830,38110,61010ODV
R72 07502 0022,!,!,!
R72 07502 0023,8230,35380,43610,6410,0,6410,61010ODV
R72 07502 0024,7780,32460,40240,5110,22280,27390,61010ODV
R72 07502 0025,10800,0,10800,8080,0,8080,61010ODV
R72 07502 0026,10000,0,10000,7240,0,7240,61010ODV
R72 07502 0027,3000,0,3000,2040,0,2040,61010ODV
R72 07502 0028,8600,3390,11990,6020,11940,17960,61010ODV
R72 07502 0030,2680,0,2680,2060,0,2060,61010ODV
R72 07502 0031,2530,0,2530,1900,0,1900,61010ODV
R72 07502 0032,10430,40290,50720,7300,49030,56330,61010ODV
R72 07502 0034,10060,34870,44930,7050,38380,45430,61010ODV
R72 07502 0035,9810,38740,48550,6880,27270,34150,61010ODV
R72 07502 0036,970,0,970,690,0,690,61010ODV
R72 07502 0037,9690,24660,34350,6770,34010,40780,61010ODV
R72 07502 0038,8820,30100,38920,6180,32680,38860,61010ODV
R72 07502 0039,4320,0,4320,2750,0,2750,61010ODV
R72 07502 0041,4380,0,4380,2770,0,2770,61010ODV
R72 07502 0043,1290,0,1290,920,0,920,61010ODV
R72 07502 0044,1380,0,1380,970,0,970,61010ODV
R72 07502 0045,3330,0,3330,2260,0,2260,61010ODV
R72 07502 0046,3330,0,3330,2260,0,2260,61010ODV
R72 07502 0047,7090,49270,56360,5250,58250,63500,61010ODV
R72 07502 0049,3560,0,3560,2400,0,2400,61010ODV
R72 07502 0052,6250,29230,35480,4770,10350,15120,61010ODV
R72 07502 0057,6560,36580,43140,4950,29940,34890,61010ODV
R72 07502 0058,5880,28920,34800,4580,10600,15180,61010ODV
R72 07502 0059,1770,0,1770,1250,0,1250,61010ODV
R72 07502 0060,!,!,!
R72 07502 0061,!,!,!
R72 07503 0001,4890,0,4890,3210,0,3210,61010ODV
R72 07503 0003,9960,41750,51710,7060,4840,11900,61010ODV
R72 07503 0004,9700,9450,19150,6800,31530,38330,61010ODV
R72 07503 0005,1390,0,1390,2960,0,2960,61010ODV
R72 07503 0012,8210,31830,40040,2950,0,2950,61010ODV
R72 07503 0013,7530,34130,41660,5420,25190,30610,61010ODV
R72 07503 0014,7450,43410,50860,5370,42010,47380,61010ODV
R72 07503 0015,10090,28480,38570,7160,64150,71310,61010ODV
R72 07503 0016,10000,0,10000,7040,0,7040,61010ODV
R72 07503 0017,5060,0,5060,3220,0,3220,61010ODV
R72 07503 0019,7730,48450,56180,5440,84210,89650,61010ODV
R72 07503 0020,12270,43980,56250,8510,98160,106670,61010ODV
R72 07503 0022,9780,28410,38190,6850,63510,70360,61010ODV
R72 07503 0028,5400,0,5400,3220,0,3220,61010ODV
R72 07503 0037,1440,46240,47680,4900,47010,51910,61010ODV
R72 07504 0002,9990,43060,53050,7040,91320,98360,61010ODV
R72 07504 0003,16390,20110,36500,11530,24680,36210,61010ODV
R72 07506 0001,4710,0,4710,3000,0,3000,61010ODV
R72 07506 0002,4710,0,4710,2980,0,2980,61010ODV
R72 07506 0003,9280,33960,43240,6520,21230,27750,61010ODV
R72 07506 0005,9190,27800,36990,6410,38650,45060,61010ODV
R72 07506 0006,9110,43140,52250,6370,55050,61420,61010ODV
R72 07506 0007,0,0,0,0,0,0,99999999
R72 07506 0008,0,0,0,0,0,0,99999999
R72 07506 0009,9600,37200,46800,6700,69820,76520,61010ODV
R72 07506 0012,6980,28220,35200,5130,39220,44350,61010ODV
R72 07506 0013,6980,28530,35510,5130,13670,18800,61010ODV
R72 07506 0014,2960,0,2960,2130,0,2130,61010ODV
R72 07506 0015,7870,29590,37460,5600,32640,38240,61010ODV
R72 07506 0016,8370,27820,36190,5930,32760,38690,61010ODV
R72 07506 0019,6110,0,6110,4370,0,4370,61010ODV
R72 07506 0022,8190,29900,38090,5790,9280,15070,61010ODV
R72 07506 0028,8370,32760,41130,5890,31870,37760,61010ODV
R72 07506 0043,3870,0,3870,2510,0,2510,61010ODV
R72 07506 0044,7770,32120,39890,5560,43440,49000,61010ODV
R72 07506 0045,7930,33360,41290,5630,52240,57870,61010ODV
R72 07506 0046,4030,0,4030,2610,0,2610,61010ODV
R72 07506 0051,3890,0,3890,2500,0,2500,61010ODV
R72 07506 0052,3640,0,3640,2410,0,2410,61010ODV
R72 07506 0054,8440,0,8440,5500,0,5500,61010ODV
R72 07506 0070,6390,0,6390,3940,0,3940,61010ODV
R72 07509 0001,11040,20030,31070,6180,0,6180,61010ODV
R72 07509 0002,10710,49240,59950,7920,29440,37360,61010ODV
R72 07509 0003,10710,45740,56450,7920,73750,81670,61010ODV
R72 07509 0004,10710,22400,33110,7920,36150,44070,61010ODV
R72 07509 0006,5300,0,5300,5670,0,5670,61010ODV
R72 07509 0007,9270,31550,40820,6500,46730,53230,61010ODV
R72 07509 0008,9270,41320,50590,6500,64570,71070,61010ODV
R72 07509 0011,11550,44170,55720,8470,42280,50750,61010ODV
R72 07509 0012,7660,33060,40720,5490,26660,32150,61010ODV
R72 07509 0013,5830,31260,37090,4680,5800,10480,61010ODV
R72 07509 0014,7660,24480,32140,5490,34440,39930,61010ODV
R72 07509 0015,7160,20140,27300,5250,22770,28020,61010ODV
R72 07509 0016,3850,0,3850,2510,0,2510,61010ODV
R72 07509 0017,3600,0,3600,2400,0,2400,61010ODV
R72 07509 0025,10350,47630,57980,7350,58070,65420,61010ODV
R72 07509 0026,10350,46710,57060,7350,55090,62440,61010ODV
R72 07509 0027,10350,42700,53050,7350,48850,56200,61010ODV
R72 07509 0028,10350,38370,48720,7350,43920,51270,61010ODV
R72 07509 0029,12950,16240,29190,9290,13310,22600,61010ODV
R72 07509 0031,10350,32290,42640,7350,76380,83730,61010ODV
R72 07509 0032,5840,0,5840,3760,0,3760,61010ODV
R72 07509 0034,10870,43530,54400,7740,67430,75170,61010ODV
R72 07509 0035,5840,0,5840,3760,0,3760,61010ODV
R72 07509 0039,7070,0,7070,4660,0,4660,61010ODV
R72 07509 0041,9580,5750,15330,7010,4230,11240,61010ODV
R72 07509 0042,4340,0,4340,2700,0,2700,61010ODV
R72 07509 0043,9220,0,9220,6080,0,6080,61010ODV
R72 07509 0044,4260,0,4260,2680,0,2680,61010ODV
R72 07509 0047,5380,0,5380,3580,0,3580,61010ODV
R72 07509 0049,7170,31370,38540,5290,52730,58020,61010ODV
R72 07509 0052,4260,0,4260,2680,0,2680,61010ODV
R72 07509 0053,5360,0,5360,4040,0,4040,61010ODV
R72 07509 0067,5760,0,5760,3920,0,3920,61010ODV
R72 07510 0001,11620,31830,43450,8090,0,8090,61010ODV
R72 07510 0003,5830,0,5830,3690,0,3690,61010ODV
R72 07510 0005,4710,0,4710,2990,0,2990,61010ODV
R72 07510 0006,9360,48360,57720,6580,53400,59980,61010ODV
R72 07510 0009,9360,40560,49920,6580,56460,63040,61010ODV
R72 07510 0010,9360,640,10000,6580,550,7130,61010ODV
R72 07510 0011,9360,640,10000,6580,550,7130,61010ODV
R72 07510 0015,10220,35350,45570,7450,27300,34750,61010ODV
R72 07510 0016,10390,31230,41620,7740,25400,33140,61010ODV
R72 07510 0017,10150,35100,45250,6850,41120,47970,61010ODV
R72 07510 0018,5100,0,5100,3510,0,3510,61010ODV
R72 07510 0019,9930,15550,25480,11890,16640,28530,61010ODV
R72 07510 0022,2550,0,2550,1910,0,1910,61010ODV
R72 07510 0023,9030,34830,43860,6330,46200,52530,61010ODV
R72 07510 0025,9030,32950,41980,6310,38050,44360,61010ODV
R72 07510 0026,8940,40840,49780,6290,44980,51270,61010ODV
R72 07510 0028,6840,10270,17110,5090,6580,11670,61010ODV
R72 07510 0029,4540,0,4540,2880,0,2880,61010ODV
R72 07510 0030,8260,30100,38360,5830,20490,26320,61010ODV
R72 07510 0031,5090,0,5090,3320,0,3320,61010ODV
R72 07510 0034,4530,0,4530,3180,0,3180,61010ODV
R72 07510 0035,4530,0,4530,6340,0,6340,61010ODV
R72 07510 0038,4660,0,4660,2940,0,2940,61010ODV
R72 07510 0039,9350,23760,33110,6510,29390,35900,61010ODV
R72 07510 0040,4700,0,4700,2980,0,2980,61010ODV
R72 07510 0041,4740,0,4740,6580,0,6580,61010ODV
R72 07510 0042,4480,0,4480,2850,0,2850,61010ODV
R72 07510 0043,9010,0,9010,6300,0,6300,61010ODV
R72 07510 0044,4180,0,4180,2670,0,2670,61010ODV
R72 07510 0048,9270,21410,30680,6490,36570,43060,61010ODV
R72 07510 0049,9350,12360,21710,2960,0,2960,61010ODV
R72 07510 0050,9350,0,9350,6540,0,6540,61010ODV
R72 07510 0051,7800,9790,17590,2550,0,2550,61010ODV
R72 07510 0052,9930,41840,51770,6900,38400,45300,61010ODV
R72 07510 0053,10540,69270,79810,7320,59610,66930,61010ODV
R72 07510 0055,8870,37150,46020,2830,0,2830,61010ODV
R72 07510 0057,8380,28280,36660,5870,18850,24720,61010ODV
R72 07510 0063,1760,0,1760,530,0,530,61010ODV
R72 07510 0064,7970,5210,13180,2860,0,2860,61010ODV
R72 07510 0065,3030,0,3030,2190,0,2190,61010ODV
R72 07510 0066,5160,0,5160,3370,0,3370,61010ODV
R72 07510 0068,4480,0,4480,6250,0,6250,61010ODV
R72 07512 0007,7760,43020,50780,5550,53590,59140,61010ODV
R72 07512 0008,3860,0,3860,2520,0,2520,61010ODV
R72 07512 0009,7570,39300,46870,5430,39020,44450,61010ODV
R72 07512 0010,7680,68300,75980,5500,79360,84860,61010ODV
R72 07512 0011,3990,0,3990,5570,0,5570,61010ODV
R72 07512 0012,7840,31310,39150,5610,43880,49490,61010ODV
R72 07512 0014,8010,87140,95150,5710,86830,92540,61010ODV
R72 07512 0015,8100,31440,39540,5770,19870,25640,61010ODV
R72 07512 0016,8400,37830,46230,5950,56160,62110,61010ODV
R72 07512 0019,9660,36840,46500,6770,32640,39410,61010ODV
R72 07512 0020,3980,0,3980,2570,0,2570,61010ODV
R72 07512 0022,8270,29550,37820,5880,40690,46570,61010ODV
R72 07512 0032,8700,0,8700,6080,0,6080,61010ODV
R72 07512 0035,2850,0,2850,2110,0,2110,61010ODV
R72 07512 0041,3820,0,3820,2500,0,2500,61010ODV
R72 07512 0042,4160,0,4160,5840,0,5840,61010ODV
R72 07512 0043,4160,0,4160,5840,0,5840,61010ODV
R72 07512 0044,4160,0,4160,5840,0,5840,61010ODV
R72 07512 0045,4250,0,4250,5960,0,5960,61010ODV
R72 07512 0046,4160,0,4160,5840,0,5840,61010ODV
R72 07512 0047,4160,0,4160,5840,0,5840,61010ODV
R72 07601 0001,6300,0,6300,4330,0,4330,61010SDV
R72 07601 0002,5760,0,5760,3750,0,3750,61010SDV
R72 07601 0003,7320,0,7320,4720,0,4720,61010SDV
R72 07601 0004,8500,19750,28250,5960,8220,14180,61010SDV
R72 07601 0006,4280,0,4280,2720,0,2720,61010SDV
R72 07601 0012,300,0,300,0,0,0,61010SDV
R72 07601 0015,4340,0,4340,2750,0,2750,61010SDV
R72 07601 0016,8740,24080,32820,6120,21080,27200,61010SDV
R72 07601 0019,8620,24330,32950,6040,8720,14760,61010SDV
R72 07601 0020,310,0,310,0,0,0,61010SDV
R72 07601 0043,8380,5660,14040,2980,0,2980,61010SDV
R72 07601 0044,560,0,560,0,0,0,61010SDV
R72 07601 0045,530,0,530,0,0,0,61010SDV
R72 07603 0017,4410,0,4410,2810,0,2810,61010SDV
R72 07603 0018,4410,0,4410,2810,0,2810,61010SDV
R72 07603 0019,8770,33140,41910,6160,22230,28390,61010SDV
R72 07603 0021,4410,0,4410,2810,0,2810,61010SDV
R72 07603 0022,4410,0,4410,2810,0,2810,61010SDV
R72 07603 0024,5400,0,5400,6130,6040,12170,61010SDV
R72 07603 0030,4100,0,4100,2620,0,2620,61010SDV
R72 07603 0031,4450,0,4450,2830,0,2830,61010SDV
R72 07603 0032,8860,0,8860,6210,0,6210,61010SDV
R72 07603 0033,4450,0,4450,2830,0,2830,61010SDV
R72 07603 0034,11940,34460,46400,6090,21940,28030,61010SDV
R72 07603 0036,320,0,320,0,0,0,61010SDV
R72 07603 0037,320,0,320,0,0,0,61010SDV
R72 07603 0038,360,0,360,0,0,0,61010SDV
R72 07603 0039,1730,0,1730,1240,0,1240,61010SDV
R72 07604 0001,9010,38770,47780,6320,34130,40450,61010SDV
R72 07604 0002,9010,38770,47780,6320,38630,44950,61010SDV
R72 07604 0003,4760,0,4760,3010,0,3010,61010SDV
R72 07604 0004,4530,0,4530,2880,0,2880,61010SDV
R72 07604 0006,9010,39220,48230,6320,5710,12030,61010SDV
R72 07604 0007,4530,0,4530,2880,0,2880,61010SDV
R72 07604 0009,280,0,280,0,0,0,61010SDV
R72 07604 0011,8820,27530,36350,6210,28390,34600,61010SDV
R72 07604 0012,320,0,320,0,0,0,61010SDV
R72 07604 0013,320,0,320,0,0,0,61010SDV
R72 07604 0018,260,0,260,0,0,0,61010SDV
R72 07604 0019,320,0,320,0,0,0,61010SDV
R72 07604 0020,8820,20590,29410,6210,11430,17640,61010SDV
R72 07604 0026,4530,0,4530,2880,0,2880,61010SDV
R72 07604 0027,9010,19910,28920,6320,20960,27280,61010SDV
R72 07604 0028,4530,0,4530,2880,0,2880,61010SDV
R72 07604 0029,4350,0,4350,2770,0,2770,61010SDV
R72 07604 0030,4640,0,4640,2940,0,2940,61010SDV
R72 07604 0034,4470,0,4470,2840,0,2840,61010SDV
R72 07604 0048,220,0,220,0,0,0,61010SDV
R72 07607 0015,11800,17490,29290,13980,8600,22580,61010SDV
R72 07607 0016,7950,20720,28670,5660,11550,17210,61010SDV
R72 07607 0017,9610,0,9610,6340,0,6340,61010SDV
R72 07607 0019,12360,26600,38960,8220,27450,35670,61010SDV
R72 07607 0020,12360,8990,21350,8220,4740,12960,61010SDV
R72 07607 0021,12360,19860,32220,8250,6620,14870,61010SDV
R72 07607 0023,4830,0,4830,3070,0,3070,61010SDV
R72 07607 0025,11400,20270,31670,8120,13160,21280,61010SDV
R72 07607 0033,9740,20550,30290,7300,18670,25970,61010SDV
R72 07607 0036,1630,18490,20120,4440,6540,10980,61010SDV
R72 07607 0045,15540,30830,46370,12060,16990,29050,61010SDV
R72 07607 0050,!,!,!
R72 07608 0023,8640,43320,51960,6050,70610,76660,61010ODV
R72 07608 0024,7560,37860,45420,5440,38800,44240,61010ODV
R72 07608 0025,8460,41520,49980,5960,46090,52050,61010ODV
R72 07608 0026,7910,44180,52090,5650,47060,52710,61010ODV
R72 07608 0027,10710,45460,56170,7920,57000,64920,61010ODV
R72 07608 0028,8460,46640,55100,5960,50190,56150,61010ODV
R72 07608 0029,8460,44210,52670,5960,52640,58600,61010ODV
R72 07608 0030,8460,47480,55940,5960,68820,74780,61010ODV
R72 07608 0031,5380,0,5380,3580,0,3580,61010ODV
R72 07608 0040,7560,31470,39030,5440,35570,41010,61010ODV
R72 07608 0041,7560,24750,32310,5440,37660,43100,61010ODV
R72 07608 0042,7560,28280,35840,5440,32010,37450,61010ODV
R72 07608 0043,7560,28510,36070,5440,25100,30540,61010ODV
R72 07608 0044,7560,26730,34290,5440,23890,29330,61010ODV
R72 07608 0045,8460,45250,53710,5960,49060,55020,61010ODV
R72 07608 0051,6820,32100,38920,5080,30480,35560,61010ODV
R72 07609 0001,5420,0,5420,3460,0,3460,61010SDV
R72 07609 0002,11100,5720,16820,8020,0,8020,61010SDV
R72 07609 0003,11380,29390,40770,3790,0,3790,61010SDV
R72 07609 0004,10010,28900,38910,7590,14080,21670,61010SDV
R72 07609 0007,4830,0,4830,3260,0,3260,61010SDV
R72 07609 0008,12360,7360,19720,8220,50230,58450,61010SDV
R72 07609 0009,2540,0,2540,1770,0,1770,61010SDV
R72 07609 0013,4610,0,4610,2910,0,2910,61010SDV
R72 07609 0015,19830,43780,63610,12770,12490,25260,61010SDV
R72 07609 0016,7170,0,7170,5360,0,5360,61010SDV
R72 07609 0017,6880,0,6880,4650,0,4650,61010SDV
R72 07609 0018,12360,14800,27160,8250,22300,30550,61010SDV
R72 07609 0019,6200,0,6200,4130,0,4130,61010SDV
R72 07609 0021,10010,29980,39990,7590,26940,34530,61010SDV
R72 07609 0025,7940,34950,42890,5680,18560,24240,61010SDV
R72 07609 0030,9260,0,9260,7840,0,7840,61010SDV
R72 07609 0032,10010,40560,50570,7590,24390,31980,61010SDV
R72 07609 0033,4810,5060,9870,3640,3760,7400,61010SDV
R72 07609 0034,5720,9530,15250,4170,6310,10480,61010SDV
R72 07609 0035,5720,20880,26600,4170,6730,10900,61010SDV
R72 07609 0038,5720,21000,26720,4170,7010,11180,61010SDV
R72 07609 0040,5790,22880,28670,4200,7850,12050,61010SDV
R72 07609 0041,2800,0,2800,2100,0,2100,61010SDV
R72 07609 0047,12000,0,12000,8400,0,8400,61010SDV
R72 07610 0002,10930,19800,30730,7290,27740,35030,61010SDV
R72 07610 0003,10980,23690,34670,7630,18500,26130,61010SDV
R72 07610 0004,5750,0,5750,3670,0,3670,61010SDV
R72 07610 0005,5390,0,5390,3430,0,3430,61010SDV
R72 07610 0006,5470,0,5470,3700,0,3700,61010SDV
R72 07610 0008,10800,23940,34740,8010,16350,24360,61010SDV
R72 07610 0013,5170,0,5170,3300,0,3300,61010SDV
R72 07610 0017,9340,7220,16560,6680,3970,10650,61010SDV
R72 07610 0018,4940,0,4940,3150,0,3150,61010SDV
R72 07610 0019,4810,0,4810,3080,0,3080,61010SDV
R72 07610 0020,4410,0,4410,2810,0,2810,61010SDV
R72 07610 0024,8670,22670,31340,6110,19940,26050,61010SDV
R72 07610 0026,4410,0,4410,2810,0,2810,61010SDV
R72 07610 0034,5200,0,5200,3340,0,3340,61010SDV
R72 07610 0037,4970,0,4970,3120,0,3120,61010SDV
R72 07611 0001,9400,30490,39890,6560,11010,17570,61010SDV
R72 07611 0002,9060,41790,50850,6350,10120,16470,61010SDV
R72 07611 0003,8830,24350,33180,6210,24870,31080,61010SDV
R72 07611 0004,7240,32650,39890,5250,28560,33810,61010SDV
R72 07611 0005,7240,21050,28290,5250,11620,16870,61010SDV
R72 07611 0006,750,0,750,2400,0,2400,61010SDV
R72 07611 0007,7240,23400,30640,5250,25700,30950,61010SDV
R72 07611 0008,3640,0,3640,2400,0,2400,61010SDV
R72 07611 0009,3640,0,3640,2400,0,2400,61010SDV
R72 07611 0010,3640,0,3640,2400,0,2400,61010SDV
R72 07611 0014,10470,11200,21670,5420,5140,10560,61010SDV
R72 07611 0018,5390,22150,27540,4050,6870,10920,61010SDV
R72 07611 0021,3530,0,3530,2360,0,2360,61010SDV
R72 07611 0022,3330,0,3330,2270,0,2270,61010SDV
R72 07611 0023,6300,10520,16820,4840,3650,8490,61010SDV
R72 07611 0025,5660,28870,34530,4130,2190,6320,61010SDV
R72 07611 0028,5570,29650,35220,4140,26470,30610,61010SDV
R72 07611 0029,7110,21960,29070,5140,7280,12420,61010SDV
R72 07701 0001,9000,29610,38610,6310,29290,35600,61010SDV
R72 07701 0002,9000,31550,40550,6310,25170,31480,61010SDV
R72 07701 0003,9000,45970,54970,6310,23000,29310,61010SDV
R72 07701 0004,4520,0,4520,2870,0,2870,61010SDV
R72 07701 0005,9000,30320,39320,6310,30520,36830,61010SDV
R72 07701 0006,9000,29670,38670,6310,11080,17390,61010SDV
R72 07701 0007,9000,25670,34670,6310,9470,15780,61010SDV
R72 07701 0008,9000,25130,34130,6310,30670,36980,61010SDV
R72 07701 0009,9000,37890,46890,6310,7580,13890,61010SDV
R72 07701 0010,9000,16430,25430,2870,0,2870,61010SDV
R72 07701 0011,10020,18430,28450,6950,29540,36490,61010SDV
R72 07701 0012,2510,0,2510,1750,0,1750,61010SDV
R72 07701 0013,5080,0,5080,3190,0,3190,61010SDV
R72 07701 0014,9000,22120,31120,6310,30230,36540,61010SDV
R72 07701 0015,9000,30980,39980,6310,18920,25230,61010SDV
R72 07701 0017,4460,0,4460,2840,0,2840,61010SDV
R72 07701 0018,9110,26040,35150,6380,5630,12010,61010SDV
R72 07701 0020,9000,40190,49190,6310,0,6310,61010SDV
R72 07701 0022,9000,54020,63020,3160,15280,18440,61010SDV
R72 07701 0023,4520,0,4520,2870,0,2870,61010SDV
R72 07701 0024,4520,0,4520,2870,0,2870,61010SDV
R72 07701 0025,9000,20890,29890,6310,7950,14260,61010SDV
R72 07701 0026,9000,7220,16220,6310,5240,11550,61010SDV
R72 07701 0027,4520,0,4520,2870,0,2870,61010SDV
R72 07701 0028,4520,0,4520,2870,0,2870,61010SDV
R72 07701 0029,10020,26440,36460,6950,15650,22600,61010SDV
R72 07701 0030,10020,32730,42750,3510,0,3510,61010SDV
R72 07701 0031,10130,12570,22700,7020,9540,16560,61010SDV
R72 07701 0032,9000,40500,49500,6310,23620,29930,61010SDV
R72 07701 0033,9000,28780,37780,6310,37580,43890,61010SDV
R72 07701 0034,4520,0,4520,2870,0,2870,61010SDV
R72 07701 0035,9000,29280,38280,6310,10090,16400,61010SDV
R72 07701 0036,9000,30490,39490,6310,20730,27040,61010SDV
R72 07701 0037,13520,20030,33550,9140,18590,27730,61010SDV
R72 07701 0039,9000,3320,12320,3160,2570,5730,61010SDV
R72 07701 0040,4520,0,4520,2870,0,2870,61010SDV
R72 07701 0041,9000,12250,21250,6310,8300,14610,61010SDV
R72 07701 0042,9000,35620,44620,6310,13000,19310,61010SDV
R72 07701 0043,9000,32890,41890,6310,20610,26920,61010SDV
R72 07701 0044,9000,38350,47350,6310,16590,22900,61010SDV
R72 07701 0045,9000,34910,43910,6310,19530,25840,61010SDV
R72 07701 0046,9000,35140,44140,6310,16440,22750,61010SDV
R72 07701 0047,5020,0,5020,3150,0,3150,61010SDV
R72 07701 0048,10020,29140,39160,6950,10600,17550,61010SDV
R72 07701 0049,10020,15240,25260,3510,0,3510,61010SDV
R72 07701 0050,9000,6380,15380,6310,4480,10790,61010SDV
R72 07701 0051,9000,7840,16840,6310,18230,24540,61010SDV
R72 07701 0052,9000,19620,28620,2870,0,2870,61010SDV
R72 07701 0053,9000,37370,46370,6310,9830,16140,61010SDV
R72 07701 0054,9000,26890,35890,6310,12470,18780,61010SDV
R72 07702 0001,9000,34780,43780,6310,9480,15790,61010SDV
R72 07702 0002,4520,0,4520,2870,0,2870,61010SDV
R72 07702 0003,9000,25260,34260,6310,28560,34870,61010SDV
R72 07702 0004,9000,30040,39040,6310,10820,17130,61010SDV
R72 07702 0005,9000,30090,39090,6310,12700,19010,61010SDV
R72 07702 0006,9000,31550,40550,6310,29650,35960,61010SDV
R72 07702 0007,4520,0,4520,2870,0,2870,61010SDV
R72 07702 0008,9000,33730,42730,6310,32740,39050,61010SDV
R72 07702 0009,9000,31110,40110,6310,29150,35460,61010SDV
R72 07702 0010,7200,0,7200,5050,0,5050,61010SDV
R72 07702 0011,9000,21310,30310,6310,16510,22820,61010SDV
R72 07702 0012,4520,0,4520,2870,0,2870,61010SDV
R72 07702 0013,9000,23870,32870,6310,9810,16120,61010SDV
R72 07702 0014,9000,12370,21370,2870,0,2870,61010SDV
R72 07702 0015,9000,35000,44000,6310,22010,28320,61010SDV
R72 07702 0016,9000,14940,23940,2870,0,2870,61010SDV
R72 07702 0017,7200,0,7200,5050,0,5050,61010SDV
R72 07702 0018,9000,8120,17120,6310,7680,13990,61010SDV
R72 07702 0019,9000,23400,32400,6310,21580,27890,61010SDV
R72 07702 0020,4520,0,4520,2870,0,2870,61010SDV
R72 07702 0021,4520,0,4520,2870,0,2870,61010SDV
R72 07702 0022,9000,44320,53320,6310,36450,42760,61010SDV
R72 07702 0023,9000,25840,34840,6310,4540,10850,61010SDV
R72 07702 0024,9000,27330,36330,6310,27010,33320,61010SDV
R72 07702 0025,9000,28910,37910,6310,24360,30670,61010SDV
R72 07702 0026,9000,36070,45070,6310,11800,18110,61010SDV
R72 07702 0027,4520,0,4520,2870,0,2870,61010SDV
R72 07702 0028,4520,0,4520,2870,0,2870,61010SDV
R72 07702 0029,9000,30760,39760,6310,32440,38750,61010SDV
R72 07702 0030,1530,3070,4600,3220,39360,42580,61010SDV
R72 07702 0031,9000,2660,11660,6310,5010,11320,61010SDV
R72 07702 0033,9000,36300,45300,6310,21150,27460,61010SDV
R72 07702 0034,9000,44750,53750,6310,43390,49700,61010SDV
R72 07702 0035,4520,0,4520,2870,0,2870,61010SDV
R72 07702 0037,4520,0,4520,2870,0,2870,61010SDV
R72 07702 0038,7200,0,7200,5050,0,5050,61010SDV
R72 07702 0039,4520,0,4520,2870,0,2870,61010SDV
R72 07702 0040,4520,0,4520,2870,0,2870,61010SDV
R72 07702 0041,6850,23900,30750,4970,23520,28490,61010SDV
R72 07702 0042,9000,30400,39400,6310,24100,30410,61010SDV
R72 07702 0043,9000,13160,22160,6310,9070,15380,61010SDV
R72 07702 0044,4520,0,4520,2870,0,2870,61010SDV
R72 07702 0045,4520,0,4520,2870,0,2870,61010SDV
R72 07702 0046,4520,0,4520,2870,0,2870,61010SDV
R72 07702 0047,9000,22480,31480,6310,4340,10650,61010SDV
R72 07702 0050,9570,37510,47080,6670,13010,19680,61010SDV
R72 07702 0051,9000,26780,35780,6310,18570,24880,61010SDV
R72 07702 0053,6630,24830,31460,4830,21700,26530,61010SDV
R72 07703 0001,5300,5300,10600,6930,19570,26500,61010SDV
R72 07703 0002,9900,36860,46760,6930,6860,13790,61010SDV
R72 07703 0003,990,0,990,700,0,700,61010SDV
R72 07703 0005,9900,23310,33210,6930,17690,24620,61010SDV
R72 07703 0006,8640,0,8640,6930,13050,19980,61010SDV
R72 07703 0007,9900,6890,16790,6930,14950,21880,61010SDV
R72 07703 0008,9900,11340,21240,6930,7170,14100,61010SDV
R72 07703 0009,9900,32050,41950,3490,0,3490,61010SDV
R72 07703 0010,8900,0,8900,5540,4230,9770,61010SDV
R72 07703 0012,4970,0,4970,3140,0,3140,61010SDV
R72 07703 0014,4970,0,4970,3140,0,3140,61010SDV
R72 07703 0015,9900,45570,55470,6930,23380,30310,61010SDV
R72 07703 0016,9900,30300,40200,6930,0,6930,61010SDV
R72 07703 0017,9900,21710,31610,6930,8900,15830,61010SDV
R72 07703 0018,9900,26380,36280,6930,17090,24020,61010SDV
R72 07703 0019,4970,0,4970,3140,0,3140,61010SDV
R72 07703 0020,9900,34380,44280,6930,19420,26350,61010SDV
R72 07703 0024,9900,23320,33220,6930,7960,14890,61010SDV
R72 07703 0025,9900,49210,59110,6930,37490,44420,61010SDV
R72 07703 0026,9900,14450,24350,6930,8010,14940,61010SDV
R72 07703 0027,9900,36800,46700,6930,10680,17610,61010SDV
R72 07703 0028,4970,0,4970,3140,0,3140,61010SDV
R72 07703 0029,9900,42200,52100,6930,12250,19180,61010SDV
R72 07703 0030,9900,10730,20630,6930,6750,13680,61010SDV
R72 07703 0032,4370,0,4370,2760,0,2760,61010SDV
R72 07703 0035,4370,0,4370,2770,0,2770,61010SDV
R72 07703 0038,9900,31040,40940,6930,10190,17120,61010SDV
R72 07703 0041,9900,37520,47420,3490,0,3490,61010SDV
R72 07703 0042,9900,11570,21470,6930,7280,14210,61010SDV
R72 07704 0001,9900,36300,46200,6930,31370,38300,61010SDV
R72 07704 0002,9900,22990,32890,6930,19300,26230,61010SDV
R72 07704 0003,9900,27980,37880,6930,35870,42800,61010SDV
R72 07704 0004,9900,24380,34280,6930,18100,25030,61010SDV
R72 07704 0005,9900,23640,33540,6930,17200,24130,61010SDV
R72 07704 0006,9900,33640,43540,6930,16060,22990,61010SDV
R72 07704 0007,9900,42770,52670,6930,38800,45730,61010SDV
R72 07704 0008,11640,39250,50890,8130,16280,24410,61010SDV
R72 07704 0009,9280,23970,33250,6490,32430,38920,61010SDV
R72 07704 0011,9280,33740,43020,6490,32540,39030,61010SDV
R72 07704 0012,9900,37780,47680,6930,22420,29350,61010SDV
R72 07704 0013,9900,23990,33890,6930,23950,30880,61010SDV
R72 07704 0014,9900,30980,40880,6930,16460,23390,61010SDV
R72 07704 0015,9900,36520,46420,6930,36150,43080,61010SDV
R72 07704 0016,9900,30400,40300,6930,11050,17980,61010SDV
R72 07704 0017,7920,34320,42240,5630,18750,24380,61010SDV
R72 07704 0019,9900,31370,41270,6930,23800,30730,61010SDV
R72 07704 0020,9900,30430,40330,6930,28840,35770,61010SDV
R72 07704 0021,9900,13060,22960,6930,6910,13840,61010SDV
R72 07704 0022,4970,0,4970,3140,0,3140,61010SDV
R72 07704 0023,9900,7930,17830,6930,9280,16210,61010SDV
R72 07704 0024,9900,34160,44060,6930,18780,25710,61010SDV
R72 07704 0025,9900,26750,36650,6930,15350,22280,61010SDV
R72 07704 0026,4970,0,4970,3140,0,3140,61010SDV
R72 07704 0027,9900,13420,23320,6930,14330,21260,61010SDV
R72 07704 0028,4970,0,4970,3140,0,3140,61010SDV
R72 07704 0029,9900,30040,39940,6930,9640,16570,61010SDV
R72 07704 0030,9900,39370,49270,6930,25360,32290,61010SDV
R72 07704 0031,9400,35500,44900,6580,21210,27790,61010SDV
R72 07704 0034,6200,8030,14230,2440,0,2440,61010SDV
R72 07705 0001,10520,37400,47920,7360,38320,45680,61010SDV
R72 07705 0002,9900,34510,44410,6930,32290,39220,61010SDV
R72 07705 0003,9900,25680,35580,6930,20700,27630,61010SDV
R72 07705 0004,9900,30860,40760,6930,19630,26560,61010SDV
R72 07705 0005,10020,32370,42390,7010,32160,39170,61010SDV
R72 07705 0006,10020,28850,38870,3540,0,3540,61010SDV
R72 07705 0007,10520,56300,66820,7360,51470,58830,61010SDV
R72 07705 0008,5590,0,5590,3530,0,3530,61010SDV
R72 07705 0010,990,0,990,700,0,700,61010SDV
R72 07705 0011,9900,31110,41010,8890,5670,14560,61010SDV
R72 07705 0012,9900,32230,42130,6930,30320,37250,61010SDV
R72 07705 0013,9900,32000,41900,6930,33830,40760,61010SDV
R72 07705 0014,10520,31260,41780,7360,18370,25730,61010SDV
R72 07705 0016,11140,45320,56460,7790,25740,33530,61010SDV
R72 07705 0018,11140,30190,41330,7790,36050,43840,61010SDV
R72 07705 0020,11140,46240,57380,7790,48920,56710,61010SDV
R72 07705 0022,9780,29830,39610,6840,19280,26120,61010SDV
R72 07705 0023,9780,26530,36310,6840,27420,34260,61010SDV
R72 07705 0024,9780,29690,39470,6840,15050,21890,61010SDV
R72 07705 0025,9780,32670,42450,6840,19600,26440,61010SDV
R72 07705 0026,9780,33750,43530,6840,21380,28220,61010SDV
R72 07705 0027,7820,0,7820,5470,0,5470,61010SDV
R72 07705 0028,9780,25410,35190,6840,18040,24880,61010SDV
R72 07705 0029,4910,0,4910,3110,0,3110,61010SDV
R72 07705 0030,9780,38990,48770,6840,19910,26750,61010SDV
R72 07705 0031,9900,23310,33210,6930,18450,25380,61010SDV
R72 07705 0032,4970,0,4970,3140,0,3140,61010SDV
R72 07705 0033,9900,23910,33810,6930,17660,24590,61010SDV
R72 07705 0034,9900,22870,32770,6930,28980,35910,61010SDV
R72 07705 0035,9900,24650,34550,6930,19020,25950,61010SDV
R72 07705 0036,9900,4770,14670,3490,0,3490,61010SDV
R72 07705 0037,9900,22010,31910,6930,27890,34820,61010SDV
R72 07705 0038,9900,32710,42610,6930,11970,18900,61010SDV
R72 07705 0039,9900,36620,46520,6930,20510,27440,61010SDV
R72 07705 0040,9900,26040,35940,6930,18580,25510,61010SDV
R72 07705 0042,11140,32040,43180,7790,35680,43470,61010SDV
R72 07706 0001,9900,27090,36990,8890,7210,16100,61010SDV
R72 07706 0002,9900,0,9900,6930,0,6930,61010SDV
R72 07706 0003,9900,33940,43840,6930,37990,44920,61010SDV
R72 07706 0004,4970,0,4970,3140,0,3140,61010SDV
R72 07706 0005,10400,39550,49950,7270,26530,33800,61010SDV
R72 07706 0006,9900,30600,40500,6930,31960,38890,61010SDV
R72 07706 0007,4970,0,4970,3140,0,3140,61010SDV
R72 07706 0008,9900,21240,31140,6870,0,6870,61010SDV
R72 07706 0009,4970,0,4970,3140,0,3140,61010SDV
R72 07706 0010,4570,0,4570,2870,0,2870,61010SDV
R72 07706 0012,4800,0,4800,2980,0,2980,61010SDV
R72 07706 0014,4980,0,4980,3140,0,3140,61010SDV
R72 07706 0016,5330,0,5330,3340,0,3340,61010SDV
R72 07706 0018,10400,13500,23900,7220,6940,14160,61010SDV
R72 07706 0020,12300,22450,34750,8460,11230,19690,61010SDV
R72 07706 0022,3330,0,3330,2170,0,2170,61010SDV
R72 07706 0024,7980,30890,38870,5950,17120,23070,61010SDV
R72 07706 0029,4880,0,4880,3070,0,3070,61010SDV
R72 07706 0030,9010,35750,44760,6320,16860,23180,61010SDV
R72 07706 0034,10890,35200,46090,7510,29800,37310,61010SDV
R72 07706 0035,9010,25210,34220,6320,10230,16550,61010SDV
R72 07706 0044,9010,23000,32010,6320,15100,21420,61010SDV
R72 07706 0049,8540,36240,44780,6030,14580,20610,61010SDV
R72 07706 0051,5190,26110,31300,3770,8990,12760,61010SDV
R72 07706 0054,4780,0,4780,2980,0,2980,61010SDV
R72 07707 0001,9180,7220,16400,6430,4360,10790,61010SDV
R72 07707 0002,4490,0,4490,2850,0,2850,61010SDV
R72 07707 0003,8940,8030,16970,6270,4590,10860,61010SDV
R72 07707 0004,8940,26420,35360,6270,11020,17290,61010SDV
R72 07707 0005,8940,6160,15100,6270,17090,23360,61010SDV
R72 07707 0006,8940,30420,39360,6270,18110,24380,61010SDV
R72 07707 0007,9180,26030,35210,6430,24190,30620,61010SDV
R72 07707 0008,9060,6270,15330,6350,3260,9610,61010SDV
R72 07707 0009,8940,23380,32320,6270,22900,29170,61010SDV
R72 07707 0010,8940,9660,18600,3170,0,3170,61010SDV
R72 07707 0011,8940,24820,33760,6270,12270,18540,61010SDV
R72 07707 0012,8700,20290,28990,6110,7000,13110,61010SDV
R72 07707 0013,9060,22470,31530,6350,16770,23120,61010SDV
R72 07707 0014,9180,42560,51740,6430,36360,42790,61010SDV
R72 07707 0015,8890,28310,37200,6220,24340,30560,61010SDV
R72 07707 0016,8890,34290,43180,6220,19060,25280,61010SDV
R72 07707 0017,8890,36570,45460,6220,22780,29000,61010SDV
R72 07707 0018,8890,25550,34440,6220,23710,29930,61010SDV
R72 07707 0019,8890,9690,18580,6220,8000,14220,61010SDV
R72 07707 0020,8890,25320,34210,6220,24180,30400,61010SDV
R72 07707 0021,8890,29810,38700,6220,23910,30130,61010SDV
R72 07707 0022,8890,35850,44740,6220,27420,33640,61010SDV
R72 07707 0023,8890,30570,39460,6220,20720,26940,61010SDV
R72 07707 0024,8890,14690,23580,6220,3890,10110,61010SDV
R72 07707 0025,9230,30140,39370,6430,11990,18420,61010SDV
R72 07707 0026,8950,12330,21280,6260,4010,10270,61010SDV
R72 07707 0027,8620,21800,30420,6060,0,6060,61010SDV
R72 07707 0028,8620,24780,33400,6060,19140,25200,61010SDV
R72 07707 0029,8620,23910,32530,6060,23120,29180,61010SDV
R72 07707 0030,8620,27780,36400,6060,18500,24560,61010SDV
R72 07707 0031,4330,0,4330,2760,0,2760,61010SDV
R72 07707 0032,8620,21520,30140,6060,10860,16920,61010SDV
R72 07707 0033,8620,25230,33850,6060,21830,27890,61010SDV
R72 07707 0034,8620,23980,32600,6060,11150,17210,61010SDV
R72 07707 0035,8620,19960,28580,6060,19580,25640,61010SDV
R72 07707 0036,8620,27540,36160,6060,15480,21540,61010SDV
R72 07707 0037,8800,26290,35090,6200,9360,15560,61010SDV
R72 07707 0038,8800,30580,39380,6200,24300,30500,61010SDV
R72 07707 0039,8800,20110,28910,6200,13020,19220,61010SDV
R72 07707 0040,8800,31810,40610,6200,14350,20550,61010SDV
R72 07707 0041,8240,18100,26340,5850,11530,17380,61010SDV
R72 07707 0042,8240,22910,31150,5850,11100,16950,61010SDV
R72 07707 0044,11930,27370,39300,8140,15840,23980,61010SDV
R72 07707 0047,8130,24350,32480,5780,12460,18240,61010SDV
R72 07707 0049,8350,25940,34290,5920,18590,24510,61010SDV
R72 07707 0051,8130,26410,34540,5780,9350,15130,61010SDV
R72 07707 0053,8020,22010,30030,5710,20320,26030,61010SDV
R72 07707 0056,8710,22230,30940,6150,6810,12960,61010SDV
R72 07707 0057,8710,26850,35560,6150,6960,13110,61010SDV
R72 07707 0058,8710,22330,31040,6130,14030,20160,61010SDV
R72 07707 0059,8710,22720,31430,6130,12060,18190,61010SDV
R72 07707 0060,8710,26350,35060,6130,13040,19170,61010SDV
R72 07707 0061,8820,23410,32230,6190,6760,12950,61010SDV
R72 07707 0062,8710,23450,32160,6130,6340,12470,61010SDV
R72 07707 0063,8710,24090,32800,6130,10940,17070,61010SDV
R72 07707 0072,8600,23390,31990,6060,12540,18600,61010SDV
R72 07707 0073,8600,14050,22650,3070,0,3070,61010SDV
R72 07707 0074,8600,20900,29500,3070,0,3070,61010SDV
R72 07707 0075,8600,23020,31620,6060,6840,12900,61010SDV
R72 07707 0076,8600,22660,31260,6060,12970,19030,61010SDV
R72 07707 0077,8720,26550,35270,6140,23040,29180,61010SDV
R72 07707 0078,590,0,590,470,0,470,61010SDV
R72 07708 0001,9420,24020,33440,6590,12170,18760,61010SDV
R72 07708 0002,9420,39600,49020,6590,18230,24820,61010SDV
R72 07708 0003,9420,26600,36020,6590,13970,20560,61010SDV
R72 07708 0004,9420,27330,36750,6590,10410,17000,61010SDV
R72 07708 0005,9420,43870,53290,6590,11180,17770,61010SDV
R72 07708 0006,9420,27450,36870,6590,26520,33110,61010SDV
R72 07708 0007,9420,28860,38280,6590,21970,28560,61010SDV
R72 07708 0008,7540,0,7540,5270,0,5270,61010SDV
R72 07708 0009,9420,21800,31220,6590,10500,17090,61010SDV
R72 07708 0010,9420,17210,26630,6590,5270,11860,61010SDV
R72 07708 0011,9420,43010,52430,6590,20870,27460,61010SDV
R72 07708 0012,9420,41610,51030,6590,11630,18220,61010SDV
R72 07708 0013,9420,27920,37340,6590,20030,26620,61010SDV
R72 07708 0014,8940,24470,33410,6270,11380,17650,61010SDV
R72 07708 0015,10260,26600,36860,7140,25510,32650,61010SDV
R72 07708 0016,9300,28600,37900,6510,28330,34840,61010SDV
R72 07708 0017,9300,23230,32530,6510,6860,13370,61010SDV
R72 07708 0019,9300,49170,58470,6510,11260,17770,61010SDV
R72 07708 0021,9300,43990,53290,6510,13860,20370,61010SDV
R72 07708 0022,9300,30900,40200,6510,18140,24650,61010SDV
R72 07708 0023,9300,22690,31990,6510,14110,20620,61010SDV
R72 07708 0024,4670,0,4670,2960,0,2960,61010SDV
R72 07708 0025,13850,31780,45630,9530,38620,48150,61010SDV
R72 07708 0027,9300,32100,41400,6510,24220,30730,61010SDV
R72 07708 0028,9300,33630,42930,6510,15980,22490,61010SDV
R72 07708 0029,9420,12720,22140,6590,8360,14950,61010SDV
R72 07708 0030,9420,27320,36740,6590,15390,21980,61010SDV
R72 07708 0031,9420,13470,22890,6590,7870,14460,61010SDV
R72 07708 0032,9420,28660,38080,6590,16980,23570,61010SDV
R72 07708 0033,9420,26540,35960,6590,25720,32310,61010SDV
R72 07708 0034,9420,29090,38510,6590,6840,13430,61010SDV
R72 07708 0035,9420,24270,33690,6590,23780,30370,61010SDV
R72 07708 0036,9420,24780,34200,6590,14200,20790,61010SDV
R72 07708 0037,4730,0,4730,2990,0,2990,61010SDV
R72 07708 0038,9420,6640,16060,6540,0,6540,61010SDV
R72 07708 0039,9420,22690,32110,6590,12000,18590,61010SDV
R72 07708 0040,9420,24610,34030,6590,13840,20430,61010SDV
R72 07708 0041,9180,30530,39710,6430,18210,24640,61010SDV
R72 07708 0042,9420,12830,22250,6560,9360,15920,61010SDV
R72 07708 0043,9540,22220,31760,6640,0,6640,61010SDV
R72 07708 0044,9540,28990,38530,6640,14180,20820,61010SDV
R72 07708 0045,9540,24610,34150,6640,7070,13710,61010SDV
R72 07708 0046,9540,28220,37760,6640,24790,31430,61010SDV
R72 07708 0047,9540,20860,30400,6640,25520,32160,61010SDV
R72 07708 0048,9540,25200,34740,6640,11720,18360,61010SDV
R72 07708 0049,9540,23580,33120,6640,22550,29190,61010SDV
R72 07708 0050,9540,22170,31710,6640,13680,20320,61010SDV
R72 07708 0051,9540,23800,33340,6640,8910,15550,61010SDV
R72 07708 0052,9540,23710,33250,6640,17920,24560,61010SDV
R72 07708 0053,9540,2710,12250,6640,24640,31280,61010SDV
R72 07708 0054,9300,21480,30780,6480,12580,19060,61010SDV
R72 07708 0055,9300,27710,37010,6480,13730,20210,61010SDV
R72 07708 0056,9300,45070,54370,6480,10670,17150,61010SDV
R72 07708 0057,9300,36660,45960,6480,0,6480,61010SDV
R72 07708 0058,9300,26770,36070,6480,8670,15150,61010SDV
R72 07708 0059,9300,27170,36470,6480,10130,16610,61010SDV
R72 07708 0060,9300,25620,34920,6480,14210,20690,61010SDV
R72 07708 0061,9300,22040,31340,6480,19840,26320,61010SDV
R72 07708 0062,9300,37490,46790,6480,36160,42640,61010SDV
R72 07708 0063,9300,26720,36020,6480,20650,27130,61010SDV
R72 07708 0064,9300,39120,48420,6480,37970,44450,61010SDV
R72 07708 0065,9780,22730,32510,6800,12900,19700,61010SDV
R72 07708 0066,9180,26190,35370,6410,25880,32290,61010SDV
R72 07708 0067,9540,25650,35190,6640,24860,31500,61010SDV
R72 07708 0068,9540,24240,33780,6640,25580,32220,61010SDV
R72 07708 0069,9540,20640,30180,6640,4380,11020,61010SDV
R72 07708 0070,9540,28870,38410,6640,22180,28820,61010SDV
R72 07708 0071,9540,44400,53940,6640,13490,20130,61010SDV
R72 07708 0072,9540,28330,37870,6640,16840,23480,61010SDV
R72 07708 0073,9540,35170,44710,6640,21070,27710,61010SDV
R72 07708 0074,9540,24900,34440,6640,9180,15820,61010SDV
R72 07708 0075,9540,30680,40220,6640,20940,27580,61010SDV
R72 07708 0076,9540,25040,34580,6640,7320,13960,61010SDV
R72 07708 0078,9300,25910,35210,6510,15950,22460,61010SDV
R72 07708 0079,8720,26560,35280,6140,8390,14530,61010SDV
R72 07708 0080,8720,24580,33300,6140,12580,18720,61010SDV
R72 07708 0082,4380,0,4380,2790,0,2790,61010SDV
R72 07708 0083,8720,25060,33780,6140,9900,16040,61010SDV
R72 07708 0084,8720,20960,29680,6140,6290,12430,61010SDV
R72 07708 0085,8720,33320,42040,6140,22410,28550,61010SDV
R72 07708 0086,8830,24220,33050,6210,7640,13850,61010SDV
R72 07708 0087,8720,4100,12820,2790,0,2790,61010SDV
R72 07708 0089,8030,23070,31100,5690,21970,27660,61010SDV
R72 07708 0090,8720,13530,22250,6140,6680,12820,61010SDV
R72 07708 0091,8720,23570,32290,3110,0,3110,61010SDV
R72 07708 0092,8720,25210,33930,3110,0,3110,61010SDV
R72 07708 0093,8720,25730,34450,6140,14050,20190,61010SDV
R72 07708 0094,8600,23440,32040,6060,21540,27600,61010SDV
R72 07708 0095,4270,0,4270,2730,0,2730,61010SDV
R72 07708 0103,10790,42150,52940,7460,40070,47530,61010SDV
R72 07708 0104,11020,42150,53170,7610,45180,52790,61010SDV
R72 07708 0105,11020,42150,53170,7610,27160,34770,61010SDV
R72 07709 0002,9270,31590,40860,6480,15030,21510,61010SDV
R72 07709 0003,4640,21150,25790,3240,8850,12090,61010SDV
R72 07709 0004,9270,25860,35130,6480,13160,19640,61010SDV
R72 07709 0005,9270,27360,36630,6480,13030,19510,61010SDV
R72 07709 0006,9270,25280,34550,6480,18800,25280,61010SDV
R72 07709 0007,13930,24470,38400,9470,21780,31250,61010SDV
R72 07709 0009,4660,0,4660,2950,0,2950,61010SDV
R72 07709 0010,9270,30690,39960,6480,19940,26420,61010SDV
R72 07709 0011,9270,27450,36720,6480,16290,22770,61010SDV
R72 07709 0012,9270,30060,39330,6480,19320,25800,61010SDV
R72 07709 0013,8920,33200,42120,6250,20060,26310,61010SDV
R72 07709 0014,9180,28150,37330,6450,14020,20470,61010SDV
R72 07709 0015,9180,26310,35490,6450,13310,19760,61010SDV
R72 07709 0016,9180,26180,35360,6450,23720,30170,61010SDV
R72 07709 0017,9180,28620,37800,6450,17720,24170,61010SDV
R72 07709 0018,9180,25730,34910,6450,22840,29290,61010SDV
R72 07709 0019,9180,26480,35660,6450,5930,12380,61010SDV
R72 07709 0020,9180,26880,36060,6450,7210,13660,61010SDV
R72 07709 0021,9180,27760,36940,6450,9020,15470,61010SDV
R72 07709 0022,9180,26830,36010,6450,13690,20140,61010SDV
R72 07709 0023,9180,26270,35450,6430,8840,15270,61010SDV
R72 07709 0024,9180,16040,25220,6430,10910,17340,61010SDV
R72 07709 0025,10580,27920,38500,7300,8390,15690,61010SDV
R72 07709 0026,9570,30470,40040,3030,0,3030,61010SDV
R72 07709 0029,8550,30430,38980,6030,13780,19810,61010SDV
R72 07709 0030,9000,25650,34650,6310,9220,15530,61010SDV
R72 07709 0031,9450,29190,38640,6600,15580,22180,61010SDV
R72 07709 0032,3520,0,3520,2360,0,2360,61010SDV
R72 07709 0033,5680,0,5680,4160,0,4160,61010SDV
R72 07709 0035,3230,0,3230,2210,0,2210,61010SDV
R72 07709 0036,7080,38560,45640,2630,0,2630,61010SDV
R72 07709 0037,3560,0,3560,2370,0,2370,61010SDV
R72 07709 0038,7160,30050,37210,5200,4010,9210,61010SDV
R72 07709 0039,7160,26460,33620,5210,10690,15900,61010SDV
R72 07709 0040,7240,28000,35240,5230,26080,31310,61010SDV
R72 07709 0041,7240,25020,32260,5250,12000,17250,61010SDV
R72 07709 0043,7530,44200,51730,5410,19110,24520,61010SDV
R72 07709 0045,8100,30310,38410,5730,20070,25800,61010SDV
R72 07709 0047,7930,22380,30310,5630,21730,27360,61010SDV
R72 07709 0048,7930,25530,33460,5630,17420,23050,61010SDV
R72 07709 0049,7930,4650,12580,2860,0,2860,61010SDV
R72 07709 0050,7930,25120,33050,5630,24910,30540,61010SDV
R72 07709 0051,7930,27000,34930,5630,16850,22480,61010SDV
R72 07709 0052,7930,21890,29820,5630,11200,16830,61010SDV
R72 07709 0053,7930,21190,29120,5630,6710,12340,61010SDV
R72 07709 0054,7930,22170,30100,5630,7670,13300,61010SDV
R72 07709 0056,7930,21190,29120,5630,14450,20080,61010SDV
R72 07709 0057,7930,30140,38070,5630,16110,21740,61010SDV
R72 07709 0060,9840,29550,39390,6870,17060,23930,61010SDV
R72 07709 0061,4940,0,4940,3120,0,3120,61010SDV
R72 07709 0062,9720,30330,40050,6780,22610,29390,61010SDV
R72 07709 0063,4940,0,4940,3120,0,3120,61010SDV
R72 07709 0064,8770,4060,12830,6170,3550,9720,61010SDV
R72 07709 0065,4410,0,4410,2810,0,2810,61010SDV
R72 07709 0066,8770,25350,34120,6170,7130,13300,61010SDV
R72 07709 0067,8660,21490,30150,6100,7520,13620,61010SDV
R72 07709 0068,8550,19730,28280,6030,22860,28890,61010SDV
R72 07709 0069,8550,24880,33430,6030,8420,14450,61010SDV
R72 07709 0070,8550,25390,33940,3050,0,3050,61010SDV
R72 07709 0071,8550,23460,32010,6030,9450,15480,61010SDV
R72 07709 0072,8550,22100,30650,6030,14540,20570,61010SDV
R72 07709 0073,4300,0,4300,2750,0,2750,61010SDV
R72 07709 0074,8550,25790,34340,6030,12840,18870,61010SDV
R72 07709 0075,8550,18740,27290,6030,20980,27010,61010SDV
R72 07709 0076,8320,10070,18390,5890,0,5890,61010SDV
R72 07709 0077,8410,6320,14730,5930,7160,13090,61010SDV
R72 07709 0078,8410,17490,25900,5950,13120,19070,61010SDV
R72 07709 0079,8490,28050,36540,5990,24550,30540,61010SDV
R72 07709 0080,8490,21940,30430,6010,25020,31030,61010SDV
R72 07709 0081,8570,28650,37220,6030,23490,29520,61010SDV
R72 07709 0082,6410,26720,33130,4920,20440,25360,61010SDV
R72 07709 0083,3220,0,3220,2260,0,2260,61010SDV
R72 07709 0084,6410,22220,28630,4920,5820,10740,61010SDV
R72 07709 0085,3310,0,3310,2290,0,2290,61010SDV
R72 07709 0089,5580,0,5580,3490,0,3490,61010SDV
R72 07709 0090,9540,25810,35350,6690,15550,22240,61010SDV
R72 07709 0091,9900,24280,34180,6900,17320,24220,61010SDV
R72 07709 0092,10080,22500,32580,7090,0,7090,61010SDV
R72 07709 0093,6270,0,6270,4160,0,4160,61010SDV
R72 07709 0094,12780,36370,49150,9430,38520,47950,61010SDV
R72 07709 0096,10530,33020,43550,7660,25190,32850,61010SDV
R72 07709 0097,10530,31060,41590,7660,9800,17460,61010SDV
R72 07709 0098,10530,12560,23090,7660,5410,13070,61010SDV
R72 07709 0099,10530,14260,24790,7660,3690,11350,61010SDV
R72 07709 0100,10530,18550,29080,7660,5340,13000,61010SDV
R72 07709 0101,5290,0,5290,3470,0,3470,61010SDV
R72 07709 0102,10530,6860,17390,7660,2950,10610,61010SDV
R72 07709 0103,10530,24740,35270,7660,4890,12550,61010SDV
R72 07709 0104,10530,17680,28210,7660,3100,10760,61010SDV
R72 07709 0105,10530,20360,30890,7660,6710,14370,61010SDV
R72 07709 0106,10530,21960,32490,7660,26500,34160,61010SDV
R72 07709 0107,10530,19050,29580,7660,8900,16560,61010SDV
R72 07709 0108,10530,18550,29080,7660,5940,13600,61010SDV
R72 07709 0109,10530,20060,30590,7660,8200,15860,61010SDV
R72 07709 0110,9870,24440,34310,7140,9920,17060,61010SDV
R72 07709 0111,10620,26860,37480,7460,15590,23050,61010SDV
R72 07709 0112,7340,17320,24660,5160,14220,19380,61010SDV
R72 07709 0113,10490,35820,46310,7370,31540,38910,61010SDV
R72 07709 0114,10620,29370,39990,7460,26060,33520,61010SDV
R72 07709 0116,1830,0,1830,1280,0,1280,61010SDV
R72 07709 0119,7300,0,7300,4540,0,4540,61010SDV
R72 07710 0001,13130,22140,35270,9060,11530,20590,61010SDV
R72 07710 0002,10500,13130,23630,7300,18460,25760,61010SDV
R72 07710 0003,10300,30350,40650,7190,19700,26890,61010SDV
R72 07710 0004,10300,17140,27440,7190,9360,16550,61010SDV
R72 07710 0005,10300,36370,46670,7190,18860,26050,61010SDV
R72 07710 0006,4790,0,4790,3030,0,3030,61010SDV
R72 07710 0007,9540,25500,35040,6670,19970,26640,61010SDV
R72 07710 0008,9540,33470,43010,6670,13210,19880,61010SDV
R72 07710 0009,9540,35120,44660,6670,8690,15360,61010SDV
R72 07710 0011,5210,0,5210,3280,0,3280,61010SDV
R72 07710 0012,9540,470,10010,6670,7750,14420,61010SDV
R72 07710 0013,9540,28840,38380,6670,17770,24440,61010SDV
R72 07710 0014,9540,30230,39770,6670,23030,29700,61010SDV
R72 07710 0015,9540,15100,24640,6670,19890,26560,61010SDV
R72 07710 0016,9540,38450,47990,6670,17400,24070,61010SDV
R72 07710 0017,10740,40010,50750,7460,0,7460,61010SDV
R72 07710 0019,10740,28380,39120,7460,35680,43140,61010SDV
R72 07710 0021,11940,36470,48410,8260,21470,29730,61010SDV
R72 07710 0025,10700,35660,46360,7620,21770,29390,61010SDV
R72 07710 0032,8820,29830,38650,6190,10560,16750,61010SDV
R72 07710 0033,8820,31600,40420,6190,9420,15610,61010SDV
R72 07710 0034,4430,0,4430,2820,0,2820,61010SDV
R72 07710 0035,8820,16700,25520,2820,0,2820,61010SDV
R72 07710 0037,14000,59880,73880,12800,64750,77550,C7000000
R72 07710 0038,8820,29320,38140,6190,20530,26720,61010SDV
R72 07710 0039,8820,46610,55430,6190,25440,31630,61010SDV
R72 07710 0040,10440,35190,45630,7540,10990,18530,61010SDV
R72 07710 0041,10440,32750,43190,7540,10980,18520,61010SDV
R72 07710 0042,10440,11590,22030,3800,0,3800,61010SDV
R72 07710 0043,10440,13070,23510,7540,0,7540,61010SDV
R72 07710 0044,10440,36700,47140,7540,31180,38720,61010SDV
R72 07710 0045,10440,25400,35840,7540,13540,21080,61010SDV
R72 07710 0046,5240,0,5240,3420,0,3420,61010SDV
R72 07710 0048,9450,18830,28280,6600,13120,19720,61010SDV
R72 07710 0049,9450,28840,38290,6600,22360,28960,61010SDV
R72 07710 0050,4750,0,4750,3000,0,3000,61010SDV
R72 07710 0051,9900,33260,43160,6930,27470,34400,61010SDV
R72 07710 0053,9870,14380,24250,8400,0,8400,61010SDV
R72 07710 0054,9540,26140,35680,6670,11210,17880,61010SDV
R72 07710 0055,4790,0,4790,3030,0,3030,61010SDV
R72 07710 0057,9540,32070,41610,6670,22240,28910,61010SDV
R72 07710 0058,9540,45030,54570,6670,21110,27780,61010SDV
R72 07710 0061,9540,11420,20960,3370,0,3370,61010SDV
R72 07710 0062,4790,0,4790,3030,0,3030,61010SDV
R72 07710 0063,9540,9450,18990,6670,12050,18720,61010SDV
R72 07710 0064,9540,30050,39590,6670,11970,18640,61010SDV
R72 07710 0065,9540,9460,19000,6670,5970,12640,61010SDV
R72 07710 0068,4790,0,4790,3030,0,3030,61010SDV
R72 07710 0069,9780,32240,42020,6830,21210,28040,61010SDV
R72 07710 0070,9540,9540,19080,6670,20270,26940,61010SDV
R72 07710 0071,9540,32370,41910,6670,36250,42920,61010SDV
R72 07710 0072,9540,23140,32680,6670,16820,23490,61010SDV
R72 07710 0073,9540,27730,37270,6670,13920,20590,61010SDV
R72 07710 0074,9540,13800,23340,6670,11470,18140,61010SDV
R72 07710 0075,9780,31460,41240,6830,10910,17740,61010SDV
R72 07711 0001,9420,27390,36810,6590,14770,21360,61010SDV
R72 07711 0002,9300,51240,60540,6510,26050,32560,61010SDV
R72 07711 0003,9300,34810,44110,6510,35430,41940,61010SDV
R72 07711 0004,9300,36900,46200,6510,18790,25300,61010SDV
R72 07711 0005,4750,0,4750,3010,0,3010,61010SDV
R72 07711 0006,9450,25640,35090,6620,15320,21940,61010SDV
R72 07711 0007,9450,25850,35300,6620,15840,22460,61010SDV
R72 07711 0008,9450,29880,39330,6620,14960,21580,61010SDV
R72 07711 0009,9450,23400,32850,6620,20610,27230,61010SDV
R72 07711 0010,10230,23190,33420,7120,13440,20560,61010SDV
R72 07711 0014,10980,38260,49240,7620,26170,33790,61010SDV
R72 07711 0015,10740,37360,48100,7460,23910,31370,61010SDV
R72 07711 0016,10740,51550,62290,4750,4750,9500,61010SDV
R72 07711 0017,10740,32910,43650,7460,17990,25450,61010SDV
R72 07711 0018,11450,33250,44700,8050,15920,23970,61010SDV
R72 07711 0019,11730,45210,56940,4150,0,4150,61010SDV
R72 07711 0026,9560,34900,44460,6710,20840,27550,61010SDV
R72 07711 0027,9560,36140,45700,6710,32760,39470,61010SDV
R72 07711 0028,9560,26680,36240,6710,21200,27910,61010SDV
R72 07711 0029,9560,6480,16040,6710,3330,10040,61010SDV
R72 07711 0030,9650,34340,43990,6730,33250,39980,61010SDV
R72 07711 0031,9650,8540,18190,3400,0,3400,61010SDV
R72 07711 0032,9650,14670,24320,6730,14880,21610,61010SDV
R72 07711 0033,9650,31840,41490,6730,4400,11130,61010SDV
R72 07711 0034,9490,0,9490,5330,2110,7440,61010SDV
R72 07711 0035,9230,27170,36400,6470,28090,34560,61010SDV
R72 07711 0036,9720,30800,40520,6810,21470,28280,61010SDV
R72 07711 0037,9480,42100,51580,6640,11690,18330,61010SDV
R72 07711 0038,9480,43050,52530,6620,39190,45810,61010SDV
R72 07711 0039,9480,43770,53250,6620,7170,13790,61010SDV
R72 07711 0040,9480,25770,35250,6620,15510,22130,61010SDV
R72 07711 0041,4820,0,4820,3030,0,3030,61010SDV
R72 07711 0043,8460,17700,26160,5950,17980,23930,61010SDV
R72 07711 0047,6670,0,6670,4100,0,4100,61010SDV
R72 07711 0051,480,0,480,340,0,340,61010SDV
R72 07711 0054,9540,37350,46890,6670,34930,41600,61010SDV
R72 07711 0055,9540,34250,43790,6670,34860,41530,61010SDV
R72 07711 0056,9540,34340,43880,6670,22310,28980,61010SDV
R72 07711 0057,9540,53670,63210,6670,51360,58030,61010SDV
R72 07711 0058,9540,78580,88120,6670,14130,20800,61010SDV
R72 07711 0059,9540,35110,44650,6670,19130,25800,61010SDV
R72 07711 0060,9540,8520,18060,3370,0,3370,61010SDV
R72 07711 0061,4790,0,4790,3030,0,3030,61010SDV
R72 07711 0062,9540,34250,43790,3370,0,3370,61010SDV
R72 07711 0063,9540,23220,32760,6670,19540,26210,61010SDV
R72 07711 0064,9540,37330,46870,6670,15510,22180,61010SDV
R72 07711 0065,9540,29250,38790,6670,21430,28100,61010SDV
R72 07711 0066,9540,43430,52970,6670,35390,42060,61010SDV
R72 07711 0068,9990,40840,50830,7020,11750,18770,61010SDV
R72 07711 0069,9990,7190,17180,7020,6840,13860,61010SDV
R72 07711 0070,9990,31080,41070,7020,11770,18790,61010SDV
R72 07711 0071,9540,39170,48710,6670,11530,18200,61010SDV
R72 07711 0072,9540,40420,49960,6670,12080,18750,61010SDV
R72 07711 0073,9540,38680,48220,6670,26250,32920,61010SDV
R72 07711 0074,9540,28410,37950,6670,23420,30090,61010SDV
R72 07711 0075,10440,33800,44240,7540,19440,26980,61010SDV
R72 07711 0076,10440,36010,46450,7540,35560,43100,61010SDV
R72 07711 0077,10440,26090,36530,7540,14020,21560,61010SDV
R72 07711 0078,10440,43240,53680,9760,9020,18780,61010SDV
R72 07711 0079,10440,40590,51030,7540,12970,20510,61010SDV
R72 07711 0080,10440,3100,13540,3420,0,3420,61010SDV
R72 07711 0081,10440,29280,39720,7540,36790,44330,61010SDV
R72 07711 0082,10440,12440,22880,7540,5050,12590,61010SDV
R72 07711 0083,4790,0,4790,3030,0,3030,61010SDV
R72 07711 0084,9540,33610,43150,6670,18990,25660,61010SDV
R72 07711 0085,9540,21240,30780,6670,22270,28940,61010SDV
R72 07711 0086,9540,44100,53640,6670,11220,17890,61010SDV
R72 07711 0087,9540,30120,39660,6670,29050,35720,61010SDV
R72 07711 0088,9540,20230,29770,6670,25550,32220,61010SDV
R72 07711 0092,9900,40630,50530,6900,12260,19160,61010SDV
R72 07711 0093,4790,0,4790,3030,0,3030,61010SDV
R72 07711 0094,9540,32960,42500,6670,5610,12280,61010SDV
R72 07711 0096,4790,6800,11590,3370,6010,9380,61010SDV
R72 07711 0097,9540,38310,47850,6670,23390,30060,61010SDV
R72 07711 0098,6150,31050,37200,4770,19120,23890,61010SDV
R72 07711 0099,9780,28980,38760,3440,0,3440,61010SDV
R72 07711 0100,9540,29370,38910,6670,26280,32950,61010SDV
R72 07711 0101,9540,25230,34770,6670,7040,13710,61010SDV
R72 07711 0102,9540,24200,33740,6670,23820,30490,61010SDV
R72 07711 0103,9540,27320,36860,6670,16850,23520,61010SDV
R72 07711 0104,9540,27470,37010,6670,29480,36150,61010SDV
R72 07711 0105,4970,0,4970,3140,0,3140,61010SDV
R72 07711 0106,7840,34960,42800,5610,26230,31840,61010SDV
R72 07712 0001,5380,0,5380,3380,0,3380,61010SDV
R72 07712 0002,10740,47160,57900,7460,46360,53820,61010SDV
R72 07712 0004,9420,44060,53480,6590,22610,29200,61010SDV
R72 07712 0005,10740,46700,57440,7460,39410,46870,61010SDV
R72 07712 0006,10740,55640,66380,7460,41710,49170,61010SDV
R72 07712 0007,10740,15860,26600,7460,32480,39940,61010SDV
R72 07712 0013,3970,0,3970,2530,0,2530,61010SDV
R72 07712 0017,10940,64790,75730,7580,35310,42890,61010SDV
R72 07712 0021,9300,33570,42870,6510,22250,28760,61010SDV
R72 07712 0022,9300,34620,43920,6510,21470,27980,61010SDV
R72 07712 0023,9300,58990,68290,6510,42250,48760,61010SDV
R72 07712 0030,9650,27430,37080,6730,16230,22960,61010SDV
R72 07712 0031,9650,34740,44390,6730,38330,45060,61010SDV
R72 07712 0032,5350,23980,29330,4040,14930,18970,61010SDV
R72 07712 0033,9650,23010,32660,6730,8260,14990,61010SDV
R72 07712 0034,4850,0,4850,3060,0,3060,61010SDV
R72 07712 0035,9650,27040,36690,6730,28840,35570,61010SDV
R72 07712 0036,9650,28170,37820,6730,25810,32540,61010SDV
R72 07712 0037,9650,17230,26880,3060,0,3060,61010SDV
R72 07712 0038,9650,29130,38780,6730,9420,16150,61010SDV
R72 07712 0039,9650,24440,34090,6730,21670,28400,61010SDV
R72 07712 0040,9650,33930,43580,6730,33650,40380,61010SDV
R72 07712 0042,9420,19760,29180,6590,22170,28760,61010SDV
R72 07712 0043,10470,57500,67970,5830,0,5830,61010SDV
R72 07712 0045,5250,0,5250,3290,0,3290,61010SDV
R72 07712 0049,8460,39370,47830,5970,44440,50410,61010SDV
R72 07712 0050,8460,25610,34070,5970,18810,24780,61010SDV
R72 07712 0051,8460,22800,31260,5970,7670,13640,61010SDV
R72 07712 0052,8460,28910,37370,5970,19290,25260,61010SDV
R72 07712 0053,4250,0,4250,2720,0,2720,61010SDV
R72 07712 0054,8540,15690,24230,6030,18500,24530,61010SDV
R72 07712 0055,8540,26260,34800,6030,22190,28220,61010SDV
R72 07712 0056,8540,24880,33420,6030,21840,27870,61010SDV
R72 07712 0057,8540,30370,38910,6030,22580,28610,61010SDV
R72 07712 0058,9110,19100,28210,6420,4640,11060,61010SDV
R72 07712 0060,4970,330,5300,3480,430,3910,61010SDV
R72 07712 0061,3600,0,3600,2540,0,2540,61010SDV
R72 07712 0063,8940,27320,36260,6270,25760,32030,61010SDV
R72 07712 0064,8940,16220,25160,6270,27740,34010,61010SDV
R72 07712 0065,8940,36870,45810,6270,18880,25150,61010SDV
R72 07712 0066,8820,26120,34940,6190,23330,29520,61010SDV
R72 07712 0067,4440,0,4440,2820,0,2820,61010SDV
R72 07712 0068,8820,7860,16680,6190,10570,16760,61010SDV
R72 07712 0069,9300,44950,54250,6530,21280,27810,61010SDV
R72 07712 0070,9300,30990,40290,6530,22560,29090,61010SDV
R72 07712 0071,4670,0,4670,2970,0,2970,61010SDV
R72 07712 0072,9420,0,9420,6610,0,6610,61010SDV
R72 07712 0073,4780,0,4780,3010,0,3010,61010SDV
R72 07712 0074,4720,0,4720,2980,0,2980,61010SDV
R72 07712 0075,4720,0,4720,2980,0,2980,61010SDV
R72 07712 0076,4720,0,4720,2990,0,2990,61010SDV
R72 07712 0077,9390,25090,34480,6570,5220,11790,61010SDV
R72 07712 0078,9390,39920,49310,6570,17390,23960,61010SDV
R72 07712 0079,9480,23620,33100,6600,7870,14470,61010SDV
R72 07712 0080,1450,0,1450,1010,0,1010,61010SDV
R72 07712 0088,1990,0,1990,1400,0,1400,61010SDV
R72 07801 0003,10660,29630,40290,7760,28880,36640,61010SDV
R72 07801 0004,10660,8710,19370,7760,10920,18680,61010SDV
R72 07801 0005,10620,25480,36100,7680,7680,15360,61010SDV
R72 07801 0006,10620,29870,40490,7680,9800,17480,61010SDV
R72 07801 0007,10620,5150,15770,7680,6540,14220,61010SDV
R72 07801 0008,10620,26170,36790,7680,16310,23990,61010SDV
R72 07801 0009,10620,23520,34140,7680,7610,15290,61010SDV
R72 07801 0010,10620,24550,35170,7680,8640,16320,61010SDV
R72 07801 0011,10620,22070,32690,7680,9850,17530,61010SDV
R72 07801 0012,10620,19670,30290,7680,8380,16060,61010SDV
R72 07801 0013,10620,28130,38750,7680,16010,23690,61010SDV
R72 07801 0014,10620,28540,39160,7680,15630,23310,61010SDV
R72 07801 0015,10620,32880,43500,7680,11440,19120,61010SDV
R72 07801 0016,10620,20300,30920,7680,6510,14190,61010SDV
R72 07801 0017,10620,28720,39340,7680,13180,20860,61010SDV
R72 07801 0018,10530,27580,38110,7660,7130,14790,61010SDV
R72 07801 0019,10530,25260,35790,7660,10960,18620,61010SDV
R72 07801 0020,10530,22000,32530,7660,16100,23760,61010SDV
R72 07801 0021,10530,25290,35820,7660,20810,28470,61010SDV
R72 07801 0022,10530,29370,39900,7660,18240,25900,61010SDV
R72 07801 0023,7880,0,7880,7660,15920,23580,61010SDV
R72 07801 0024,10530,18590,29120,7660,9680,17340,61010SDV
R72 07801 0025,5290,0,5290,3470,0,3470,61010SDV
R72 07801 0026,10530,29920,40450,7660,22350,30010,61010SDV
R72 07801 0027,10530,37930,48460,7660,29010,36670,61010SDV
R72 07801 0028,10530,25000,35530,7660,15120,22780,61010SDV
R72 07801 0029,10660,21790,32450,7760,10330,18090,61010SDV
R72 07801 0030,10660,28890,39550,7760,13880,21640,61010SDV
R72 07801 0031,10660,25800,36460,7760,7480,15240,61010SDV
R72 07801 0032,10660,12640,23300,7760,4850,12610,61010SDV
R72 07802 0001,9840,21320,31160,6840,36170,43010,61010SDV
R72 07802 0002,9840,38230,48070,6840,17640,24480,61010SDV
R72 07802 0003,9840,25760,35600,6840,17040,23880,61010SDV
R72 07802 0004,9840,30630,40470,6840,15710,22550,61010SDV
R72 07802 0005,9840,33620,43460,6840,33290,40130,61010SDV
R72 07802 0006,9840,26110,35950,6840,28330,35170,61010SDV
R72 07802 0007,9840,29680,39520,6840,15090,21930,61010SDV
R72 07802 0008,9840,28270,38110,6840,19290,26130,61010SDV
R72 07802 0009,9720,22060,31780,6760,24380,31140,61010SDV
R72 07802 0010,10700,33160,43860,7420,29800,37220,61010SDV
R72 07802 0011,9960,30860,40820,6950,9130,16080,61010SDV
R72 07802 0012,9840,30240,40080,6840,16780,23620,61010SDV
R72 07802 0013,9840,29420,39260,6840,35630,42470,61010SDV
R72 07802 0014,4940,0,4940,3110,0,3110,61010SDV
R72 07802 0015,9840,29050,38890,6840,15750,22590,61010SDV
R72 07802 0016,9840,24770,34610,6840,17020,23860,61010SDV
R72 07802 0017,9840,32690,42530,6840,13560,20400,61010SDV
R72 07802 0018,9750,27700,37450,6820,25590,32410,61010SDV
R72 07802 0019,9750,23140,32890,6820,17330,24150,61010SDV
R72 07802 0020,10600,48420,59020,7390,25080,32470,61010SDV
R72 07802 0021,9720,19310,29030,6760,24250,31010,61010SDV
R72 07802 0022,9720,21700,31420,6760,7350,14110,61010SDV
R72 07802 0023,6150,21100,27250,4800,14010,18810,61010SDV
R72 07802 0024,4880,0,4880,3070,0,3070,61010SDV
R72 07802 0025,9720,31980,41700,6780,26200,32980,61010SDV
R72 07802 0026,10330,32260,42590,7170,35700,42870,61010SDV
R72 07802 0027,8230,20540,28770,5820,14190,20010,61010SDV
R72 07803 0001,9620,25130,34750,9650,18010,27660,61010UNR
R72 07803 0002,9270,24490,33760,9290,33430,42720,61010UNR
R72 07803 0003,9360,23820,33180,9360,37320,46680,61010UNR
R72 07803 0004,9270,17510,26780,9290,21470,30760,61010UNR
R72 07803 0005,9270,33490,42760,9290,35140,44430,61010UNR
R72 07803 0006,9270,37590,46860,9290,36460,45750,61010UNR
R72 07803 0007,9270,36100,45370,9290,22710,32000,61010UNR
R72 07803 0008,9270,30060,39330,9290,38070,47360,61010UNR
R72 07803 0009,9270,25010,34280,9290,35820,45110,61010UNR
R72 07803 0010,9270,22540,31810,9290,12940,22230,61010UNR
R72 07803 0011,9270,28450,37720,9290,37190,46480,61010UNR
R72 07803 0012,9960,23770,33730,9630,19030,28660,61010UNR
R72 07803 0013,10070,27150,37220,9750,13240,22990,61010UNR
R72 07803 0015,9180,25430,34610,6450,17880,24330,61010SDV
R72 07803 0016,9180,38200,47380,6450,29380,35830,61010SDV
R72 07803 0017,9870,35300,45170,6900,15790,22690,61010SDV
R72 07803 0018,9180,29320,38500,6450,34140,40590,61010SDV
R72 07803 0019,9180,29430,38610,6450,24730,31180,61010SDV
R72 07803 0020,9270,32640,41910,6480,27470,33950,61010SDV
R72 07803 0021,9270,36630,45900,6480,16390,22870,61010SDV
R72 07803 0022,9270,27190,36460,6480,19370,25850,61010SDV
R72 07803 0023,9270,40660,49930,6480,17850,24330,61010SDV
R72 07803 0024,9270,33010,42280,6480,17700,24180,61010SDV
R72 07803 0025,9270,31090,40360,6480,25650,32130,61010SDV
R72 07803 0026,9620,26320,35940,3050,0,3050,61010SDV
R72 07804 0001,13260,5640,18900,4830,0,4830,61000UNR
R72 07804 0003,6630,0,6630,4830,0,4830,61000UNR
R72 07804 0006,5790,0,5790,4200,0,4200,61000UNR
R72 07804 0007,11590,22140,33730,9280,35150,44430,61000UNR
R72 07804 0008,11590,21860,33450,9280,34790,44070,61000UNR
R72 07804 0011,11250,0,11250,9050,0,9050,61000UNR
R72 07804 0012,21840,82990,104830,15000,109090,124090,61000UNR
R72 07804 0013,11770,32430,44200,9350,0,9350,61000SDV
R72 07804 0014,5400,45100,50500,14330,2220,16550,61000SDV
R72 07804 0015,12830,500,13330,10320,1950,12270,61000SDV
R72 07804 0016,11700,23770,35470,9380,5670,15050,61000SDV
R72 07804 0017,11250,33050,44300,9050,3480,12530,61000SDV
R72 07804 0018,11250,18610,29860,9010,31730,40740,61000SDV
R72 07804 0019,11250,34110,45360,9010,6040,15050,61000SDV
R72 07804 0020,11250,22190,33440,9010,3560,12570,61000SDV
R72 07804 0021,11250,29230,40480,9010,3280,12290,61000SDV
R72 07804 0022,11250,29170,40420,9010,32690,41700,61000SDV
R72 07804 0023,11250,24730,35980,9010,34000,43010,61000SDV
R72 07804 0024,11250,35180,46430,9010,49100,58110,61000SDV
R72 07804 0025,11130,41730,52860,8910,18580,27490,61000UNR
R72 07804 0026,11500,25740,37240,9210,39960,49170,61000UNR
R72 07804 0027,11250,29520,40770,9010,44800,53810,61000UNR
R72 07804 0028,11250,31100,42350,9010,45360,54370,61000UNR
R72 07804 0029,11250,30310,41560,9010,35800,44810,61000UNR
R72 07804 0030,11250,34620,45870,9010,47550,56560,61000UNR
R72 07804 0031,10880,39320,50200,8710,46340,55050,61000SDV
R72 07804 0032,11130,38710,49840,8910,41290,50200,61000SDV
R72 07804 0033,11250,30610,41860,9010,35190,44200,61000SDV
R72 07804 0034,11250,28500,39750,9010,36790,45800,61000SDV
R72 07804 0035,11250,10750,22000,9010,5850,14860,61000SDV
R72 07804 0036,11250,28210,39460,9010,32980,41990,61000SDV
R72 07804 0037,5620,0,5620,3630,0,3630,61000SDV
R72 07804 0038,11250,33200,44450,9010,36550,45560,61000SDV
R72 07804 0039,11250,31160,42410,9010,33650,42660,61000SDV
R72 07804 0040,11250,41400,52650,9010,33620,42630,61000SDV
R72 07804 0041,11250,24720,35970,9010,15500,24510,61000SDV
R72 07804 0042,11250,26770,38020,3630,0,3630,61000SDV
R72 07804 0043,11810,0,11810,9000,0,9000,61000SDV
R72 07804 0044,5430,0,5430,3950,0,3950,61000UNR
R72 07806 0001,8310,11550,19860,2660,0,2660,61010SDV
R72 07806 0002,12440,28260,40700,8200,8090,16290,61010SDV
R72 07806 0005,9990,44550,54540,7020,6430,13450,61010SDV
R72 07806 0006,9990,6650,16640,7020,2880,9900,61010SDV
R72 07806 0007,9990,31160,41150,3190,0,3190,61010SDV
R72 07806 0008,5020,0,5020,3190,0,3190,61010SDV
R72 07806 0014,9990,6240,16230,7020,23060,30080,61010SDV
R72 07806 0015,9990,9140,19130,7020,5070,12090,61010SDV
R72 07806 0016,9990,30690,40680,7020,26500,33520,61010SDV
R72 07806 0018,10170,39580,49750,7210,0,7210,61010SDV
R72 07806 0019,7500,0,7500,4750,0,4750,61010SDV
R72 07807 0001,10130,25480,35610,7020,20130,27150,61010SDV
R72 07807 0011,7500,0,7500,4750,0,4750,61010SDV
R72 07807 0019,7380,23700,31080,5370,21040,26410,61010SDV
R72 07807 0020,9990,17880,27870,7020,7670,14690,61010SDV
R72 07807 0021,9990,11170,21160,3190,0,3190,61010SDV
R72 07807 0022,5020,0,5020,3190,0,3190,61010SDV
R72 07807 0023,9990,31540,41530,7020,32730,39750,61010SDV
R72 07807 0024,9990,42840,52830,7020,21050,28070,61010SDV
R72 07807 0025,5020,0,5020,3190,0,3190,61010SDV
R72 07807 0026,9990,29930,39920,7020,0,7020,61010SDV
R72 07807 0027,9990,7620,17610,7020,6740,13760,61010SDV
R72 07807 0028,5020,0,5020,3190,0,3190,61010SDV
R72 07807 0029,9990,27090,37080,7020,36160,43180,61010SDV
R72 07807 0030,9990,44090,54080,7020,24310,31330,61010SDV
R72 07807 0031,9990,42230,52220,7020,28690,35710,61010SDV
R72 07807 0032,9990,47530,57520,7020,23700,30720,61010SDV
R72 07807 0033,9990,32800,42790,7020,36670,43690,61010SDV
R72 07807 0034,3600,0,3600,2350,0,2350,61010SDV
R72 07808 0001,4730,0,4730,2990,0,2990,61010SDV
R72 07808 0002,9420,31380,40800,6590,9080,15670,61010SDV
R72 07808 0003,9420,33920,43340,6590,15820,22410,61010SDV
R72 07808 0004,4730,0,4730,2990,0,2990,61010SDV
R72 07808 0005,9420,29110,38530,3330,0,3330,61010SDV
R72 07808 0006,4730,0,4730,2990,0,2990,61010SDV
R72 07808 0007,9420,23540,32960,6590,8370,14960,61010SDV
R72 07808 0008,9420,34190,43610,6590,32500,39090,61010SDV
R72 07808 0009,9420,27890,37310,6590,19250,25840,61010SDV
R72 07808 0010,1250,0,1250,870,0,870,61010SDV
R72 07808 0012,4730,0,4730,2990,0,2990,61010SDV
R72 07808 0013,4790,0,4790,3030,0,3030,61010SDV
R72 07808 0015,9420,8120,17540,6590,5120,11710,61010SDV
R72 07808 0016,9420,34980,44400,6590,12530,19120,61010SDV
R72 07808 0017,4730,0,4730,2990,0,2990,61010SDV
R72 07808 0020,9860,36520,46380,6930,38930,45860,61010SDV
R72 07808 0021,4960,0,4960,3150,0,3150,61010SDV
R72 07808 0022,9860,44890,54750,6930,47780,54710,61010SDV
R72 07808 0023,4960,0,4960,3150,0,3150,61010SDV
R72 07808 0024,9860,27810,37670,6930,12650,19580,61010SDV
R72 07808 0025,4960,0,4960,3150,0,3150,61010SDV
R72 07808 0026,4110,0,4110,2640,0,2640,61010SDV
R72 07808 0027,8180,23960,32140,5780,6090,11870,61010SDV
R72 07808 0028,4320,0,4320,2750,0,2750,61010SDV
R72 07808 0031,9180,0,9180,6430,0,6430,61010SDV
R72 07809 0001,9540,31950,41490,6670,12730,19400,61010SDV
R72 07809 0002,4790,0,4790,3030,0,3030,61010SDV
R72 07809 0003,9540,8280,17820,6670,15950,22620,61010SDV
R72 07809 0004,9540,47270,56810,6670,43170,49840,61010SDV
R72 07809 0005,9540,29480,39020,6670,27680,34350,61010SDV
R72 07809 0006,9540,26630,36170,3370,0,3370,61010SDV
R72 07809 0007,9540,53270,62810,6670,33710,40380,61010SDV
R72 07809 0008,9540,0,9540,6670,0,6670,61010SDV
R72 07809 0009,9540,25260,34800,6670,21420,28090,61010SDV
R72 07809 0010,9540,44550,54090,6670,42190,48860,61010SDV
R72 07809 0011,9540,28660,38200,6670,13390,20060,61010SDV
R72 07809 0012,9540,30330,39870,3370,0,3370,61010SDV
R72 07809 0013,9540,13990,23530,6670,6710,13380,61010SDV
R72 07809 0014,4790,0,4790,3030,0,3030,61010SDV
R72 07809 0015,9540,17460,27000,6670,19900,26570,61010SDV
R72 07809 0016,8700,29920,38620,6110,34910,41020,61010SDV
R72 07809 0017,9540,43980,53520,6670,24450,31120,61010SDV
R72 07809 0018,9540,2940,12480,3030,0,3030,61010SDV
R72 07809 0019,9540,20670,30210,6670,12550,19220,61010SDV
R72 07809 0020,9540,34100,43640,6670,22240,28910,61010SDV
R72 07809 0021,9540,31540,41080,6670,22310,28980,61010SDV
R72 07809 0022,9540,30470,40010,6670,9380,16050,61010SDV
R72 07809 0023,4790,0,4790,3030,0,3030,61010SDV
R72 07809 0024,9540,42370,51910,6670,34190,40860,61010SDV
R72 07809 0025,4790,0,4790,3030,0,3030,61010SDV
R72 07809 0027,4790,0,4790,3030,0,3030,61010SDV
R72 07809 0028,9540,20190,29730,6670,32690,39360,61010SDV
R72 07809 0029,9540,23970,33510,6670,29440,36110,61010SDV
R72 07809 0030,5030,0,5030,3170,0,3170,61010SDV
R72 07809 0032,4770,7610,12380,3330,14750,18080,61010SDV
R72 07809 0033,9990,33820,43810,7020,13110,20130,61010SDV
R72 07809 0034,5020,0,5020,3190,0,3190,61010SDV
R72 07809 0035,9990,41450,51440,7020,20840,27860,61010SDV
R72 07809 0036,9990,28970,38960,7020,22910,29930,61010SDV
R72 07809 0037,2510,0,2510,1770,0,1770,61010SDV
R72 07809 0038,9990,7870,17860,7020,4000,11020,61010SDV
R72 07809 0041,5020,0,5020,3190,0,3190,61010SDV
R72 07809 0042,5020,0,5020,3190,0,3190,61010SDV
R72 07809 0043,9990,17210,27200,7020,23220,30240,61010SDV
R72 07809 0044,9990,16110,26100,7020,15140,22160,61010SDV
R72 07809 0045,9990,32800,42790,3190,0,3190,61010SDV
R72 07809 0046,5020,0,5020,3190,0,3190,61010SDV
R72 07809 0047,5020,0,5020,3190,0,3190,61010SDV
R72 07809 0048,9990,33900,43890,7020,20490,27510,61010SDV
R72 07809 0049,9060,27400,36460,6350,21330,27680,61010SDV
R72 07901 0001,9210,23860,33070,6440,3790,10230,61010SDV
R72 07901 0002,9540,33720,43260,6690,17120,23810,61010SDV
R72 07901 0003,9450,24720,34170,6600,14880,21480,61010SDV
R72 07901 0004,9450,33990,43440,6600,26870,33470,61010SDV
R72 07901 0005,9450,26620,36070,6600,11540,18140,61010SDV
R72 07901 0006,9450,30170,39620,6600,16960,23560,61010SDV
R72 07901 0007,9450,34510,43960,6600,35320,41920,61010SDV
R72 07901 0008,9450,23590,33040,6600,15080,21680,61010SDV
R72 07901 0009,9450,35250,44700,6600,25210,31810,61010SDV
R72 07901 0010,9450,33670,43120,6600,17790,24390,61010SDV
R72 07901 0011,9450,32240,41690,6600,27400,34000,61010SDV
R72 07901 0012,9450,39460,48910,6600,20980,27580,61010SDV
R72 07901 0013,9450,36700,46150,6600,11550,18150,61010SDV
R72 07901 0014,9450,26110,35560,6600,16420,23020,61010SDV
R72 07901 0015,9450,34350,43800,6600,36410,43010,61010SDV
R72 07901 0016,9210,33530,42740,6440,11870,18310,61010SDV
R72 07901 0017,9450,30890,40340,6600,24320,30920,61010SDV
R72 07901 0018,9450,28710,38160,6600,21330,27930,61010SDV
R72 07901 0019,9450,31550,41000,6600,29490,36090,61010SDV
R72 07901 0020,9450,32740,42190,6600,26540,33140,61010SDV
R72 07901 0021,9450,25520,34970,6600,23390,29990,61010SDV
R72 07901 0022,9450,23870,33320,6600,27300,33900,61010SDV
R72 07901 0023,9450,32140,41590,6600,25090,31690,61010SDV
R72 07901 0024,9450,30470,39920,6600,28440,35040,61010SDV
R72 07901 0025,9450,28470,37920,6600,7980,14580,61010SDV
R72 07901 0026,9450,28840,38290,6600,10270,16870,61010SDV
R72 07901 0027,9450,35500,44950,6600,38950,45550,61010SDV
R72 07901 0028,9450,34910,44360,6600,31910,38510,61010SDV
R72 07901 0029,9450,43560,53010,6600,32600,39200,61010SDV
R72 07901 0030,9450,30690,40140,6600,19540,26140,61010SDV
R72 07901 0031,4630,0,4630,2930,0,2930,61010SDV
R72 07901 0032,9450,30510,39960,6600,23370,29970,61010SDV
R72 07901 0033,9450,26160,35610,6600,25000,31600,61010SDV
R72 07901 0034,9450,23940,33390,6600,11060,17660,61010SDV
R72 07901 0035,9450,32770,42220,6600,15860,22460,61010SDV
R72 07901 0036,9450,33550,43000,6600,12080,18680,61010SDV
R72 07901 0037,9450,24780,34230,6600,6910,13510,61010SDV
R72 07901 0038,9450,29010,38460,6600,13380,19980,61010SDV
R72 07901 0039,9450,26470,35920,6600,23280,29880,61010SDV
R72 07901 0040,9450,33810,43260,6600,35760,42360,61010SDV
R72 07901 0041,9450,27240,36690,6600,26660,33260,61010SDV
R72 07901 0042,9450,26230,35680,6600,9060,15660,61010SDV
R72 07901 0043,9450,30140,39590,6600,16970,23570,61010SDV
R72 07901 0044,9450,31380,40830,6600,26180,32780,61010SDV
R72 07901 0045,9450,28860,38310,6600,17980,24580,61010SDV
R72 07901 0046,9210,33090,42300,6440,9420,15860,61010SDV
R72 07901 0047,9450,21350,30800,6600,9230,15830,61010SDV
R72 07901 0048,9450,24460,33910,6600,13220,19820,61010SDV
R72 07901 0049,9450,24370,33820,6600,12490,19090,61010SDV
R72 07901 0050,9450,45620,55070,6600,22050,28650,61010SDV
R72 07901 0051,9450,22820,32270,6600,13330,19930,61010SDV
R72 07901 0052,9450,47700,57150,6600,24030,30630,61010SDV
R72 07901 0053,9450,26790,36240,6600,7720,14320,61010SDV
R72 07901 0054,9450,36850,46300,6600,22750,29350,61010SDV
R72 07901 0055,9450,38290,47740,6600,18720,25320,61010SDV
R72 07901 0056,9450,7530,16980,6600,5550,12150,61010SDV
R72 07901 0057,9450,21720,31170,6600,10870,17470,61010SDV
R72 07901 0058,9450,27860,37310,6600,11480,18080,61010SDV
R72 07901 0059,9450,26450,35900,6600,7150,13750,61010SDV
R72 07901 0061,9210,27370,36580,6440,7880,14320,61010SDV
R72 07901 0062,9450,23670,33120,6600,12670,19270,61010SDV
R72 07901 0063,9450,47820,57270,6600,24790,31390,61010SDV
R72 07901 0064,9450,27970,37420,6600,18180,24780,61010SDV
R72 07901 0065,9450,11820,21270,6620,8830,15450,61010SDV
R72 07901 0066,9450,47310,56760,6600,38110,44710,61010SDV
R72 07901 0067,9450,24550,34000,6600,23500,30100,61010SDV
R72 07901 0068,9450,23000,32450,6600,12960,19560,61010SDV
R72 07901 0069,9450,25980,35430,6600,7180,13780,61010SDV
R72 07901 0070,9450,10410,19860,6600,6600,13200,61010SDV
R72 07901 0071,9450,8360,17810,5940,13680,19620,61010SDV
R72 07901 0072,9450,32380,41830,6600,9990,16590,61010SDV
R72 07901 0073,9450,26430,35880,3330,0,3330,61010SDV
R72 07901 0074,9450,27030,36480,6600,28920,35520,61010SDV
R72 07901 0075,9450,5940,15390,6600,1750,8350,61010SDV
R72 07902 0001,4750,0,4750,3000,0,3000,61010SDV
R72 07902 0002,9450,28370,37820,6600,28290,34890,61010SDV
R72 07902 0003,9450,30560,40010,6600,30630,37230,61010SDV
R72 07902 0004,9450,35210,44660,6600,33720,40320,61010SDV
R72 07902 0005,9450,30490,39940,6600,20260,26860,61010SDV
R72 07902 0006,9450,26460,35910,6600,25280,31880,61010SDV
R72 07902 0007,4750,0,4750,3000,0,3000,61010SDV
R72 07902 0008,9450,30850,40300,6600,7040,13640,61010SDV
R72 07902 0009,9450,28990,38440,6600,15810,22410,61010SDV
R72 07902 0010,9450,28420,37870,6600,26660,33260,61010SDV
R72 07902 0011,9450,34020,43470,6600,27450,34050,61010SDV
R72 07902 0012,9450,26600,36050,6600,27390,33990,61010SDV
R72 07902 0013,9450,27600,37050,6600,11000,17600,61010SDV
R72 07902 0014,9450,30480,39930,6600,17540,24140,61010SDV
R72 07902 0015,9450,26180,35630,6600,11780,18380,61010SDV
R72 07902 0016,9450,20630,30080,6600,7490,14090,61010SDV
R72 07902 0017,9450,26730,36180,6600,12970,19570,61010SDV
R72 07902 0018,9450,31310,40760,6600,18910,25510,61010SDV
R72 07902 0019,9450,22410,31860,6600,21220,27820,61010SDV
R72 07902 0020,4750,0,4750,3000,0,3000,61010SDV
R72 07902 0021,9450,47330,56780,6600,23930,30530,61010SDV
R72 07902 0022,9450,25650,35100,6600,16800,23400,61010SDV
R72 07902 0023,9450,29390,38840,6600,20350,26950,61010SDV
R72 07902 0024,9450,23760,33210,6600,12930,19530,61010SDV
R72 07902 0025,9450,29800,39250,6600,25030,31630,61010SDV
R72 07902 0026,9450,45660,55110,6600,22480,29080,61010SDV
R72 07902 0027,9450,29430,38880,6600,29450,36050,61010SDV
R72 07902 0028,9450,36790,46240,6600,34100,40700,61010SDV
R72 07902 0029,9450,25640,35090,3000,0,3000,61010SDV
R72 07902 0030,4750,0,4750,3000,0,3000,61010SDV
R72 07902 0031,9450,34240,43690,6600,22450,29050,61010SDV
R72 07902 0032,9450,16130,25580,6600,13660,20260,61010SDV
R72 07902 0033,13520,27680,41200,9140,8160,17300,61010SDV
R72 07902 0035,9000,27810,36810,6310,22590,28900,61010SDV
R72 07902 0036,9000,28780,37780,6310,29560,35870,61010SDV
R72 07902 0037,9000,39710,48710,2870,0,2870,61010SDV
R72 07902 0038,9000,26340,35340,6310,21620,27930,61010SDV
R72 07902 0039,9000,27300,36300,6310,10910,17220,61010SDV
R72 07902 0040,4520,0,4520,2870,0,2870,61010SDV
R72 07902 0041,9000,35110,44110,6310,21190,27500,61010SDV
R72 07902 0042,9000,33910,42910,6310,24210,30520,61010SDV
R72 07902 0043,9000,31260,40260,6310,26440,32750,61010SDV
R72 07902 0044,4520,0,4520,2870,0,2870,61010SDV
R72 07902 0045,9000,38900,47900,6310,43460,49770,61010SDV
R72 07902 0046,4520,0,4520,2870,0,2870,61010SDV
R72 07903 0001,9110,21620,30730,6380,5670,12050,61010SDV
R72 07903 0002,9000,20500,29500,6310,12270,18580,61010SDV
R72 07903 0003,9000,27430,36430,6310,15220,21530,61010SDV
R72 07903 0004,9000,25000,34000,6310,17100,23410,61010SDV
R72 07903 0005,9000,27450,36450,6310,12600,18910,61010SDV
R72 07903 0006,9000,10970,19970,6310,7030,13340,61010SDV
R72 07903 0007,9000,10630,19630,3190,0,3190,61010SDV
R72 07903 0008,9000,15080,24080,3190,0,3190,61010SDV
R72 07903 0009,10700,220,10920,5900,5940,11840,61010SDV
R72 07903 0010,4520,0,4520,2870,0,2870,61010SDV
R72 07903 0011,9000,24460,33460,6310,12310,18620,61010SDV
R72 07903 0012,9000,22950,31950,6310,12730,19040,61010SDV
R72 07903 0013,9000,24290,33290,6310,15250,21560,61010SDV
R72 07903 0014,9000,0,9000,6310,0,6310,61010SDV
R72 07903 0015,2260,0,2260,1600,0,1600,61010SDV
R72 07903 0016,9000,41610,50610,6310,7170,13480,61010SDV
R72 07903 0018,9790,12970,22760,3090,0,3090,61010SDV
R72 07903 0019,8890,45100,53990,6240,32220,38460,61010SDV
R72 07903 0020,4520,0,4520,2870,0,2870,61010SDV
R72 07903 0021,4520,0,4520,2870,0,2870,61010SDV
R72 07903 0022,4520,0,4520,2870,0,2870,61010SDV
R72 07903 0023,9000,26050,35050,6310,21540,27850,61010SDV
R72 07903 0024,4520,0,4520,2870,0,2870,61010SDV
R72 07903 0025,4520,0,4520,2870,0,2870,61010SDV
R72 07903 0026,4520,0,4520,2870,0,2870,61010SDV
R72 07904 0002,4970,0,4970,3140,0,3140,61010SDV
R72 07904 0003,9900,48120,58020,6930,12000,18930,61010SDV
R72 07904 0004,9900,36150,46050,6870,0,6870,61010SDV
R72 07904 0005,9900,6820,16720,6930,4940,11870,61010SDV
R72 07904 0007,9900,35890,45790,6930,11690,18620,61010SDV
R72 07904 0008,1490,0,1490,1050,0,1050,61010SDV
R72 07904 0009,9900,8610,18510,6870,0,6870,61010SDV
R72 07904 0012,4970,0,4970,3140,0,3140,61010SDV
R72 07904 0013,9900,28960,38860,6930,13750,20680,61010SDV
R72 07904 0014,9900,39750,49650,6930,0,6930,61010SDV
R72 07904 0015,9900,40650,50550,6930,10530,17460,61010SDV
R72 07904 0016,9900,27210,37110,6930,13110,20040,61010SDV
R72 07904 0017,9900,23090,32990,6930,17350,24280,61010SDV
R72 07904 0019,9900,41020,50920,6930,22860,29790,61010SDV
R72 07904 0020,4970,0,4970,3140,0,3140,61010SDV
R72 07904 0021,11520,33420,44940,8050,13210,21260,61010SDV
R72 07904 0023,9900,42730,52630,6930,28070,35000,61010SDV
R72 07904 0024,9900,33540,43440,6930,20780,27710,61010SDV
R72 07904 0025,9900,20790,30690,3490,0,3490,61010SDV
R72 07904 0027,9900,32160,42060,3490,0,3490,61010SDV
R72 07904 0028,4970,0,4970,3140,0,3140,61010SDV
R72 07904 0029,9900,42120,52020,6930,26840,33770,61010SDV
R72 07904 0031,4970,0,4970,3140,0,3140,61010SDV
R72 07904 0032,11640,24240,35880,8130,23020,31150,61010SDV
R72 07905 0001,4730,0,4730,2980,0,2980,61010SDV
R72 07905 0003,9900,27430,37330,6900,24360,31260,61010SDV
R72 07905 0004,4970,0,4970,3130,0,3130,61010SDV
R72 07905 0005,3440,0,3440,6900,4810,11710,61010SDV
R72 07905 0006,4970,0,4970,3130,0,3130,61010SDV
R72 07905 0010,9530,41750,51280,6670,11410,18080,61010SDV
R72 07905 0011,9900,40850,50750,6930,6950,13880,61010SDV
R72 07905 0012,4970,0,4970,3140,0,3140,61010SDV
R72 07905 0013,10520,31330,41850,7360,23980,31340,61010SDV
R72 07905 0014,4660,0,4660,2950,0,2950,61010SDV
R72 07905 0016,9900,27800,37700,6930,12960,19890,61010SDV
R72 07905 0017,9900,42530,52430,6930,12340,19270,61010SDV
R72 07905 0018,11140,18500,29640,7790,9060,16850,61010SDV
R72 07905 0019,9420,44560,53980,6590,24760,31350,61010SDV
R72 07905 0020,9540,28530,38070,6670,20610,27280,61010SDV
R72 07905 0021,9540,41340,50880,6670,11580,18250,61010SDV
R72 07905 0022,9540,43880,53420,6670,23630,30300,61010SDV
R72 07905 0023,9540,32590,42130,6670,22290,28960,61010SDV
R72 07905 0024,9540,18370,27910,6670,21260,27930,61010SDV
R72 07905 0025,9300,31640,40940,6510,15990,22500,61010SDV
R72 07905 0026,9780,27230,37010,6830,11610,18440,61010SDV
R72 07905 0028,10080,42110,52190,7070,35560,42630,61010SDV
R72 07905 0029,10080,39100,49180,7090,31810,38900,61010SDV
R72 07905 0030,10080,32350,42430,7090,17990,25080,61010SDV
R72 07905 0031,10080,22410,32490,7090,15360,22450,61010SDV
R72 07905 0032,10080,22360,32440,7090,8720,15810,61010SDV
R72 07905 0033,10080,20100,30180,7090,14010,21100,61010SDV
R72 07905 0034,10080,24090,34170,7090,16320,23410,61010SDV
R72 07905 0035,10080,21780,31860,7090,20560,27650,61010SDV
R72 07905 0036,10080,26990,37070,7090,38250,45340,61010SDV
R72 07907 0001,8280,31400,39680,5840,20580,26420,61010SDV
R72 07907 0002,8700,28420,37120,6080,20680,26760,61010SDV
R72 07907 0003,9110,34050,43160,6310,19710,26020,61010SDV
R72 07907 0004,9110,22970,32080,6310,13610,19920,61010SDV
R72 07907 0005,9110,11570,20680,6310,5560,11870,61010SDV
R72 07907 0006,4550,0,4550,2890,0,2890,61010SDV
R72 07907 0007,4550,0,4550,2890,0,2890,61010SDV
R72 07907 0008,4340,0,4340,2780,0,2780,61010SDV
R72 07907 0009,4550,0,4550,2890,0,2890,61010SDV
R72 07907 0010,4550,0,4550,2890,0,2890,61010SDV
R72 07907 0011,16510,11660,28170,4860,0,4860,61010SDV
R72 07907 0012,9610,13250,22860,6680,10320,17000,61010SDV
R72 07907 0013,10240,4150,14390,7120,4230,11350,61010SDV
R72 07907 0024,4550,0,4550,2890,0,2890,61010SDV
R72 07907 0025,4550,0,4550,2890,0,2890,61010SDV
R72 07907 0026,9070,4980,14050,6360,11820,18180,61010SDV
R72 07907 0027,4550,0,4550,2890,0,2890,61010SDV
R72 07907 0028,9190,22000,31190,6380,7320,13700,61010SDV
R72 07907 0029,8760,27820,36580,6130,10220,16350,61010SDV
R72 07907 0030,9840,26030,35870,6760,7750,14510,61010SDV
R72 07907 0033,9190,27060,36250,6380,10760,17140,61010SDV
R72 07907 0035,8980,27390,36370,6260,15090,21350,61010SDV
R72 07907 0036,8870,25120,33990,6190,22550,28740,61010SDV
R72 07908 0002,9900,5440,15340,6970,5710,12680,61010SDV
R72 07908 0003,10710,34710,45420,7820,23080,30900,61010SDV
R72 07908 0005,11270,25990,37260,7930,9070,17000,61010SDV
R72 07908 0007,9000,21200,30200,6310,22010,28320,61010SDV
R72 07908 0008,9000,33710,42710,6310,30220,36530,61010SDV
R72 07908 0009,9000,25000,34000,6310,18580,24890,61010SDV
R72 07908 0010,9180,32250,41430,6430,28570,35000,61010SDV
R72 07908 0011,9000,0,9000,6310,0,6310,61010SDV
R72 07908 0012,9000,20880,29880,6310,3500,9810,61010SDV
R72 07908 0013,4520,0,4520,2870,0,2870,61010SDV
R72 07908 0014,9000,34860,43860,6310,5980,12290,61010SDV
R72 07908 0015,9000,29230,38230,6310,13800,20110,61010SDV
R72 07908 0016,4520,0,4520,2870,0,2870,61010SDV
R72 07908 0017,8730,33840,42570,6120,23570,29690,61010SDV
R72 07908 0018,4520,0,4520,2870,0,2870,61010SDV
R72 07908 0019,2260,0,2260,6310,0,6310,61010SDV
R72 07908 0021,1350,0,1350,9140,0,9140,61010SDV
R72 07908 0023,680,0,680,6310,0,6310,61010SDV
R72 07908 0024,4520,0,4520,2870,0,2870,61010SDV
R72 07908 0025,1780,0,1780,10910,0,10910,61010SDV
R72 07908 0030,9450,19670,29120,6600,3750,10350,61010SDV
R72 07908 0031,9450,4660,14110,3330,0,3330,61010SDV
R72 07908 0032,9450,24670,34120,6600,15400,22000,61010SDV
R72 07908 0035,9450,34640,44090,6600,27930,34530,61010SDV
R72 07908 0036,9450,21380,30830,6600,4680,11280,61010SDV
R72 07908 0037,9450,22270,31720,6600,9790,16390,61010SDV
R72 07908 0038,9450,21510,30960,6600,5710,12310,61010SDV
R72 07908 0039,9450,23060,32510,6600,8420,15020,61010SDV
R72 07908 0041,9450,28790,38240,6600,5020,11620,61010SDV
R72 07908 0042,9000,28020,37020,5080,0,5080,61010SDV
R72 07908 0044,9180,31490,40670,3250,0,3250,61010SDV
R72 07908 0045,9180,24040,33220,6430,9810,16240,61010SDV
R72 07908 0046,9180,22510,31690,6410,19840,26250,61010SDV
R72 07908 0047,9180,0,9180,6410,0,6410,61010SDV
R72 07908 0048,9090,10040,19130,6380,17490,23870,61010SDV
R72 07908 0049,9090,13210,22300,3230,0,3230,61010SDV
R72 07908 0050,9180,18230,27410,6450,6880,13330,61010SDV
R72 07908 0051,4570,0,4570,2890,0,2890,61010SDV
R72 07908 0052,9000,32690,41690,6340,17030,23370,61010SDV
R72 07908 0053,3800,0,3800,2470,0,2470,61010SDV
R72 07908 0055,9450,13700,23150,6600,3340,9940,61010SDV
R72 07909 0001,9000,28720,37720,6310,14870,21180,61010SDV
R72 07909 0002,9000,22520,31520,6310,13350,19660,61010SDV
R72 07909 0003,9000,26330,35330,6310,15530,21840,61010SDV
R72 07909 0004,13520,45660,59180,9140,31980,41120,61010SDV
R72 07909 0006,9000,33040,42040,6310,9790,16100,61010SDV
R72 07909 0007,9000,26680,35680,6310,20340,26650,61010SDV
R72 07909 0014,11830,27440,39270,8080,12520,20600,61010SDV
R72 07909 0015,2260,0,2260,6310,0,6310,61010SDV
R72 07909 0016,9000,27530,36530,6310,8390,14700,61010SDV
R72 07909 0018,9000,27500,36500,6310,8240,14550,61010SDV
R72 07909 0019,4520,0,4520,2870,0,2870,61010SDV
R72 07909 0020,2260,0,2260,6310,0,6310,61010SDV
R72 07909 0021,2260,0,2260,6310,0,6310,61010SDV
R72 07909 0022,2260,0,2260,6310,0,6310,61010SDV
R72 07909 0023,2260,0,2260,6310,0,6310,61010SDV
R72 08001 0001,11580,35430,47010,6730,41980,48710,62000SDV
R72 08001 0002,11840,31600,43440,6940,17620,24560,62000SDV
R72 08001 0003,11840,30110,41950,6940,41020,47960,62000SDV
R72 08001 0004,5960,0,5960,3130,0,3130,62000SDV
R72 08001 0005,11840,31050,42890,6940,36290,43230,62000SDV
R72 08001 0006,11640,30250,41890,6730,25850,32580,62000SDV
R72 08001 0007,12750,24590,37340,7280,27820,35100,62000SDV
R72 08001 0008,3570,0,3570,1790,0,1790,62000SDV
R72 08001 0009,7890,30030,37920,4530,23060,27590,62000SDV
R72 08001 0010,3210,0,3210,1710,0,1710,62000SDV
R72 08001 0011,2800,0,2800,1490,0,1490,62000SDV
R72 08001 0012,2760,0,2760,1470,0,1470,62000SDV
R72 08001 0013,10460,33910,44370,5830,46610,52440,62000SDV
R72 08001 0016,9100,25740,34840,4980,26510,31490,62000SDV
R72 08001 0017,10390,35080,45470,5740,48460,54200,62000SDV
R72 08001 0018,10630,34660,45290,5900,24600,30500,62000SDV
R72 08001 0019,10630,35120,45750,5900,48580,54480,62000SDV
R72 08001 0020,10630,31000,41630,5900,34380,40280,62000SDV
R72 08001 0021,10630,30040,40670,5900,29030,34930,62000SDV
R72 08001 0022,10630,28300,38930,5900,16630,22530,62000SDV
R72 08001 0023,10630,19450,30080,5900,17930,23830,62000SDV
R72 08001 0024,10630,28300,38930,5900,28860,34760,62000SDV
R72 08001 0025,10630,27090,37720,5900,15580,21480,62000SDV
R72 08001 0026,10630,6680,17310,5900,5740,11640,62000SDV
R72 08001 0027,10630,32700,43330,5900,56780,62680,62000SDV
R72 08001 0028,5340,0,5340,2670,0,2670,62000SDV
R72 08001 0029,2930,30860,33790,1550,43350,44900,62000SDV
R72 08001 0030,10630,32820,43450,5900,36670,42570,62000SDV
R72 08001 0031,10630,30380,41010,5900,41380,47280,62000SDV
R72 08001 0032,10390,30550,40940,5740,39270,45010,62000SDV
R72 08001 0033,10630,42250,52880,5900,42550,48450,62000SDV
R72 08001 0034,10630,41590,52220,5900,40950,46850,62000SDV
R72 08001 0035,10630,31030,41660,5900,35160,41060,62000SDV
R72 08001 0036,10630,15360,25990,5900,32700,38600,62000SDV
R72 08001 0037,10630,33470,44100,5900,45870,51770,62000SDV
R72 08001 0038,10630,51290,61920,5900,44070,49970,62000SDV
R72 08001 0039,5340,0,5340,2670,0,2670,62000SDV
R72 08001 0040,10630,42910,53540,5900,46290,52190,62000SDV
R72 08001 0041,10630,36530,47160,5900,17470,23370,62000SDV
R72 08001 0042,10630,38960,49590,5900,67440,73340,62000SDV
R72 08001 0043,10630,44280,54910,5900,41240,47140,62000SDV
R72 08001 0044,10630,29070,39700,5900,44330,50230,62000SDV
R72 08001 0045,10630,36890,47520,5900,41650,47550,62000SDV
R72 08001 0046,10630,24160,34790,5900,41750,47650,62000SDV
R72 08001 0047,9210,23880,33090,6440,18530,24970,61010SDV
R72 08001 0048,9450,37470,46920,6600,17750,24350,61010SDV
R72 08001 0049,9450,26040,35490,6600,14920,21520,61010SDV
R72 08001 0050,9450,31540,40990,6600,23200,29800,61010SDV
R72 08001 0051,9450,36210,45660,6600,28220,34820,61010SDV
R72 08001 0052,9450,27030,36480,6600,26790,33390,61010SDV
R72 08001 0053,9450,26150,35600,6600,16120,22720,61010SDV
R72 08001 0054,9450,25930,35380,6600,14600,21200,61010SDV
R72 08001 0055,9450,25600,35050,6600,15380,21980,61010SDV
R72 08001 0056,9450,29670,39120,6600,29340,35940,61010SDV
R72 08001 0057,9450,44800,54250,6600,20120,26720,61010SDV
R72 08001 0058,9450,27330,36780,6600,26460,33060,61010SDV
R72 08001 0059,9450,26720,36170,6600,15930,22530,61010SDV
R72 08001 0060,9450,31900,41350,6600,15430,22030,61010SDV
R72 08001 0061,9450,7110,16560,3330,0,3330,61010SDV
R72 08001 0062,9210,30780,39990,6440,26430,32870,61010SDV
R72 08001 0063,9450,25090,34540,6600,11960,18560,61010SDV
R72 08001 0064,9450,20770,30220,6600,5870,12470,61010SDV
R72 08001 0065,9450,27330,36780,6600,16680,23280,61010SDV
R72 08001 0066,9450,11100,20550,6600,24110,30710,61010SDV
R72 08001 0067,9450,31120,40570,6600,11740,18340,61010SDV
R72 08001 0068,9450,21820,31270,6600,9550,16150,61010SDV
R72 08001 0069,9450,27640,37090,6600,24520,31120,61010SDV
R72 08001 0070,9450,27140,36590,6600,15640,22240,61010SDV
R72 08001 0071,9450,24780,34230,6600,9870,16470,61010SDV
R72 08001 0072,9450,25750,35200,6600,23150,29750,61010SDV
R72 08001 0073,9450,29750,39200,6600,13310,19910,61010SDV
R72 08001 0074,9450,25880,35330,6600,14120,20720,61010SDV
R72 08001 0075,9450,29870,39320,6600,21450,28050,61010SDV
R72 08001 0076,9450,27690,37140,6600,20500,27100,61010SDV
R72 08002 0006,4580,0,4580,2300,0,2300,62000SDV
R72 08002 0007,7150,0,7150,3500,0,3500,62000SDV
R72 08002 0008,10590,35890,46480,5860,46630,52490,62000SDV
R72 08002 0009,10490,31450,41940,5830,14160,19990,62000SDV
R72 08002 0010,10590,45860,56450,5880,41900,47780,62000SDV
R72 08002 0011,10880,37780,48660,6060,52200,58260,62000SDV
R72 08002 0012,10880,54490,65370,6060,45300,51360,62000SDV
R72 08002 0013,10590,48470,59060,5860,20880,26740,62000SDV
R72 08002 0014,10090,25850,35940,5610,17260,22870,62000SDV
R72 08002 0015,9600,40020,49620,5300,29780,35080,62000SDV
R72 08002 0016,5900,0,5900,2920,0,2920,62000SDV
R72 08002 0018,8170,41700,49870,4640,48830,53470,62000SDV
R72 08002 0019,10000,39710,49710,5550,49990,55540,62000SDV
R72 08002 0020,13780,34380,48160,7560,35630,43190,62000SDV
R72 08002 0021,10360,48550,58910,5800,50810,56610,62000SDV
R72 08002 0022,10830,32790,43620,6040,35850,41890,62000SDV
R72 08002 0023,10320,26350,36670,5730,31690,37420,62000SDV
R72 08002 0024,10520,29680,40200,5880,33850,39730,62000SDV
R72 08002 0025,14160,49110,63270,8140,21590,29730,62000SDV
R72 08002 0026,5510,0,5510,3750,0,3750,61010SDV
R72 08002 0027,10980,24080,35060,7490,9900,17390,61010SDV
R72 08002 0028,5510,0,5510,3800,0,3800,61010SDV
R72 08002 0029,10980,24930,35910,7630,5780,13410,61010SDV
R72 08002 0030,5510,0,5510,3860,0,3860,61010SDV
R72 08002 0031,10980,32420,43400,7270,30040,37310,61010SDV
R72 08002 0032,5510,0,5510,3780,0,3780,61010SDV
R72 08002 0033,5420,0,5420,3650,0,3650,61010SDV
R72 08002 0035,4170,0,4170,2370,0,2370,62000SDV
R72 08002 0040,11200,45820,57020,6180,45520,51700,62000SDV
R72 08002 0041,11330,35310,46640,6220,45220,51440,62000SDV
R72 08002 0042,16550,36090,52640,9200,45320,54520,62000SDV
R72 08003 0003,10630,38330,48960,5900,40250,46150,62000SDV
R72 08003 0004,10630,33390,44020,5900,43060,48960,62000SDV
R72 08003 0005,10630,28910,39540,5900,43160,49060,62000SDV
R72 08003 0006,10630,39420,50050,5900,48450,54350,62000SDV
R72 08003 0007,10520,32860,43380,5830,40200,46030,62000SDV
R72 08003 0008,10120,20810,30930,5640,44510,50150,62000SDV
R72 08003 0009,9450,20890,30340,6600,10010,16610,61010SDV
R72 08003 0010,4750,0,4750,3000,0,3000,61010SDV
R72 08003 0011,9450,24210,33660,6600,10570,17170,61010SDV
R72 08003 0012,9450,29160,38610,6600,26470,33070,61010SDV
R72 08003 0013,9450,31030,40480,6600,22030,28630,61010SDV
R72 08003 0014,9450,29740,39190,6600,23280,29880,61010SDV
R72 08003 0015,9450,27220,36670,6600,26110,32710,61010SDV
R72 08003 0016,9450,30140,39590,6600,27530,34130,61010SDV
R72 08003 0017,9450,24000,33450,6600,10340,16940,61010SDV
R72 08003 0018,9450,25220,34670,6600,14840,21440,61010SDV
R72 08003 0019,9450,32870,42320,6600,15690,22290,61010SDV
R72 08003 0021,9450,31090,40540,6600,24290,30890,61010SDV
R72 08003 0022,9450,31660,41110,6600,11950,18550,61010SDV
R72 08003 0023,9450,30990,40440,6600,21220,27820,61010SDV
R72 08003 0024,9450,19900,29350,3000,0,3000,61010SDV
R72 08003 0025,9450,30650,40100,6600,31680,38280,61010SDV
R72 08003 0026,9450,25210,34660,6600,15740,22340,61010SDV
R72 08003 0027,9450,36450,45900,6600,32110,38710,61010SDV
R72 08003 0028,9450,24990,34440,6600,23680,30280,61010SDV
R72 08003 0029,9450,40230,49680,6600,30220,36820,61010SDV
R72 08003 0030,9450,37890,47340,6600,21480,28080,61010SDV
R72 08003 0031,9450,30490,39940,6600,30260,36860,61010SDV
R72 08003 0032,9450,38780,48230,6600,33350,39950,61010SDV
R72 08003 0033,10700,33790,44490,7370,11220,18590,61010SDV
R72 08003 0034,9000,23080,32080,6310,25710,32020,61010SDV
R72 08003 0035,9000,13180,22180,6310,5510,11820,61010SDV
R72 08003 0036,9000,28480,37480,6310,30060,36370,61010SDV
R72 08003 0037,4520,0,4520,2870,0,2870,61010SDV
R72 08003 0038,4520,0,4520,2870,0,2870,61010SDV
R72 08003 0039,9000,40770,49770,6310,13980,20290,61010SDV
R72 08003 0040,9000,29750,38750,6310,24090,30400,61010SDV
R72 08003 0041,9000,26970,35970,6310,15330,21640,61010SDV
R72 08003 0042,9000,28710,37710,6310,27380,33690,61010SDV
R72 08003 0043,9000,34550,43550,6310,28190,34500,61010SDV
R72 08003 0044,4520,0,4520,2870,0,2870,61010SDV
R72 08004 0001,12290,0,12290,15020,0,15020,61010SDV
R72 08004 0002,9900,43800,53700,6930,26510,33440,61010SDV
R72 08004 0003,9900,40140,50040,6930,33300,40230,61010SDV
R72 08004 0004,4970,0,4970,3140,0,3140,61010SDV
R72 08004 0005,9900,26640,36540,6930,21940,28870,61010SDV
R72 08004 0006,9900,28310,38210,6930,18070,25000,61010SDV
R72 08004 0007,9900,37250,47150,6930,22290,29220,61010SDV
R72 08004 0008,9900,40070,49970,6930,38130,45060,61010SDV
R72 08004 0009,4970,0,4970,3140,0,3140,61010SDV
R72 08004 0010,4970,0,4970,3140,0,3140,61010SDV
R72 08004 0011,9900,34190,44090,3140,0,3140,61010SDV
R72 08004 0012,4970,0,4970,3140,0,3140,61010SDV
R72 08004 0013,4150,0,4150,2660,0,2660,61010SDV
R72 08004 0015,4660,0,4660,2950,0,2950,61010SDV
R72 08004 0016,9900,37050,46950,6930,37460,44390,61010SDV
R72 08004 0017,9900,22210,32110,6930,21140,28070,61010SDV
R72 08004 0018,4970,0,4970,3140,0,3140,61010SDV
R72 08004 0020,9900,45300,55200,6930,22610,29540,61010SDV
R72 08004 0021,9900,30860,40760,6930,16870,23800,61010SDV
R72 08004 0022,9900,46450,56350,3490,0,3490,61010SDV
R72 08004 0023,9900,41450,51350,6930,26510,33440,61010SDV
R72 08004 0024,11820,35610,47430,8210,14490,22700,61010SDV
R72 08004 0025,9900,26820,36720,6930,23030,29960,61010SDV
R72 08004 0026,9900,24720,34620,6930,13310,20240,61010SDV
R72 08004 0027,9900,28970,38870,6930,8050,14980,61010SDV
R72 08004 0028,7210,0,7210,6930,10330,17260,61010SDV
R72 08004 0029,9900,13830,23730,6930,9330,16260,61010SDV
R72 08004 0030,4970,0,4970,3140,0,3140,61010SDV
R72 08004 0031,4970,0,4970,3140,0,3140,61010SDV
R72 08005 0005,9000,24850,33850,6310,15330,21640,61010SDV
R72 08005 0006,9000,18220,27220,6310,17730,24040,61010SDV
R72 08005 0007,9000,28060,37060,6310,20520,26830,61010SDV
R72 08005 0008,9000,23810,32810,6310,22310,28620,61010SDV
R72 08005 0009,9000,30610,39610,6310,19960,26270,61010SDV
R72 08005 0010,9000,20700,29700,6310,10150,16460,61010SDV
R72 08005 0011,9000,26180,35180,6310,18970,25280,61010SDV
R72 08005 0012,9000,29110,38110,3190,0,3190,61010SDV
R72 08005 0014,9000,21860,30860,3190,0,3190,61010SDV
R72 08005 0016,9000,28810,37810,6310,12520,18830,61010SDV
R72 08005 0019,9000,27630,36630,6310,12540,18850,61010SDV
R72 08005 0020,9000,27220,36220,6310,10740,17050,61010SDV
R72 08005 0021,9000,24900,33900,3190,0,3190,61010SDV
R72 08005 0022,9000,25460,34460,6310,13920,20230,61010SDV
R72 08005 0023,9000,27150,36150,6310,25330,31640,61010SDV
R72 08005 0024,4510,0,4510,6310,0,6310,61010SDV
R72 08005 0025,4510,0,4510,6310,0,6310,61010SDV
R72 08005 0026,9000,27790,36790,6310,18920,25230,61010SDV
R72 08005 0027,9000,38010,47010,6310,25290,31600,61010SDV
R72 08005 0028,9000,30460,39460,3190,0,3190,61010SDV
R72 08005 0029,9000,25140,34140,6310,13470,19780,61010SDV
R72 08005 0031,9000,10760,19760,6310,15540,21850,61010SDV
R72 08103 0016,3830,0,3830,2090,0,2090,71001WWO
R72 08103 0017,7840,25300,33140,4780,36690,41470,71001WWO
R72 08103 0018,5020,0,5020,2850,0,2850,71001WWO
R72 08103 0019,8720,55010,63730,5360,63520,68880,71001WWO
R72 08103 0020,4360,0,4360,2410,0,2410,71001WWO
R72 08103 0021,4360,0,4360,2410,0,2410,71001WWO
R72 08103 0022,8720,45840,54560,5360,58490,63850,71001WWO
R72 08103 0023,8720,42570,51290,5360,61890,67250,71001WWO
R72 08103 0024,3000,0,3000,6000,0,6000,71001WWO
R72 08103 0025,1830,0,1830,1150,0,1150,71001WWO
R72 08103 0026,7610,24560,32170,2300,0,2300,71001WWO
R72 08103 0027,7850,33720,41570,4810,34420,39230,71001WWO
R72 08103 0028,8160,28320,36480,5000,28080,33080,71001WWO
R72 08103 0029,8160,25140,33300,5000,17740,22740,71001WWO
R72 08103 0030,8160,22620,30780,5000,26730,31730,71001WWO
R72 08103 0031,8160,37290,45450,5000,35990,40990,71001WWO
R72 08103 0032,7850,20790,28640,4810,22400,27210,71001WWO
R72 08103 0033,7450,23460,30910,2280,0,2280,71001WWO
R72 08103 0034,7450,24210,31660,4560,30080,34640,71001WWO
R72 08103 0035,7340,28060,35400,4500,23800,28300,71001WWO
R72 08103 0036,7450,26600,34050,4580,29630,34210,71001WWO
R72 08103 0037,7450,27800,35250,4560,25590,30150,71001WWO
R72 08103 0038,7850,31600,39450,4810,25610,30420,71001WWO
R72 08103 0039,8160,28420,36580,5000,28880,33880,71001WWO
R72 08103 0053,8330,22150,30480,5140,24110,29250,71001WWO
R72 08103 0054,8330,2920,11250,2570,0,2570,71001WWO
R72 08103 0055,8330,23700,32030,5140,24130,29270,71001WWO
R72 08103 0057,8330,16250,24580,5140,25950,31090,71001WWO
R72 08104 0010,3370,0,3370,1810,0,1810,71000ROO
R72 08104 0011,6610,17360,23970,3970,8510,12480,71000ROO
R72 08104 0012,6610,40080,46690,3970,0,3970,71000ROO
R72 08104 0013,5290,0,5290,3180,0,3180,71000ROO
R72 08104 0014,3330,0,3330,1790,0,1790,71000ROO
R72 08104 0015,6470,27320,33790,3910,21930,25840,71000ROO
R72 08104 0016,6550,21600,28150,3960,9970,13930,71000ROO
R72 08104 0017,3330,0,3330,1790,0,1790,71000ROO
R72 08104 0018,3330,0,3330,1790,0,1790,71000ROO
R72 08104 0019,6550,32760,39310,3960,12340,16300,71000ROO
R72 08104 0020,6550,35700,42250,3960,16400,20360,71000ROO
R72 08104 0021,3330,0,3330,1790,0,1790,71000ROO
R72 08104 0022,3210,0,3210,1730,0,1730,71000ROO
R72 08104 0023,6380,22350,28730,3840,16100,19940,71000ROO
R72 08104 0024,6380,55140,61520,3840,42500,46340,71000ROO
R72 08104 0025,3210,0,3210,1730,0,1730,71000ROO
R72 08104 0028,6380,31430,37810,3840,7790,11630,71000ROO
R72 08104 0029,6380,26080,32460,3840,14820,18660,71000ROO
R72 08104 0033,5160,27080,32240,3240,20460,23700,71000ROO
R72 08104 0037,6560,2960,9520,3940,2510,6450,71000ROO
R72 08104 0049,4950,46560,51510,3130,20690,23820,71000ROO
R72 08104 0055,9200,20860,30060,5600,52560,58160,71000ROO
R72 08104 0056,7360,21700,29060,4460,55730,60190,71000ROO
R72 08105 0001,6780,53010,59790,4090,30350,34440,71000ROO
R72 08105 0002,6780,51590,58370,4090,0,4090,71000ROO
R72 08105 0004,5760,12290,18050,3460,0,3460,71000ROO
R72 08105 0005,3410,5660,9070,2050,4840,6890,71000ROO
R72 08105 0006,6780,30300,37080,4090,16520,20610,71000ROO
R72 08105 0010,6230,36100,42330,3770,32400,36170,71000ROO
R72 08105 0011,3140,0,3140,1700,0,1700,71000ROO
R72 08105 0012,6230,0,6230,3770,31950,35720,71000ROO
R72 08105 0013,6230,4900,11130,3770,2730,6500,71000ROO
R72 08105 0016,3140,0,3140,1690,0,1690,71000ROO
R72 08105 0017,6230,9790,16020,3760,0,3760,71000ROO
R72 08105 0018,3140,0,3140,1690,0,1690,71000ROO
R72 08105 0019,6230,0,6230,3760,29500,33260,71000ROO
R72 08105 0020,6230,23180,29410,1880,0,1880,71000ROO
R72 08105 0021,6230,25980,32210,1690,0,1690,71000ROO
R72 08105 0023,3170,0,3170,1700,0,1700,71000ROO
R72 08105 0024,3170,0,3170,1700,0,1700,71000ROO
R72 08105 0025,6300,23590,29890,3790,0,3790,71000ROO
R72 08105 0026,6300,31690,37990,3790,28400,32190,71000ROO
R72 08105 0027,3170,0,3170,1700,0,1700,71000ROO
R72 08105 0028,6300,18310,24610,3790,15600,19390,71000ROO
R72 08105 0030,6780,0,6780,4090,30750,34840,71000ROO
R72 08105 0032,9110,72300,81410,5520,27590,33110,71000ROO
R72 08105 0034,3860,0,3860,2090,0,2090,71000ROO
R72 08105 0035,6780,0,6780,4090,30410,34500,71000ROO
R72 08105 0037,910,0,910,550,0,550,71000ROO
R72 08105 0038,3140,0,3140,1690,0,1690,71000ROO
R72 08105 0039,6230,31560,37790,3760,0,3760,71000ROO
R72 08105 0040,6230,0,6230,3760,0,3760,71000ROO
R72 08105 0041,3140,0,3140,1690,0,1690,71000ROO
R72 08105 0042,3140,0,3140,1690,0,1690,71000ROO
R72 08105 0043,6230,37700,43930,3760,46840,50600,71000ROO
R72 08105 0044,3140,0,3140,1700,0,1700,71000ROO
R72 08105 0045,1570,0,1570,940,0,940,71000ROO
R72 08105 0046,3140,0,3140,1700,0,1700,71000ROO
R72 08105 0047,6230,23670,29900,3770,16930,20700,71000ROO
R72 08105 0048,6230,0,6230,3770,29620,33390,71000ROO
R72 08105 0049,6230,17690,23920,3770,0,3770,71000ROO
R72 08105 0050,3140,0,3140,1700,0,1700,71000ROO
R72 08105 0051,6300,0,6300,3790,30760,34550,71000ROO
R72 08105 0052,3170,0,3170,1700,0,1700,71000ROO
R72 08105 0053,6300,20170,26470,3790,9830,13620,71000ROO
R72 08105 0054,3170,0,3170,1700,0,1700,71000ROO
R72 08105 0055,6300,36520,42820,3790,46390,50180,71000ROO
R72 08105 0056,3170,0,3170,1700,0,1700,71000ROO
R72 08105 0057,6300,34760,41060,3790,36200,39990,71000ROO
R72 08105 0058,6300,16920,23220,3790,9990,13780,71000ROO
R72 08105 0060,3050,0,3050,1650,0,1650,71000ROO
R72 08105 0061,5700,5830,11530,1540,0,1540,71000ROO
R72 08106 0001,6860,34910,41770,4130,14370,18500,71000ROO
R72 08106 0005,6760,29440,36200,4070,24720,28790,71000ROO
R72 08106 0006,6930,25740,32670,4170,5350,9520,71000ROO
R72 08106 0007,3140,0,3140,1690,0,1690,71000ROO
R72 08106 0010,6230,22470,28700,3760,4190,7950,71000ROO
R72 08106 0011,6230,43770,50000,3760,18300,22060,71000ROO
R72 08106 0012,6230,41320,47550,3760,33200,36960,71000ROO
R72 08106 0015,6030,62120,68150,3630,39350,42980,71000ROO
R72 08106 0016,3080,0,3080,1660,0,1660,71000ROO
R72 08106 0020,6780,43540,50320,4090,38430,42520,71000ROO
R72 08106 0021,6780,60230,67010,4090,26420,30510,71000ROO
R72 08106 0022,6780,55020,61800,4090,27070,31160,71000ROO
R72 08106 0023,3410,0,3410,1840,0,1840,71000ROO
R72 08106 0024,3410,0,3410,1840,0,1840,71000ROO
R72 08106 0025,5420,0,5420,3270,0,3270,71000ROO
R72 08106 0026,6230,0,6230,3770,29620,33390,71000ROO
R72 08106 0027,1570,0,1570,940,0,940,71000ROO
R72 08106 0028,6230,22920,29150,3770,11590,15360,71000ROO
R72 08106 0029,6230,35680,41910,3770,26280,30050,71000ROO
R72 08106 0030,3140,0,3140,1700,0,1700,71000ROO
R72 08106 0031,3140,0,3140,1700,0,1700,71000ROO
R72 08106 0032,6230,32730,38960,3770,23380,27150,71000ROO
R72 08106 0033,3140,0,3140,1690,0,1690,71000ROO
R72 08106 0035,11810,33000,44810,7050,16740,23790,71000ROO
R72 08106 0038,6230,0,6230,3760,31290,35050,71000ROO
R72 08106 0039,6230,0,6230,3760,31290,35050,71000ROO
R72 08106 0041,6300,22130,28430,3790,12130,15920,71000ROO
R72 08106 0042,6300,5020,11320,3790,0,3790,71000ROO
R72 08106 0043,6300,36030,42330,3790,16100,19890,71000ROO
R72 08106 0044,6300,39080,45380,3790,14760,18550,71000ROO
R72 08106 0045,3170,0,3170,1700,0,1700,71000ROO
R72 08106 0046,6300,21870,28170,3790,9930,13720,71000ROO
R72 08106 0047,6300,27450,33750,3790,0,3790,71000ROO
R72 08106 0048,6770,37350,44120,4070,25090,29160,71000ROO
R72 08106 0049,6860,37410,44270,4130,27760,31890,71000ROO
R72 08106 0050,6860,34200,41060,4130,17420,21550,71000ROO
R72 08106 0051,6860,35810,42670,4130,17790,21920,71000ROO
R72 08106 0052,8350,29660,38010,5080,31100,36180,71000ROO
R72 08106 0054,8350,40330,48680,5080,28150,33230,71000ROO
R72 08106 0056,6770,34960,41730,4070,26680,30750,71000ROO
R72 08106 0058,2660,0,2660,1400,0,1400,71000ROO
R72 08106 0064,6640,34310,40950,4000,25430,29430,71000ROO
R72 08106 0066,7890,32130,40020,4770,22400,27170,71000ROO
R72 08106 0068,5950,28340,34290,3620,12740,16360,71000ROO
R72 08107 0001,7410,25570,32980,4500,11920,16420,71000ROO
R72 08107 0004,7630,52840,60470,4580,35020,39600,71000ROO
R72 08107 0009,7630,54120,61750,2290,0,2290,71000ROO
R72 08107 0015,3410,0,3410,1840,0,1840,71000ROO
R72 08107 0016,6780,41050,47830,4090,32330,36420,71000ROO
R72 08107 0017,6780,32200,38980,4090,22010,26100,71000ROO
R72 08107 0018,6780,22000,28780,4090,15970,20060,71000ROO
R72 08107 0019,6780,6440,13220,2050,0,2050,71000ROO
R72 08107 0020,3410,0,3410,1840,0,1840,71000ROO
R72 08107 0021,3310,0,3310,1780,0,1780,71000ROO
R72 08107 0022,6580,51060,57640,3970,45840,49810,71000ROO
R72 08107 0023,9720,51140,60860,5820,41700,47520,71000ROO
R72 08107 0025,9720,52670,62390,5820,43930,49750,71000ROO
R72 08107 0027,6580,3610,10190,1990,0,1990,71000ROO
R72 08107 0032,6500,59500,66000,3900,39650,43550,71000ROO
R72 08107 0033,3100,0,3100,1670,0,1670,71000ROO
R72 08107 0034,6170,22580,28750,3710,17780,21490,71000ROO
R72 08107 0035,6170,35180,41350,3710,17680,21390,71000ROO
R72 08107 0036,6170,0,6170,3710,0,3710,71000ROO
R72 08107 0037,3300,0,3300,1780,0,1780,71000ROO
R72 08107 0038,6560,31990,38550,3960,31990,35950,71000ROO
R72 08107 0039,7180,42830,50010,4330,14980,19310,71000ROO
R72 08107 0040,7410,26900,34310,4500,14430,18930,71000ROO
R72 08107 0043,7590,21060,28650,4590,0,4590,71000ROO
R72 08107 0044,7590,29830,37420,4590,16500,21090,71000ROO
R72 08107 0045,8400,34910,43310,5080,39750,44830,71000ROO
R72 08107 0046,7920,24210,32130,4840,18990,23830,71000ROO
R72 08107 0047,7410,23910,31320,4500,0,4500,71000ROO
R72 08107 0049,7410,34240,41650,4500,26780,31280,71000ROO
R72 08107 0054,7450,7300,14750,2270,0,2270,71000ROO
R72 08108 0004,3410,0,3410,1840,0,1840,71000ROO
R72 08108 0005,6780,40860,47640,4090,37480,41570,71000ROO
R72 08108 0006,6780,32500,39280,6790,34440,41230,71000ROO
R72 08108 0007,6780,38200,44980,4090,30970,35060,71000ROO
R72 08108 0008,6780,61120,67900,4090,30710,34800,71000ROO
R72 08108 0010,6780,61120,67900,4090,27440,31530,71000ROO
R72 08108 0011,3370,0,3370,1820,0,1820,71000ROO
R72 08108 0012,3370,0,3370,1820,0,1820,71000ROO
R72 08108 0038,5550,18390,23940,3420,11640,15060,71000ROO
R72 08108 0045,6320,18440,24760,3820,10610,14430,71000ROO
R72 08108 0049,10090,22530,32620,6080,29720,35800,71000ROO
R72 08108 0056,8320,0,8320,8410,49230,57640,71000ROO
R72 08108 0057,9140,0,9140,9710,49230,58940,71000ROO
R72 08109 0001,7460,35470,42930,4530,18260,22790,71000ROO
R72 08109 0002,3390,0,3390,1830,0,1830,71000ROO
R72 08109 0003,6730,10370,17100,4070,5130,9200,71000ROO
R72 08109 0005,6730,39570,46300,4070,19640,23710,71000ROO
R72 08109 0007,6730,39600,46330,4070,31160,35230,71000ROO
R72 08109 0008,6730,48430,55160,4070,37740,41810,71000ROO
R72 08109 0009,5380,0,5380,3260,0,3260,71000ROO
R72 08109 0010,6730,17750,24480,4070,10300,14370,71000ROO
R72 08109 0012,3430,0,3430,1860,0,1860,71000ROO
R72 08109 0013,6820,2620,9440,4130,3430,7560,71000ROO
R72 08109 0014,6820,22500,29320,4130,0,4130,71000ROO
R72 08109 0015,6820,12800,19620,4130,31840,35970,71000ROO
R72 08109 0016,6820,19010,25830,4130,22890,27020,71000ROO
R72 08109 0017,6820,36350,43170,4130,23990,28120,71000ROO
R72 08109 0018,7100,9310,16410,4300,20450,24750,71000ROO
R72 08109 0019,6730,34650,41380,3830,3240,7070,71000ROO
R72 08109 0020,6730,36000,42730,4070,26720,30790,71000ROO
R72 08109 0021,6730,34650,41380,4070,14660,18730,71000ROO
R72 08109 0022,6730,32320,39050,4070,17060,21130,71000ROO
R72 08109 0023,3390,0,3390,1830,0,1830,71000ROO
R72 08109 0024,3390,0,3390,1830,0,1830,71000ROO
R72 08109 0025,3390,0,3390,4070,24710,28780,71000ROO
R72 08109 0026,6730,38420,45150,4070,27940,32010,71000ROO
R72 08109 0027,3390,0,3390,1830,0,1830,71000ROO
R72 08109 0030,6820,34870,41690,4130,26920,31050,71000ROO
R72 08109 0031,3430,0,3430,4130,38170,42300,71000ROO
R72 08109 0032,6910,8850,15760,1870,0,1870,71000ROO
R72 08109 0035,6910,52490,59400,4140,21650,25790,71000ROO
R72 08109 0038,3470,0,3470,1870,0,1870,71000ROO
R72 08109 0041,6910,32660,39570,4190,23860,28050,71000ROO
R72 08109 0042,6730,17220,23950,4070,11620,15690,71000ROO
R72 08109 0043,3750,0,3750,2040,0,2040,71000ROO
R72 08109 0045,7460,24620,32080,4530,6350,10880,71000ROO
R72 08109 0047,7460,25990,33450,4530,20160,24690,71000ROO
R72 08109 0049,7460,24700,32160,4530,19720,24250,71000ROO
R72 08109 0051,6820,24720,31540,4130,27810,31940,71000ROO
R72 08109 0053,3390,0,3390,1830,0,1830,71000ROO
R72 08109 0054,3390,0,3390,1830,0,1830,71000ROO
R72 08109 0055,2770,0,2770,1520,0,1520,71000ROO
R72 08109 0057,4870,13310,18180,3150,0,3150,71000ROO
R72 08109 0061,6000,29760,35760,3640,9470,13110,71000ROO
R72 08109 0064,6000,34820,40820,3640,14040,17680,71000ROO
R72 08109 0067,3020,0,3020,1640,0,1640,71000ROO
R72 08109 0070,6000,33750,39750,3640,7480,11120,71000ROO
R72 08109 0073,6820,31860,38680,1860,0,1860,71000ROO
R72 08109 0076,3390,0,3390,1830,0,1830,71000ROO
R72 08109 0077,6730,31700,38430,4070,16040,20110,71000ROO
R72 08109 0078,6730,30420,37150,4070,17650,21720,71000ROO
R72 08109 0079,6730,34280,41010,4070,15790,19860,71000ROO
R72 08109 0080,3390,0,3390,1830,0,1830,71000ROO
R72 08109 0081,6730,30670,37400,4070,24790,28860,71000ROO
R72 08109 0082,6730,37510,44240,4070,29360,33430,71000ROO
R72 08109 0083,6820,38510,45330,4130,29930,34060,71000ROO
R72 08109 0085,6820,30840,37660,4130,24180,28310,71000ROO
R72 08109 0086,6820,36330,43150,4130,26530,30660,71000ROO
R72 08109 0088,4790,1710,6500,2480,0,2480,71000ROO
R72 08109 0089,4850,33820,38670,3130,26010,29140,71000ROO
R72 08109 0091,4850,31590,36440,2490,0,2490,71000ROO
R72 08109 0093,4850,32170,37020,1410,0,1410,71000ROO
R72 08109 0097,!,!,!
R72 08110 0001,7370,4900,12270,2010,0,2010,71000ROO
R72 08110 0002,6820,29630,36450,4130,14260,18390,71000ROO
R72 08110 0003,6820,33240,40060,4130,10310,14440,71000ROO
R72 08110 0004,6820,21090,27910,4130,13720,17850,71000ROO
R72 08110 0005,6820,23890,30710,4130,10150,14280,71000ROO
R72 08110 0006,6820,34740,41560,4130,16210,20340,71000ROO
R72 08110 0007,6820,36170,42990,4130,15190,19320,71000ROO
R72 08110 0008,6820,31560,38380,4130,17620,21750,71000ROO
R72 08110 0009,6910,30750,37660,4190,27480,31670,71000ROO
R72 08110 0010,10030,37610,47640,6150,16760,22910,71000ROO
R72 08110 0012,6550,0,6550,3960,29010,32970,71000ROO
R72 08110 0013,6550,40960,47510,3960,31580,35540,71000ROO
R72 08110 0016,3290,0,3290,1780,0,1780,71000ROO
R72 08110 0018,6360,35300,41660,3840,17810,21650,71000ROO
R72 08110 0019,7410,22520,29930,4320,19130,23450,71000ROO
R72 08110 0021,3500,0,3500,1880,0,1880,71000ROO
R72 08110 0022,6950,29130,36080,4180,30000,34180,71000ROO
R72 08110 0023,6950,38280,45230,4180,20750,24930,71000ROO
R72 08110 0024,6890,35450,42340,4160,25560,29720,71000ROO
R72 08110 0025,7350,38030,45380,4450,36160,40610,71000ROO
R72 08110 0026,7570,9430,17000,4570,0,4570,71000ROO
R72 08110 0030,6610,24800,31410,3970,18770,22740,71000ROO
R72 08110 0033,6610,34050,40660,3970,16280,20250,71000ROO
R72 08110 0034,7050,27910,34960,4250,14800,19050,71000ROO
R72 08110 0035,6360,39900,46260,3840,12040,15880,71000ROO
R72 08110 0036,6360,32360,38720,1730,0,1730,71000ROO
R72 08110 0037,3850,0,3850,2080,0,2080,71000ROO
R72 08110 0041,7570,63480,71050,4570,26050,30620,71000ROO
R72 08110 0046,7460,9400,16860,4320,6690,11010,71000ROO
R72 08110 0048,3520,0,3520,1910,0,1910,71000ROO
R72 08110 0049,7010,28320,35330,4240,15640,19880,71000ROO
R72 08110 0050,7010,0,7010,4240,0,4240,71000ROO
R72 08110 0051,7010,19830,26840,4240,12520,16760,71000ROO
R72 08110 0052,3520,0,3520,1910,0,1910,71000ROO
R72 08110 0053,7010,41330,48340,4240,0,4240,71000ROO
R72 08110 0054,7010,35920,42930,4240,26630,30870,71000ROO
R72 08110 0055,3290,0,3290,1780,0,1780,71000ROO
R72 08110 0060,7010,9580,16590,4240,12680,16920,71000ROO
R72 08110 0061,6820,37630,44450,4130,28960,33090,71000ROO
R72 08110 0063,6820,33000,39820,4130,14290,18420,71000ROO
R72 08110 0064,3430,0,3430,1860,0,1860,71000ROO
R72 08110 0065,6820,36480,43300,4130,19710,23840,71000ROO
R72 08110 0066,6820,38350,45170,4130,28950,33080,71000ROO
R72 08110 0067,6820,37140,43960,4130,8560,12690,71000ROO
R72 08110 0068,6910,38710,45620,4190,24210,28400,71000ROO
R72 08110 0069,3480,0,3480,1880,0,1880,71000ROO
R72 08110 0070,3480,0,3480,1880,0,1880,71000ROO
R72 08110 0071,6550,0,6550,3960,0,3960,71000ROO
R72 08110 0072,6550,3890,10440,1780,0,1780,71000ROO
R72 08110 0073,6550,35450,42000,3960,18010,21970,71000ROO
R72 08110 0074,6550,28410,34960,3960,15050,19010,71000ROO
R72 08110 0075,6550,42860,49410,3960,24410,28370,71000ROO
R72 08110 0076,6460,40970,47430,3900,31040,34940,71000ROO
R72 08110 0077,6360,24840,31200,3840,27820,31660,71000ROO
R72 08110 0079,1650,0,1650,990,0,990,71000ROO
R72 08110 0080,6460,26270,32730,3900,4230,8130,71000ROO
R72 08110 0081,6550,25250,31800,3960,26910,30870,71000ROO
R72 08110 0083,6460,35020,41480,3900,29560,33460,71000ROO
R72 08110 0085,6360,33210,39570,3840,24130,27970,71000ROO
R72 08201 0002,4680,0,4680,2600,0,2600,71000WWO
R72 08201 0003,8360,22440,30800,5130,15070,20200,71000WWO
R72 08201 0004,8360,30590,38950,5130,20710,25840,71000WWO
R72 08201 0006,8360,28250,36610,5130,13060,18190,71000WWO
R72 08201 0007,8360,36140,44500,5130,20670,25800,71000WWO
R72 08201 0008,8800,34800,43600,5420,25410,30830,71000WWO
R72 08201 0009,6640,24520,31160,4140,12490,16630,71000WWO
R72 08201 0010,6030,16170,22200,1700,0,1700,71000WWO
R72 08201 0011,3880,0,3880,4750,37550,42300,71000WWO
R72 08201 0012,7650,26710,34360,4690,14040,18730,71000WWO
R72 08201 0013,7340,31700,39040,4500,15380,19880,71000WWO
R72 08201 0014,7340,31320,38660,4500,22090,26590,71000WWO
R72 08201 0015,7340,5170,12510,2250,0,2250,71000WWO
R72 08201 0018,7340,17510,24850,4500,4170,8670,71000WWO
R72 08201 0020,7340,10900,18240,4500,4360,8860,71000WWO
R72 08201 0021,7340,29070,36410,4500,15800,20300,71000WWO
R72 08201 0022,7340,28130,35470,4500,21460,25960,71000WWO
R72 08201 0023,7340,29620,36960,4500,16010,20510,71000WWO
R72 08201 0025,7340,20980,28320,4500,5820,10320,71000WWO
R72 08201 0026,7340,39250,46590,4500,31690,36190,71000WWO
R72 08201 0027,7340,27500,34840,4500,20810,25310,71000WWO
R72 08201 0028,7960,27890,35850,4880,23690,28570,71000WWO
R72 08201 0029,3990,0,3990,2200,0,2200,71000WWO
R72 08201 0030,6140,36920,43060,3950,29250,33200,71000WWO
R72 08201 0031,5550,28650,34200,3660,13060,16720,71000WWO
R72 08201 0032,5930,29150,35080,3810,13370,17180,71000WWO
R72 08201 0033,6150,29090,35240,3900,13300,17200,71000WWO
R72 08201 0034,6380,33750,40130,4010,31400,35410,71000WWO
R72 08201 0035,6680,32150,38830,4130,16720,20850,71000WWO
R72 08201 0036,6900,34680,41580,4230,13890,18120,71000WWO
R72 08201 0037,7050,20940,27990,4360,0,4360,71000WWO
R72 08201 0038,7280,31950,39230,4460,26880,31340,71000WWO
R72 08201 0039,2100,0,2100,1290,0,1290,71000WWO
R72 08201 0040,8060,33540,41600,4960,18640,23600,71000WWO
R72 08201 0042,1500,0,1500,1500,0,1500,71000WWO
R72 08201 0043,7500,14870,22370,7500,11010,18510,71000WWO
R72 08201 0044,7500,14050,21550,7500,5790,13290,71000WWO
R72 08201 0045,1830,0,1830,3670,0,3670,71000WWO
R72 08201A0001,8110,27330,35440,4970,16900,21870,71000WWO
R72 08201A0002,8110,18660,26770,4970,10850,15820,71000WWO
R72 08201A0003,8110,19990,28100,2490,0,2490,71000WWO
R72 08201A0004,8110,19770,27880,4970,4260,9230,71000WWO
R72 08201A0005,8110,23360,31470,4970,10560,15530,71000WWO
R72 08201A0006,8320,25680,34000,5100,12500,17600,71000WWO
R72 08201A0007,5700,16600,22300,3720,12710,16430,71000WWO
R72 08201A0008,7500,17040,24540,7500,10940,18440,71000WWO
R72 08201A0009,6000,0,6000,6000,0,6000,71000WWO
R72 08201A0010,5540,14410,19950,3650,6910,10560,71000WWO
R72 08201A0011,8750,16200,24950,5370,12110,17480,71000WWO
R72 08201A0013,4320,0,4320,2390,0,2390,71000WWO
R72 08201A0014,4320,0,4320,2390,0,2390,71000WWO
R72 08201A0015,4320,0,4320,1990,0,1990,71000WWO
R72 08201A0016,8660,29580,38240,5510,0,5510,71000WWO
R72 08201A0017,8730,31410,40140,5610,23750,29360,71000WWO
R72 08201A0018,8880,34140,43020,5730,26530,32260,71000WWO
R72 08201A0019,1730,0,1730,1060,0,1060,71000WWO
R72 08201A0020,1730,0,1730,1060,0,1060,71000WWO
R72 08201A0024,7330,17960,25290,4490,11760,16250,71000WWO
R72 08201A0025,6660,26030,32690,4130,21990,26120,71000WWO
R72 08201A0026,6880,31600,38480,4250,13060,17310,71000WWO
R72 08201A0027,3240,0,3240,1840,0,1840,71000WWO
R72 08201A0028,2520,0,2520,1560,0,1560,71000WWO
R72 08201A0029,2840,0,2840,1680,0,1680,71000WWO
R72 08201A0030,6630,19570,26200,4120,9020,13140,71000WWO
R72 08202 0001,3150,0,3150,3770,87520,91290,71000ROO
R72 08202 0002,6020,0,6020,3640,27690,31330,71000ROO
R72 08202 0003,6020,43500,49520,3640,32890,36530,71000ROO
R72 08202 0004,6020,16190,22210,3640,18480,22120,71000ROO
R72 08202 0005,6100,27350,33450,3680,20480,24160,71000ROO
R72 08202 0006,6100,20370,26470,3680,8640,12320,71000ROO
R72 08202 0007,6100,1850,7950,3700,1920,5620,71000ROO
R72 08202 0008,3070,0,3070,3700,41100,44800,71000ROO
R72 08202 0009,6100,10330,16430,1850,0,1850,71000ROO
R72 08202 0010,6100,3910,10010,3700,3410,7110,71000ROO
R72 08202 0012,6170,23860,30030,3710,18300,22010,71000ROO
R72 08202 0013,7410,18230,25640,4470,19210,23680,71000ROO
R72 08202 0014,7410,37470,44880,4470,19600,24070,71000ROO
R72 08202 0015,7410,38410,45820,4470,38750,43220,71000ROO
R72 08202 0016,3730,0,3730,2010,0,2010,71000ROO
R72 08202 0019,6170,0,6170,3710,28830,32540,71000ROO
R72 08202 0020,6100,22810,28910,3700,38600,42300,71000ROO
R72 08202 0021,6100,13830,19930,3700,41100,44800,71000ROO
R72 08202 0022,6100,38220,44320,3700,11640,15340,71000ROO
R72 08202 0023,6100,40330,46430,1850,0,1850,71000ROO
R72 08202 0024,6100,36320,42420,3700,7800,11500,71000ROO
R72 08202 0025,6100,5980,12080,1850,0,1850,71000ROO
R72 08202 0026,6100,39110,45210,3680,41840,45520,71000ROO
R72 08202 0029,6020,37880,43900,3640,17810,21450,71000ROO
R72 08202 0030,6020,34890,40910,3640,25820,29460,71000ROO
R72 08202 0031,5690,38510,44200,3460,19690,23150,71000ROO
R72 08202 0033,6100,25880,31980,3680,36610,40290,71000ROO
R72 08202 0035,6100,31790,37890,3680,11770,15450,71000ROO
R72 08202 0036,6100,29730,35830,3680,35240,38920,71000ROO
R72 08202 0037,6100,34930,41030,1850,0,1850,71000ROO
R72 08202 0038,6100,32930,39030,3700,38600,42300,71000ROO
R72 08202 0041,6100,62020,68120,3700,12200,15900,71000ROO
R72 08202 0043,6170,14070,20240,3710,4220,7930,71000ROO
R72 08202 0044,3070,0,3070,3700,41100,44800,71000ROO
R72 08202 0045,3730,0,3730,4470,40330,44800,71000ROO
R72 08202 0047,6830,29980,36810,4090,40710,44800,71000ROO
R72 08202 0048,7410,0,7410,4470,30100,34570,71000ROO
R72 08202 0051,6170,53410,59580,3710,16870,20580,71000ROO
R72 08202 0053,3070,0,3070,3700,41100,44800,71000ROO
R72 08202 0054,6170,0,6170,3710,27690,31400,71000ROO
R72 08202 0055,6100,32210,38310,3700,9540,13240,71000ROO
R72 08202 0056,6100,34850,40950,3700,15220,18920,71000ROO
R72 08202 0059,8430,13630,22060,2020,0,2020,71000ROO
R72 08202 0060,6100,60780,66880,1840,0,1840,71000ROO
R72 08202 0062,6180,57890,64070,3730,12600,16330,71000ROO
R72 08202 0063,6100,5680,11780,3680,16440,20120,71000ROO
R72 08202 0066,6630,35360,41990,4010,8890,12900,71000ROO
R72 08202 0067,3330,0,3330,3610,38690,42300,71000ROO
R72 08202 0070,3330,0,3330,1800,0,1800,71000ROO
R72 08202 0077,6630,33420,40050,4010,16410,20420,71000ROO
R72 08202 0079,6630,2610,9240,4010,14290,18300,71000ROO
R72 08202 0080,3330,0,3330,3610,38690,42300,71000ROO
R72 08202 0081,4660,5800,10460,1500,0,1500,71000ROO
R72 08202 0084,7510,4500,12010,4540,5560,10100,71000ROO
R72 08202 0085,3150,0,3150,1670,0,1670,71000ROO
R72 08202 0086,3150,0,3150,1670,0,1670,71000ROO
R72 08202 0088,3150,0,3150,1670,0,1670,71000ROO
R72 08202 0089,3780,0,3780,2040,0,2040,71000ROO
R72 08202 0090,6630,26420,33050,4010,12040,16050,71000ROO
R72 08202 0091,3330,0,3330,1800,0,1800,71000ROO
R72 08202 0092,6630,54140,60770,4010,24410,28420,71000ROO
R72 08202 0093,6630,42110,48740,4010,32420,36430,71000ROO
R72 08202 0094,6630,36100,42730,4010,0,4010,71000ROO
R72 08202 0095,1670,0,1670,1000,0,1000,71000ROO
R72 08202 0096,1670,0,1670,1000,0,1000,71000ROO
R72 08202 0097,6630,26480,33110,4010,13970,17980,71000ROO
R72 08202 0098,6630,19200,25830,4010,20630,24640,71000ROO
R72 08202 0099,6630,19990,26620,4010,19720,23730,71000ROO
R72 08202 0100,6630,53200,59830,4010,43120,47130,71000ROO
R72 08202 0101,6630,31970,38600,4010,27130,31140,71000ROO
R72 08202 0102,6630,36410,43040,4010,17570,21580,71000ROO
R72 08202 0103,5810,33050,38860,3520,6740,10260,71000ROO
R72 08202 0106,3630,0,3630,3910,38390,42300,71000ROO
R72 08202 0107,5690,20130,25820,3460,4290,7750,71000ROO
R72 08202 0110,2800,0,2800,1540,0,1540,71000ROO
R72 08202 0113,5510,37740,43250,3380,0,3380,71000ROO
R72 08202 0116,5940,44960,50900,3620,34770,38390,71000ROO
R72 08202 0119,2520,0,2520,1450,0,1450,71000ROO
R72 08202 0121,9740,11860,21600,5900,38900,44800,71000ROO
R72 08202 0122,9250,63020,72270,5500,39300,44800,71000ROO
R72 08202 0123,8970,27750,36720,5280,39520,44800,71000ROO
R72 08202 0124,10990,32860,43850,6830,37970,44800,71000ROO
R72 08202 0125,3820,0,3820,4620,40180,44800,71000ROO
R72 08202 0126,10310,16520,26830,6860,37940,44800,71000ROO
R72 08202 0127,!,!,!
R72 08202 0128,!,!,!
R72 08202 0129,!,!,!
R72 08202 0130,!,!,!
R72 08203 0001,5120,5200,10320,1460,0,1460,71000ROO
R72 08203 0002,3100,0,3100,3470,0,3470,71000ROO
R72 08203 0003,5970,40280,46250,3610,18020,21630,71000ROO
R72 08203 0004,6000,0,6000,3600,0,3600,71000ROO
R72 08203 0008,7030,48220,55250,4250,38050,42300,71000ROO
R72 08203 0009,7030,12830,19860,4250,16680,20930,71000ROO
R72 08203 0014,7100,0,7100,4270,0,4270,71000ROO
R72 08203 0015,3570,0,3570,2800,42000,44800,71000ROO
R72 08203 0020,3850,0,3850,2090,0,2090,71000ROO
R72 08203 0021,5110,3730,8840,3230,4940,8170,71000ROO
R72 08203 0022,6990,44660,51650,4210,13310,17520,71000ROO
R72 08203 0023,6990,30350,37340,2800,42000,44800,71000ROO
R72 08203 0024,5310,38270,43580,3310,18690,22000,71000ROO
R72 08203 0025,8130,63390,71520,4950,44360,49310,71000ROO
R72 08203 0026,7500,49450,56950,4500,29300,33800,71000ROO
R72 08203 0030,6990,55950,62940,4210,0,4210,71000ROO
R72 08203 0038,4750,15720,20470,5740,3710,9450,71000ROO
R72 08203 0042,6990,5980,12970,4210,0,4210,71000ROO
R72 08203 0055,7100,4730,11830,4270,0,4270,71000ROO
R72 08203 0056,7100,0,7100,4270,25370,29640,71000ROO
R72 08203 0057,6800,32430,39230,4080,14690,18770,71000ROO
R72 08203 0059,3560,0,3560,1920,0,1920,71000ROO
R72 08203 0066,4640,5630,10270,3010,7000,10010,71000ROO
R72 08203 0074,1500,4550,6050,350,0,350,71000ROO
R72 08203 0078,5040,0,5040,2800,42000,44800,71000ROO
R72 08203 0079,5180,0,5180,2800,42000,44800,71000ROO
R72 08203 0080,4400,0,4400,2800,42000,44800,71000ROO
R72 08203 0081,4350,0,4350,2800,42000,44800,71000ROO
R72 08203 0082,3930,0,3930,2800,42000,44800,71000ROO
R72 08203 0083,4220,0,4220,5110,69660,74770,71000ROO
R72 08203 0084,!,!,!
R72 08203 0085,!,!,!
R72 08203 0086,!,!,!
R72 08204 0018,1660,0,1660,990,0,990,71000ROO
R72 08204 0019,6730,24970,31700,4060,32640,36700,71000ROO
R72 08204 0023,2900,0,2900,1570,0,1570,71000ROO
R72 08204 0063,5220,0,5220,2800,42000,44800,71000ROO
R72 08204 0064,4310,0,4310,2800,42000,44800,71000ROO
R72 08204 0065,!,!,!
R72 08205 0001,6430,41400,47830,3860,30080,33940,71000ROO
R72 08205 0002,5860,30140,36000,3550,0,3550,71000ROO
R72 08205 0003,5860,34010,39870,3550,28330,31880,71000ROO
R72 08205 0004,5860,35550,41410,3550,29370,32920,71000ROO
R72 08205 0005,5860,30920,36780,3560,18180,21740,71000ROO
R72 08205 0006,5860,38720,44580,3560,18380,21940,71000ROO
R72 08205 0007,5860,30190,36050,3560,22900,26460,71000ROO
R72 08205 0008,5920,38030,43950,3580,26460,30040,71000ROO
R72 08205 0009,5920,30200,36120,3580,0,3580,71000ROO
R72 08205 0010,5920,7290,13210,3580,17600,21180,71000ROO
R72 08205 0011,5920,25590,31510,3590,15670,19260,71000ROO
R72 08205 0012,5920,26300,32220,3590,29630,33220,71000ROO
R72 08205 0013,5920,19480,25400,3590,18190,21780,71000ROO
R72 08205 0014,5920,41010,46930,3590,27030,30620,71000ROO
R72 08205 0015,6500,60820,67320,3930,38370,42300,71000ROO
R72 08205 0016,7740,17850,25590,4630,42680,47310,71000ROO
R72 08205 0017,6170,42660,48830,3740,46470,50210,71000ROO
R72 08205 0018,3100,0,3100,1680,0,1680,71000ROO
R72 08205 0019,6170,27500,33670,3740,10690,14430,71000ROO
R72 08205 0020,6170,33610,39780,3740,7720,11460,71000ROO
R72 08205 0023,5340,25300,30640,3280,16900,20180,71000ROO
R72 08205 0024,880,0,880,750,0,750,71000ROO
R72 08205 0025,6170,33420,39590,3740,32930,36670,71000ROO
R72 08205 0026,6500,4290,10790,2800,42000,44800,71000ROO
R72 08205 0030,5460,15000,20460,3370,9900,13270,71000ROO
R72 08205 0032,7150,38630,45780,4310,35470,39780,71000ROO
R72 08205 0033,7150,39540,46690,4310,30130,34440,71000ROO
R72 08205 0034,7150,38980,46130,4310,13800,18110,71000ROO
R72 08205 0035,7150,36880,44030,4300,0,4300,71000ROO
R72 08205 0043,5920,21930,27850,3580,12190,15770,71000ROO
R72 08205 0044,5860,32900,38760,3550,17100,20650,71000ROO
R72 08205 0045,3040,0,3040,1640,0,1640,71000ROO
R72 08205 0060,!,!,!
R72 08205 0061,!,!,!
R72 08205 0062,!,!,!
R72 08206 0008,5740,0,5740,3470,0,3470,71000ROO
R72 08206 0010,3980,0,3980,2800,42000,44800,71000ROO
R72 08206 0011,7910,32870,40780,4890,37410,42300,71000ROO
R72 08206 0012,7910,0,7910,2800,42000,44800,71000ROO
R72 08206 0013,7910,14650,22560,7910,14650,22560,71000ROO
R72 08206 0014,6920,32310,39230,4200,25930,30130,71000ROO
R72 08206 0015,4030,0,4030,4960,37340,42300,71000ROO
R72 08206 0016,7700,10150,17850,7740,8630,16370,71000ROO
R72 08206 0017,7310,31820,39130,4410,29550,33960,71000ROO
R72 08206 0018,5760,34520,40280,1690,0,1690,71000ROO
R72 08206 0020,6150,36770,42920,3640,15880,19520,71000ROO
R72 08206 0021,7700,21430,29130,2330,0,2330,71000ROO
R72 08206 0024,7700,20990,28690,4660,4850,9510,71000ROO
R72 08206 0031,5350,34640,39990,3280,14530,17810,71000ROO
R72 08206 0033,5470,32150,37620,3340,4590,7930,71000ROO
R72 08206 0043,5830,21860,27690,1760,0,1760,71000ROO
R72 08206 0064,0,0,0,0,0,0,71000ROO
R72 08206 0067,4050,0,4050,2800,42000,44800,71000ROO
R72 08206 0068,12130,13450,25580,2800,42000,44800,71000ROO
R72 08206 0069,3490,0,3490,2800,42000,44800,71000ROO
R72 08206 0070,3390,0,3390,2800,42000,44800,71000ROO
R72 08206 0071,4470,0,4470,2800,42000,44800,71000ROO
R72 08206 0072,3310,0,3310,2800,42000,44800,71000ROO
R72 08206 0073,3490,0,3490,2800,42000,44800,71000ROO
R72 08206 0074,3660,0,3660,2800,42000,44800,71000ROO
R72 08206 0075,3840,0,3840,2800,42000,44800,71000ROO
R72 08206 0076,5000,0,5000,2800,42000,44800,71000ROO
R72 08206 0077,6660,0,6660,2800,42000,44800,71000ROO
R72 08206 0078,!,!,!
R72 08206 0079,!,!,!
R72 08206 0080,!,!,!
R72 08208 0001,7570,53020,60590,4570,42660,47230,71000ROO
R72 08208 0002,7570,48470,56040,4570,9470,14040,71000ROO
R72 08208 0003,3810,0,3810,2060,0,2060,71000ROO
R72 08208 0004,8270,54720,62990,8320,23880,32200,71000ROO
R72 08208 0008,8180,74960,83140,4960,34780,39740,71000ROO
R72 08208 0010,6980,20350,27330,4200,15330,19530,71000ROO
R72 08208 0011,6610,26620,33230,3970,26080,30050,71000ROO
R72 08208 0012,6520,25980,32500,3910,25980,29890,71000ROO
R72 08208 0014,6610,37210,43820,3970,16040,20010,71000ROO
R72 08208 0016,5790,34490,40280,3520,16660,20180,71000ROO
R72 08208 0017,5710,46580,52290,3480,33920,37400,71000ROO
R72 08208 0018,6430,5440,11870,3850,8090,11940,71000ROO
R72 08208 0019,6240,2370,8610,1870,0,1870,71000ROO
R72 08208 0020,6610,0,6610,3970,27580,31550,71000ROO
R72 08208 0021,5450,0,5450,2990,0,2990,71000ROO
R72 08208 0022,6430,0,6430,3850,27010,30860,71000ROO
R72 08208 0023,6700,12990,19690,4030,21430,25460,71000ROO
R72 08208 0025,3230,0,3230,1730,0,1730,71000ROO
R72 08208 0026,6430,0,6430,3850,30130,33980,71000ROO
R72 08208 0027,3880,0,3880,2100,0,2100,71000ROO
R72 08208 0028,3230,0,3230,1730,0,1730,71000ROO
R72 08208 0029,3230,0,3230,1730,0,1730,71000ROO
R72 08208 0031,3230,0,3230,1730,0,1730,71000ROO
R72 08208 0032,6430,0,6430,3850,30130,33980,71000ROO
R72 08208 0036,6430,29860,36290,3850,15760,19610,71000ROO
R72 08208 0038,3400,0,3400,1830,0,1830,71000ROO
R72 08208 0039,6670,33570,40240,2010,0,2010,71000ROO
R72 08208 0040,6670,25970,32640,4000,27000,31000,71000ROO
R72 08208 0052,6300,38750,45050,3800,36290,40090,71000ROO
R72 08208 0053,6210,2180,8390,3750,2860,6610,71000ROO
R72 08208 0054,6210,28830,35040,3750,17120,20870,71000ROO
R72 08208 0055,6210,23630,29840,3750,10360,14110,71000ROO
R72 08208 0056,6210,13870,20080,3750,27120,30870,71000ROO
R72 08208 0060,6170,17460,23630,3750,20300,24050,71000ROO
R72 08208 0061,5830,22190,28020,3540,19490,23030,71000ROO
R72 08208 0062,6340,26280,32620,3850,14520,18370,71000ROO
R72 08208 0063,6080,34790,40870,3690,27920,31610,71000ROO
R72 08208 0065,5660,14300,19960,3470,21500,24970,71000ROO
R72 08208 0070,2820,0,2820,1550,0,1550,71000ROO
R72 08208 0076,3100,0,3100,1660,0,1660,71000ROO
R72 08208 0082,6610,22830,29440,3970,24660,28630,71000ROO
R72 08208 0090,7510,10580,18090,4550,69460,74010,71000ROO
R72 08208 0091,7510,2890,10400,2800,42000,44800,71000ROO
R72 08208 0092,3880,0,3880,2800,42000,44800,71000ROO
R72 08208 0093,4160,0,4160,2800,42000,44800,71000ROO
R72 08208 0094,7460,17840,25300,2800,42000,44800,71000ROO
R72 08208 0095,3750,0,3750,2800,42000,44800,71000ROO
R72 08208 0096,!,!,!
R72 08209 0005,4530,19650,24180,3010,5630,8640,71000ROO
R72 08209 0013,6470,35340,41810,3890,25870,29760,71000ROO
R72 08209 0016,4190,0,4190,2310,0,2310,71000ROO
R72 08209 0018,4000,0,4000,2280,0,2280,71000ROO
R72 08209 0020,8270,3790,12060,4670,0,4670,71000ROO
R72 08209 0021,600,0,600,360,0,360,71000ROO
R72 08211 0003,6160,33440,39600,5520,13210,18730,71000WOL
R72 08211 0005,450,0,450,420,0,420,71000WOL
R72 08211 0006,4430,0,4430,3520,0,3520,71000WOL
R72 08211 0008,3420,0,3420,2840,0,2840,71000WOL
R72 08211 0009,3330,0,3330,2730,0,2730,71000WOL
R72 08211 0011,6490,34040,40530,5830,18610,24440,71000WOL
R72 08211 0012,3100,0,3100,2790,0,2790,71000WOL
R72 08211 0013,2880,0,2880,2340,0,2340,71000WOL
R72 08211 0014,4060,27010,31070,4070,16410,20480,71000WOL
R72 08211 0015,2080,0,2080,1880,0,1880,71000WOL
R72 08211 0021,2870,0,2870,2330,0,2330,71000WOL
R72 08211 0022,5750,39250,45000,5180,22170,27350,71000WOL
R72 08211 0023,2870,0,2870,2330,0,2330,71000WOL
R72 08211 0024,3190,0,3190,2620,0,2620,71000WOL
R72 08211 0025,6330,24790,31120,5720,19560,25280,71000WOL
R72 08211 0026,6220,29100,35320,5600,14540,20140,71000WOL
R72 08211 0027,6110,21900,28010,5480,9000,14480,71000WOL
R72 08211 0028,2580,0,2580,2110,0,2110,71000WOL
R72 08211 0029,2540,0,2540,2090,0,2090,71000WOL
R72 08211 0031,4880,0,4880,4490,0,4490,71000WOL
R72 08211 0034,1970,0,1970,1790,0,1790,71000WOL
R72 08211 0035,1910,0,1910,1750,0,1750,71000WOL
R72 08211 0036,3830,19450,23280,3900,4080,7980,71000WOL
R72 08211 0039,1880,0,1880,1740,0,1740,71000WOL
R72 08211 0040,1970,0,1970,1790,0,1790,71000WOL
R72 08211 0041,1910,0,1910,1750,0,1750,71000WOL
R72 08211 0042,2130,0,2130,1850,0,1850,71000WOL
R72 08211 0043,1900,0,1900,1750,0,1750,71000WOL
R72 08211 0044,2710,0,2710,2220,0,2220,71000WOL
R72 08211 0045,1900,0,1900,1750,0,1750,71000WOL
R72 08211 0046,2450,0,2450,2010,0,2010,71000WOL
R72 08211 0048,1010,0,1010,990,0,990,71000WOL
R72 08211 0049,5550,34180,39730,5060,20310,25370,71000WOL
R72 08211 0050,5330,30830,36160,4870,19330,24200,71000WOL
R72 08211 0051,9030,28800,37830,3700,0,3700,71000WOL
R72 08211 0054,1720,0,1720,770,0,770,71000WOL
R72 08211 0056,1580,0,1580,680,0,680,71000WOL
R72 08211 0059,800,0,800,1220,0,1220,71000WOL
R72 08211 0060,2560,0,2560,2120,0,2120,71000WOL
R72 08211 0061,100,0,100,100,0,100,71000WOL
R72 08211 0062,2880,0,2880,2340,0,2340,71000WOL
R72 08211 0063,2620,0,2620,2170,0,2170,71000WOL
R72 08211 0066,2760,0,2760,2250,0,2250,71000WOL
R72 08211 0068,2440,0,2440,2060,0,2060,71000WOL
R72 08211 0071,560,0,560,500,0,500,71000WOL
R72 08211 0075,600,0,600,600,0,600,71000WOL
R72 08211 0076,300,0,300,300,0,300,71000WOL
R72 08211 0080,7500,21560,29060,7500,58040,65540,71000WOL
R72 08211 0081,8350,20710,29060,7360,58040,65400,71000WOL
R72 08211 0083,8060,0,8060,6960,59220,66180,71000WOL
R72 08212 0015,2730,0,2730,2240,0,2240,71000WOL
R72 08212 0017,3280,0,3280,2610,0,2610,71000WOL
R72 08212 0018,2700,0,2700,2210,0,2210,71000WOL
R72 08212 0019,2640,0,2640,2170,0,2170,71000WOL
R72 08212 0020,1020,0,1020,980,0,980,71000WOL
R72 08212 0021,5400,27590,32990,4910,6850,11760,71000WOL
R72 08212 0022,5360,26370,31730,4870,23840,28710,71000WOL
R72 08212 0024,1770,0,1770,1630,0,1630,71000WOL
R72 08212 0025,2330,0,2330,1970,0,1970,71000WOL
R72 08212 0026,2370,0,2370,2010,0,2010,71000WOL
R72 08212 0027,5090,40900,45990,4700,28660,33360,71000WOL
R72 08212 0029,1050,0,1050,860,0,860,71000WOL
R72 08212 0030,4320,38900,43220,4140,30470,34610,71000WOL
R72 08212 0031,3080,0,3080,2440,0,2440,71000WOL
R72 08212 0032,2910,0,2910,2330,0,2330,71000WOL
R72 08212 0033,1200,0,1200,990,0,990,71000WOL
R72 08212 0034,1990,0,1990,1820,0,1820,71000WOL
R72 08212 0037,5270,0,5270,4300,0,4300,71000WOL
R72 08212 0042,2330,0,2330,1970,0,1970,71000WOL
R72 08212 0045,4790,29170,33960,4510,14670,19180,71000WOL
R72 08301 0004,1710,0,1710,1550,0,1550,71000WOL
R72 08301 0031,3330,0,3330,2700,0,2700,71000WOL
R72 08301 0032,3330,0,3330,2700,0,2700,71000WOL
R72 08301 0033,6660,42060,48720,6000,0,6000,71000WOL
R72 08301 0034,3330,0,3330,2700,0,2700,71000WOL
R72 08301 0038,3330,0,3330,2700,0,2700,71000WOL
R72 08301 0039,3330,0,3330,2700,0,2700,71000WOL
R72 08301 0040,3330,0,3330,2700,0,2700,71000WOL
R72 08301 0041,6660,25420,32080,6000,36510,42510,71000WOL
R72 08301 0058,1160,0,1160,1060,0,1060,71000WOL
R72 08301 0064,2590,0,2590,2120,0,2120,71000WOL
R72 08301 0066,2630,0,2630,2150,0,2150,71000WOL
R72 08301 0067,6300,0,6300,5640,32970,38610,71000WOL
R72 08301 0068,6300,0,6300,5640,57440,63080,71000WOL
R72 08301 0072,3150,0,3150,2540,0,2540,71000WOL
R72 08301 0075,6300,0,6300,5640,47560,53200,71000WOL
R72 08301 0076,6300,52480,58780,4230,0,4230,71000WOL
R72 08301 0077,3150,0,3150,2540,0,2540,71000WOL
R72 08301 0078,3180,0,3180,2570,0,2570,71000WOL
R72 08301 0080,3150,0,3150,2540,0,2540,71000WOL
R72 08301 0081,6300,42680,48980,5640,15280,20920,71000WOL
R72 08301 0083,6300,8490,14790,5640,5350,10990,71000WOL
R72 08301 0085,3150,0,3150,2540,0,2540,71000WOL
R72 08301 0086,7560,24330,31890,6560,52060,58620,71000WOL
R72 08301 0088,2630,0,2630,2150,0,2150,71000WOL
R72 08301 0089,5280,40080,45360,2390,0,2390,71000WOL
R72 08301 0090,2390,0,2390,1970,0,1970,71000WOL
R72 08301 0091,1690,0,1690,1600,0,1600,71000WOL
R72 08301 0096,9920,0,9920,8680,55690,64370,71000WOL
R72 08303 0001,3400,0,3400,2740,0,2740,71000WOL
R72 08303 0004,2990,0,2990,2420,0,2420,71000WOL
R72 08303 0005,6480,0,6480,5800,31010,36810,71000WOL
R72 08303 0007,2830,0,2830,2300,0,2300,71000WOL
R72 08303 0009,5510,27110,32620,4960,14170,19130,71000WOL
R72 08303 0012,2830,0,2830,2300,0,2300,71000WOL
R72 08303 0014,6480,0,6480,5800,48090,53890,71000WOL
R72 08303 0015,6480,46010,52490,5800,18960,24760,71000WOL
R72 08303 0016,3240,0,3240,2610,0,2610,71000WOL
R72 08303 0017,3240,0,3240,2610,0,2610,71000WOL
R72 08303 0018,6320,5910,12230,5660,8230,13890,71000WOL
R72 08303 0036,6320,31870,38190,5660,25490,31150,71000WOL
R72 08303 0037,3240,0,3240,2610,0,2610,71000WOL
R72 08303 0038,6320,0,6320,5660,0,5660,71000WOL
R72 08303 0039,3240,0,3240,2610,0,2610,71000WOL
R72 08303 0041,6480,29910,36390,5800,11130,16930,71000WOL
R72 08303 0045,6320,62790,69110,5660,38060,43720,71000WOL
R72 08303 0046,6480,0,6480,5800,32360,38160,71000WOL
R72 08303 0047,2420,0,2420,1980,0,1980,71000WOL
R72 08303 0050,6480,0,6480,5800,31010,36810,71000WOL
R72 08303 0058,560,0,560,510,0,510,71000WOL
R72 08303 0060,1210,0,1210,1100,0,1100,71000WOL
R72 08304 0003,6080,35210,41290,5450,32220,37670,71000WOL
R72 08304 0004,5350,33400,38750,4820,22410,27230,71000WOL
R72 08304 0005,2710,0,2710,2200,0,2200,71000WOL
R72 08304 0007,2710,0,2710,2200,0,2200,71000WOL
R72 08304 0008,4860,27620,32480,4400,10590,14990,71000WOL
R72 08304 0012,6480,0,6480,5800,30760,36560,71000WOL
R72 08304 0013,6080,0,6080,5450,32830,38280,71000WOL
R72 08304 0016,6000,47860,53860,5400,42720,48120,71000WOL
R72 08304 0017,3000,0,3000,2430,0,2430,71000WOL
R72 08304 0018,3230,0,3230,2590,0,2590,71000WOL
R72 08304 0019,3230,0,3230,2590,0,2590,71000WOL
R72 08304 0020,3000,0,3000,2430,0,2430,71000WOL
R72 08304 0021,3000,0,3000,2430,0,2430,71000WOL
R72 08304 0022,5880,0,5880,5300,29990,35290,71000WOL
R72 08304 0034,2190,0,2190,1900,0,1900,71000WOL
R72 08304 0038,3000,0,3000,2430,0,2430,71000WOL
R72 08304 0039,1120,0,1120,1050,0,1050,71000WOL
R72 08304 0040,3230,0,3230,2590,0,2590,71000WOL
R72 08304 0041,2320,0,2320,1940,0,1940,71000WOL
R72 08304 0052,4000,22930,26930,3900,2390,6290,71000WOL
R72 08304 0055,6680,27850,34530,5090,16880,21970,71000WOL
R72 08304 0062,2880,0,2880,2340,0,2340,71000WOL
R72 08304 0063,2830,0,2830,2310,0,2310,71000WOL
R72 08304 0064,2830,0,2830,2310,0,2310,71000WOL
R72 08304 0065,2830,0,2830,2310,0,2310,71000WOL
R72 08304 0066,930,0,930,920,0,920,71000WOL
R72 08304 0074,2280,0,2280,1980,0,1980,71000WOL
R72 08304 0076,1830,0,1830,1760,0,1760,71000WOL
R72 08304 0078,2470,0,2470,2050,0,2050,71000WOL
R72 08304 0085,2700,0,2700,2210,0,2210,71000WOL
R72 08304 0091,6560,0,6560,5870,32410,38280,71000WOL
R72 08304 0092,4060,0,4060,7200,76520,83720,71000WOL
R72 08305 0002,2120,0,2120,1820,0,1820,71000WOL
R72 08305 0003,5660,49640,55300,5130,61880,67010,71000WOL
R72 08305 0004,2880,0,2880,2340,0,2340,71000WOL
R72 08305 0005,2880,0,2880,2340,0,2340,71000WOL
R72 08305 0006,6260,35070,41330,5590,11220,16810,71000WOL
R72 08305 0008,2330,0,2330,1970,0,1970,71000WOL
R72 08305 0009,2440,0,2440,2040,0,2040,71000WOL
R72 08305 0010,5760,0,5760,5200,29790,34990,71000WOL
R72 08305 0014,6000,33620,39620,5400,31000,36400,71000WOL
R72 08305 0021,6000,7090,13090,5400,3210,8610,71000WOL
R72 08305 0022,4350,13380,17730,4080,3800,7880,71000WOL
R72 08305 0023,1330,0,1330,2620,0,2620,71000WOL
R72 08305 0024,6530,33910,40440,5820,42570,48390,71000WOL
R72 08305 0025,3000,0,3000,2430,0,2430,71000WOL
R72 08305 0026,4060,32400,36460,4040,22040,26080,71000WOL
R72 08305 0027,4180,31060,35240,4120,30080,34200,71000WOL
R72 08305 0030,2280,0,2280,1980,0,1980,71000WOL
R72 08305 0032,5890,44580,50470,5220,46260,51480,71000WOL
R72 08305 0036,1710,0,1710,1710,0,1710,71000WOL
R72 08305 0037,5250,50340,55590,4820,34930,39750,71000WOL
R72 08305 0041,2570,0,2570,2130,0,2130,71000WOL
R72 08305 0044,7350,69950,77300,6450,77110,83560,71000WOL
R72 08305 0050,1820,0,1820,1650,0,1650,71000WOL
R72 08305 0053,6000,28530,34530,5400,17580,22980,71000WOL
R72 08305 0058,2350,0,2350,1970,0,1970,71000WOL
R72 08305 0059,3460,0,3460,2750,0,2750,71000WOL
R72 08305 0060,5100,19140,24240,4680,16280,20960,71000WOL
R72 08305 0061,4880,21050,25930,4500,3330,7830,71000WOL
R72 08305 0062,9020,40770,49790,8600,34280,42880,71000WOL
R72 08305 0064,1790,0,1790,1730,0,1730,71000WOL
R72 08305 0065,3240,0,3240,5800,105310,111110,71000WOL
R72 08305 0066,3240,0,3240,2610,0,2610,71000WOL
R72 08305 0067,3240,0,3240,2610,0,2610,71000WOL
R72 08305 0069,2420,0,2420,1980,0,1980,71000WOL
R72 08305 0070,3490,0,3490,2800,0,2800,71000WOL
R72 08305 0071,6480,37060,43540,5800,37010,42810,71000WOL
R72 08305 0072,6480,0,6480,5800,31010,36810,71000WOL
R72 08305 0073,5830,18970,24800,5240,18820,24060,71000WOL
R72 08305 0074,4410,0,4410,3970,0,3970,71000WOL
R72 08305 0078,2930,0,2930,2390,0,2390,71000WOL
R72 08305 0079,5790,36180,41970,5240,44280,49520,71000WOL
R72 08305 0080,490,0,490,230,0,230,71000WOL
R72 08305 0081,2620,0,2620,2160,0,2160,71000WOL
R72 08305 0088,2390,0,2390,2000,0,2000,71000WOL
R72 08305 0094,710,0,710,690,0,690,71000WOL
R72 08305 0096,1650,0,1650,1580,0,1580,71000WOL
R72 08305 0098,4410,0,4410,3970,0,3970,71000WOL
R72 08305 0099,1420,0,1420,450,0,450,71000WOL
R72 08305 0101,2320,0,2320,1940,0,1940,71000WOL
R72 08305 0102,1530,0,1530,3380,0,3380,71000WOL
R72 08305 0105,7700,0,7700,6690,31520,38210,71000WOL
R72 08306 0006,9070,54840,63910,9020,9850,18870,HISTXDUN
R72 08306 0007,8940,7430,16370,8900,12530,21430,HISTXDUN
R72 08306 0008,8580,0,8580,8550,53540,62090,HISTXDUN
R72 08306 0009,9680,57390,67070,9620,28200,37820,HISTXDUN
R72 08306 0010,8940,0,8940,8900,54640,63540,HISTXDUN
R72 08306 0011,9070,25890,34960,9020,52740,61760,HISTXDUN
R72 08307 0025,6660,47610,54270,6000,59020,65020,71000WOL
R72 08307 0026,6660,37490,44150,6000,35760,41760,71000WOL
R72 08307 0027,3330,0,3330,2700,0,2700,71000WOL
R72 08307 0028,6660,0,6660,6000,52230,58230,71000WOL
R72 08307 0029,6660,29230,35890,6000,0,6000,71000WOL
R72 08307 0030,6660,0,6660,6000,64690,70690,71000WOL
R72 08307 0031,3330,0,3330,2700,0,2700,71000WOL
R72 08307 0032,6660,0,6660,6000,31010,37010,71000WOL
R72 08307 0033,3330,0,3330,2700,0,2700,71000WOL
R72 08307 0034,6660,40830,47490,6000,21080,27080,71000WOL
R72 08307 0035,6660,25680,32340,6000,25200,31200,71000WOL
R72 08307 0036,7080,0,7080,6380,32660,39040,71000WOL
R72 08307 0041,5160,29130,34290,2380,0,2380,71000WOL
R72 08307 0042,6300,26230,32530,5640,26700,32340,71000WOL
R72 08307 0043,6300,0,6300,5640,60400,66040,71000WOL
R72 08307 0044,6300,0,6300,5640,53470,59110,71000WOL
R72 08307 0045,6300,0,6300,5640,61740,67380,71000WOL
R72 08307 0046,6300,0,6300,5640,60400,66040,71000WOL
R72 08307 0047,6300,33550,39850,5640,28820,34460,71000WOL
R72 08307 0050,6300,26390,32690,5640,23100,28740,71000WOL
R72 08307 0051,6300,0,6300,5640,61740,67380,71000WOL
R72 08307 0052,6690,0,6690,5970,58030,64000,71000WOL
R72 08307 0061,3150,0,3150,2540,0,2540,71000WOL
R72 08307 0062,6300,0,6300,5640,56540,62180,71000WOL
R72 08307 0063,6300,0,6300,5640,62970,68610,71000WOL
R72 08307 0064,2630,0,2630,2150,0,2150,71000WOL
R72 08307 0065,5280,0,5280,4780,63540,68320,71000WOL
R72 08307 0068,6300,35490,41790,5640,15490,21130,71000WOL
R72 08307 0069,3150,0,3150,2540,0,2540,71000WOL
R72 08307 0070,3150,0,3150,2540,0,2540,71000WOL
R72 08307 0071,6300,38830,45130,5640,29440,35080,71000WOL
R72 08307 0073,3150,0,3150,2540,0,2540,71000WOL
R72 08310 0002,3050,0,3050,2460,0,2460,71000WOL
R72 08310 0003,6100,40620,46720,5480,32910,38390,71000WOL
R72 08310 0004,6100,31970,38070,5480,35870,41350,71000WOL
R72 08310 0005,6100,60860,66960,5480,45750,51230,71000WOL
R72 08310 0006,6100,28030,34130,5480,39770,45250,71000WOL
R72 08310 0007,3050,0,3050,2460,0,2460,71000WOL
R72 08310 0008,3050,0,3050,2460,0,2460,71000WOL
R72 08310 0009,6100,31470,37570,5480,36680,42160,71000WOL
R72 08310 0010,6100,36300,42400,5480,29770,35250,71000WOL
R72 08310 0011,6030,37640,43670,5410,38480,43890,71000WOL
R72 08310 0012,6260,38130,44390,5600,39510,45110,71000WOL
R72 08310 0013,6100,36440,42540,5480,39050,44530,71000WOL
R72 08310 0014,6100,43070,49170,5480,64610,70090,71000WOL
R72 08310 0015,6700,43840,50540,6060,35930,41990,71000WOL
R72 08310 0016,6030,27630,33660,5410,22160,27570,71000WOL
R72 08310 0017,6030,34590,40620,5410,5930,11340,71000WOL
R72 08311 0018,1610,0,1610,1560,0,1560,71000WOL
R72 08311 0019,4410,0,4410,5220,0,5220,71000WOL
R72 08311 0021,2000,0,2000,1800,0,1800,71000WOL
R72 08311 0024,6660,59160,65820,3000,0,3000,71000WOL
R72 08311 0039,3150,0,3150,2540,0,2540,71000WOL
R72 08311 0041,6300,0,6300,5640,58350,63990,71000WOL
R72 08311 0042,6300,7740,14040,2820,0,2820,71000WOL
R72 08311 0043,3150,0,3150,2540,0,2540,71000WOL
R72 08311 0044,3150,0,3150,2540,0,2540,71000WOL
R72 08311 0045,6300,51750,58050,5640,33230,38870,71000WOL
R72 08311 0046,6300,30150,36450,5640,27180,32820,71000WOL
R72 08311 0047,6300,37800,44100,5640,40130,45770,71000WOL
R72 08311 0048,6300,3110,9410,5640,4040,9680,71000WOL
R72 08311 0049,6300,64710,71010,5640,37410,43050,71000WOL
R72 08311 0050,6300,33380,39680,5640,53720,59360,71000WOL
R72 08311 0051,4750,0,4750,3730,0,3730,71000WOL
R72 08311 0052,6300,23920,30220,5640,26680,32320,71000WOL
R72 08311 0053,6300,0,6300,5640,64880,70520,71000WOL
R72 08311 0054,3150,0,3150,2540,0,2540,71000WOL
R72 08311 0055,3150,0,3150,2540,0,2540,71000WOL
R72 08311 0056,3150,0,3150,2540,0,2540,71000WOL
R72 08311 0057,6300,13300,19600,5640,52970,58610,71000WOL
R72 08311 0058,3150,0,3150,2540,0,2540,71000WOL
R72 08311 0059,3150,0,3150,2540,0,2540,71000WOL
R72 08311 0060,3150,0,3150,2540,0,2540,71000WOL
R72 08311 0061,6840,0,6840,6240,61740,67980,71000WOL
R72 08312 0001,3300,0,3300,2660,0,2660,71000WOL
R72 08312 0003,6540,5320,11860,2630,0,2630,71000WOL
R72 08312 0004,6540,54350,60890,2920,0,2920,71000WOL
R72 08312 0015,2540,0,2540,2120,0,2120,71000WOL
R72 08312 0016,6030,60740,66770,5430,22290,27720,71000WOL
R72 08312 0017,2820,0,2820,2290,0,2290,71000WOL
R72 08312 0018,5640,29330,34970,5110,13250,18360,71000WOL
R72 08312 0019,5640,34860,40500,5110,37990,43100,71000WOL
R72 08312 0020,5640,29200,34840,5110,47410,52520,71000WOL
R72 08312 0021,2820,0,2820,2300,0,2300,71000WOL
R72 08312 0023,5720,63100,68820,2590,0,2590,71000WOL
R72 08312 0033,4100,9930,14030,4140,37840,41980,71000WOL
R72 08313 0034,3200,0,3200,2580,0,2580,71000WOL
R72 08313 0035,2960,0,2960,2400,0,2400,71000WOL
R72 08313 0036,5930,0,5930,5340,60600,65940,71000WOL
R72 08313 0037,5930,0,5930,5340,60600,65940,71000WOL
R72 08313 0038,2960,0,2960,2400,0,2400,71000WOL
R72 08313 0039,2810,0,2810,2300,0,2300,71000WOL
R72 08313 0042,2420,0,2420,2050,0,2050,71000WOL
R72 08313 0045,2370,0,2370,2020,0,2020,71000WOL
R72 08313 0048,2760,0,2760,2240,0,2240,71000WOL
R72 08313 0057,6770,36910,43680,6040,26580,32620,71000WOL
R72 08313 0058,6140,0,6140,5510,40490,46000,71000WOL
R72 08313 0059,3070,0,3070,2480,0,2480,71000WOL
R72 08313 0060,7170,62930,70100,2860,0,2860,71000WOL
R72 08313 0061,1860,0,1860,1770,0,1770,71000WOL
R72 08313 0062,2990,0,2990,2420,0,2420,71000WOL
R72 08313 0064,2830,0,2830,2300,0,2300,71000WOL
R72 08313 0066,5670,0,5670,5110,0,5110,71000WOL
R72 08313 0069,540,0,540,520,0,520,71000WOL
R72 08313 0071,5830,15430,21260,5260,0,5260,71000WOL
R72 08313 0072,3060,0,3060,2460,0,2460,71000WOL
R72 08313 0073,5740,0,5740,5140,63840,68980,71000WOL
R72 08313 0074,9520,30070,39590,9120,0,9120,71000WOL
R72 08313 0075,6690,55560,62250,2990,0,2990,71000WOL
R72 08313 0076,6770,0,6770,6040,54490,60530,71000WOL
R72 08313 0077,6380,0,6380,5710,56540,62250,71000WOL
R72 08313 0078,3190,0,3190,2570,0,2570,71000WOL
R72 08313 0079,3190,0,3190,2570,0,2570,71000WOL
R72 08313 0080,6380,36560,42940,5710,12620,18330,71000WOL
R72 08313 0081,6380,51840,58220,5710,58170,63880,71000WOL
R72 08313 0082,3270,0,3270,2640,0,2640,71000WOL
R72 08313 0087,5830,53930,59760,4880,44430,49310,71000WOL
R72 08313 0092,5200,52500,57700,4780,28690,33470,71000WOL
R72 08401 0028,4500,55240,59740,4350,32590,36940,71000WOL
R72 08401 0029,4780,45130,49910,4460,29740,34200,71000WOL
R72 08401 0030,4710,39070,43780,4410,28750,33160,71000WOL
R72 08401 0031,4840,38750,43590,4540,12080,16620,71000WOL
R72 08401 0032,4430,38350,42780,4330,34110,38440,71000WOL
R72 08401 0033,4850,22500,27350,4540,29820,34360,71000WOL
R72 08401 0034,4910,24530,29440,4570,32420,36990,71000WOL
R72 08401 0040,4950,54910,59860,4580,33010,37590,71000WOL
R72 08403 0001,3840,0,3840,3300,0,3300,71000WOL
R72 08403 0002,2870,0,2870,2340,0,2340,71000WOL
R72 08403 0018,2740,0,2740,2240,0,2240,71000WOL
R72 08403 0026,6300,32230,38530,2830,0,2830,71000WOL
R72 08403 0027,3110,0,3110,2520,0,2520,71000WOL
R72 08403 0031,2870,0,2870,2340,0,2340,71000WOL
R72 08403 0033,3140,0,3140,2480,0,2480,71000WOL
R72 08403 0040,4540,48410,52950,4330,30250,34580,71000WOL
R72 08403 0041,2260,0,2260,1950,0,1950,71000WOL
R72 08403 0042,4540,25440,29980,4330,23750,28080,71000WOL
R72 08403 0043,2350,0,2350,2000,0,2000,71000WOL
R72 08403 0044,2260,0,2260,1950,0,1950,71000WOL
R72 08403 0045,4540,40310,44850,4330,25030,29360,71000WOL
R72 08404 0002,5670,0,5670,5100,96660,101760,71000WOL
R72 08404 0003,6890,0,6890,6150,88520,94670,71000WOL
R72 08404 0015,5830,8050,13880,5240,6790,12030,71000WOL
R72 08404 0016,5750,52470,58220,5180,9100,14280,71000WOL
R72 08404 0017,5750,29540,35290,5180,19150,24330,71000WOL
R72 08404 0018,5750,26580,32330,5180,18830,24010,71000WOL
R72 08404 0019,5690,26310,32000,5130,19280,24410,71000WOL
R72 08404 0020,5480,25590,31070,4980,18610,23590,71000WOL
R72 08404 0021,5150,41680,46830,4730,27340,32070,71000WOL
R72 08404 0022,2410,0,2410,2030,0,2030,71000WOL
R72 08404 0024,5750,13450,19200,2330,0,2330,71000WOL
R72 08404 0026,2870,0,2870,2330,0,2330,71000WOL
R72 08404 0027,5750,5520,11270,2590,0,2590,71000WOL
R72 08404 0028,5750,26650,32400,5180,4830,10010,71000WOL
R72 08404 0029,2350,0,2350,1970,0,1970,71000WOL
R72 08404 0030,5630,25850,31480,5100,32240,37340,71000WOL
R72 08404 0032,5630,0,5630,5100,94040,99140,71000WOL
R72 08404 0033,5630,0,5630,5100,96310,101410,71000WOL
R72 08404 0034,2140,0,2140,1900,1260,3160,71000WOL
R72 08404 0035,4050,54980,59030,2030,0,2030,71000WOL
R72 08404 0040,2300,0,2300,2000,0,2000,71000WOL
R72 08404 0048,1220,0,1220,1110,0,1110,71000WOL
R72 08405 0001,5590,0,5590,5030,93280,98310,71000WOL
R72 08405 0003,5830,0,5830,5240,41760,47000,71000WOL
R72 08405 0004,5830,15230,21060,5240,41450,46690,71000WOL
R72 08405 0005,1640,0,1640,1580,0,1580,71000WOL
R72 08405 0006,5640,31310,36950,5100,33310,38410,71000WOL
R72 08405 0007,2020,0,2020,1850,0,1850,71000WOL
R72 08405 0008,6080,125680,131760,5450,89690,95140,71000WOL
R72 08405 0009,6080,133650,139730,5450,92370,97820,71000WOL
R72 08405 0013,5410,50680,56090,4910,29990,34900,71000WOL
R72 08405 0030,2020,0,2020,1780,0,1780,71000WOL
R72 08405 0031,6220,0,6220,5570,83060,88630,71000WOL
R72 08405 0032,5830,15330,21160,2620,0,2620,71000WOL
R72 08405 0033,2910,0,2910,2360,0,2360,71000WOL
R72 08405 0034,2910,0,2910,2360,0,2360,71000WOL
R72 08405 0035,2910,0,2910,2360,0,2360,71000WOL
R72 08405 0038,2910,0,2910,2360,0,2360,71000WOL
R72 08405 0040,2390,0,2390,2030,0,2030,71000WOL
R72 08405 0041,2500,0,2500,2090,0,2090,71000WOL
R72 08405 0042,5830,0,5830,5240,94660,99900,71000WOL
R72 08405 0043,5830,33230,39060,5240,33180,38420,71000WOL
R72 08405 0046,5750,45800,51550,5180,10820,16000,71000WOL
R72 08405 0047,5750,0,5750,5180,115040,120220,71000WOL
R72 08405 0048,6350,0,6350,5840,86820,92660,71000WOL
R72 08405 0049,5750,27410,33160,5180,27300,32480,71000WOL
R72 08405 0050,5750,4220,9970,2590,0,2590,71000WOL
R72 08405 0051,5750,60920,66670,5180,43040,48220,71000WOL
R72 08405 0052,2070,0,2070,1840,0,1840,71000WOL
R72 08405 0053,1740,0,1740,1620,0,1620,71000WOL
R72 08405 0054,4160,19560,23720,4160,4940,9100,71000WOL
R72 08405 0061,1240,0,1240,1130,0,1130,71000WOL
R72 08406 0046,6190,11820,18010,5590,46050,51640,71000WOL
R72 08406 0047,3090,0,3090,2520,0,2520,71000WOL
R72 08406 0049,5930,50740,56670,5360,27110,32470,71000WOL
R72 08406 0050,5620,29310,34930,5060,28320,33380,71000WOL
R72 08406 0051,6780,0,6780,6140,34570,40710,71000WOL
R72 08406 0052,6780,0,6780,6140,35730,41870,71000WOL
R72 08408 0006,6750,0,6750,6380,99300,105680,71000WOL
R72 08408 0015,2980,0,2980,2420,0,2420,71000WOL
R72 08408 0018,4830,0,4830,2040,0,2040,71000WOL
R72 08408 0020,2590,0,2590,2140,0,2140,71000WOL
R72 08408 0021,2750,0,2750,2010,0,2010,71000WOL
R72 08408 0023,2200,0,2200,1660,0,1660,71000WOL
R72 08408 0025,1960,0,1960,2000,0,2000,71000WOL
R72 08408 0027,6300,9190,15490,2540,0,2540,71000WOL
R72 08408 0028,7090,9090,16180,2840,0,2840,71000WOL
R72 08408 0029,7800,0,7800,6890,89650,96540,71000WOL
R72 08408 0031,2670,0,2670,2180,0,2180,71000WOL
R72 08408 0032,4730,39410,44140,4320,36220,40540,71000WOL
R72 08408 0034,1180,0,1180,1080,0,1080,71000WOL
R72 08408 0035,5830,0,5830,5240,85180,90420,71000WOL
R72 08408 0036,2910,0,2910,2360,0,2360,71000WOL
R72 08408 0037,5830,0,5830,5240,101440,106680,71000WOL
R72 08408 0038,5830,0,5830,5240,91700,96940,71000WOL
R72 08408 0041,5910,73210,79120,5310,22180,27490,71000WOL
R72 08408 0042,5910,46480,52390,5310,42110,47420,71000WOL
R72 08408 0043,5910,8120,14030,5310,25010,30320,71000WOL
R72 08408 0044,6060,58100,64160,5440,33380,38820,71000WOL
R72 08408 0046,6060,52230,58290,5440,31560,37000,71000WOL
R72 08408 0047,5990,0,5990,5380,84790,90170,71000WOL
R72 08408 0048,6060,0,6060,5440,83470,88910,71000WOL
R72 08408 0049,6060,0,6060,5440,96950,102390,71000WOL
R72 08408 0050,6060,70340,76400,5440,15920,21360,71000WOL
R72 08408 0051,6140,66050,72190,5510,42950,48460,71000WOL
R72 08408 0061,5270,26100,31370,2380,0,2380,71000WOL
R72 08408 0063,5350,5890,11240,4820,10730,15550,71000WOL
R72 08408 0064,3040,0,3040,2730,0,2730,71000WOL
R72 08408 0065,5830,29170,35000,0,0,0,71000WOL
R72 08408 0066,6300,0,6300,5640,96120,101760,71000WOL
R72 08408 0067,5440,37710,43150,4940,24100,29040,71000WOL
R72 08408 0069,5060,41820,46880,4680,34300,38980,71000WOL
R72 08408 0071,2890,0,2890,2350,0,2350,71000WOL
R72 08408 0073,5400,0,5400,4920,105870,110790,71000WOL
R72 08408 0074,2700,0,2700,2210,0,2210,71000WOL
R72 08408 0078,5250,102470,107720,4800,103700,108500,71000WOL
R72 08408 0079,7500,0,7500,7500,129510,137010,71000WOL
R72 08408 0080,7500,0,7500,7500,86700,94200,71000WOL
R72 08409 0004,2180,0,2180,1900,0,1900,71000WOL
R72 08409 0010,4090,27780,31870,1750,0,1750,71000WOL
R72 08409 0017,6180,0,6180,5640,89990,95630,71000WOL
R72 08409 0018,6180,39690,45870,5640,28240,33880,71000WOL
R72 08409 0020,6870,0,6870,6320,89750,96070,71000WOL
R72 08409 0024,6180,0,6180,5620,102780,108400,71000WOL
R72 08409 0026,6790,0,6790,6210,97970,104180,71000WOL
R72 08409 0031,0,0,0,1490,0,1490,71000WOL
R72 08409 0032,0,0,0,1460,0,1460,71000WOL
R72 08504 0016,18700,35300,54000,0,0,0,81000FVP
R72 08504 0045,18700,31010,49710,0,0,0,81000FVP
R72 08504 0049,18700,0,18700,6000,0,6000,81000FVP
R72 08610 0053,0,0,0,0,0,0,99999999
R72 08611 0001,5940,16690,22630,4840,1740,6580,81000FVP
R72 08611 0002,2970,0,2970,2180,0,2180,81000FVP
R72 08611 0003,2970,0,2970,2180,0,2180,81000FVP
R72 08611 0004,2740,0,2740,2020,0,2020,81000FVP
R72 08611 0006,2650,0,2650,1940,0,1940,81000FVP
R72 08611 0007,3480,0,3480,2580,0,2580,81000FVP
R72 08611 0010,7970,18670,26640,6290,16440,22730,81000FVP
R72 08611 0011,5970,28970,34940,4960,33920,38880,81000FVP
R72 08611 0026,3830,0,3830,3080,0,3080,81000FVP
R72 08611 0027,3830,0,3830,3080,0,3080,81000FVP
R72 08611 0028,3830,0,3830,3080,0,3080,81000FVP
R72 08611 0029,3190,0,3190,2350,0,2350,81000FVP
R72 08611 0030,3700,0,3700,2850,0,2850,81000FVP
R72 08611 0031,2730,0,2730,2000,0,2000,81000FVP
R72 08611 0032,2730,0,2730,2010,0,2010,81000FVP
R72 08611 0033,3700,0,3700,2850,0,2850,81000FVP
R72 08611 0034,3190,0,3190,2340,0,2340,81000FVP
R72 08611 0035,3700,0,3700,2850,0,2850,81000FVP
R72 08611 0036,3700,0,3700,2850,0,2850,81000FVP
R72 08611 0037,3700,0,3700,2850,0,2850,81000FVP
R72 08611 0038,5370,41600,46970,4380,31990,36370,81000FVP
R72 08611 0039,3280,27740,31020,2730,11130,13860,81000FVP
R72 08611 0040,3280,27140,30420,2730,21530,24260,81000FVP
R72 08611 0041,3560,0,3560,2650,0,2650,81000FVP
R72 08611 0043,2510,0,2510,1810,0,1810,81000FVP
R72 08611 0044,5880,22880,28760,4780,0,4780,81000FVP
R72 08611 0045,6630,31380,38010,5400,0,5400,81000FVP
R72 08612 0003,3960,0,3960,3110,0,3110,81000FVP
R72 08612 0004,3390,0,3390,2660,0,2660,81000FVP
R72 08612 0005,9690,26150,35840,5940,0,5940,81000FVP
R72 08612 0036,6090,42920,49010,2230,0,2230,81000FVP
R72 08612 0037,6090,30760,36850,2230,0,2230,81000FVP
R72 08612 0039,3040,0,3040,2230,0,2230,81000FVP
R72 08612 0048,970,21430,22400,470,0,470,81000FVP
R72 08702 0001,3430,0,3430,2570,0,2570,81000MAC
R72 08702 0002,6860,33730,40590,5720,24920,30640,81000MAC
R72 08702 0003,4730,30930,35660,3950,39600,43550,81000MAC
R72 08702 0005,6470,42550,49020,5390,61560,66950,81000MAC
R72 08702 0006,3230,0,3230,2420,0,2420,81000MAC
R72 08702 0007,6470,26280,32750,5390,6590,11980,81000MAC
R72 08702 0008,6470,0,6470,5390,0,5390,81000MAC
R72 08702 0009,6470,0,6470,5390,65350,70740,81000MAC
R72 08702 0010,3230,0,3230,2430,0,2430,81000MAC
R72 08702 0012,6470,0,6470,5390,59330,64720,81000MAC
R72 08702 0020,3940,32060,36000,3550,42270,45820,81000MAC
R72 08702 0021,3430,0,3430,2570,0,2570,81000MAC
R72 08702 0023,3430,0,3430,2570,0,2570,81000MAC
R72 08702 0024,9880,0,9880,8260,0,8260,81000MAC
R72 08702 0025,1850,0,1850,1540,0,1540,81000MAC
R72 08702 0028,6360,24980,31340,5210,37980,43190,81000MAC
R72 08702 0030,6300,27970,34270,5200,37630,42830,81000MAC
R72 08702 0031,8400,40820,49220,7120,9160,16280,81000MAC
R72 08702 0035,3150,0,3150,2340,0,2340,81000MAC
R72 08702 0036,2500,0,2500,1870,0,1870,81000MAC
R72 08702 0037,3520,0,3520,2710,0,2710,81000MAC
R72 08702 0038,6220,0,6220,5120,59980,65100,81000MAC
R72 08702 0039,6220,25510,31730,5120,13610,18730,81000MAC
R72 08702 0040,6220,35400,41620,5120,34830,39950,81000MAC
R72 08702 0041,1110,0,1110,320,0,320,81000MAC
R72 08702 0042,6300,23950,30250,5200,9710,14910,81000MAC
R72 08702 0043,6300,0,6300,5200,60610,65810,81000MAC
R72 08702 0044,6300,0,6300,5200,60610,65810,81000MAC
R72 08702 0045,6300,7580,13880,2600,0,2600,81000MAC
R72 08702 0046,6300,32710,39010,5200,4320,9520,81000MAC
R72 08702 0056,2640,0,2640,1950,0,1950,81000MAC
R72 08702 0059,3140,0,3140,2300,0,2300,81000MAC
R72 08702 0065,2970,13000,15970,1820,0,1820,81000MAC
R72 08702 0066,3430,21640,25070,2790,10380,13170,81000MAC
R72 08702 0067,3990,0,3990,2770,0,2770,81000MAC
R72 08702 0069,4660,31290,35950,3910,40090,44000,81000MAC
R72 08702 0073,5780,23700,29480,4680,33760,38440,81000MAC
R72 08702 0074,4360,0,4360,2920,0,2920,81000MAC
R72 08702 0075,2890,0,2890,2120,0,2120,81000MAC
R72 08704 0001,7080,0,7080,5880,45150,51030,81000MAC
R72 08704 0002,3540,0,3540,2640,0,2640,81000MAC
R72 08704 0003,3030,0,3030,2240,0,2240,81000MAC
R72 08704 0007,6080,6650,12730,4980,2860,7840,81000MAC
R72 08704 0024,7680,0,7680,6800,58600,65400,81000MAC
R72 08704 0025,4930,920,5850,4080,74520,78600,81000MAC
R72 08704 0030,2110,0,2110,1630,0,1630,81000MAC
R72 08707 0001,6990,800,7790,4100,0,4100,81000MAC
R72 08707 0002,2420,0,2420,1810,0,1810,81000MAC
R72 08707 0003,2420,0,2420,1810,0,1810,81000MAC
R72 08707 0004,2510,0,2510,1870,0,1870,81000MAC
R72 08707 0005,2510,0,2510,1880,0,1880,81000MAC
R72 08707 0006,2640,0,2640,1950,0,1950,81000MAC
R72 08707 0007,5290,30320,35610,980,0,980,81000MAC
R72 08707 0008,4230,0,4230,3470,0,3470,81000MAC
R72 08707 0009,5290,1820,7110,4340,6600,10940,81000MAC
R72 08707 0017,5830,21690,27520,4760,28050,32810,81000MAC
R72 08707 0018,5830,9220,15050,4760,12650,17410,81000MAC
R72 08707 0020,5830,34590,40420,4760,37230,41990,81000MAC
R72 08707 0021,5830,26370,32200,4760,23150,27910,81000MAC
R72 08707 0022,5830,5510,11340,4760,10790,15550,81000MAC
R72 08707 0023,2910,0,2910,2140,0,2140,81000MAC
R72 08707 0024,2870,0,2870,2110,0,2110,81000MAC
R72 08707 0025,2870,0,2870,2110,0,2110,81000MAC
R72 08707 0026,2870,0,2870,2110,0,2110,81000MAC
R72 08707 0027,5750,17270,23020,4690,36100,40790,81000MAC
R72 08707 0028,2530,0,2530,1870,0,1870,81000MAC
R72 08707 0035,5940,26510,32450,3630,0,3630,81000MAC
R72 08707 0036,2970,0,2970,2180,0,2180,81000MAC
R72 08707 0037,2970,0,2970,2180,0,2180,81000MAC
R72 08707 0038,2970,0,2970,2180,0,2180,81000MAC
R72 08707 0039,2970,0,2970,2180,0,2180,81000MAC
R72 08707 0040,2480,0,2480,2180,0,2180,81000MAC
R72 08707 0041,2970,0,2970,2180,0,2180,81000MAC
R72 08707 0042,5860,14830,20690,4780,0,4780,81000MAC
R72 08707 0043,5860,0,5860,4780,34060,38840,81000MAC
R72 08707 0044,2930,0,2930,2150,0,2150,81000MAC
R72 08707 0045,5860,21910,27770,4780,27970,32750,81000MAC
R72 08707 0046,1560,0,1560,1260,0,1260,81000MAC
R72 08707 0047,3530,0,3530,3000,0,3000,81000MAC
R72 08707 0049,2540,0,2540,1880,0,1880,81000MAC
R72 08707 0051,2900,0,2900,2130,0,2130,81000MAC
R72 08707 0052,2980,0,2980,2190,0,2190,81000MAC
R72 08707 0053,5960,47780,53740,4860,70240,75100,81000MAC
R72 08707 0054,2870,0,2870,2110,0,2110,81000MAC
R72 08707 0055,2810,0,2810,2070,0,2070,81000MAC
R72 08707 0056,4790,0,4790,3560,0,3560,81000MAC
R72 08707 0058,10690,31360,42050,8790,30130,38920,81000MAC
R72 08707 0059,5370,0,5370,4070,0,4070,81000MAC
R72 08707 0060,16440,38850,55290,12890,9670,22560,81000MAC
R72 08707 0062,24660,48530,73190,19710,80550,100260,81000MAC
R72 08707 0065,8670,36150,44820,7190,40100,47290,81000MAC
R72 08707 0066,4350,0,4350,3240,0,3240,81000MAC
R72 08707 0067,10230,0,10230,5480,0,5480,81000MAC
R72 08708 0008,5930,35920,41850,4800,38750,43550,81000MAC
R72 08708 0009,5930,19990,25920,4800,9440,14240,81000MAC
R72 08708 0010,940,0,940,830,0,830,81000MAC
R72 08708 0011,2490,0,2490,1860,0,1860,81000MAC
R72 08708 0015,3030,0,3030,2210,0,2210,81000MAC
R72 08708 0016,5520,12700,18220,4520,18860,23380,81000MAC
R72 08708 0017,5870,30230,36100,4770,33340,38110,81000MAC
R72 08708 0021,2930,0,2930,2150,0,2150,81000MAC
R72 08708 0023,2050,0,2050,1600,0,1600,81000MAC
R72 08708 0024,2930,0,2930,2140,0,2140,81000MAC
R72 08708 0029,2930,0,2930,2140,0,2140,81000MAC
R72 08708 0031,2930,0,2930,2140,0,2140,81000MAC
R72 08708 0034,2080,0,2080,1610,0,1610,81000MAC
R72 08708 0040,3340,0,3340,2380,0,2380,81000MAC
R72 08708 0043,3820,0,3820,2830,0,2830,81000MAC
R72 08708 0046,3350,0,3350,2460,0,2460,81000MAC
R72 08708 0047,3740,0,3740,2770,0,2770,81000MAC
R72 08708 0048,6290,7760,14050,5150,1470,6620,81000MAC
R72 08708 0062,2010,0,2010,1570,0,1570,81000MAC
R72 08708 0063,3970,22720,26690,3450,1810,5260,81000MAC
R72 08708 0065,1820,0,1820,1480,0,1480,81000MAC
R72 08708 0066,1850,0,1850,1490,0,1490,81000MAC
R72 08708 0067,3840,22090,25930,3410,8160,11570,81000MAC
R72 08708 0069,2680,0,2680,1970,0,1970,81000MAC
R72 08708 0073,5100,22820,27920,4230,33930,38160,81000MAC
R72 08708 0075,2710,0,2710,1990,0,1990,81000MAC
R72 08708 0076,1910,0,1910,1540,0,1540,81000MAC
R72 08708 0077,3830,7110,10940,2890,0,2890,81000MAC
R72 08708 0079,1950,0,1950,1540,0,1540,81000MAC
R72 08709 0012,3830,0,3830,3080,0,3080,81000FVP
R72 08709 0013,7380,24450,31830,6550,26560,33110,81000FVP
R72 08709 0015,7650,37900,45550,6840,34460,41300,81000FVP
R72 08709 0018,6300,27110,33410,5400,40980,46380,81000FVP
R72 08709 0020,2730,0,2730,2020,0,2020,81000FVP
R72 08709 0021,1010,0,1010,2840,0,2840,81000FVP
R72 08709 0023,3370,0,3370,2640,0,2640,81000FVP
R72 08709 0029,3150,0,3150,2310,0,2310,81000FVP
R72 08709 0038,3700,0,3700,2850,0,2850,81000FVP
R72 08709 0063,6480,26640,33120,5590,24150,29740,81000FVP
R72 08710 0013,3600,0,3600,2780,0,2780,81000MAC
R72 08710 0014,7130,11390,18520,5160,0,5160,81000MAC
R72 08710 0015,4690,39660,44350,3850,7980,11830,81000MAC
R72 08710 0016,3780,24080,27860,3450,5970,9420,81000MAC
R72 08710 0017,2070,0,2070,1650,0,1650,81000MAC
R72 08710 0018,2840,7060,9900,2300,7330,9630,81000MAC
R72 08710 0024,2830,0,2830,2080,0,2080,81000MAC
R72 08710 0025,3080,24100,27180,2500,19530,22030,81000MAC
R72 08712 0002,2730,0,2730,2020,0,2020,81000MAC
R72 08712 0003,5470,44340,49810,4480,45580,50060,81000MAC
R72 08712 0004,9230,27250,36480,7300,12840,20140,81000MAC
R72 08712 0005,5040,19200,24240,4150,18840,22990,81000MAC
R72 08712 0006,5040,23300,28340,4150,19900,24050,81000MAC
R72 08712 0007,5110,5440,10550,3780,0,3780,81000MAC
R72 08712 0008,3490,0,3490,2610,0,2610,81000MAC
R72 08712 0009,3450,0,3450,2580,0,2580,81000MAC
R72 08712 0010,3490,0,3490,2610,0,2610,81000MAC
R72 08712 0011,2980,2980,5960,2830,27650,30480,81000MAC
R72 08712 0012,6470,0,6470,5350,0,5350,81000MAC
R72 08712 0013,2720,0,2720,1990,0,1990,81000MAC
R72 08712 0014,5460,15630,21090,4430,2520,6950,81000MAC
R72 08712 0015,6130,0,6130,5040,34060,39100,81000MAC
R72 08712 0016,3060,0,3060,2270,0,2270,81000MAC
R72 08712 0017,2930,0,2930,2160,0,2160,81000MAC
R72 08712 0018,2590,0,2590,1890,0,1890,81000MAC
R72 08712 0020,7090,37790,44880,5830,29220,35050,81000MAC
R72 08712 0022,6460,0,6460,5290,65000,70290,81000MAC
R72 08712 0023,5580,36470,42050,4550,35590,40140,81000MAC
R72 08712 0024,5580,31990,37570,4550,20500,25050,81000MAC
R72 08712 0025,5580,18370,23950,4550,7580,12130,81000MAC
R72 08712 0026,2230,0,2230,1820,0,1820,81000MAC
R72 08712 0027,5580,25960,31540,4550,26370,30920,81000MAC
R72 08712 0028,5580,0,5580,4550,34140,38690,81000MAC
R72 08712 0029,4470,0,4470,3640,0,3640,81000MAC
R72 08712 0030,2790,0,2790,2050,0,2050,81000MAC
R72 08712 0031,5580,0,5580,4550,34060,38610,81000MAC
R72 08712 0032,5580,0,5580,4550,33350,37900,81000MAC
R72 08712 0033,5580,24480,30060,4550,25850,30400,81000MAC
R72 08712 0034,5580,0,5580,4550,34060,38610,81000MAC
R72 08712 0035,2790,0,2790,2050,0,2050,81000MAC
R72 08712 0036,2790,0,2790,2050,0,2050,81000MAC
R72 08712 0037,5580,0,5580,4550,34060,38610,81000MAC
R72 08712 0038,5170,18540,23710,4240,10200,14440,81000MAC
R72 08712 0039,3980,27800,31780,3550,2740,6290,81000MAC
R72 08712 0040,6380,33890,40270,5230,59040,64270,81000MAC
R72 08712 0041,6380,27560,33940,5230,38630,43860,81000MAC
R72 08712 0042,5370,29230,34600,4410,26550,30960,81000MAC
R72 08712 0043,5370,22620,27990,4410,7850,12260,81000MAC
R72 08712 0044,5370,0,5370,4410,34600,39010,81000MAC
R72 08712 0045,2270,0,2270,1700,0,1700,81000MAC
R72 08712 0046,6030,32030,38060,4940,8310,13250,81000MAC
R72 08712 0049,5370,31920,37290,4410,0,4410,81000MAC
R72 08712 0050,2680,0,2680,1990,0,1990,81000MAC
R72 08712 0051,5370,24060,29430,4410,31280,35690,81000MAC
R72 08712 0052,5370,27470,32840,4410,28260,32670,81000MAC
R72 08712 0053,5370,21490,26860,4410,26520,30930,81000MAC
R72 08712 0054,5370,12330,17700,4410,23890,28300,81000MAC
R72 08712 0055,5370,12120,17490,3300,0,3300,81000MAC
R72 08712 0056,5370,29420,34790,4410,30380,34790,81000MAC
R72 08712 0057,5370,0,5370,4410,34060,38470,81000MAC
R72 08713 0001,2550,0,2550,1890,0,1890,81000MAC
R72 08713 0002,2410,0,2410,1810,0,1810,81000MAC
R72 08713 0003,5110,37910,43020,3130,0,3130,81000MAC
R72 08713 0024,14610,0,14610,14610,0,14610,81000MAC
R72 08713 0031,3230,0,3230,2410,0,2410,81000MAC
R72 08713 0032,2840,0,2840,2090,0,2090,81000MAC
R72 08713 0037,2920,0,2920,2160,0,2160,81000MAC
R72 08801 0007,2520,0,2520,1870,0,1870,82000MAC
R72 08801 0008,2610,9150,11760,2140,9680,11820,82000MAC
R72 08801 0009,4620,34710,39330,3940,27440,31380,82000MAC
R72 08801 0010,2280,0,2280,1740,0,1740,82000MAC
R72 08801 0011,2470,0,2470,1840,0,1840,82000MAC
R72 08801 0013,2310,0,2310,1760,0,1760,82000MAC
R72 08801 0023,2360,0,2360,1780,0,1780,82000MAC
R72 08801 0024,650,0,650,2330,0,2330,82000MAC
R72 08801 0027,2260,0,2260,1720,0,1720,82000MAC
R72 08801 0029,2230,0,2230,1700,0,1700,82000MAC
R72 08801 0032,2200,0,2200,1690,0,1690,82000MAC
R72 08801 0033,6620,35890,42510,5080,32670,37750,82000MAC
R72 08801 0034,3020,41720,44740,2490,4460,6950,82000MAC
R72 08801 0035,4920,41760,46680,4120,45590,49710,82000MAC
R72 08801 0037,3200,33890,37090,2710,30030,32740,82000MAC
R72 08801 0063,9310,36740,46050,7380,39760,47140,82000MAC
R72 08801 0066,6270,10680,16950,5010,45700,50710,82000MAC
R72 08801 0069,4250,0,4250,3650,0,3650,82000MAC
R72 08801 0070,5580,26530,32110,4560,30250,34810,82000MAC
R72 08801 0071,6930,32740,39670,5780,20250,26030,82000MAC
R72 08801 0072,5540,0,5540,4620,0,4620,82000MAC
R72 08801 0073,6930,0,6930,5780,45720,51500,82000MAC
R72 08801 0074,3460,0,3460,2600,0,2600,82000MAC
R72 08801 0075,6930,29410,36340,5780,42430,48210,82000MAC
R72 08801 0076,6930,12480,19410,5780,29560,35340,82000MAC
R72 08801 0077,3130,0,3130,2300,0,2300,82000MAC
R72 08801 0078,1610,0,1610,1350,0,1350,82000MAC
R72 08801 0079,2550,0,2550,1900,0,1900,82000MAC
R72 08801 0081,2510,0,2510,1860,0,1860,82000MAC
R72 08801 0082,2760,0,2760,2030,0,2030,82000MAC
R72 08801 0083,2610,0,2610,1930,0,1930,82000MAC
R72 08801 0093,600,0,600,600,0,600,82000MAC
R72 08802 0001,2900,0,2900,2120,0,2120,82000MAC
R72 08802 0002,4970,21560,26530,4100,5020,9120,82000MAC
R72 08802 0003,6950,3750,10700,5800,18400,24200,82000MAC
R72 08802 0005,3450,0,3450,2610,0,2610,82000MAC
R72 08802 0006,4920,0,4920,4100,0,4100,82000MAC
R72 08802 0007,1690,0,1690,1850,0,1850,82000MAC
R72 08802 0009,2460,0,2460,1850,0,1850,82000MAC
R72 08802 0011,6970,0,6970,2430,0,2430,82000MAC
R72 08802 0014,1770,0,1770,1490,0,1490,82000MAC
R72 08802 0017,6270,19550,25820,5140,32880,38020,82000MAC
R72 08802 0018,6270,32830,39100,5140,43860,49000,82000MAC
R72 08802 0019,3130,0,3130,2310,0,2310,82000MAC
R72 08802 0020,3130,0,3130,2310,0,2310,82000MAC
R72 08802 0021,3390,0,3390,2520,0,2520,82000MAC
R72 08802 0022,3390,0,3390,2520,0,2520,82000MAC
R72 08802 0023,6780,0,6780,5600,45760,51360,82000MAC
R72 08802 0024,6400,6250,12650,2360,0,2360,82000MAC
R72 08802 0025,6400,54300,60700,5250,3880,9130,82000MAC
R72 08802 0026,3200,2180,5380,2620,2860,5480,82000MAC
R72 08802 0027,6320,0,6320,5180,45720,50900,82000MAC
R72 08802 0030,6270,0,6270,5150,45270,50420,82000MAC
R72 08802 0031,6270,55320,61590,5150,44810,49960,82000MAC
R72 08802 0032,6270,0,6270,5150,0,5150,82000MAC
R72 08802 0033,3130,0,3130,2320,0,2320,82000MAC
R72 08802 0035,6360,0,6360,5230,42700,47930,82000MAC
R72 08802 0036,3390,0,3390,2530,0,2530,82000MAC
R72 08802 0037,6780,0,6780,5620,39140,44760,82000MAC
R72 08802 0038,3390,0,3390,2530,0,2530,82000MAC
R72 08802 0039,3240,0,3240,2390,0,2390,82000MAC
R72 08802 0046,2400,0,2400,1820,0,1820,82000MAC
R72 08802 0047,4800,0,4800,4040,44870,48910,82000MAC
R72 08802 0048,4380,0,4380,3780,40240,44020,82000MAC
R72 08802 0049,4380,15770,20150,3780,27540,31320,82000MAC
R72 08802 0050,4380,18040,22420,3780,10730,14510,82000MAC
R72 08802 0051,2190,0,2190,1700,0,1700,82000MAC
R72 08802 0052,4380,0,4380,3780,40240,44020,82000MAC
R72 08802 0053,4160,9660,13820,3670,27670,31340,82000MAC
R72 08802 0054,4470,20760,25230,3840,8810,12650,82000MAC
R72 08802 0058,2430,0,2430,1840,0,1840,82000MAC
R72 08802 0059,1480,0,1480,1200,0,1200,82000MAC
R72 08802 0076,3560,0,3560,2660,0,2660,82000MAC
R72 08802 0077,7010,28920,35930,5810,26080,31890,82000MAC
R72 08802 0078,3130,0,3130,2310,0,2310,82000MAC
R72 08802 0079,3130,0,3130,2310,0,2310,82000MAC
R72 08803 0001,5930,43180,49110,4800,40270,45070,82000MAC
R72 08803 0002,3600,0,3600,2710,0,2710,82000MAC
R72 08803 0003,7200,0,7200,6030,55100,61130,82000MAC
R72 08803 0005,5660,0,5660,4640,45270,49910,82000MAC
R72 08803 0006,5660,0,5660,4640,45540,50180,82000MAC
R72 08803 0007,2830,0,2830,2090,0,2090,82000MAC
R72 08803 0010,4610,0,4610,4640,29940,34580,82000MAC
R72 08803 0011,2830,0,2830,2090,0,2090,82000MAC
R72 08803 0012,4250,0,4250,4640,45270,49910,82000MAC
R72 08803 0013,5660,0,5660,4640,0,4640,82000MAC
R72 08803 0014,5660,13700,19360,4640,14420,19060,82000MAC
R72 08803 0015,2830,0,2830,2090,0,2090,82000MAC
R72 08803 0017,3000,0,3000,2220,0,2220,82000MAC
R72 08803 0018,2840,6070,8910,2330,5690,8020,82000MAC
R72 08803 0019,5690,34230,39920,4660,29810,34470,82000MAC
R72 08803 0020,2840,0,2840,2100,0,2100,82000MAC
R72 08803 0021,6240,28470,34710,2300,0,2300,82000MAC
R72 08803 0022,5690,31640,37330,4660,9820,14480,82000MAC
R72 08803 0023,7250,0,7250,5970,27370,33340,82000MAC
R72 08803 0024,6240,26310,32550,5120,1440,6560,82000MAC
R72 08803 0025,6160,38470,44630,5050,25560,30610,82000MAC
R72 08803 0027,6160,29910,36070,5050,19640,24690,82000MAC
R72 08803 0029,4920,28710,33630,4100,18910,23010,82000MAC
R72 08803 0031,3420,0,3420,2560,0,2560,82000MAC
R72 08803 0046,2250,30420,32670,4900,9640,14540,82000MAC
R72 08803 0047,7450,34690,42140,6620,23480,30100,82000MAC
R72 08803 0048,5480,22020,27500,4460,20050,24510,82000MAC
R72 08803 0049,6450,45870,52320,5110,44240,49350,82000MAC
R72 08803 0051,3850,0,3850,2910,0,2910,82000MAC
R72 08803 0052,3420,0,3420,2560,0,2560,82000MAC
R72 08803 0053,6840,40230,47070,5680,40210,45890,82000MAC
R72 08803 0056,6000,62500,68500,4900,45390,50290,82000MAC
R72 08803 0057,1260,0,1260,2440,0,2440,82000MAC
R72 08803 0059,6430,38580,45010,5230,36800,42030,82000MAC
R72 08803 0060,1820,0,1820,1520,3840,5360,82000MAC
R72 08803 0066,2180,0,2180,1680,0,1680,82000MAC
R72 08803 0068,5480,42100,47580,4460,37300,41760,82000MAC
R72 08803 0082,!,!,!
R72 08803 0083,!,!,!
R72 08804 0029,4670,38110,42780,3940,34570,38510,82000MAC
R72 08804 0060,5630,21760,27390,4600,22700,27300,82000MAC
R72 08804 0061,5630,38020,43650,4600,45060,49660,82000MAC
R72 08804 0065,5290,32790,38080,2170,0,2170,82000MAC
R72 08805 0011,5360,25570,30930,4370,7700,12070,82000MAC
R72 08805 0012,800,0,800,0,0,0,82000MAC
R72 08805 0014,5440,19740,25180,4460,15630,20090,82000MAC
R72 08805 0015,2720,0,2720,2000,0,2000,82000MAC
R72 08805 0016,5440,12080,17520,4460,13290,17750,82000MAC
R72 08805 0017,1360,0,1360,1110,0,1110,82000MAC
R72 08805 0018,5440,0,5440,2000,0,2000,82000MAC
R72 08805 0019,3200,0,3200,2340,0,2340,82000MAC
R72 08805 0020,1280,0,1280,1040,0,1040,82000MAC
R72 08805 0021,3200,0,3200,2340,0,2340,82000MAC
R72 08805 0023,5780,0,5780,4730,45540,50270,82000MAC
R72 08805 0027,7370,25120,32490,6040,13270,19310,82000MAC
R72 08805 0030,2960,0,2960,2170,0,2170,82000MAC
R72 08805 0035,4380,0,4380,3210,0,3210,82000MAC
R72 08805 0036,3120,0,3120,2290,0,2290,82000MAC
R72 08805 0039,5850,31430,37280,4760,24160,28920,82000MAC
R72 08805 0041,4670,0,4670,3920,10510,14430,82000MAC
R72 08805 0042,3240,0,3240,2380,0,2380,82000MAC
R72 08805 0043,2170,0,2170,1590,0,1590,82000MAC
R72 08805 0044,2130,0,2130,1560,0,1560,82000MAC
R72 08805 0045,2130,0,2130,1560,0,1560,82000MAC
R72 08805 0046,2490,0,2490,1830,0,1830,82000MAC
R72 08806 0001,6720,38280,45000,5510,46800,52310,82000MAC
R72 08806 0002,6720,37300,44020,5510,26300,31810,82000MAC
R72 08806 0003,3360,3280,6640,2760,3400,6160,82000MAC
R72 08806 0004,6720,28810,35530,5510,12490,18000,82000MAC
R72 08806 0005,6720,35580,42300,5510,28270,33780,82000MAC
R72 08806 0006,2580,0,2580,1880,0,1880,82000MAC
R72 08806 0008,6720,28790,35510,5510,1470,6980,82000MAC
R72 08806 0009,6720,32280,39000,5510,39350,44860,82000MAC
R72 08806 0010,6720,0,6720,5510,32510,38020,82000MAC
R72 08806 0011,5060,28950,34010,4170,2610,6780,82000MAC
R72 08806 0012,4850,27680,32530,4010,29850,33860,82000MAC
R72 08806 0014,4850,29360,34210,4010,3050,7060,82000MAC
R72 08806 0015,2420,0,2420,1810,0,1810,82000MAC
R72 08806 0017,2460,0,2460,1820,0,1820,82000MAC
R72 08806 0020,4920,28490,33410,4050,24580,28630,82000MAC
R72 08806 0023,6410,30280,36690,5320,23760,29080,82000MAC
R72 08806 0025,6410,38850,45260,5320,24600,29920,82000MAC
R72 08806 0027,3200,0,3200,2390,0,2390,82000MAC
R72 08806 0028,7180,0,7180,6040,44870,50910,82000MAC
R72 08806 0029,6500,0,6500,5400,44090,49490,82000MAC
R72 08806 0033,3200,0,3200,2390,0,2390,82000MAC
R72 08806 0036,6400,0,6400,5250,31700,36950,82000MAC
R72 08806 0037,6400,25460,31860,5250,18610,23860,82000MAC
R72 08806 0038,7100,63430,70530,5830,31450,37280,82000MAC
R72 08806 0041,8030,75020,83050,6630,39620,46250,82000MAC
R72 08806 0042,7640,61460,69100,6300,28430,34730,82000MAC
R72 08806 0044,5690,35880,41570,4630,21720,26350,82000MAC
R72 08806 0045,3420,29910,33330,2780,30470,33250,82000MAC
R72 08806 0046,1420,0,1420,1160,0,1160,82000MAC
R72 08806 0047,5690,29250,34940,4630,32160,36790,82000MAC
R72 08806 0052,5410,0,5410,4410,0,4410,82000MAC
R72 08806 0053,2700,0,2700,1980,0,1980,82000MAC
R72 08806 0054,2700,0,2700,1980,0,1980,82000MAC
R72 08806 0063,3680,0,3680,2730,0,2730,82000MAC
R72 08806 0066,8170,42730,50900,5100,0,5100,82000MAC
R72 08806 0068,5670,24140,29810,2300,0,2300,82000MAC
R72 08806 0070,5510,11430,16940,2230,0,2230,82000MAC
R72 08806 0072,7570,0,7570,6180,42600,48780,82000MAC
R72 08807 0001,3030,0,3030,2230,0,2230,82000MAC
R72 08807 0003,6080,29370,35450,4950,27900,32850,82000MAC
R72 08807 0004,6080,32160,38240,4950,31540,36490,82000MAC
R72 08807 0006,5960,25470,31430,4880,18950,23830,82000MAC
R72 08807 0009,6240,38400,44640,2300,0,2300,82000MAC
R72 08807 0011,3120,0,3120,2310,0,2310,82000MAC
R72 08807 0012,3150,0,3150,2330,0,2330,82000MAC
R72 08807 0014,2890,0,2890,2090,0,2090,82000MAC
R72 08807 0016,5230,29200,34430,4300,32130,36430,82000MAC
R72 08807 0020,6550,13280,19830,5380,20860,26240,82000MAC
R72 08807 0021,6550,23700,30250,5380,31850,37230,82000MAC
R72 08807 0022,3280,0,3280,2420,0,2420,82000MAC
R72 08807 0023,6550,25790,32340,5380,9530,14910,82000MAC
R72 08807 0024,6550,0,6550,5380,0,5380,82000MAC
R72 08807 0026,3550,0,3550,2690,0,2690,82000MAC
R72 08807 0027,6210,10870,17080,2590,0,2590,82000MAC
R72 08807 0028,6640,31990,38630,5590,1810,7400,82000MAC
R72 08807 0029,6640,54780,61420,5590,46340,51930,82000MAC
R72 08807 0031,6640,39730,46370,5590,21980,27570,82000MAC
R72 08807 0032,6350,24510,30860,5320,15040,20360,82000MAC
R72 08807 0033,6350,23630,29980,5320,30430,35750,82000MAC
R72 08807 0034,6350,24610,30960,5320,33110,38430,82000MAC
R72 08807 0035,6350,24690,31040,5320,33310,38630,82000MAC
R72 08807 0036,6350,25520,31870,5320,27160,32480,82000MAC
R72 08807 0037,3170,0,3170,2390,0,2390,82000MAC
R72 08807 0038,7200,46000,53200,3030,0,3030,82000MAC
R72 08807 0039,7200,40870,48070,6060,40520,46580,82000MAC
R72 08807 0040,7200,29080,36280,6060,14920,20980,82000MAC
R72 08807 0041,7200,39700,46900,6060,36540,42600,82000MAC
R72 08807 0042,6470,0,6470,5370,39700,45070,82000MAC
R72 08807 0043,6640,28990,35630,5590,28690,34280,82000MAC
R72 08807 0044,6610,33400,40010,5580,31930,37510,82000MAC
R72 08807 0047,3320,0,3320,2520,0,2520,82000MAC
R72 08807 0049,2660,0,2660,1940,0,1940,82000MAC
R72 08807 0050,6640,55030,61670,5590,41110,46700,82000MAC
R72 08807 0052,7200,27790,34990,6060,9170,15230,82000MAC
R72 08807 0054,5230,35770,41000,4300,6530,10830,82000MAC
R72 08807 0055,7290,44150,51440,6130,30290,36420,82000MAC
R72 08807 0057,4320,15160,19480,3730,2600,6330,82000MAC
R72 08807 0059,3030,0,3030,2230,0,2230,82000MAC
R72 08807 0060,3170,0,3170,2390,0,2390,82000MAC
R72 08807 0061,6350,27520,33870,5320,16190,21510,82000MAC
R72 08807 0063,4590,0,4590,3540,0,3540,82000MAC
R72 08808 0024,2950,0,2950,2160,0,2160,82000EDG
R72 08808 0027,6270,29750,36020,5130,36380,41510,82000EDG
R72 08808 0028,2980,0,2980,2190,0,2190,82000EDG
R72 08808 0029,5740,41170,46910,4690,44370,49060,82000EDG
R72 08808 0030,2910,0,2910,2140,0,2140,82000EDG
R72 08808 0031,5830,36140,41970,4770,37420,42190,82000EDG
R72 08808 0036,5830,34610,40440,4770,3070,7840,82000EDG
R72 08808 0037,5830,15890,21720,4770,4090,8860,82000EDG
R72 08808 0038,5290,36280,41570,4330,25820,30150,82000EDG
R72 08808 0040,2650,29800,32450,2160,3080,5240,82000EDG
R72 08808 0042,2190,0,2190,1670,0,1670,82000EDG
R72 08808 0044,5910,40660,46570,4810,31910,36720,82000EDG
R72 08808 0045,5910,29640,35550,4810,21650,26460,82000EDG
R72 08808 0046,5910,30920,36830,4810,33940,38750,82000EDG
R72 08808 0047,2950,0,2950,2160,0,2160,82000EDG
R72 08808 0048,5910,34740,40650,4810,21840,26650,82000EDG
R72 08808 0049,5910,45680,51590,4810,53070,57880,82000EDG
R72 08808 0050,1480,0,1480,1200,0,1200,82000EDG
R72 08808 0051,2950,0,2950,2160,0,2160,82000EDG
R72 08808 0052,2950,0,2950,2160,0,2160,82000EDG
R72 08808 0053,5910,21950,27860,4810,0,4810,82000EDG
R72 08808 0055,5990,9200,15190,4880,0,4880,82000EDG
R72 08809 0024,1910,0,1910,1560,0,1560,82000MAC
R72 08809 0025,1990,0,1990,1600,0,1600,82000MAC
R72 08809 0026,2910,0,2910,2130,0,2130,82000MAC
R72 08809 0027,4200,24990,29190,3640,1430,5070,82000MAC
R72 08809 0028,2170,0,2170,1680,0,1680,82000MAC
R72 08809 0029,4460,27890,32350,1710,0,1710,82000MAC
R72 08809 0030,4830,30410,35240,4030,7110,11140,82000MAC
R72 08809 0031,2250,0,2250,1700,0,1700,82000MAC
R72 08809 0032,2920,0,2920,2150,0,2150,82000MAC
R72 08809 0033,6640,26960,33600,5440,33000,38440,82000MAC
R72 08901 0007,5520,11850,17370,4500,10220,14720,82000ROO
R72 08901 0009,2970,0,2970,2160,0,2160,82000ROO
R72 08901 0033,3180,0,3180,2340,0,2340,82000ROO
R72 08901 0034,3180,0,3180,2340,0,2340,82000ROO
R72 08901 0035,6360,10650,17010,5200,14800,20000,82000ROO
R72 08901 0036,2660,0,2660,1950,0,1950,82000ROO
R72 08901 0038,7390,48720,56110,6080,47600,53680,82000ROO
R72 08901 0068,3180,0,3180,2350,0,2350,82000ROO
R72 08901 0069,3180,0,3180,2340,0,2340,82000ROO
R72 08901 0070,3150,0,3150,2320,0,2320,82000ROO
R72 08901 0071,6300,71240,77540,5140,71470,76610,82000ROO
R72 08901 0072,3120,0,3120,2300,0,2300,82000ROO
R72 08901 0073,3120,0,3120,2290,0,2290,82000ROO
R72 08901 0074,6180,6220,12400,5060,2210,7270,82000ROO
R72 08901 0075,6530,42710,49240,5320,48320,53640,82000ROO
R72 08901 0076,6000,23310,29310,4900,52100,57000,82000ROO
R72 08901 0077,6580,68890,75470,5400,30340,35740,82000ROO
R72 08901 0078,5550,25090,30640,4540,33000,37540,82000ROO
R72 08901 0079,2240,0,2240,1670,0,1670,82000ROO
R72 08901 0081,4740,8490,13230,4000,16790,20790,82000ROO
R72 08901 0083,3300,0,3300,2450,0,2450,82000ROO
R72 08901 0084,3340,0,3340,2480,0,2480,82000ROO
R72 08901 0085,2510,0,2510,1820,0,1820,82000ROO
R72 08901 0086,6600,70330,76930,5440,31830,37270,82000ROO
R72 08901 0088,6600,8400,15000,5440,16960,22400,82000ROO
R72 08901 0095,3700,29890,33590,3060,44580,47640,82000ROO
R72 08901 0103,2240,0,2240,1670,0,1670,82000ROO
R72 08902 0012,2900,0,2900,2140,0,2140,82000ROO
R72 08902 0014,5740,26940,32680,4690,40800,45490,82000ROO
R72 08902 0015,3680,0,3680,2560,0,2560,82000ROO
R72 08902 0016,3000,0,3000,2200,0,2200,82000ROO
R72 08902 0030,5970,33830,39800,4880,42360,47240,82000ROO
R72 08902 0033,2980,4820,7800,2200,0,2200,82000ROO
R72 08902 0034,4640,25170,29810,3890,27650,31540,82000ROO
R72 08902 0038,2720,0,2720,2010,0,2010,82000ROO
R72 08902 0043,2520,0,2520,1880,0,1880,82000ROO
R72 08902 0047,3350,23930,27280,2750,24480,27230,82000ROO
R72 08902 0048,4160,5370,9530,3640,3210,6850,82000ROO
R72 08903 0001,1680,0,1680,1480,0,1480,82000ROO
R72 08903 0002,1540,0,1540,1230,0,1230,82000ROO
R72 08903 0006,2940,0,2940,2250,0,2250,82000ROO
R72 08903 0007,2940,0,2940,2250,0,2250,82000ROO
R72 08903 0009,2940,0,2940,2250,0,2250,82000ROO
R72 08903 0010,1970,0,1970,1600,0,1600,82000ROO
R72 08903 0011,7240,15400,22640,6000,39420,45420,82000ROO
R72 08903 0012,7570,45570,53140,6540,29030,35570,82000ROO
R72 08903 0013,3950,0,3950,3240,0,3240,82000ROO
R72 08903 0014,3950,0,3950,3240,0,3240,82000ROO
R72 08903 0015,3950,0,3950,3240,0,3240,82000ROO
R72 08903 0016,3950,0,3950,3240,0,3240,82000ROO
R72 08903 0020,3350,0,3350,2450,0,2450,82000ROO
R72 08903 0022,3030,0,3030,2230,0,2230,82000ROO
R72 08903 0029,2480,0,2480,1830,0,1830,82000ROO
R72 08903 0035,2280,0,2280,1750,0,1750,82000ROO
R72 08903 0037,2470,0,2470,1810,0,1810,82000ROO
R72 08903 0039,2610,0,2610,1900,0,1900,82000ROO
R72 08903 0040,3120,0,3120,2310,0,2310,82000ROO
R72 08903 0042,1970,0,1970,1570,0,1570,82000ROO
R72 08903 0043,2200,0,2200,1670,0,1670,82000ROO
R72 08903 0063,2580,0,2580,1920,0,1920,82000ROO
R72 08903 0066,2350,0,2350,1740,0,1740,82000ROO
R72 08903 0071,1850,0,1850,1540,0,1540,82000ROO
R72 08906 0005,5790,25400,31190,4740,18940,23680,82000MAC
R72 08906 0006,5790,27430,33220,4740,35730,40470,82000MAC
R72 08906 0008,5490,27230,32720,4510,10250,14760,82000MAC
R72 08906 0009,5570,0,5570,4570,65770,70340,82000MAC
R72 08906 0010,5570,27100,32670,4570,4100,8670,82000MAC
R72 08906 0011,5570,27510,33080,4570,26410,30980,82000MAC
R72 08906 0012,5640,31720,37360,4620,45210,49830,82000MAC
R72 08906 0016,2590,0,2590,1920,0,1920,82000MAC
R72 08906 0018,2670,0,2670,1970,0,1970,82000MAC
R72 08906 0020,2740,0,2740,2030,0,2030,82000MAC
R72 08906 0022,2710,0,2710,2000,0,2000,82000MAC
R72 08906 0027,620,0,620,510,0,510,82000MAC
R72 08906 0028,2730,0,2730,2010,0,2010,82000MAC
R72 08906 0029,8800,0,8800,2010,0,2010,82000MAC
R72 08906 0030,11000,0,11000,3870,0,3870,82000MAC
R72 08906 0033,4040,10980,15020,3580,3780,7360,82000MAC
R72 08906 0036,5700,23880,29580,4640,15850,20490,82000MAC
R72 08906 0037,5700,27170,32870,4640,14680,19320,82000MAC
R72 08906 0038,5700,31040,36740,4640,25160,29800,82000MAC
R72 08906 0039,5630,27340,32970,4580,14770,19350,82000MAC
R72 08906 0047,5340,18910,24250,4370,25940,30310,82000MAC
R72 08906 0049,5500,26890,32390,4510,20230,24740,82000MAC
R72 08906 0050,2750,0,2750,2030,0,2030,82000MAC
R72 08906 0051,5500,30820,36320,4510,18820,23330,82000MAC
R72 08906 0052,2640,0,2640,1960,0,1960,82000MAC
R72 08906 0053,2640,0,2640,1960,0,1960,82000MAC
R72 08906 0054,2870,0,2870,2120,0,2120,82000MAC
R72 08906 0055,2710,0,2710,2000,0,2000,82000MAC
R72 08906 0057,4480,0,4480,3260,0,3260,82000MAC
R72 08906 0058,5180,28210,33390,4240,14200,18440,82000MAC
R72 08906 0059,2580,0,2580,1910,0,1910,82000MAC
R72 08906 0061,5930,0,5930,4840,45540,50380,82000MAC
R72 08906 0062,2920,0,2920,2150,0,2150,82000MAC
R72 08906 0063,2850,0,2850,2100,0,2100,82000MAC
R72 08906 0064,5180,31800,36980,2120,0,2120,82000MAC
R72 08906 0065,2710,0,2710,2000,0,2000,82000MAC
R72 08906 0067,5710,0,5710,4670,43520,48190,82000MAC
R72 08906 0068,5710,0,5710,4670,49830,54500,82000MAC
R72 08906 0069,8670,0,8670,6900,52390,59290,82000MAC
R72 08906 0070,!,!,!
R72 08906 0071,5780,0,5780,4730,44420,49150,82000MAC
R72 08906 0072,!,!,!
R72 08906 0073,5710,0,5710,4670,45140,49810,82000MAC
R72 08906 0074,2860,0,2860,2100,0,2100,82000MAC
R72 08906 0075,5200,2650,7850,1920,0,1920,82000MAC
R72 08906 0076,3780,0,3780,2910,0,2910,82000MAC
R72 08906 0081,2020,0,2020,1610,0,1610,82000MAC
R72 08906 0084,4500,18310,22810,3810,7610,11420,82000MAC
R72 08906 0088,1570,0,1570,1370,0,1370,82000MAC
R72 08906 0090,2580,0,2580,1910,0,1910,82000MAC
R72 08906 0092,5180,28940,34120,4240,16930,21170,82000MAC
R72 08906 0093,1990,0,1990,1590,0,1590,82000MAC
R72 08906 0095,3230,0,3230,2860,0,2860,82000MAC
R72 08906 0097,4040,21940,25980,3580,15320,18900,82000MAC
R72 08906 0100,4000,29400,33400,3140,32290,35430,C5000000
R72 08906 0104,7950,0,7950,6460,41970,48430,82000MAC
R72 08906 0105,6330,0,6330,5070,47420,52490,82000MAC
R72 08907 0007,2810,0,2810,2060,0,2060,82000MAC
R72 08907 0008,11500,32310,43810,13580,9400,22980,82000MAC
R72 08907 0012,4700,10550,15250,3920,15030,18950,82000MAC
R72 08907 0013,9410,23060,32470,8070,7690,15760,82000MAC
R72 08907 0015,3200,0,3200,2380,0,2380,82000MAC
R72 08907 0018,6410,20610,27020,5280,30220,35500,82000MAC
R72 08907 0019,6580,20610,27190,5440,37770,43210,82000MAC
R72 08907 0020,3290,0,3290,2450,0,2450,82000MAC
R72 08907 0029,0,0,0,1820,0,1820,82000MAC
R72 08907 0030,1830,0,1830,1520,0,1520,82000MAC
R72 08907 0031,2430,0,2430,1830,0,1830,82000MAC
R72 08907 0032,2640,0,2640,1950,0,1950,82000MAC
R72 08907 0034,2910,0,2910,2130,0,2130,82000MAC
R72 08907 0035,4020,0,4020,2920,0,2920,82000MAC
R72 08907 0036,2460,0,2460,1830,0,1830,82000MAC
R72 08907 0040,0,0,0,0,0,0,82000MAC
R72 08907 0041,1990,0,1990,1570,0,1570,82000MAC
R72 08907 0064,9410,0,9410,8070,45430,53500,82000MAC
R72 08908 0013,0,0,0,0,0,0,82000MIA
R72 08908 0027,4770,24530,29300,4000,20220,24220,82000EDG
R72 08908 0028,4940,19190,24130,4100,14910,19010,82000EDG
R72 08908 0033,2940,0,2940,2150,0,2150,82000EDG
R72 08908 0034,5620,28700,34320,4570,5720,10290,82000EDG
R72 08908 0040,2900,0,2900,2120,0,2120,82000MIA
R72 08908 0041,5800,43080,48880,4710,36700,41410,82000EDG
R72 08908 0042,2900,0,2900,2120,0,2120,82000MIA
R72 08908 0053,0,0,0,0,0,0,99999999
R72 08909 0028,2450,0,2450,1790,0,1790,82000EDG
R72 08909 0031,5090,16600,21690,4120,8880,13000,82000EDG
R72 08909 0035,2920,0,2920,2160,0,2160,82000EDG
R72 08909 0036,2920,0,2920,2160,0,2160,82000EDG
R72 08909 0038,5850,4210,10060,4790,810,5600,82000EDG
R72 08909 0039,5850,36340,42190,4790,17540,22330,82000EDG
R72 08909 0046,2110,0,2110,1660,0,1660,82000EDG
R72 08909 0048,2980,0,2980,2190,0,2190,82000EDG
R72 08909 0050,2980,0,2980,2190,0,2190,82000EDG
R72 08909 0051,6240,8970,15210,5090,24750,29840,82000EDG
R72 08909 0053,6080,23190,29270,4950,36780,41730,82000EDG
R72 08909 0055,3060,0,3060,2250,0,2250,82000EDG
R72 08909 0058,2980,0,2980,2190,0,2190,82000EDG
R72 08909 0061,2110,0,2110,1660,0,1660,82000EDG
R72 08909 0069,720,0,720,580,0,580,82000MIA
R72 09001 0005,2760,0,2760,2040,0,2040,82000ROO
R72 09001 0006,2760,0,2760,2040,0,2040,82000ROO
R72 09001 0007,2760,0,2760,2040,0,2040,82000ROO
R72 09001 0008,2760,0,2760,2040,0,2040,82000ROO
R72 09001 0009,4030,0,4030,2950,0,2950,82000ROO
R72 09001 0011,2960,0,2960,1560,0,1560,82000ROO
R72 09001 0012,2840,0,2840,2090,0,2090,82000ROO
R72 09001 0013,2920,0,2920,2150,0,2150,82000ROO
R72 09001 0014,2390,22850,25240,4780,20590,25370,82000ROO
R72 09001 0015,2920,0,2920,2150,0,2150,82000ROO
R72 09001 0016,5850,2850,8700,4780,0,4780,82000ROO
R72 09001 0017,6580,0,6580,5400,0,5400,82000ROO
R72 09001 0018,4770,0,4770,3920,0,3920,82000ROO
R72 09001 0019,5970,0,5970,4890,34970,39860,82000ROO
R72 09001 0020,2980,0,2980,2200,0,2200,82000ROO
R72 09001 0021,2980,0,2980,2200,0,2200,82000ROO
R72 09001 0022,5970,16140,22110,4890,0,4890,82000ROO
R72 09001 0023,2980,0,2980,2200,0,2200,82000ROO
R72 09001 0026,3860,0,3860,2960,0,2960,82000ROO
R72 09001 0031,3780,22520,26300,3440,11120,14560,82000ROO
R72 09001 0032,2980,0,2980,2200,0,2200,82000ROO
R72 09001 0033,5890,18900,24790,4830,31820,36650,82000ROO
R72 09001 0034,5890,7290,13180,4810,35430,40240,82000ROO
R72 09001 0035,5890,24890,30780,4810,39810,44620,82000ROO
R72 09001 0036,6120,24350,30470,5000,41370,46370,82000ROO
R72 09001 0037,6120,37610,43730,5000,38690,43690,82000ROO
R72 09001 0038,2320,0,2320,1720,0,1720,82000ROO
R72 09001 0039,6120,5380,11500,5000,29760,34760,82000ROO
R72 09001 0040,6120,26060,32180,5000,32350,37350,82000ROO
R72 09001 0041,6030,31880,37910,4930,0,4930,82000ROO
R72 09001 0045,3350,0,3350,2470,0,2470,82000ROO
R72 09001 0046,6300,29230,35530,5160,24590,29750,82000ROO
R72 09001 0047,2670,0,2670,1970,0,1970,82000ROO
R72 09001 0048,3440,19660,23100,2790,19960,22750,82000ROO
R72 09001 0049,2250,0,2250,1660,0,1660,82000ROO
R72 09001 0050,6640,0,6640,5440,0,5440,82000ROO
R72 09001 0051,6640,0,6640,5440,36610,42050,82000ROO
R72 09001 0052,6800,0,6800,5580,36800,42380,82000ROO
R72 09001 0053,6400,0,6400,5230,34970,40200,82000ROO
R72 09001 0054,6400,0,6400,5230,36610,41840,82000ROO
R72 09001 0063,5240,42590,47830,4690,41240,45930,C5000000
R72 09001 0065,4100,37250,41350,3640,19570,23210,82000ROO
R72 09001 0066,2980,0,2980,2190,0,2190,82000ROO
R72 09001 0068,2980,0,2980,2190,0,2190,82000ROO
R72 09001 0069,5970,37690,43660,4880,2780,7660,82000ROO
R72 09001 0089,6660,0,6660,5440,34970,40410,82000ROO
R72 09001 0090,6480,0,6480,5300,36800,42100,82000ROO
R72 09004 0001,2780,0,2780,2040,0,2040,82000ROO
R72 09004 0002,6080,13050,19130,4980,7870,12850,82000ROO
R72 09004 0003,3120,0,3120,2310,0,2310,82000ROO
R72 09004 0004,6160,17010,23170,5050,10720,15770,82000ROO
R72 09004 0005,3080,0,3080,2270,0,2270,82000ROO
R72 09004 0006,3080,0,3080,2270,0,2270,82000ROO
R72 09004 0012,5900,40130,46030,5120,0,5120,82000ROO
R72 09004 0014,1930,0,1930,1580,0,1580,82000ROO
R72 09004 0021,2770,0,2770,2020,0,2020,82000ROO
R72 09004 0023,2700,0,2700,1980,0,1980,82000ROO
R72 09004 0025,5400,26960,32360,4400,0,4400,82000ROO
R72 09004 0027,2700,0,2700,1990,0,1990,82000ROO
R72 09004 0031,3600,22390,25990,2780,0,2780,82000ROO
R72 09004 0035,6890,59000,65890,5630,63580,69210,82000ROO
R72 09004 0040,2980,0,2980,2200,0,2200,82000ROO
R72 09004 0042,3010,0,3010,2220,0,2220,82000ROO
R72 09004 0043,3870,5080,8950,2860,0,2860,82000ROO
R72 09004 0044,3010,0,3010,2220,0,2220,82000ROO
R72 09004 0045,6030,30890,36920,4930,50890,55820,82000ROO
R72 09004 0046,6120,52840,58960,5000,58870,63870,82000ROO
R72 09004 0051,6270,30980,37250,5130,48380,53510,82000ROO
R72 09004 0052,6270,13420,19690,5130,32650,37780,82000ROO
R72 09007 0001,2630,0,2630,2960,0,2960,82000ROO
R72 09007 0002,2630,0,2630,1940,0,1940,82000ROO
R72 09007 0003,5740,19090,24830,4690,12060,16750,82000ROO
R72 09007 0004,2870,0,2870,2110,0,2110,82000ROO
R72 09007 0005,5660,5280,10940,4630,1860,6490,82000ROO
R72 09007 0006,2870,0,2870,2110,0,2110,82000ROO
R72 09007 0007,2870,0,2870,2110,0,2110,82000ROO
R72 09007 0009,2870,0,2870,2110,0,2110,82000ROO
R72 09007 0010,2870,0,2870,2110,0,2110,82000ROO
R72 09007 0011,2870,0,2870,2110,0,2110,82000ROO
R72 09007 0013,2870,0,2870,2110,0,2110,82000ROO
R72 09007 0014,2870,0,2870,2110,0,2110,82000ROO
R72 09007 0015,2870,0,2870,2110,0,2110,82000ROO
R72 09007 0016,2870,0,2870,2110,0,2110,82000ROO
R72 09007 0017,2870,0,2870,2110,0,2110,82000ROO
R72 09007 0019,2870,0,2870,2110,0,2110,82000ROO
R72 09007 0020,5510,0,5510,4500,36040,40540,82000ROO
R72 09007 0021,5740,20940,26680,4690,39390,44080,82000ROO
R72 09007 0022,5810,30220,36030,4750,14540,19290,82000ROO
R72 09007 0023,5810,29330,35140,4750,15820,20570,82000ROO
R72 09007 0024,6120,0,6120,5000,34860,39860,82000ROO
R72 09007 0025,8800,55400,64200,7190,65170,72360,82000ROO
R72 09007 0026,5740,27770,33510,4690,40650,45340,82000ROO
R72 09007 0027,5740,35130,40870,4690,38610,43300,82000ROO
R72 09007 0031,5740,27690,33430,4690,40010,44700,82000ROO
R72 09007 0032,5740,3100,8840,4690,1130,5820,82000ROO
R72 09007 0033,5740,3300,9040,4700,1970,6670,82000ROO
R72 09007 0034,5810,25450,31260,4750,34140,38890,82000ROO
R72 09007 0036,5740,28680,34420,4690,33840,38530,82000ROO
R72 09007 0037,2870,0,2870,2110,0,2110,82000ROO
R72 09007 0039,2520,0,2520,1860,0,1860,82000ROO
R72 09007 0040,5740,25410,31150,4690,18910,23600,82000ROO
R72 09007 0042,5740,29920,35660,4690,26260,30950,82000ROO
R72 09007 0047,2900,0,2900,2140,0,2140,82000ROO
R72 09007 0048,2440,0,2440,0,0,0,82000ROO
R72 09007 0049,5740,24180,29920,4690,13860,18550,82000ROO
R72 09007 0051,1860,0,1860,0,0,0,82000ROO
R72 09007 0056,2870,0,2870,2110,0,2110,82000ROO
R72 09008 0007,5160,24600,29760,4260,3210,7470,82000ROO
R72 09008 0008,3750,0,3750,2810,0,2810,82000ROO
R72 09008 0010,6120,31250,37370,5000,41460,46460,82000ROO
R72 09008 0011,3060,0,3060,2250,0,2250,82000ROO
R72 09008 0012,6120,43130,49250,5000,39150,44150,82000ROO
R72 09008 0013,3060,0,3060,2250,0,2250,82000ROO
R72 09008 0014,3060,0,3060,2250,0,2250,82000ROO
R72 09008 0015,6120,4620,10740,5000,35620,40620,82000ROO
R72 09008 0016,3060,0,3060,2250,0,2250,82000ROO
R72 09008 0017,6120,40530,46650,5000,63050,68050,82000ROO
R72 09008 0018,3060,0,3060,2250,0,2250,82000ROO
R72 09008 0019,3060,0,3060,2250,0,2250,82000ROO
R72 09008 0020,4660,0,4660,3430,0,3430,82000ROO
R72 09008 0022,6490,29330,35820,5350,35900,41250,82000ROO
R72 09008 0023,6660,25930,32590,5500,27860,33360,82000ROO
R72 09008 0027,6180,15820,22000,5060,20310,25370,82000ROO
R72 09008 0029,6180,3760,9940,5060,1220,6280,82000ROO
R72 09008 0037,4200,0,4200,3700,0,3700,82000ROO
R72 09009 0003,6420,50750,57170,5260,60040,65300,82000ROO
R72 09009 0004,7700,48080,55780,6500,0,6500,82000ROO
R72 09009 0005,2990,0,2990,2210,0,2210,82000ROO
R72 09009 0006,2990,0,2990,2210,0,2210,82000ROO
R72 09009 0007,5340,0,5340,4430,0,4430,82000ROO
R72 09009 0008,3120,0,3120,2300,0,2300,82000ROO
R72 09009 0009,5770,18280,24050,4710,0,4710,82000ROO
R72 09009 0011,3120,0,3120,2300,0,2300,82000ROO
R72 09009 0012,3120,0,3120,2300,0,2300,82000ROO
R72 09009 0013,4060,24570,28630,3320,48130,51450,82000ROO
R72 09009 0014,3120,0,3120,2300,0,2300,82000ROO
R72 09009 0025,3360,0,3360,2470,0,2470,82000ROO
R72 09010 0001,2110,0,2110,1550,0,1550,82000ROO
R72 09010 0002,3020,0,3020,2220,0,2220,82000ROO
R72 09010 0003,2670,0,2670,1970,0,1970,82000ROO
R72 09010 0004,5360,2670,8030,4380,940,5320,82000ROO
R72 09010 0005,2620,0,2620,1940,0,1940,82000ROO
R72 09010 0006,2670,0,2670,1970,0,1970,82000ROO
R72 09010 0007,5360,16440,21800,4380,27780,32160,82000ROO
R72 09010 0008,5360,0,5360,4380,36040,40420,82000ROO
R72 09010 0016,2110,0,2110,1550,0,1550,82000ROO
R72 09010 0017,3020,0,3020,2220,0,2220,82000ROO
R72 09010 0021,5740,0,5740,4690,36800,41490,82000ROO
R72 09010 0022,6120,0,6120,5000,32440,37440,82000ROO
R72 09010 0023,3030,0,3030,2220,0,2220,82000ROO
R72 09010 0035,10470,18140,28610,8640,27320,35960,82000ROO
R72 09010 0036,6300,10500,16800,5140,8570,13710,82000ROO
R72 09010 0037,3150,0,3150,2310,0,2310,82000ROO
R72 09010 0038,6300,17320,23620,5140,19520,24660,82000ROO
R72 09010 0039,3150,0,3150,2310,0,2310,82000ROO
R72 09010 0046,1800,0,1800,1330,0,1330,82000ARL
R72 09010 0052,5020,28840,33860,4170,46850,51020,82000ROO
R72 09010 0059,5740,0,5740,4690,30820,35510,82000ROO
R72 09011 0010,0,0,0,0,0,0,99999999
R72 09012 0003,7630,10470,18100,6380,59830,66210,82000ROO
R72 09012 0008,3210,0,3210,2470,0,2470,82000ROO
R72 09012 0009,4060,0,4060,3330,0,3330,82000ROO
R72 09012 0022,6720,4560,11280,5900,0,5900,82000ROO
R72 09101 0001,3190,0,3190,2340,0,2340,82000ARL
R72 09101 0002,5100,0,5100,4160,0,4160,82000ARL
R72 09101 0003,6200,0,6200,5060,0,5060,82000ARL
R72 09102 0003,5590,33710,39300,4520,14880,19400,82000ARL
R72 09102 0004,5590,33270,38860,2260,0,2260,82000ARL
R72 09102 0005,2790,0,2790,2030,0,2030,82000ARL
R72 09102 0006,5590,22400,27990,4520,42010,46530,82000ARL
R72 09102 0007,5590,27140,32730,4520,34450,38970,82000ARL
R72 09102 0008,5590,6140,11730,4520,10350,14870,82000ARL
R72 09102 0009,5590,28400,33990,4520,16490,21010,82000ARL
R72 09102 0010,5590,38760,44350,4520,27620,32140,82000ARL
R72 09102 0011,2790,0,2790,2030,0,2030,82000ARL
R72 09102 0012,5590,19510,25100,4520,27920,32440,82000ARL
R72 09102 0013,5590,28300,33890,4520,14060,18580,82000ARL
R72 09102 0014,5590,17710,23300,4520,0,4520,82000ARL
R72 09102 0018,5380,24000,29380,4390,28670,33060,82000ARL
R72 09102 0019,5380,26180,31560,4390,30510,34900,82000ARL
R72 09102 0021,2690,0,2690,1970,0,1970,82000ARL
R72 09102 0022,2690,0,2690,1970,0,1970,82000ARL
R72 09102 0023,5380,29780,35160,4390,8690,13080,82000ARL
R72 09102 0024,5380,17770,23150,2190,0,2190,82000ARL
R72 09102 0025,2690,0,2690,1970,0,1970,82000ARL
R72 09102 0026,5380,33660,39040,4390,3410,7800,82000ARL
R72 09102 0028,2690,0,2690,1970,0,1970,82000ARL
R72 09102 0042,0,0,0,0,0,0,99999999
R72 09103 0001,5690,31410,37100,3480,34370,37850,82000LAK
R72 09103 0003,5690,4020,9710,3480,2970,6450,82000LAK
R72 09103 0005,2830,0,2830,1570,0,1570,82000LAK
R72 09103 0006,5830,24610,30440,1800,0,1800,82000LAK
R72 09103 0007,5830,25610,31440,1800,0,1800,82000LAK
R72 09103 0008,5830,26570,32400,3540,25290,28830,82000LAK
R72 09103 0009,5830,25690,31520,3540,27160,30700,82000LAK
R72 09103 0010,5830,21630,27460,3540,19430,22970,82000LAK
R72 09103 0011,5720,0,5720,3480,0,3480,82000LAK
R72 09103 0012,4670,0,4670,2830,0,2830,82000LAK
R72 09103 0013,3890,0,3890,2400,0,2400,82000LAK
R72 09103 0015,5510,8020,13530,1520,0,1520,82000LAK
R72 09103 0017,6000,31230,37230,3690,24670,28360,82000LAK
R72 09103 0018,6180,30240,36420,3780,20520,24300,82000LAK
R72 09103 0020,6180,25540,31720,3780,25620,29400,82000LAK
R72 09103 0021,3210,0,3210,1790,0,1790,82000LAK
R72 09103 0022,6800,25170,31970,4190,32730,36920,82000LAK
R72 09103 0023,2370,0,2370,1320,0,1320,82000LAK
R72 09103 0024,6380,9420,15800,6660,900,7560,82000LAK
R72 09103 0025,3160,0,3160,1770,0,1770,82000LAK
R72 09103 0026,6530,24160,30690,4010,6890,10900,82000LAK
R72 09103 0027,6210,23690,29900,3750,4070,7820,82000LAK
R72 09103 0028,6210,29430,35640,3750,2040,5790,82000LAK
R72 09103 0029,3110,0,3110,1710,0,1710,82000LAK
R72 09103 0030,6210,23840,30050,3750,4070,7820,82000LAK
R72 09103 0031,6210,29870,36080,3750,29800,33550,82000LAK
R72 09103 0033,6170,28530,34700,3760,31060,34820,82000LAK
R72 09103 0040,6150,25350,31500,3770,5220,8990,82000LAK
R72 09103 0041,6150,28000,34150,3770,25980,29750,82000LAK
R72 09103 0042,6150,28800,34950,3770,24500,28270,82000LAK
R72 09103 0043,6150,24230,30380,3770,25920,29690,82000LAK
R72 09103 0044,6150,31120,37270,3770,0,3770,82000LAK
R72 09103 0045,6750,19050,25800,4130,28090,32220,82000LAK
R72 09103 0046,6150,23370,29520,3770,19770,23540,82000LAK
R72 09103 0047,6150,24000,30150,3770,11010,14780,82000LAK
R72 09103 0048,6150,28310,34460,3770,22690,26460,82000LAK
R72 09103 0049,6150,29090,35240,3770,7730,11500,82000LAK
R72 09103 0050,6150,30170,36320,1910,0,1910,82000LAK
R72 09103 0051,6150,10600,16750,1720,0,1720,82000LAK
R72 09103 0052,6150,27910,34060,3770,5100,8870,82000LAK
R72 09103 0063,970,0,970,220,0,220,82000LAK
R72 09103 0066,6030,24530,30560,3680,23820,27500,82000LAK
R72 09103 0067,2350,0,2350,1310,0,1310,82000LAK
R72 09104 0001,5350,19360,24710,3220,1640,4860,82000LAK
R72 09104 0002,1420,0,1420,880,6210,7090,82000LAK
R72 09104 0003,5690,23730,29420,3480,16200,19680,82000LAK
R72 09104 0005,5690,20870,26560,3480,1950,5430,82000LAK
R72 09104 0006,5690,20910,26600,3480,17640,21120,82000LAK
R72 09104 0007,2960,0,2960,1660,0,1660,82000LAK
R72 09104 0015,5670,17030,22700,3430,0,3430,82000LAK
R72 09104 0016,5830,26910,32740,3540,9740,13280,82000LAK
R72 09104 0017,5830,27250,33080,3540,22120,25660,82000LAK
R72 09104 0018,5830,19200,25030,3540,0,3540,82000LAK
R72 09104 0019,6600,33660,40260,18330,24030,42360,82000LAK
R72 09104 0020,2910,0,2910,1620,0,1620,82000LAK
R72 09104 0021,2910,0,2910,1620,0,1620,82000LAK
R72 09104 0022,2910,0,2910,1620,0,1620,82000LAK
R72 09104 0023,5830,27400,33230,1620,0,1620,82000LAK
R72 09104 0027,2910,0,2910,1620,0,1620,82000LAK
R72 09104 0031,3040,0,3040,1700,0,1700,82000LAK
R72 09104 0032,3040,0,3040,1700,0,1700,82000LAK
R72 09104 0033,6080,28210,34290,3730,21710,25440,82000LAK
R72 09104 0034,6080,22290,28370,3730,30500,34230,82000LAK
R72 09104 0035,6010,25360,31370,3680,3730,7410,82000LAK
R72 09104 0036,6010,27290,33300,3680,43240,46920,82000LAK
R72 09104 0037,6010,9770,15780,2740,0,2740,82000LAK
R72 09104 0039,3120,0,3120,1740,0,1740,82000LAK
R72 09104 0040,6240,11810,18050,1930,0,1930,82000LAK
R72 09104 0041,5830,19860,25690,1620,0,1620,82000LAK
R72 09104 0042,5540,0,5540,3150,0,3150,82000LAK
R72 09104 0045,2910,0,2910,1620,0,1620,82000LAK
R72 09104 0046,2910,0,2910,1620,0,1620,82000LAK
R72 09104 0047,2910,0,2910,1620,0,1620,82000LAK
R72 09104 0048,2910,0,2910,1620,0,1620,82000LAK
R72 09104 0049,5830,23230,29060,3540,10180,13720,82000LAK
R72 09104 0050,5830,21730,27560,3540,21990,25530,82000LAK
R72 09104 0051,5830,21330,27160,3540,3530,7070,82000LAK
R72 09104 0052,5830,23830,29660,1620,0,1620,82000LAK
R72 09104 0056,3300,0,3300,1620,0,1620,82000LAK
R72 09104 0057,3300,0,3300,2100,0,2100,82000LAK
R72 09104 0060,6000,0,6000,4500,0,4500,82000LAK
R72 09105 0001,2240,0,2240,1720,0,1720,82000MIA
R72 09105 0023,4710,48670,53380,3560,0,3560,82000MIA
R72 09105 0024,2350,0,2350,1780,0,1780,82000MIA
R72 09105 0025,4710,28890,33600,3950,0,3950,82000MIA
R72 09105 0026,4710,29410,34120,3950,0,3950,82000MIA
R72 09105 0027,4710,41890,46600,1980,0,1980,82000MIA
R72 09105 0028,2350,0,2350,1780,0,1780,82000MIA
R72 09105 0029,4710,6680,11390,3950,940,4890,82000MIA
R72 09105 0030,4710,0,4710,1980,0,1980,82000MIA
R72 09105 0031,2350,0,2350,1780,0,1780,82000MIA
R72 09105 0032,!,!,!
R72 09105 0033,2350,0,2350,1780,0,1780,82000MIA
R72 09105 0034,2350,0,2350,1780,0,1780,82000MIA
R72 09105 0035,4710,25020,29730,3950,42250,46200,82000MIA
R72 09105 0036,2350,0,2350,1780,0,1780,82000MIA
R72 09105 0037,5480,21710,27190,4480,8020,12500,82000MIA
R72 09201 0016,9700,34570,44270,6000,31340,37340,71000WWO
R72 09201 0024,7990,13810,21800,2440,0,2440,71000WWO
R72 09201 0026,4320,0,4320,2390,0,2390,71000WWO
R72 09201 0027,8640,37460,46100,5300,16990,22290,71000WWO
R72 09201 0028,8640,24190,32830,5300,24470,29770,71000WWO
R72 09201 0040,7990,13440,21430,3660,0,3660,71000WWO
R72 09201 0041,7990,15640,23630,4880,4650,9530,71000WWO
R72 09202 0001,7950,23960,31910,4860,14760,19620,71000WWO
R72 09202 0002,7950,19820,27770,4860,10690,15550,71000WWO
R72 09202 0003,7950,26430,34380,4860,16400,21260,71000WWO
R72 09202 0004,7950,19100,27050,4860,12960,17820,71000WWO
R72 09202 0005,7950,22720,30670,4860,19200,24060,71000WWO
R72 09202 0008,7950,20620,28570,4860,12610,17470,71000WWO
R72 09202 0010,7950,25220,33170,4860,17030,21890,71000WWO
R72 09202 0011,7950,26100,34050,4860,12630,17490,71000WWO
R72 09202 0012,7950,28940,36890,4860,14640,19500,71000WWO
R72 09202 0013,7950,16880,24830,4860,7650,12510,71000WWO
R72 09202 0014,7950,30590,38540,4860,16050,20910,71000WWO
R72 09202 0015,8160,23000,31160,5000,10660,15660,71000WWO
R72 09202 0016,4100,0,4100,2260,0,2260,71000WWO
R72 09202 0017,3980,0,3980,2190,0,2190,71000WWO
R72 09202 0019,7950,26620,34570,4860,15970,20830,71000WWO
R72 09202 0020,7950,26880,34830,4860,23290,28150,71000WWO
R72 09202 0021,7950,12470,20420,4860,2460,7320,71000WWO
R72 09202 0024,7950,15730,23680,4860,4700,9560,71000WWO
R72 09202 0026,7950,12500,20450,4860,0,4860,71000WWO
R72 09202 0027,1500,0,1500,1500,0,1500,71000WWO
R72 09202 0028,7950,19790,27740,4860,3270,8130,71000WWO
R72 09202 0029,7950,29040,36990,4860,20330,25190,71000WWO
R72 09202 0030,7950,16280,24230,4860,7540,12400,71000WWO
R72 09202 0031,7950,19750,27700,4860,13370,18230,71000WWO
R72 09202 0032,7950,15210,23160,4860,17000,21860,71000WWO
R72 09202 0033,7950,18420,26370,4860,0,4860,71000WWO
R72 09202 0034,7950,34410,42360,4860,28970,33830,71000WWO
R72 09202 0035,3980,0,3980,2190,0,2190,71000WWO
R72 09202 0036,7950,29400,37350,4860,16370,21230,71000WWO
R72 09202 0037,3980,0,3980,2190,0,2190,71000WWO
R72 09202 0039,7530,18660,26190,4590,0,4590,71000WWO
R72 09202 0040,7500,33090,40590,7500,18980,26480,71000WWO
R72 09202 0046,4320,0,4320,2390,0,2390,71000WWO
R72 09202 0052,4320,0,4320,2390,0,2390,71000WWO
R72 09202 0057,3240,0,3240,1760,0,1760,71000WWO
R72 09203 0001,8180,23200,31380,2490,0,2490,71000WWO
R72 09203 0002,8180,27250,35430,5000,26700,31700,71000WWO
R72 09203 0003,8180,15030,23210,4990,7080,12070,71000WWO
R72 09203 0004,8180,20990,29170,4990,17260,22250,71000WWO
R72 09203 0005,9000,26500,35500,5860,20880,26740,71000WWO
R72 09203 0006,8180,17200,25380,4990,8630,13620,71000WWO
R72 09203 0007,8180,19600,27780,4990,2010,7000,71000WWO
R72 09203 0008,8180,36250,44430,4990,18860,23850,71000WWO
R72 09203 0009,4090,0,4090,2240,0,2240,71000WWO
R72 09203 0010,8180,28350,36530,4990,18010,23000,71000WWO
R72 09203 0011,8180,17250,25430,4990,0,4990,71000WWO
R72 09203 0012,8180,22820,31000,4990,12570,17560,71000WWO
R72 09203 0013,8180,24000,32180,4990,13630,18620,71000WWO
R72 09203 0014,8180,19500,27680,4990,14920,19910,71000WWO
R72 09203 0015,8180,22940,31120,4990,0,4990,71000WWO
R72 09203 0016,8180,30690,38870,4990,19880,24870,71000WWO
R72 09203 0017,8180,34460,42640,4990,24090,29080,71000WWO
R72 09203 0018,8180,32350,40530,4990,14390,19380,71000WWO
R72 09203 0019,8610,23610,32220,5290,10050,15340,71000WWO
R72 09203 0022,8330,18500,26830,5130,10840,15970,71000WWO
R72 09203 0023,8330,4030,12360,2560,0,2560,71000WWO
R72 09203 0024,8330,17850,26180,5130,13870,19000,71000WWO
R72 09203 0025,8330,27180,35510,5130,20930,26060,71000WWO
R72 09203 0026,8330,22270,30600,5130,17800,22930,71000WWO
R72 09203 0027,8330,25900,34230,5130,4990,10120,71000WWO
R72 09203 0028,8330,25450,33780,5130,2210,7340,71000WWO
R72 09203 0029,8330,22410,30740,5130,12060,17190,71000WWO
R72 09203 0030,8330,26110,34440,5130,11890,17020,71000WWO
R72 09203 0031,8330,19840,28170,5130,16140,21270,71000WWO
R72 09203 0032,8330,21890,30220,5130,8720,13850,71000WWO
R72 09203 0033,8330,26330,34660,5130,14720,19850,71000WWO
R72 09203 0034,8330,36240,44570,5130,31010,36140,71000WWO
R72 09203 0035,8330,23100,31430,5130,12080,17210,71000WWO
R72 09203 0036,8330,27980,36310,5130,23340,28470,71000WWO
R72 09203 0037,6870,35610,42480,4260,15730,19990,71000WWO
R72 09203 0038,7500,17210,24710,7500,8670,16170,71000WWO
R72 09203 0039,8140,5260,13400,4970,12930,17900,71000WWO
R72 09203 0040,8690,21000,29690,5330,9540,14870,71000WWO
R72 09203 0041,8250,27710,35960,2270,0,2270,71000WWO
R72 09203 0042,8250,22330,30580,5040,11280,16320,71000WWO
R72 09203 0043,8250,30620,38870,5040,15900,20940,71000WWO
R72 09203 0044,4130,0,4130,2270,0,2270,71000WWO
R72 09203 0045,8250,18080,26330,5040,12110,17150,71000WWO
R72 09203 0046,8250,33190,41440,5040,36330,41370,71000WWO
R72 09203 0048,5120,0,5120,2850,0,2850,71000WWO
R72 09203 0051,8250,22310,30560,5040,11380,16420,71000WWO
R72 09203 0052,8250,38490,46740,5040,29280,34320,71000WWO
R72 09203 0053,7500,24450,31950,7500,21600,29100,71000WWO
R72 09203 0067,2770,0,2770,1650,0,1650,71000WWO
R72 09204 0001,8420,28260,36680,5160,23890,29050,71000WWO
R72 09204 0002,7880,22370,30250,4810,17650,22460,71000WWO
R72 09204 0003,7880,27430,35310,4810,26340,31150,71000WWO
R72 09204 0004,7880,21520,29400,4810,13080,17890,71000WWO
R72 09204 0005,7880,35580,43460,4810,21350,26160,71000WWO
R72 09204 0006,7880,26030,33910,4810,13180,17990,71000WWO
R72 09204 0007,7880,13860,21740,4810,6130,10940,71000WWO
R72 09204 0008,7880,22090,29970,4810,12930,17740,71000WWO
R72 09204 0009,7880,30430,38310,4810,26230,31040,71000WWO
R72 09204 0010,7880,22700,30580,4810,25440,30250,71000WWO
R72 09204 0011,3940,0,3940,2160,0,2160,71000WWO
R72 09204 0012,3940,0,3940,2160,0,2160,71000WWO
R72 09204 0013,7880,4180,12060,2160,0,2160,71000WWO
R72 09204 0014,3940,0,3940,2160,0,2160,71000WWO
R72 09204 0015,9180,8170,17350,5090,0,5090,71000WWO
R72 09204 0016,8420,60140,68560,5160,34740,39900,71000WWO
R72 09204 0017,7880,30440,38320,4810,28890,33700,71000WWO
R72 09204 0018,7880,38500,46380,4810,38170,42980,71000WWO
R72 09204 0019,7880,26220,34100,4810,16210,21020,71000WWO
R72 09204 0020,7880,19940,27820,4810,10340,15150,71000WWO
R72 09204 0021,7880,15840,23720,4810,11170,15980,71000WWO
R72 09204 0022,7880,21270,29150,4810,19490,24300,71000WWO
R72 09204 0023,7880,16810,24690,4810,19240,24050,71000WWO
R72 09204 0024,7880,24150,32030,4810,22030,26840,71000WWO
R72 09204 0025,7880,21050,28930,4810,10980,15790,71000WWO
R72 09204 0026,7880,13590,21470,4810,9630,14440,71000WWO
R72 09204 0027,7880,23390,31270,4810,20490,25300,71000WWO
R72 09204 0028,7880,24650,32530,4810,13130,17940,71000WWO
R72 09204 0029,7880,21740,29620,4810,20370,25180,71000WWO
R72 09204 0030,7880,45630,53510,4810,22940,27750,71000WWO
R72 09204 0031,7880,44810,52690,4810,22550,27360,71000WWO
R72 09204 0032,6700,22600,29300,4040,11910,15950,71000WWO
R72 09204 0033,8420,9060,17480,5160,5530,10690,71000WWO
R72 09204 0034,11450,22600,34050,7120,27000,34120,71000WWO
R72 09204 0036,7880,25800,33680,4810,25060,29870,71000WWO
R72 09204 0037,7880,19740,27620,4810,14670,19480,71000WWO
R72 09204 0038,7880,53250,61130,4810,47840,52650,71000WWO
R72 09204 0039,3940,0,3940,2160,0,2160,71000WWO
R72 09204 0040,3940,0,3940,2160,0,2160,71000WWO
R72 09204 0041,7880,26780,34660,4810,14150,18960,71000WWO
R72 09204 0042,7880,27900,35780,4810,16420,21230,71000WWO
R72 09204 0043,7880,25250,33130,4810,12780,17590,71000WWO
R72 09204 0044,7880,25310,33190,4810,14100,18910,71000WWO
R72 09204 0046,7880,18710,26590,4810,12390,17200,71000WWO
R72 09204 0047,7880,18760,26640,4810,16610,21420,71000WWO
R72 09204 0048,8640,19710,28350,5300,13860,19160,71000WWO
R72 09204 0055,7880,22660,30540,4810,17150,21960,71000WWO
R72 09204 0056,7880,15150,23030,4810,8350,13160,71000WWO
R72 09204 0057,3940,0,3940,2160,0,2160,71000WWO
R72 09204 0058,3940,0,3940,2160,0,2160,71000WWO
R72 09204 0059,3940,0,3940,2160,0,2160,71000WWO
R72 09204 0067,3940,0,3940,2160,0,2160,71000WWO
R72 09204 0068,7780,4190,11970,2130,0,2130,71000WWO
R72 09204 0070,7990,32930,40920,4880,14490,19370,71000WWO
R72 09204 0071,4000,0,4000,2200,0,2200,71000WWO
R72 09204 0072,7990,33720,41710,4880,38340,43220,71000WWO
R72 09204 0073,7990,28180,36170,4880,22810,27690,71000WWO
R72 09204 0076,7990,29100,37090,4880,12780,17660,71000WWO
R72 09204 0078,8100,27010,35110,4950,11120,16070,71000WWO
R72 09204 0079,3940,0,3940,2160,0,2160,71000WWO
R72 09204 0080,7990,23920,31910,4880,23210,28090,71000WWO
R72 09204 0093,9400,15790,25190,5790,9880,15670,71000WWO
R72 09205 0002,8100,0,8100,4950,0,4950,71000WWO
R72 09205 0003,8100,33150,41250,4950,17750,22700,71000WWO
R72 09205 0005,4050,0,4050,2230,0,2230,71000WWO
R72 09205 0010,4050,0,4050,2230,0,2230,71000WWO
R72 09205 0011,4050,0,4050,2230,0,2230,71000WWO
R72 09205 0012,8100,17350,25450,4950,12410,17360,71000WWO
R72 09205 0013,4050,0,4050,2230,0,2230,71000WWO
R72 09205 0015,4050,0,4050,2230,0,2230,71000WWO
R72 09205 0016,6900,15560,22460,4250,18990,23240,71000WWO
R72 09205 0017,4200,2990,7190,2690,2870,5560,71000WWO
R72 09205 0018,3780,0,3780,2080,0,2080,71000WWO
R72 09205 0019,3940,0,3940,2160,0,2160,71000WWO
R72 09205 0020,3940,0,3940,2160,0,2160,71000WWO
R72 09205 0021,3940,0,3940,2160,0,2160,71000WWO
R72 09205 0022,7880,19960,27840,4810,18800,23610,71000WWO
R72 09205 0024,9560,0,9560,5890,0,5890,71000WWO
R72 09205 0025,7670,18860,26530,4680,8860,13540,71000WWO
R72 09205 0026,6300,0,6300,3850,0,3850,71000WWO
R72 09205 0028,3940,0,3940,2160,0,2160,71000WWO
R72 09205 0029,7140,11580,18720,4350,0,4350,71000WWO
R72 09205 0030,3890,0,3890,2130,0,2130,71000WWO
R72 09205 0031,3940,0,3940,2160,0,2160,71000WWO
R72 09205 0034,7560,18720,26280,4610,12290,16900,71000WWO
R72 09205 0035,3830,0,3830,2110,0,2110,71000WWO
R72 09205 0036,7880,25650,33530,4810,7140,11950,71000WWO
R72 09205 0037,11550,29120,40670,7120,17080,24200,71000WWO
R72 09205 0039,3940,0,3940,2160,0,2160,71000WWO
R72 09205 0040,7880,34550,42430,4810,32370,37180,71000WWO
R72 09205 0041,11550,28410,39960,7120,17460,24580,71000WWO
R72 09205 0042,7880,34770,42650,4810,27550,32360,71000WWO
R72 09205 0043,7880,19100,26980,4810,9590,14400,71000WWO
R72 09205 0044,7880,22010,29890,3610,0,3610,71000WWO
R72 09205 0045,7880,24960,32840,4810,11970,16780,71000WWO
R72 09205 0046,7880,18610,26490,4810,14590,19400,71000WWO
R72 09205 0047,3940,0,3940,2160,0,2160,71000WWO
R72 09205 0048,7880,18810,26690,4810,12020,16830,71000WWO
R72 09205 0049,8820,32490,41310,5400,19020,24420,71000WWO
R72 09205 0050,7880,29170,37050,4810,25730,30540,71000WWO
R72 09205 0051,7880,26820,34700,4810,22830,27640,71000WWO
R72 09205 0052,7880,41430,49310,4810,21250,26060,71000WWO
R72 09205 0053,3940,0,3940,2160,0,2160,71000WWO
R72 09205 0054,3940,0,3940,2160,0,2160,71000WWO
R72 09205 0055,7880,7650,15530,4810,4330,9140,71000WWO
R72 09205 0056,7670,20200,27870,4680,16960,21640,71000WWO
R72 09205 0057,7950,28330,36280,4860,25960,30820,71000WWO
R72 09205 0058,7880,28460,36340,4810,16560,21370,71000WWO
R72 09205 0059,7880,27900,35780,4810,15870,20680,71000WWO
R72 09205 0060,7880,25410,33290,4810,12860,17670,71000WWO
R72 09205 0061,7880,26780,34660,4810,14860,19670,71000WWO
R72 09205 0062,8720,30230,38950,5340,14050,19390,71000WWO
R72 09205 0067,7040,30990,38030,4280,18620,22900,71000WWO
R72 09302 0001,6470,33570,40040,5300,17070,22370,82000ARL
R72 09302 0002,3230,0,3230,2380,0,2380,82000ARL
R72 09302 0004,1910,0,1910,1570,0,1570,82000ARL
R72 09302 0005,5740,31010,36750,2340,0,2340,82000ARL
R72 09302 0006,2870,0,2870,2100,0,2100,82000ARL
R72 09302 0007,5740,25810,31550,4670,21760,26430,82000ARL
R72 09302 0008,2870,0,2870,2100,0,2100,82000ARL
R72 09302 0010,2870,0,2870,2100,0,2100,82000ARL
R72 09302 0011,2870,0,2870,2100,0,2100,82000ARL
R72 09302 0013,2870,0,2870,2100,0,2100,82000ARL
R72 09302 0014,5740,36480,42220,4670,12150,16820,82000ARL
R72 09302 0015,2870,0,2870,2100,0,2100,82000ARL
R72 09302 0016,5740,24000,29740,4670,45500,50170,82000ARL
R72 09302 0017,2870,0,2870,2100,0,2100,82000ARL
R72 09302 0018,2870,0,2870,2100,0,2100,82000ARL
R72 09302 0020,2870,0,2870,2100,0,2100,82000ARL
R72 09302 0021,2870,0,2870,2110,0,2110,82000ARL
R72 09302 0032,6260,27590,33850,5100,15700,20800,82000ARL
R72 09302 0033,6020,27200,33220,2450,0,2450,82000ARL
R72 09302 0034,6020,19350,25370,4900,34310,39210,82000ARL
R72 09302 0035,6020,32240,38260,4900,57990,62890,82000ARL
R72 09302 0036,3010,0,3010,2200,0,2200,82000ARL
R72 09302 0037,5220,33110,38330,4210,35240,39450,82000ARL
R72 09302 0038,3010,0,3010,2200,0,2200,82000ARL
R72 09302 0040,3010,0,3010,2200,0,2200,82000ARL
R72 09302 0041,6020,23220,29240,4900,34140,39040,82000ARL
R72 09302 0042,6020,33000,39020,4900,27480,32380,82000ARL
R72 09302 0043,6020,31130,37150,4900,50990,55890,82000ARL
R72 09302 0044,3010,0,3010,2200,0,2200,82000ARL
R72 09302 0045,6020,17010,23030,4900,18890,23790,82000ARL
R72 09302 0046,6360,37190,43550,5250,38770,44020,82000ARL
R72 09302 0047,6020,33130,39150,4900,39590,44490,82000ARL
R72 09302 0048,3410,0,3410,2510,0,2510,82000ARL
R72 09302 0049,2940,0,2940,2170,0,2170,82000ARL
R72 09302 0050,2980,0,2980,2200,0,2200,82000ARL
R72 09302 0051,5960,22790,28750,4880,31170,36050,82000ARL
R72 09302 0052,5960,26090,32050,4880,10930,15810,82000ARL
R72 09302 0053,5960,37990,43950,4880,40290,45170,82000ARL
R72 09302 0054,2980,0,2980,2200,0,2200,82000ARL
R72 09302 0056,2980,0,2980,2200,0,2200,82000ARL
R72 09302 0057,2980,0,2980,2200,0,2200,82000ARL
R72 09302 0058,5960,15670,21630,4880,22550,27430,82000ARL
R72 09302 0059,5960,27300,33260,3660,0,3660,82000ARL
R72 09302 0061,2980,0,2980,2200,0,2200,82000ARL
R72 09302 0062,2980,0,2980,2200,0,2200,82000ARL
R72 09302 0067,5880,40440,46320,4810,37290,42100,82000ARL
R72 09302 0069,6040,36780,42820,4450,0,4450,82000ARL
R72 09302 0070,4530,25770,30300,3710,38330,42040,82000ARL
R72 09302 0071,6040,28180,34220,4950,1310,6260,82000ARL
R72 09302 0072,6040,28810,34850,4950,41110,46060,82000ARL
R72 09302 0073,6040,27690,33730,4950,41430,46380,82000ARL
R72 09302 0074,3020,0,3020,2230,0,2230,82000ARL
R72 09302 0075,6040,22950,28990,4950,28830,33780,82000ARL
R72 09302 0076,6120,38680,44800,5020,24730,29750,82000ARL
R72 09302 0077,3300,0,3300,2440,0,2440,82000ARL
R72 09304 0008,6100,34230,40330,3730,52480,56210,82000LAK
R72 09304 0009,3050,0,3050,1700,0,1700,82000LAK
R72 09304 0010,3330,0,3330,1870,0,1870,82000LAK
R72 09304 0011,5730,27450,33180,3470,0,3470,82000LAK
R72 09304 0016,6290,25870,32160,3840,2910,6750,82000LAK
R72 09304 0017,6470,23500,29970,3990,17110,21100,82000LAK
R72 09304 0019,10300,18010,28310,6560,20590,27150,82000LAK
R72 09304 0021,6970,27530,34500,4330,17790,22120,82000LAK
R72 09304 0022,7100,34900,42000,4450,28500,32950,82000LAK
R72 09304 0023,7330,15080,22410,4670,3010,7680,82000LAK
R72 09304 0024,3700,0,3700,2150,0,2150,82000LAK
R72 09304 0025,7160,18290,25450,4550,25300,29850,82000LAK
R72 09304 0026,7100,17060,24160,4500,26280,30780,82000LAK
R72 09304 0027,7100,36100,43200,4450,33190,37640,82000LAK
R72 09304 0028,8800,35930,44730,2180,0,2180,82000LAK
R72 09304 0029,8150,2870,11020,5190,0,5190,82000LAK
R72 09304 0030,7830,23860,31690,4950,32030,36980,82000LAK
R72 09304 0035,5480,21930,27410,3330,3780,7110,82000LAK
R72 09304 0036,5480,16630,22110,3310,25360,28670,82000LAK
R72 09304 0038,2710,0,2710,1510,0,1510,82000LAK
R72 09304 0058,5170,23000,28170,3190,3730,6920,82000LAK
R72 09304 0059,5850,23720,29570,3570,7660,11230,82000LAK
R72 09305 0018,5970,25960,31930,4880,37800,42680,82000ARL
R72 09305 0019,5660,28660,34320,4630,2730,7360,82000ARL
R72 09305 0020,5660,28320,33980,4630,42620,47250,82000ARL
R72 09305 0021,5660,29540,35200,4630,36950,41580,82000ARL
R72 09305 0022,2830,0,2830,2080,0,2080,82000ARL
R72 09305 0023,5660,41380,47040,4630,44160,48790,82000ARL
R72 09305 0024,5660,38080,43740,4630,38010,42640,82000ARL
R72 09305 0025,5660,26240,31900,4630,34720,39350,82000ARL
R72 09308 0003,2870,0,2870,2110,0,2110,82000ARL
R72 09308 0004,2870,0,2870,2110,0,2110,82000ARL
R72 09308 0005,2870,0,2870,2110,0,2110,82000ARL
R72 09308 0006,5740,9470,15210,4690,17790,22480,82000ARL
R72 09308 0007,5740,17310,23050,4690,18380,23070,82000ARL
R72 09308 0008,5740,11110,16850,4690,13410,18100,82000ARL
R72 09308 0009,2870,0,2870,2110,0,2110,82000ARL
R72 09308 0010,2870,0,2870,2110,0,2110,82000ARL
R72 09308 0011,2870,0,2870,2100,0,2100,82000ARL
R72 09308 0012,5680,13950,19630,4650,16680,21330,82000ARL
R72 09308 0013,5680,24570,30250,4640,28910,33550,82000ARL
R72 09308 0014,2840,0,2840,2090,0,2090,82000ARL
R72 09308 0015,5630,15540,21170,4620,25090,29710,82000ARL
R72 09309 0001,5640,30520,36160,4600,5400,10000,82000ARL
R72 09309 0002,5640,20960,26600,4600,10510,15110,82000ARL
R72 09309 0003,2820,0,2820,2070,0,2070,82000ARL
R72 09309 0004,2820,0,2820,2070,0,2070,82000ARL
R72 09309 0012,5640,30030,35670,4600,41480,46080,82000ARL
R72 09309 0013,5640,45270,50910,4600,42670,47270,82000ARL
R72 09309 0014,5640,36220,41860,4600,36410,41010,82000ARL
R72 09309 0015,5640,38240,43880,4600,37200,41800,82000ARL
R72 09309 0016,5640,42220,47860,4600,28490,33090,82000ARL
R72 09309 0017,5640,26510,32150,4600,41190,45790,82000ARL
R72 09309 0018,5640,45100,50740,4600,36610,41210,82000ARL
R72 09309 0028,5570,40580,46150,4550,42220,46770,82000ARL
R72 09309 0029,5570,36700,42270,4550,27720,32270,82000ARL
R72 09309 0030,5360,38110,43470,4390,38180,42570,82000ARL
R72 09309 0032,3160,0,3160,2320,0,2320,82000ARL
R72 09309 0033,6320,44910,51230,5160,16720,21880,82000ARL
R72 09309 0034,6320,52740,59060,5160,53040,58200,82000ARL
R72 09309 0035,6320,11640,17960,5160,9290,14450,82000ARL
R72 09309 0037,5360,35710,41070,4390,33720,38110,82000ARL
R72 09309 0038,5500,5980,11480,4500,0,4500,82000ARL
R72 09309 0039,5500,34040,39540,4500,37920,42420,82000ARL
R72 09309 0040,5500,16070,21570,2250,0,2250,82000ARL
R72 09309 0042,5500,35260,40760,4500,35540,40040,82000ARL
R72 09309 0043,5500,30590,36090,4500,35320,39820,82000ARL
R72 09309 0044,6060,17520,23580,4920,32700,37620,82000ARL
R72 09309 0045,6130,23050,29180,4970,40020,44990,82000ARL
R72 09309 0046,5570,36150,41720,4550,38040,42590,82000ARL
R72 09309 0047,5570,21640,27210,4550,35130,39680,82000ARL
R72 09309 0048,5570,21630,27200,4550,28590,33140,82000ARL
R72 09309 0049,5570,21440,27010,4550,32990,37540,82000ARL
R72 09309 0050,5570,34980,40550,4550,32950,37500,82000ARL
R72 09309 0053,5290,31480,36770,4360,30320,34680,82000ARL
R72 09309 0054,2640,0,2640,1960,0,1960,82000ARL
R72 09309 0055,5290,30570,35860,4360,27960,32320,82000ARL
R72 09309 0056,5290,19950,25240,4360,27260,31620,82000ARL
R72 09309 0057,5290,13820,19110,4360,19920,24280,82000ARL
R72 09309 0058,5290,12590,17880,2180,0,2180,82000ARL
R72 09309 0059,5850,26110,31960,4780,8860,13640,82000ARL
R72 09309 0060,5990,30790,36780,2440,0,2440,82000ARL
R72 09309 0061,5430,16480,21910,4460,13250,17710,82000ARL
R72 09309 0062,5430,22710,28140,2010,0,2010,82000ARL
R72 09309 0063,5430,40430,45860,4460,44370,48830,82000ARL
R72 09309 0064,5430,36730,42160,4460,36360,40820,82000ARL
R72 09309 0065,5430,17090,22520,2230,0,2230,82000ARL
R72 09309 0066,5430,32320,37750,2230,0,2230,82000ARL
R72 09401 0002,5400,0,5400,3020,0,3020,71000WWO
R72 09401 0005,9720,21880,31600,2700,0,2700,71000WWO
R72 09401 0006,6650,17510,24160,4150,20740,24890,71000WWO
R72 09401 0007,7780,4150,11930,2370,0,2370,71000WWO
R72 09401 0009,8530,23500,32030,5230,20040,25270,71000WWO
R72 09401 0011,3240,0,3240,2390,0,2390,82000ARL
R72 09401 0013,6480,30380,36860,5300,15970,21270,82000ARL
R72 09401 0018,5910,1700,7610,4810,2250,7060,82000ARL
R72 09401 0022,6270,36080,42350,5110,26740,31850,82000ARL
R72 09401 0023,3130,0,3130,2300,0,2300,82000ARL
R72 09401 0024,7760,15860,23620,6420,12380,18800,82000ARL
R72 09401 0026,7760,2640,10400,6420,25330,31750,82000ARL
R72 09401 0027,7760,14300,22060,6420,24820,31240,82000ARL
R72 09401 0029,7760,31510,39270,6420,35520,41940,82000ARL
R72 09401 0030,7760,16190,23950,6420,23400,29820,82000ARL
R72 09401 0032,7760,16130,23890,6420,24090,30510,82000ARL
R72 09401 0034,6190,19420,25610,5040,22440,27480,82000ARL
R72 09401 0035,6270,23150,29420,5110,23520,28630,82000ARL
R72 09401 0036,6270,28180,34450,5110,21020,26130,82000ARL
R72 09401 0037,6270,18200,24470,5110,24220,29330,82000ARL
R72 09401 0038,6270,20240,26510,5110,42810,47920,82000ARL
R72 09401 0039,6270,27480,33750,5110,23090,28200,82000ARL
R72 09401 0040,6270,32780,39050,5110,41370,46480,82000ARL
R72 09401 0042,3130,0,3130,2300,0,2300,82000ARL
R72 09401 0043,6270,23810,30080,5110,27430,32540,82000ARL
R72 09401 0044,2380,0,2380,1710,0,1710,82000ARL
R72 09401 0045,6270,17690,23960,5110,22590,27700,82000ARL
R72 09401 0047,5960,30560,36520,4850,21890,26740,82000ARL
R72 09401 0048,3020,0,3020,2210,0,2210,82000ARL
R72 09401 0049,2990,0,2990,2200,0,2200,82000ARL
R72 09401 0050,5990,18650,24640,4890,21720,26610,82000ARL
R72 09401 0051,5990,33960,39950,4880,36840,41720,82000ARL
R72 09401 0052,5990,38350,44340,4880,33440,38320,82000ARL
R72 09401 0053,5930,29460,35390,4860,37690,42550,82000ARL
R72 09401 0054,2960,0,2960,2190,0,2190,82000ARL
R72 09401 0055,5930,35290,41220,4860,20050,24910,82000ARL
R72 09401 0056,5930,32880,38810,4860,33750,38610,82000ARL
R72 09401 0057,5930,6720,12650,4840,49000,53840,82000ARL
R72 09401 0058,2960,0,2960,2170,0,2170,82000ARL
R72 09401 0061,6800,32150,38950,4200,33360,37560,71000WWO
R72 09401 0062,7670,24810,32480,4670,18200,22870,71000WWO
R72 09401 0063,8100,15700,23800,4950,3850,8800,71000WWO
R72 09401 0070,2380,0,2380,1710,0,1710,82000ARL
R72 09401 0078,6270,33300,39570,5110,30990,36100,82000ARL
R72 09401 0079,2380,0,2380,1710,0,1710,82000ARL
R72 09401 0080,7760,20410,28170,6420,31310,37730,82000ARL
R72 09401 0082,3130,0,3130,2300,0,2300,82000ARL
R72 09401 0083,6270,30470,36740,5110,17220,22330,82000ARL
R72 09401 0084,6270,25650,31920,9380,12700,22080,82000ARL
R72 09401 0085,6270,29950,36220,5110,26850,31960,82000ARL
R72 09401 0086,6270,11320,17590,5110,27270,32380,82000ARL
R72 09401 0087,6270,22200,28470,5110,31150,36260,82000ARL
R72 09401 0091,6480,46140,52620,2390,0,2390,82000ARL
R72 09501 0001,2490,0,2490,1420,0,1420,82000LAK
R72 09501 0003,2220,0,2220,1300,0,1300,82000LAK
R72 09501 0004,2220,0,2220,1300,0,1300,82000LAK
R72 09501 0005,2220,0,2220,1300,0,1300,82000LAK
R72 09501 0006,4330,30150,34480,2810,21650,24460,82000LAK
R72 09501 0007,2110,0,2110,1260,0,1260,82000LAK
R72 09501 0008,2280,0,2280,1340,0,1340,82000LAK
R72 09501 0009,2250,0,2250,1320,0,1320,82000LAK
R72 09501 0018,300,0,300,230,0,230,82000LAK
R72 09501 0019,5790,24280,30070,4720,20260,24980,82000ARL
R72 09501 0020,5910,27520,33430,4830,26260,31090,82000ARL
R72 09502 0009,4770,0,4770,3880,0,3880,82000ARL
R72 09502 0010,2980,0,2980,2180,0,2180,82000ARL
R72 09502 0011,2980,0,2980,2180,0,2180,82000ARL
R72 09502 0012,5960,27070,33030,4850,32390,37240,82000ARL
R72 09502 0013,2980,0,2980,2180,0,2180,82000ARL
R72 09502 0014,5960,31600,37560,4850,30830,35680,82000ARL
R72 09502 0015,2980,0,2980,2180,0,2180,82000ARL
R72 09502 0016,2980,0,2980,2180,0,2180,82000ARL
R72 09502 0017,5960,20270,26230,4850,22750,27600,82000ARL
R72 09502 0018,2980,0,2980,2180,0,2180,82000ARL
R72 09502 0019,2840,0,2840,2090,0,2090,82000ARL
R72 09502 0023,2950,0,2950,2170,0,2170,82000ARL
R72 09502 0024,5910,37110,43020,4830,46170,51000,82000ARL
R72 09502 0025,5910,36220,42130,4830,49200,54030,82000ARL
R72 09502 0026,7320,38230,45550,6020,15490,21510,82000ARL
R72 09502 0027,2280,0,2280,1850,0,1850,82000ARL
R72 09502 0028,2950,0,2950,2410,0,2410,82000ARL
R72 09502 0029,2950,0,2950,2170,0,2170,82000ARL
R72 09502 0030,5910,31170,37080,4830,12310,17140,82000ARL
R72 09502 0031,2950,0,2950,2170,0,2170,82000ARL
R72 09502 0032,4730,10580,15310,3860,15130,18990,82000ARL
R72 09502 0033,5910,33220,39130,4830,52200,57030,82000ARL
R72 09502 0034,2950,0,2950,2170,0,2170,82000ARL
R72 09502 0035,5910,37040,42950,4830,10010,14840,82000ARL
R72 09502 0036,5910,12680,18590,4830,17320,22150,82000ARL
R72 09502 0050,2920,0,2920,2150,0,2150,82000ARL
R72 09502 0051,2870,0,2870,2110,0,2110,82000ARL
R72 09502 0052,6540,6910,13450,4800,0,4800,82000ARL
R72 09502 0053,3210,0,3210,2360,0,2360,82000ARL
R72 09502 0054,3030,0,3030,2230,0,2230,82000ARL
R72 09502 0057,6580,42710,49290,5430,15330,20760,82000ARL
R72 09502 0071,4770,0,4770,3880,0,3880,82000ARL
R72 09503 0005,5960,24370,30330,3650,2520,6170,82000LAK
R72 09503 0006,5960,21570,27530,3650,4180,7830,82000LAK
R72 09503 0007,5960,29140,35100,3650,18450,22100,82000LAK
R72 09503 0008,2980,0,2980,1660,0,1660,82000LAK
R72 09503 0009,5960,22790,28750,1850,0,1850,82000LAK
R72 09503 0010,2980,0,2980,1660,0,1660,82000LAK
R72 09503 0011,2980,0,2980,1660,0,1660,82000LAK
R72 09503 0012,2980,0,2980,1660,0,1660,82000LAK
R72 09503 0013,5960,23740,29700,3650,27270,30920,82000LAK
R72 09503 0016,5960,25290,31250,3650,4650,8300,82000LAK
R72 09503 0017,2980,0,2980,1660,0,1660,82000LAK
R72 09503 0018,2980,0,2980,1660,0,1660,82000LAK
R72 09503 0019,4370,3140,7510,2620,4110,6730,82000LAK
R72 09503 0020,8710,26980,35690,5270,31080,36350,82000LAK
R72 09503 0023,4330,0,4330,2220,0,2220,82000LAK
R72 09503 0025,2890,0,2890,1620,0,1620,82000LAK
R72 09503 0026,5790,36600,42390,3540,34040,37580,82000LAK
R72 09503 0027,5790,25590,31380,3540,20430,23970,82000LAK
R72 09503 0028,5790,29710,35500,3540,29940,33480,82000LAK
R72 09503 0029,5790,30180,35970,3540,24940,28480,82000LAK
R72 09503 0030,2890,0,2890,1620,0,1620,82000LAK
R72 09503 0031,5790,25320,31110,3540,17960,21500,82000LAK
R72 09503 0032,5790,22890,28680,3540,11090,14630,82000LAK
R72 09503 0033,3160,0,3160,1760,0,1760,82000LAK
R72 09503 0034,5870,25210,31080,3540,22650,26190,82000LAK
R72 09503 0035,5290,2250,7540,1640,0,1640,82000LAK
R72 09503 0036,4510,24280,28790,2880,27920,30800,82000LAK
R72 09503 0037,5790,30800,36590,3540,5200,8740,82000LAK
R72 09503 0038,5790,29630,35420,3540,24260,27800,82000LAK
R72 09503 0039,2890,0,2890,1620,0,1620,82000LAK
R72 09503 0040,2890,0,2890,1620,0,1620,82000LAK
R72 09503 0041,5790,28390,34180,3540,6720,10260,82000LAK
R72 09503 0044,5790,28790,34580,3540,4640,8180,82000LAK
R72 09503 0045,5790,24620,30410,3540,16510,20050,82000LAK
R72 09503 0046,4640,0,4640,2830,0,2830,82000LAK
R72 09503 0047,2350,0,2350,3540,0,3540,82000LAK
R72 09503 0048,2890,0,2890,1620,0,1620,82000LAK
R72 09503 0050,5790,5920,11710,3540,7890,11430,82000LAK
R72 09503 0051,5680,28450,34130,3470,0,3470,82000LAK
R72 09503 0052,3030,0,3030,1690,0,1690,82000LAK
R72 09504 0004,5680,33500,39180,3470,21700,25170,82000LAK
R72 09504 0005,5680,30190,35870,3470,24580,28050,82000LAK
R72 09504 0006,2840,0,2840,1590,0,1590,82000LAK
R72 09504 0007,5790,21850,27640,3540,10920,14460,82000LAK
R72 09504 0008,5790,3270,9060,3540,4290,7830,82000LAK
R72 09504 0009,5790,29930,35720,3540,30040,33580,82000LAK
R72 09504 0010,5790,37180,42970,3540,38580,42120,82000LAK
R72 09504 0011,2820,0,2820,1570,0,1570,82000LAK
R72 09504 0012,2890,0,2890,1620,0,1620,82000LAK
R72 09504 0013,5790,29090,34880,3540,37630,41170,82000LAK
R72 09504 0014,2890,0,2890,1620,0,1620,82000LAK
R72 09504 0015,5790,37270,43060,3540,41200,44740,82000LAK
R72 09504 0016,2890,0,2890,1620,0,1620,82000LAK
R72 09504 0017,5790,25720,31510,3540,30490,34030,82000LAK
R72 09504 0021,5790,15320,21110,3540,5760,9300,82000LAK
R72 09504 0022,6180,27820,34000,3780,19940,23720,82000LAK
R72 09504 0023,5790,29410,35200,3540,1180,4720,82000LAK
R72 09504 0024,2890,0,2890,1620,0,1620,82000LAK
R72 09504 0025,6330,31170,37500,3880,1880,5760,82000LAK
R72 09504 0026,5790,26600,32390,3540,13780,17320,82000LAK
R72 09504 0027,2890,0,2890,1620,0,1620,82000LAK
R72 09504 0028,6180,33390,39570,3780,22660,26440,82000LAK
R72 09504 0029,5790,27720,33510,3540,22770,26310,82000LAK
R72 09504 0030,5790,37280,43070,3540,39870,43410,82000LAK
R72 09504 0031,6180,29070,35250,3780,3970,7750,82000LAK
R72 09504 0032,5790,35820,41610,3540,5250,8790,82000LAK
R72 09504 0033,5790,37280,43070,3540,39870,43410,82000LAK
R72 09504 0034,4460,0,4460,2480,0,2480,82000LAK
R72 09504 0037,2980,0,2980,1660,0,1660,82000LAK
R72 09504 0038,2980,0,2980,1660,0,1660,82000LAK
R72 09504 0039,5960,32300,38260,3650,3850,7500,82000LAK
R72 09504 0043,5960,31840,37800,3650,20650,24300,82000LAK
R72 09504 0044,2980,0,2980,1660,0,1660,82000LAK
R72 09505 0001,6130,19510,25640,3740,2240,5980,82000LAK
R72 09505 0002,6240,28620,34860,3850,30440,34290,82000LAK
R72 09505 0003,1840,0,1840,1140,0,1140,82000LAK
R72 09505 0004,6190,23420,29610,3810,28200,32010,82000LAK
R72 09505 0005,6240,22970,29210,3850,24220,28070,82000LAK
R72 09505 0006,3120,0,3120,1760,0,1760,82000LAK
R72 09505 0007,6300,33620,39920,3870,41240,45110,82000LAK
R72 09505 0008,3150,0,3150,1760,0,1760,82000LAK
R72 09505 0009,6300,31010,37310,3870,20900,24770,82000LAK
R72 09505 0010,3150,0,3150,1760,0,1760,82000LAK
R72 09505 0011,6220,29850,36070,3810,12990,16800,82000LAK
R72 09505 0012,3320,0,3320,1870,0,1870,82000LAK
R72 09505 0013,3360,0,3360,1890,0,1890,82000LAK
R72 09505 0014,6300,32330,38630,3870,29880,33750,82000LAK
R72 09505 0015,3150,0,3150,1760,0,1760,82000LAK
R72 09505 0016,6300,28640,34940,3870,12120,15990,82000LAK
R72 09505 0017,6300,21000,27300,3870,12510,16380,82000LAK
R72 09505 0018,6300,23730,30030,3870,24100,27970,82000LAK
R72 09505 0019,6300,25400,31700,3870,21100,24970,82000LAK
R72 09505 0020,3150,0,3150,1760,0,1760,82000LAK
R72 09505 0021,6300,41950,48250,3870,33430,37300,82000LAK
R72 09505 0024,2540,0,2540,1430,0,1430,82000LAK
R72 09505 0025,5090,43290,48380,3140,26810,29950,82000LAK
R72 09505 0026,5090,0,5090,3140,0,3140,82000LAK
R72 09505 0027,2650,0,2650,1490,0,1490,82000LAK
R72 09505 0028,5240,23220,28460,3220,2760,5980,82000LAK
R72 09505 0029,3150,0,3150,1760,0,1760,82000LAK
R72 09505 0030,6130,0,6130,3580,0,3580,82000LAK
R72 09505 0033,6300,31020,37320,3870,22330,26200,82000LAK
R72 09505 0036,3150,0,3150,1760,0,1760,82000LAK
R72 09505 0037,6300,34350,40650,3870,32840,36710,82000LAK
R72 09505 0038,3150,0,3150,1760,0,1760,82000LAK
R72 09505 0039,6300,18180,24480,3870,16790,20660,82000LAK
R72 09505 0040,9240,23270,32510,5890,15830,21720,82000LAK
R72 09505 0042,6300,31590,37890,3870,28520,32390,82000LAK
R72 09505 0043,3150,0,3150,1760,0,1760,82000LAK
R72 09505 0044,6300,30320,36620,3870,35320,39190,82000LAK
R72 09505 0045,2540,0,2540,1430,0,1430,82000LAK
R72 09505 0046,2540,0,2540,1430,0,1430,82000LAK
R72 09505 0047,2540,0,2540,1430,0,1430,82000LAK
R72 09505 0048,2540,0,2540,1430,0,1430,82000LAK
R72 09505 0049,2620,0,2620,1470,0,1470,82000LAK
R72 09506 0001,2840,0,2840,1580,0,1580,82000LAK
R72 09506 0002,2570,0,2570,1430,0,1430,82000LAK
R72 09506 0003,6240,17170,23410,3810,26140,29950,82000LAK
R72 09506 0004,5690,9050,14740,3470,18180,21650,82000LAK
R72 09506 0005,2840,0,2840,1580,0,1580,82000LAK
R72 09506 0006,5690,29770,35460,3470,22950,26420,82000LAK
R72 09506 0007,5690,29780,35470,3470,26200,29670,82000LAK
R72 09506 0010,5690,25380,31070,3470,3200,6670,82000LAK
R72 09506 0022,2880,0,2880,1610,0,1610,82000LAK
R72 09506 0023,2880,0,2880,1610,0,1610,82000LAK
R72 09506 0026,10000,46240,56240,8030,0,8030,82000LAK
R72 09506 0027,3060,0,3060,1710,0,1710,82000LAK
R72 09506 0048,7380,36890,44270,4400,27880,32280,82000LAK
R72 09506 0049,2030,0,2030,1080,0,1080,82000LAK
R72 09506 0052,7270,24680,31950,4620,18340,22960,82000LAK
R72 09506 0053,5730,24660,30390,3510,21040,24550,82000LAK
R72 09506 0054,2470,0,2470,1350,0,1350,82000LAK
R72 09506 0055,3640,0,3640,2100,0,2100,82000LAK
R72 09506 0057,6550,27650,34200,4070,31930,36000,82000LAK
R72 09506 0058,6380,23380,29760,3960,34010,37970,82000LAK
R72 09506 0059,6380,65320,71700,3960,53450,57410,82000LAK
R72 09506 0060,3190,0,3190,1800,0,1800,82000LAK
R72 09506 0061,3190,0,3190,1800,0,1800,82000LAK
R72 09506 0062,3190,0,3190,1800,0,1800,82000LAK
R72 09506 0063,9410,39390,48800,6060,21420,27480,82000LAK
R72 09506 0065,6380,36490,42870,3960,21000,24960,82000LAK
R72 09506 0066,6380,36000,42380,3960,28170,32130,82000LAK
R72 09506 0067,3270,0,3270,1860,0,1860,82000LAK
R72 09506 0069,5730,32830,38560,3510,34670,38180,82000LAK
R72 09506 0070,2470,0,2470,1350,0,1350,82000LAK
R72 09506 0072,7420,33940,41360,4570,29880,34450,82000LAK
R72 09506 0073,7420,30230,37650,4120,0,4120,82000LAK
R72 09507 0001,3910,0,3910,2250,0,2250,82000LAK
R72 09507 0002,6550,28690,35240,4070,23980,28050,82000LAK
R72 09507 0003,6550,31130,37680,4070,28890,32960,82000LAK
R72 09507 0004,6550,23810,30360,4070,21340,25410,82000LAK
R72 09507 0005,7310,27990,35300,4600,19640,24240,82000LAK
R72 09507 0006,6720,24600,31320,4190,22790,26980,82000LAK
R72 09507 0007,6720,28000,34720,4190,21720,25910,82000LAK
R72 09507 0008,6720,24400,31120,4190,10790,14980,82000LAK
R72 09507 0009,6720,23980,30700,4190,14340,18530,82000LAK
R72 09507 0010,6720,29470,36190,4190,27680,31870,82000LAK
R72 09507 0011,6720,27940,34660,4190,16510,20700,82000LAK
R72 09507 0012,8990,31550,40540,5770,22490,28260,82000LAK
R72 09507 0013,6490,27890,34380,3000,0,3000,82000LAK
R72 09507 0014,6160,39780,45940,3790,37490,41280,82000LAK
R72 09507 0015,3250,0,3250,1830,0,1830,82000LAK
R72 09507 0016,6490,22190,28680,4020,23790,27810,82000LAK
R72 09507 0017,3250,0,3250,1830,0,1830,82000LAK
R72 09507 0018,6490,33260,39750,4020,27400,31420,82000LAK
R72 09507 0019,6490,34180,40670,4020,31510,35530,82000LAK
R72 09507 0020,6490,34350,40840,4020,27330,31350,82000LAK
R72 09507 0021,5190,0,5190,3210,10050,13260,82000LAK
R72 09507 0022,8990,30440,39430,2890,0,2890,82000LAK
R72 09507 0028,1850,0,1850,980,0,980,82000LAK
R72 09508 0005,2980,0,2980,2180,0,2180,82000PIN
R72 09508 0006,2980,0,2980,2180,0,2180,82000PIN
R72 09508 0007,5960,20020,25980,4850,24770,29620,82000PIN
R72 09508 0008,3490,0,3490,2600,0,2600,82000PIN
R72 09508 0009,6970,19450,26420,5770,2600,8370,82000PIN
R72 09508 0010,3490,0,3490,2600,0,2600,82000PIN
R72 09508 0011,5960,10590,16550,4860,1110,5970,82000PIN
R72 09508 0012,2980,0,2980,2190,0,2190,82000PIN
R72 09508 0013,2980,0,2980,2190,0,2190,82000PIN
R72 09508 0014,3430,0,3430,2430,0,2430,82000PIN
R72 09508 0015,3310,0,3310,2410,0,2410,82000PIN
R72 09508 0017,1980,0,1980,1360,0,1360,82000PIN
R72 09508 0020,7520,10630,18150,6340,21800,28140,82000PIN
R72 09509 0012,6970,35640,42610,5720,30590,36310,82000MAD
R72 09509 0014,6160,14910,21070,5020,25120,30140,82000MAD
R72 09509 0015,6400,33150,39550,5230,41590,46820,82000MAD
R72 09509 0016,3160,0,3160,2320,0,2320,82000MAD
R72 09509 0017,4350,0,4350,3240,0,3240,82000MAD
R72 09509 0021,2830,0,2830,2070,0,2070,82000MAD
R72 09510 0001,8160,18950,27110,5160,25740,30900,82000LAK
R72 09510 0002,3330,0,3330,1880,0,1880,82000LAK
R72 09510 0003,3330,0,3330,1880,0,1880,82000LAK
R72 09510 0004,3120,0,3120,1750,0,1750,82000LAK
R72 09510 0005,7080,25430,32510,4420,28890,33310,82000LAK
R72 09510 0006,6660,8560,15220,4130,9240,13370,82000LAK
R72 09510 0007,6660,25760,32420,4130,24150,28280,82000LAK
R72 09510 0008,6660,24730,31390,4130,24940,29070,82000LAK
R72 09510 0009,9990,33410,43400,6410,38680,45090,82000LAK
R72 09510 0011,3330,0,3330,1880,0,1880,82000LAK
R72 09510 0012,6660,29880,36540,4130,28530,32660,82000LAK
R72 09510 0014,6240,10180,16420,2870,0,2870,82000LAK
R72 09510 0015,3120,0,3120,1750,0,1750,82000LAK
R72 09510 0016,6300,29680,35980,3860,27810,31670,82000LAK
R72 09510 0017,6300,26720,33020,3860,15690,19550,82000LAK
R72 09510 0018,6300,26040,32340,3870,20980,24850,82000LAK
R72 09510 0019,3150,0,3150,1760,0,1760,82000LAK
R72 09510 0020,3180,0,3180,1770,0,1770,82000LAK
R72 09510 0022,6360,23700,30060,3890,18870,22760,82000LAK
R72 09510 0023,3180,0,3180,1780,0,1780,82000LAK
R72 09510 0024,3180,0,3180,1790,0,1790,82000LAK
R72 09510 0025,3120,0,3120,1740,0,1740,82000LAK
R72 09510 0026,6420,19620,26040,1990,0,1990,82000LAK
R72 09511 0011,3860,0,3860,2180,0,2180,82000LAK
R72 09601 0001,5890,7330,13220,3610,1540,5150,82000LAK
R72 09601 0002,5170,5810,10980,3180,18710,21890,82000LAK
R72 09601 0003,5380,2500,7880,3310,23940,27250,82000LAK
R72 09601 0004,1570,0,1570,980,0,980,82000LAK
R72 09601 0005,5240,17790,23030,3220,15470,18690,82000LAK
R72 09601 0006,2500,1400,3900,1890,1400,3290,82000LAK
R72 09601 0008,5240,18850,24090,3220,24680,27900,82000LAK
R72 09601 0009,6550,23920,30470,4000,22160,26160,82000LAK
R72 09601 0010,6550,31910,38460,4000,26140,30140,82000LAK
R72 09601 0011,2620,0,2620,1470,0,1470,82000LAK
R72 09601 0012,2620,0,2620,1470,0,1470,82000LAK
R72 09601 0013,3200,0,3200,1780,0,1780,82000LAK
R72 09601 0014,3200,0,3200,1780,0,1780,82000LAK
R72 09601 0016,2620,0,2620,1470,0,1470,82000LAK
R72 09601 0017,1020,0,1020,220,0,220,82000LAK
R72 09601 0018,4320,28580,32900,2800,23180,25980,82000LAK
R72 09601 0019,6550,26010,32560,4000,21900,25900,82000LAK
R72 09601 0020,2620,0,2620,1470,0,1470,82000LAK
R72 09601 0021,2620,0,2620,1470,0,1470,82000LAK
R72 09601 0022,2620,0,2620,1470,0,1470,82000LAK
R72 09601 0023,2620,0,2620,1470,0,1470,82000LAK
R72 09601 0024,2620,0,2620,1470,0,1470,82000LAK
R72 09601 0025,2620,0,2620,1470,0,1470,82000LAK
R72 09601 0026,2620,0,2620,1470,0,1470,82000LAK
R72 09601 0027,6550,31450,38000,4000,24360,28360,82000LAK
R72 09601 0028,6550,28470,35020,4000,25260,29260,82000LAK
R72 09601 0029,2620,0,2620,1470,0,1470,82000LAK
R72 09601 0030,2620,0,2620,1470,0,1470,82000LAK
R72 09601 0031,2620,0,2620,1470,0,1470,82000LAK
R72 09601 0032,2620,0,2620,1470,0,1470,82000LAK
R72 09601 0033,5240,30280,35520,3220,50050,53270,82000LAK
R72 09601 0034,5240,0,5240,3220,0,3220,82000LAK
R72 09601 0036,3280,0,3280,1820,0,1820,82000LAK
R72 09601 0037,6750,2560,9310,4130,3380,7510,82000LAK
R72 09601 0038,5550,30480,36030,3400,29870,33270,82000LAK
R72 09601 0040,5400,32630,38030,3310,43000,46310,82000LAK
R72 09601 0041,2700,0,2700,1510,0,1510,82000LAK
R72 09601 0042,5550,26110,31660,3400,0,3400,82000LAK
R72 09601 0044,2700,0,2700,1510,0,1510,82000LAK
R72 09601 0045,3380,0,3380,1880,0,1880,82000LAK
R72 09601 0046,3380,0,3380,1880,0,1880,82000LAK
R72 09601 0047,2700,0,2700,1510,0,1510,82000LAK
R72 09601 0048,2700,0,2700,1510,0,1510,82000LAK
R72 09601 0049,2700,0,2700,1510,0,1510,82000LAK
R72 09601 0050,2700,0,2700,1510,0,1510,82000LAK
R72 09601 0051,2700,0,2700,1510,0,1510,82000LAK
R72 09601 0052,2700,0,2700,1510,0,1510,82000LAK
R72 09601 0053,2700,0,2700,1510,0,1510,82000LAK
R72 09601 0054,6750,0,6750,4130,0,4130,82000LAK
R72 09601 0057,6410,32970,39380,3810,42460,46270,82000LAK
R72 09602 0001,7260,24640,31900,4480,21260,25740,82000LAK
R72 09602 0002,7260,33110,40370,4480,27350,31830,82000LAK
R72 09602 0003,7260,31200,38460,4480,24540,29020,82000LAK
R72 09602 0004,7260,25650,32910,4480,5660,10140,82000LAK
R72 09602 0005,7260,28030,35290,4480,17920,22400,82000LAK
R72 09602 0006,7260,31810,39070,4480,19430,23910,82000LAK
R72 09602 0007,11800,45190,56990,7880,64300,72180,82000LAK
R72 09602 0009,7610,43840,51450,4870,47840,52710,82000LAK
R72 09602 0010,3810,0,3810,2210,0,2210,82000LAK
R72 09602 0011,10260,35410,45670,6770,38870,45640,82000LAK
R72 09602 0012,7350,28360,35710,4680,26410,31090,82000LAK
R72 09602 0013,7350,28400,35750,4680,26300,30980,82000LAK
R72 09602 0014,7350,28210,35560,4680,25320,30000,82000LAK
R72 09602 0015,7350,31340,38690,4680,23700,28380,82000LAK
R72 09602 0016,7350,31610,38960,4680,28230,32910,82000LAK
R72 09602 0017,8040,27230,35270,5170,30250,35420,82000LAK
R72 09602 0018,7180,36690,43870,4430,32790,37220,82000LAK
R72 09602 0019,7180,28210,35390,4430,31650,36080,82000LAK
R72 09602 0020,7180,31130,38310,4430,44500,48930,82000LAK
R72 09602 0021,7180,31250,38430,4430,25770,30200,82000LAK
R72 09602 0022,7180,29480,36660,4430,23590,28020,82000LAK
R72 09602 0023,7030,32360,39390,4330,27220,31550,82000LAK
R72 09602 0024,7290,27940,35230,4610,29090,33700,82000LAK
R72 09602 0025,7290,28070,35360,4610,28040,32650,82000LAK
R72 09602 0026,7290,31010,38300,4610,26080,30690,82000LAK
R72 09602 0027,7290,29690,36980,4610,20970,25580,82000LAK
R72 09602 0028,7290,29050,36340,4610,28190,32800,82000LAK
R72 09602 0029,7290,28950,36240,4610,28140,32750,82000LAK
R72 09602 0030,7290,30600,37890,4580,28080,32660,82000LAK
R72 09602 0031,7290,28060,35350,4560,5280,9840,82000LAK
R72 09602 0032,7220,31080,38300,4520,26060,30580,82000LAK
R72 09602 0033,7220,38730,45950,4510,30810,35320,82000LAK
R72 09602 0034,7160,31260,38420,4490,26210,30700,82000LAK
R72 09602 0036,9240,38400,47640,5950,44170,50120,82000LAK
R72 09602 0037,3190,0,3190,1800,0,1800,82000LAK
R72 09602 0038,9410,39420,48830,6060,48100,54160,82000LAK
R72 09602 0040,9410,40980,50390,6060,47870,53930,82000LAK
R72 09602 0042,3190,0,3190,1800,0,1800,82000LAK
R72 09602 0043,6380,37580,43960,3960,50250,54210,82000LAK
R72 09602 0044,9410,40480,49890,6060,26450,32510,82000LAK
R72 09602 0046,3960,0,3960,2280,0,2280,82000LAK
R72 09602 0047,7220,28210,35430,4540,22790,27330,82000LAK
R72 09602 0048,7220,28880,36100,4540,15240,19780,82000LAK
R72 09602 0049,7220,4530,11750,4540,17410,21950,82000LAK
R72 09602 0050,7220,23240,30460,4540,5860,10400,82000LAK
R72 09602 0051,7290,28210,35500,4590,22790,27380,82000LAK
R72 09602 0052,7220,39270,46490,4540,30720,35260,82000LAK
R72 09602 0053,6380,34350,40730,3960,25200,29160,82000LAK
R72 09602 0054,3190,0,3190,1800,0,1800,82000LAK
R72 09602 0055,7670,33260,40930,4830,7580,12410,82000LAK
R72 09602 0056,7670,28210,35880,4790,26840,31630,82000LAK
R72 09602 0057,6270,43020,49290,3850,23100,26950,82000LAK
R72 09602 0058,7510,28310,35820,4660,22370,27030,82000LAK
R72 09602 0060,7360,24030,31390,4590,2110,6700,82000LAK
R72 09602 0061,7360,28780,36140,4570,27350,31920,82000LAK
R72 09602 0062,7360,28070,35430,4570,23380,27950,82000LAK
R72 09602 0063,3350,0,3350,1870,0,1870,82000LAK
R72 09602 0064,6790,28900,35690,4170,19190,23360,82000LAK
R72 09602 0065,6790,28820,35610,4170,27440,31610,82000LAK
R72 09602 0066,6720,30100,36820,4150,26560,30710,82000LAK
R72 09602 0067,6720,36970,43690,4150,32810,36960,82000LAK
R72 09602 0068,2550,0,2550,1400,0,1400,82000LAK
R72 09602 0069,7610,38360,45970,4720,38580,43300,82000LAK
R72 09602 0070,7610,38560,46170,4700,77400,82100,82000LAK
R72 09602 0071,3100,0,3100,1930,0,1930,82000LAK
R72 09602 0073,2210,0,2210,1200,0,1200,82000LAK
R72 09603 0001,5750,27570,33320,3510,2390,5900,82000LAK
R72 09603 0002,2870,0,2870,1600,0,1600,82000LAK
R72 09603 0003,5750,20200,25950,3510,18690,22200,82000LAK
R72 09603 0004,2870,0,2870,1600,0,1600,82000LAK
R72 09603 0005,2000,0,2000,1360,7750,9110,82000LAK
R72 09603 0006,2840,0,2840,1590,0,1590,82000LAK
R72 09603 0007,2840,0,2840,1590,0,1590,82000LAK
R72 09603 0008,2840,0,2840,1590,0,1590,82000LAK
R72 09603 0009,2620,0,2620,1460,0,1460,82000LAK
R72 09603 0010,5240,33840,39080,3200,40400,43600,82000LAK
R72 09603 0011,9380,0,9380,5820,0,5820,82000LAK
R72 09603 0012,6260,28760,35020,5100,5450,10550,82000LAK
R72 09603 0013,6140,28580,34720,3760,28270,32030,82000LAK
R72 09603 0014,3150,0,3150,1760,0,1760,82000LAK
R72 09603 0015,5570,14400,19970,3380,15270,18650,82000LAK
R72 09603 0017,2410,0,2410,1360,0,1360,82000LAK
R72 09603 0018,4830,31290,36120,2980,0,2980,82000LAK
R72 09603 0020,2520,0,2520,1420,0,1420,82000LAK
R72 09603 0021,5040,17080,22120,4150,10850,15000,82000LAK
R72 09603 0022,2520,0,2520,1420,0,1420,82000LAK
R72 09603 0023,5040,24700,29740,3100,1950,5050,82000LAK
R72 09603 0024,6160,10230,16390,1730,0,1730,82000LAK
R72 09603 0025,4000,20520,24520,2670,26280,28950,82000LAK
R72 09603 0026,7500,22330,29830,5630,25720,31350,82000LAK
R72 09603 0027,8250,6750,15000,6190,25790,31980,82000LAK
R72 09603 0028,8250,29360,37610,6190,29850,36040,82000LAK
R72 09603 0029,8250,28070,36320,6190,24610,30800,82000LAK
R72 09603 0030,8250,28720,36970,6190,27230,33420,82000LAK
R72 09603 0031,6270,30100,36370,3800,3730,7530,82000LAK
R72 09603 0032,6750,28480,35230,4130,25840,29970,82000LAK
R72 09604 0001,5360,0,5360,3120,0,3120,82000LAK
R72 09604 0004,2890,0,2890,1610,0,1610,82000LAK
R72 09604 0005,2980,0,2980,1660,0,1660,82000LAK
R72 09604 0008,3150,0,3150,1760,0,1760,82000LAK
R72 09604 0009,3150,0,3150,1760,0,1760,82000LAK
R72 09604 0010,2980,0,2980,1660,0,1660,82000LAK
R72 09604 0011,2980,0,2980,1660,0,1660,82000LAK
R72 09604 0012,5960,25750,31710,3640,23620,27260,82000LAK
R72 09604 0013,2980,0,2980,1820,0,1820,82000LAK
R72 09604 0014,2890,0,2890,1610,0,1610,82000LAK
R72 09604 0015,3150,0,3150,1760,0,1760,82000LAK
R72 09604 0016,3150,0,3150,1760,0,1760,82000LAK
R72 09604 0017,3150,0,3150,1760,0,1760,82000LAK
R72 09604 0018,3150,0,3150,1760,0,1760,82000LAK
R72 09604 0019,2980,0,2980,1670,0,1670,82000LAK
R72 09604 0020,5960,11710,17670,3660,20390,24050,82000LAK
R72 09604 0021,2980,0,2980,1670,0,1670,82000LAK
R72 09604 0022,1130,0,1130,930,0,930,82000LAK
R72 09604 0023,3020,0,3020,1700,0,1700,82000LAK
R72 09604 0024,6300,26050,32350,3900,25530,29430,82000LAK
R72 09604 0025,3150,0,3150,1780,0,1780,82000LAK
R72 09604 0027,3150,0,3150,1770,0,1770,82000LAK
R72 09604 0028,2640,0,2640,1480,0,1480,82000LAK
R72 09604 0029,2640,0,2640,1480,0,1480,82000LAK
R72 09604 0030,5290,30840,36130,3250,9000,12250,82000LAK
R72 09604 0031,2640,0,2640,1480,0,1480,82000LAK
R72 09604 0032,2640,0,2640,1480,0,1480,82000LAK
R72 09604 0033,2640,0,2640,1480,0,1480,82000LAK
R72 09604 0034,2640,0,2640,1480,0,1480,82000LAK
R72 09604 0035,7640,25880,33520,4650,6080,10730,82000LAK
R72 09604 0037,2640,0,2640,1480,0,1480,82000LAK
R72 09604 0038,5290,26010,31300,3250,17660,20910,82000LAK
R72 09604 0039,5290,23860,29150,3250,0,3250,82000LAK
R72 09604 0040,2670,0,2670,1500,0,1500,82000LAK
R72 09604 0041,5400,2920,8320,1520,0,1520,82000LAK
R72 09604 0042,5530,2910,8440,1720,0,1720,82000LAK
R72 09604 0043,5110,33600,38710,1600,0,1600,82000LAK
R72 09604 0044,2380,0,2380,1350,0,1350,82000LAK
R72 09604 0045,5110,31080,36190,3140,25440,28580,82000LAK
R72 09604 0046,5110,31060,36170,3140,27840,30980,82000LAK
R72 09604 0047,5110,1940,7050,3140,2550,5690,82000LAK
R72 09604 0048,2550,0,2550,1440,0,1440,82000LAK
R72 09604 0049,2550,0,2550,1440,0,1440,82000LAK
R72 09604 0050,4080,0,4080,2510,0,2510,82000LAK
R72 09604 0051,2550,0,2550,1440,0,1440,82000LAK
R72 09604 0052,5110,28950,34060,3140,31850,34990,82000LAK
R72 09604 0053,2550,0,2550,1440,0,1440,82000LAK
R72 09604 0054,2550,0,2550,1440,0,1440,82000LAK
R72 09604 0055,5110,26560,31670,3140,8180,11320,82000LAK
R72 09604 0056,5190,5080,10270,3190,0,3190,82000LAK
R72 09604 0057,4100,0,4100,2520,0,2520,82000LAK
R72 09604 0058,2450,0,2450,1390,0,1390,82000LAK
R72 09604 0066,1570,0,1570,960,0,960,82000LAK
R72 09605 0001,7140,31280,38420,4480,42350,46830,82000LAK
R72 09605 0002,7060,26720,33780,4420,24320,28740,82000LAK
R72 09605 0003,9410,31420,40830,6060,49430,55490,82000LAK
R72 09605 0004,13680,35250,48930,8310,41230,49540,82000LAK
R72 09605 0005,6840,37990,44830,4310,36680,40990,82000LAK
R72 09605 0006,3190,0,3190,1800,0,1800,82000LAK
R72 09605 0007,3420,0,3420,1960,0,1960,82000LAK
R72 09605 0008,12430,31870,44300,8170,44250,52420,82000LAK
R72 09605 0009,9910,30030,39940,6410,26720,33130,82000LAK
R72 09605 0011,11590,27670,39260,7580,45790,53370,82000LAK
R72 09605 0013,7060,30280,37340,4420,29340,33760,82000LAK
R72 09605 0014,7060,31310,38370,4420,34620,39040,82000LAK
R72 09605 0015,10840,31500,42340,7060,42150,49210,82000LAK
R72 09605 0017,7140,26700,33840,4480,25430,29910,82000LAK
R72 09605 0018,3600,0,3600,2050,0,2050,82000LAK
R72 09605 0019,3530,0,3530,2010,0,2010,82000LAK
R72 09605 0020,7120,48440,55560,4440,74470,78910,82000LAK
R72 09605 0021,3560,0,3560,2020,0,2020,82000LAK
R72 09605 0022,10840,33390,44230,7060,38530,45590,82000LAK
R72 09605 0024,7060,33950,41010,4420,49290,53710,82000LAK
R72 09605 0025,7060,25320,32380,4420,22930,27350,82000LAK
R72 09605 0027,10260,33020,43280,6770,51010,57780,82000LAK
R72 09605 0028,12400,27000,39400,8310,54800,63110,82000LAK
R72 09606 0001,6550,34140,40690,4070,36260,40330,82000LAK
R72 09606 0002,3190,0,3190,1800,0,1800,82000LAK
R72 09606 0003,3190,0,3190,1800,0,1800,82000LAK
R72 09606 0004,6380,34960,41340,3960,44760,48720,82000LAK
R72 09606 0005,3190,0,3190,1800,0,1800,82000LAK
R72 09606 0006,6380,37370,43750,3960,38270,42230,82000LAK
R72 09606 0007,6380,25350,31730,3960,23870,27830,82000LAK
R72 09606 0008,6220,28430,34650,3840,19270,23110,82000LAK
R72 09606 0009,9410,29060,38470,6060,43640,49700,82000LAK
R72 09606 0011,8650,33610,42260,5540,35850,41390,82000LAK
R72 09606 0012,8820,38060,46880,5650,44700,50350,82000LAK
R72 09606 0013,6550,26870,33420,4070,29910,33980,82000LAK
R72 09606 0014,3270,0,3270,1860,0,1860,82000LAK
R72 09606 0015,6550,26640,33190,4070,25870,29940,82000LAK
R72 09606 0016,3270,0,3270,1860,0,1860,82000LAK
R72 09606 0017,6550,32920,39470,4070,30610,34680,82000LAK
R72 09606 0018,6550,13690,20240,4070,3010,7080,82000LAK
R72 09606 0019,7500,32120,39620,5630,25940,31570,82000LAK
R72 09606 0020,6550,35370,41920,4070,36910,40980,82000LAK
R72 09606 0021,3190,0,3190,1800,0,1800,82000LAK
R72 09606 0022,3190,0,3190,1800,0,1800,82000LAK
R72 09606 0023,9410,36760,46170,6060,40460,46520,82000LAK
R72 09606 0025,12430,39610,52040,8170,33000,41170,82000LAK
R72 09606 0028,6380,26060,32440,3960,23010,26970,82000LAK
R72 09606 0029,11680,49480,61160,7640,64810,72450,82000LAK
R72 09606 0031,8820,9940,18760,4810,0,4810,82000LAK
R72 09606 0032,6550,32340,38890,4070,27980,32050,82000LAK
R72 09606 0033,6550,21970,28520,4070,22460,26530,82000LAK
R72 09606 0034,6550,34000,40550,4070,31060,35130,82000LAK
R72 09606 0035,6550,38090,44640,4070,33330,37400,82000LAK
R72 09606 0037,6380,34110,40490,3900,26990,30890,82000LAK
R72 09606 0038,3100,0,3100,1730,0,1730,82000LAK
R72 09606 0039,6210,29900,36110,3790,12150,15940,82000LAK
R72 09606 0040,9160,43260,52420,5740,44500,50240,82000LAK
R72 09606 0042,9160,36320,45480,5740,44520,50260,82000LAK
R72 09606 0044,6210,28090,34300,3790,35860,39650,82000LAK
R72 09606 0045,3100,0,3100,1730,0,1730,82000LAK
R72 09606 0046,6210,30140,36350,3790,21630,25420,82000LAK
R72 09606 0047,3130,0,3130,1750,0,1750,82000LAK
R72 09606 0048,6340,29990,36330,3880,23430,27310,82000LAK
R72 09606 0049,6120,26150,32270,3730,22450,26180,82000LAK
R72 09606 0050,6120,26590,32710,3730,18710,22440,82000LAK
R72 09606 0051,6180,26440,32620,3780,23620,27400,82000LAK
R72 09606 0052,9300,20840,30140,5800,12190,17990,82000LAK
R72 09606 0054,5100,0,5100,3120,0,3120,82000LAK
R72 09606 0055,3100,0,3100,1730,0,1730,82000LAK
R72 09606 0056,3100,0,3100,1730,0,1730,82000LAK
R72 09606 0057,3100,0,3100,1730,0,1730,82000LAK
R72 09606 0058,6210,22630,28840,3790,4700,8490,82000LAK
R72 09606 0060,2030,0,2030,1100,0,1100,82000LAK
R72 09606 0061,6210,32180,38390,3790,9480,13270,82000LAK
R72 09606 0062,9160,37870,47030,5740,24590,30330,82000LAK
R72 09606 0064,6260,35630,41890,3830,26680,30510,82000LAK
R72 09606 0065,6340,34190,40530,3880,31580,35460,82000LAK
R72 09606 0066,3130,0,3130,1750,0,1750,82000LAK
R72 09606 0067,9310,31300,40610,5810,30160,35970,82000LAK
R72 09606 0072,1740,0,1740,910,0,910,82000LAK
R72 09607 0001,2550,0,2550,1440,0,1440,82000LAK
R72 09607 0002,5110,23670,28780,3140,24060,27200,82000LAK
R72 09607 0003,5110,30360,35470,3140,22790,25930,82000LAK
R72 09607 0004,2550,0,2550,1440,0,1440,82000LAK
R72 09607 0005,2550,0,2550,1440,0,1440,82000LAK
R72 09607 0006,2550,0,2550,1440,0,1440,82000LAK
R72 09607 0007,2550,0,2550,1440,0,1440,82000LAK
R72 09607 0008,7450,32640,40090,4430,27970,32400,82000LAK
R72 09607 0011,5110,20890,26000,1440,0,1440,82000LAK
R72 09607 0012,2340,0,2340,1330,0,1330,82000LAK
R72 09607 0013,7870,12820,20690,4660,14510,19170,82000LAK
R72 09607 0015,6420,28460,34880,3880,24250,28130,82000LAK
R72 09607 0016,2000,0,2000,1160,0,1160,82000LAK
R72 09607 0017,5220,41620,46840,3210,30880,34090,82000LAK
R72 09607 0018,5220,23140,28360,3210,20070,23280,82000LAK
R72 09607 0019,2610,0,2610,1470,0,1470,82000LAK
R72 09607 0020,2610,0,2610,1470,0,1470,82000LAK
R72 09607 0021,2610,0,2610,1470,0,1470,82000LAK
R72 09607 0022,1110,0,1110,720,0,720,82000LAK
R72 09607 0023,1180,0,1180,750,0,750,82000LAK
R72 09607 0024,1180,0,1180,750,0,750,82000LAK
R72 09607 0025,2360,0,2360,1350,0,1350,82000LAK
R72 09607 0026,2360,0,2360,1350,0,1350,82000LAK
R72 09607 0027,2360,0,2360,1350,0,1350,82000LAK
R72 09607 0028,2330,0,2330,1340,0,1340,82000LAK
R72 09607 0031,2770,0,2770,1550,0,1550,82000LAK
R72 09607 0032,5550,37170,42720,3400,26270,29670,82000LAK
R72 09607 0033,5550,37550,43100,3400,26870,30270,82000LAK
R72 09607 0034,5550,34640,40190,3400,22820,26220,82000LAK
R72 09607 0035,5550,30310,35860,1730,0,1730,82000LAK
R72 09607 0036,7050,43100,50150,4310,24630,28940,82000LAK
R72 09607 0037,5550,36320,41870,3400,39470,42870,82000LAK
R72 09607 0044,2550,0,2550,1440,0,1440,82000LAK
R72 09607 0047,3070,0,3070,1690,2920,4610,82000LAK
R72 09607 0053,5280,27880,33160,3230,39160,42390,82000LAK
R72 09608 0001,1500,0,1500,1130,0,1130,82000LAK
R72 09608 0003,1500,0,1500,1130,0,1130,82000LAK
R72 09608 0004,0,0,0,1880,0,1880,82000LAK
R72 09608 0005,3330,0,3330,1880,0,1880,82000LAK
R72 09608 0006,6660,9180,15840,2090,0,2090,82000LAK
R72 09608 0007,6660,31520,38180,2090,0,2090,82000LAK
R72 09608 0008,6660,32760,39420,4130,26610,30740,82000LAK
R72 09608 0011,3330,0,3330,1880,0,1880,82000LAK
R72 09608 0012,6660,26810,33470,4130,23630,27760,82000LAK
R72 09608 0013,6660,40200,46860,4130,46580,50710,82000LAK
R72 09608 0014,3330,0,3330,1880,0,1880,82000LAK
R72 09608 0015,6660,34940,41600,4130,16640,20770,82000LAK
R72 09608 0016,3330,0,3330,1880,0,1880,82000LAK
R72 09608 0017,3330,0,3330,1880,0,1880,82000LAK
R72 09608 0018,6660,40720,47380,4130,34400,38530,82000LAK
R72 09608 0019,8330,36260,44590,5270,39240,44510,82000LAK
R72 09608 0020,4170,0,4170,2390,0,2390,82000LAK
R72 09608 0022,6540,38550,45090,4020,47800,51820,82000LAK
R72 09608 0023,6540,31060,37600,4010,32670,36680,82000LAK
R72 09608 0024,6480,25310,31790,3990,22790,26780,82000LAK
R72 09608 0025,6540,28710,35250,4020,28400,32420,82000LAK
R72 09608 0026,3240,0,3240,1810,0,1810,82000LAK
R72 09608 0032,7500,36830,44330,5630,50770,56400,82000LAK
R72 09609 0001,3120,0,3120,1750,0,1750,82000LAK
R72 09609 0002,6240,22730,28970,3850,44360,48210,82000LAK
R72 09609 0003,3120,0,3120,1750,0,1750,82000LAK
R72 09609 0004,6240,27000,33240,3850,19510,23360,82000LAK
R72 09609 0005,3120,0,3120,1750,0,1750,82000LAK
R72 09609 0006,6240,33290,39530,3850,27650,31500,82000LAK
R72 09609 0007,7990,17780,25770,2290,0,2290,82000LAK
R72 09609 0008,2830,0,2830,1590,0,1590,82000LAK
R72 09609 0009,6330,32520,38850,3900,14780,18680,82000LAK
R72 09609 0010,6330,27280,33610,3900,32950,36850,82000LAK
R72 09609 0011,6990,29920,36910,4360,26430,30790,82000LAK
R72 09609 0012,7490,37430,44920,4700,31480,36180,82000LAK
R72 09609 0014,6520,2500,9020,4030,3310,7340,82000LAK
R72 09609 0015,6580,29030,35610,4070,18660,22730,82000LAK
R72 09609 0016,3290,0,3290,1860,0,1860,82000LAK
R72 09609 0017,6580,28260,34840,4070,28000,32070,82000LAK
R72 09609 0018,6580,26620,33200,4070,28410,32480,82000LAK
R72 09609 0019,6580,28050,34630,4070,21380,25450,82000LAK
R72 09609 0020,6580,26710,33290,4070,21570,25640,82000LAK
R72 09609 0021,6580,24330,30910,4070,24850,28920,82000LAK
R72 09609 0022,4160,25510,29670,2740,18740,21480,82000LAK
R72 09609 0023,7520,31620,39140,4680,19030,23710,82000LAK
R72 09609 0027,6580,20590,27170,4070,17920,21990,82000LAK
R72 09609 0028,6580,3800,10380,4070,15480,19550,82000LAK
R72 09609 0029,6580,29400,35980,4070,21620,25690,82000LAK
R72 09609 0030,6580,26280,32860,4070,19190,23260,82000LAK
R72 09609 0031,6580,29910,36490,4070,8360,12430,82000LAK
R72 09609 0032,3070,0,3070,1720,0,1720,82000LAK
R72 09609 0034,5260,26850,32110,3210,21630,24840,82000LAK
R72 09609 0035,3950,0,3950,2210,0,2210,82000LAK
R72 09609 0036,5670,31670,37340,3400,3430,6830,82000LAK
R72 09609 0040,6640,28670,35310,3870,38170,42040,82000LAK
R72 09609 0041,2110,0,2110,1230,0,1230,82000LAK
R72 09609 0042,5460,33710,39170,3340,13770,17110,82000LAK
R72 09610 0004,6660,34100,40760,2090,0,2090,82000LAK
R72 09610 0005,6660,30030,36690,4130,25240,29370,82000LAK
R72 09610 0006,3330,0,3330,1880,0,1880,82000LAK
R72 09610 0007,6660,27350,34010,4130,21720,25850,82000LAK
R72 09610 0008,3330,0,3330,1880,0,1880,82000LAK
R72 09610 0009,6660,29250,35910,4130,27820,31950,82000LAK
R72 09610 0010,6660,37990,44650,4130,52860,56990,82000LAK
R72 09610 0011,6660,26020,32680,4130,21060,25190,82000LAK
R72 09610 0012,7500,5380,12880,4500,0,4500,82000LAK
R72 09610 0013,7830,43170,51000,4930,21130,26060,82000LAK
R72 09610 0014,6160,26540,32700,3790,6390,10180,82000LAK
R72 09610 0015,6660,31330,37990,4130,14250,18380,82000LAK
R72 09610 0017,3330,0,3330,1880,0,1880,82000LAK
R72 09610 0018,6660,30130,36790,4130,15150,19280,82000LAK
R72 09610 0020,6660,37470,44130,4130,24920,29050,82000LAK
R72 09610 0021,6660,26200,32860,4130,23360,27490,82000LAK
R72 09610 0026,5220,13260,18480,3220,15880,19100,82000LAK
R72 09610 0030,5960,15540,21500,3630,16840,20470,82000LAK
R72 09611 0004,6180,41930,48110,5040,9530,14570,82000MAD
R72 09611 0005,6950,50600,57550,5680,7650,13330,82000MAD
R72 09611 0006,6180,31630,37810,5040,19630,24670,82000MAD
R72 09611 0007,6180,28770,34950,5040,31910,36950,82000MAD
R72 09611 0008,6180,33270,39450,5040,28720,33760,82000MAD
R72 09611 0009,6180,13490,19670,5040,23650,28690,82000MAD
R72 09611 0010,5790,41290,47080,4720,32780,37500,82000MAD
R72 09611 0012,5790,33390,39180,4720,20920,25640,82000MAD
R72 09611 0013,6180,35890,42070,5040,34580,39620,82000MAD
R72 09611 0014,6180,39280,45460,5040,27910,32950,82000MAD
R72 09611 0015,6180,33970,40150,5040,23060,28100,82000MAD
R72 09611 0016,6420,42720,49140,5240,9530,14770,82000MAD
R72 09611 0017,0,0,0,0,0,0,82000MAD
R72 09611A0001,6180,38980,45160,5040,45890,50930,82000MAD
R72 09611A0002,6180,14690,20870,5040,17350,22390,82000MAD
R72 09611A0003,5950,41200,47150,4850,12440,17290,82000MAD
R72 09611A0005,6180,34720,40900,5040,23650,28690,82000MAD
R72 09611A0006,5560,44340,49900,4530,74330,78860,82000MAD
R72 09611A0007,2780,0,2780,2040,0,2040,82000MAD
R72 09611A0008,5720,7580,13300,4660,17960,22620,82000MAD
R72 09611A0011,8050,44880,52930,7050,4960,12010,82000MAD
R72 09611A0013,7500,13900,21400,7500,17630,25130,82000MAD
R72 09611A0015,5230,40520,45750,4310,4250,8560,82000MAD
R72 09611A0016,2510,0,2510,1850,0,1850,82000MAD
R72 09611A0017,5100,39800,44900,4180,9410,13590,82000MAD
R72 09611A0019,5100,35350,40450,4180,4420,8600,82000MAD
R72 09611A0024,4730,37870,42600,3980,28270,32250,82000MAD
R72 09611A0026,2390,0,2390,1750,0,1750,82000MAD
R72 09611A0028,3110,0,3110,2300,0,2300,82000MAD
R72 09701 0001,2920,0,2920,2160,0,2160,82000MIA
R72 09701 0002,5850,40130,45980,4800,0,4800,82000MIA
R72 09701 0003,5850,26650,32500,4800,1660,6460,82000MIA
R72 09701 0004,2920,0,2920,2160,0,2160,82000MIA
R72 09701 0005,5850,43750,49600,4800,36530,41330,82000MIA
R72 09701 0006,5850,38930,44780,4800,23510,28310,82000MIA
R72 09701 0007,2750,0,2750,2030,0,2030,82000MIA
R72 09701 0008,2750,0,2750,2030,0,2030,82000MIA
R72 09701 0009,6030,43330,49360,4920,25330,30250,82000MIA
R72 09701 0010,6030,45830,51860,4920,28340,33260,82000MIA
R72 09701 0011,6030,45460,51490,4920,27840,32760,82000MIA
R72 09701 0012,6030,50430,56460,4920,35220,40140,82000MIA
R72 09701 0014,3010,0,3010,2210,0,2210,82000MIA
R72 09701 0015,5510,54120,59630,4510,26770,31280,82000MIA
R72 09701 0016,5510,26470,31980,4510,14130,18640,82000MIA
R72 09701 0017,5880,28550,34430,4800,20640,25440,82000MIA
R72 09701 0018,5510,44630,50140,4510,25490,30000,82000MIA
R72 09701 0019,5510,24280,29790,4510,23090,27600,82000MIA
R72 09701 0020,5510,19220,24730,4510,10850,15360,82000MIA
R72 09701 0021,5510,22420,27930,4510,27130,31640,82000MIA
R72 09701 0022,5510,9680,15190,4510,6830,11340,82000MIA
R72 09701 0023,5510,27670,33180,4510,20500,25010,82000MIA
R72 09701 0024,5510,52870,58380,4510,30460,34970,82000MIA
R72 09701 0025,5510,50790,56300,4510,21250,25760,82000MIA
R72 09701 0026,5510,37630,43140,4510,25780,30290,82000MIA
R72 09701 0027,5590,18410,24000,4570,5720,10290,82000MIA
R72 09701 0028,5510,45190,50700,4510,23150,27660,82000MIA
R72 09701 0029,5510,24290,29800,4510,20840,25350,82000MIA
R72 09701 0030,2750,0,2750,2030,0,2030,82000MIA
R72 09701 0031,5510,64620,70130,4510,39950,44460,82000MIA
R72 09701 0032,2750,1110,3860,2260,1290,3550,82000MIA
R72 09701 0033,5510,38420,43930,4510,3530,8040,82000MIA
R72 09701 0034,5510,10480,15990,4510,4510,9020,82000MIA
R72 09701 0035,5510,15720,21230,4510,19340,23850,82000MIA
R72 09701 0036,5880,10480,16360,4800,3220,8020,82000MIA
R72 09701 0037,5510,10480,15990,4510,17080,21590,82000MIA
R72 09701 0038,2750,0,2750,2030,0,2030,82000MIA
R72 09701 0039,5510,39040,44550,4510,22970,27480,82000MIA
R72 09701 0040,5880,45180,51060,4800,24820,29620,82000MIA
R72 09701 0041,5950,52070,58020,4860,29650,34510,82000MIA
R72 09701 0042,5950,45680,51630,4860,27550,32410,82000MIA
R72 09701 0044,5950,47760,53710,4860,30060,34920,82000MIA
R72 09701 0045,5950,46410,52360,4860,27360,32220,82000MIA
R72 09701 0046,5880,52170,58050,4800,30190,34990,82000MIA
R72 09702 0001,2680,0,2680,1980,0,1980,82000MIA
R72 09702 0002,5550,51930,57480,4530,14110,18640,82000MIA
R72 09702 0003,5680,0,5680,3820,0,3820,82000MIA
R72 09702 0006,4890,39170,44060,4060,19960,24020,82000MIA
R72 09702 0007,4890,31850,36740,4060,1630,5690,82000MIA
R72 09702 0008,4890,36420,41310,4060,1330,5390,82000MIA
R72 09702 0009,2680,0,2680,1970,0,1970,82000MIA
R72 09702 0010,6300,36960,43260,5120,18730,23850,82000MIA
R72 09702 0011,6440,39840,46280,5250,27040,32290,82000MIA
R72 09702 0013,6630,64680,71310,5430,35100,40530,82000MIA
R72 09702 0014,6630,57900,64530,5430,35070,40500,82000MIA
R72 09702 0015,6630,39530,46160,5430,35770,41200,82000MIA
R72 09702 0016,6630,25780,32410,5430,14930,20360,82000MIA
R72 09702 0017,3280,0,3280,2410,0,2410,82000MIA
R72 09702 0018,3280,0,3280,2410,0,2410,82000MIA
R72 09702 0019,3280,0,3280,2410,0,2410,82000MIA
R72 09705 0001,3230,0,3230,2440,0,2440,82000MIA
R72 09705 0002,3230,0,3230,2440,0,2440,82000MIA
R72 09705 0003,6470,28000,34470,2710,0,2710,82000MIA
R72 09705 0004,6470,55700,62170,2710,0,2710,82000MIA
R72 09705 0005,6470,42860,49330,5420,19320,24740,82000MIA
R72 09705 0006,6470,0,6470,4320,0,4320,82000MIA
R72 09705 0007,6470,46680,53150,5410,27750,33160,82000MIA
R72 09705 0008,6470,46630,53100,4060,0,4060,82000MIA
R72 09705 0009,3230,0,3230,2430,0,2430,82000MIA
R72 09705 0010,3200,0,3200,2390,0,2390,82000MIA
R72 09706 0003,2610,0,2610,1930,0,1930,82000MIA
R72 09706 0004,2610,0,2610,1930,0,1930,82000MIA
R72 09706 0005,5230,18710,23940,4290,12020,16310,82000MIA
R72 09706 0006,5230,42310,47540,2140,0,2140,82000MIA
R72 09706 0007,2610,0,2610,1930,0,1930,82000MIA
R72 09706 0008,2610,0,2610,1930,0,1930,82000MIA
R72 09706 0009,5230,46530,51760,4290,30670,34960,82000MIA
R72 09706 0010,2610,0,2610,1930,0,1930,82000MIA
R72 09706 0011,5230,7060,12290,1930,0,1930,82000MIA
R72 09706 0012,5230,11990,17220,1930,0,1930,82000MIA
R72 09706 0013,5230,54300,59530,4290,34710,39000,82000MIA
R72 09706 0014,2610,0,2610,1930,0,1930,82000MIA
R72 09706 0015,5230,41370,46600,4290,51010,55300,82000MIA
R72 09706 0016,2610,0,2610,1930,0,1930,82000MIA
R72 09706 0017,5230,58320,63550,4290,31490,35780,82000MIA
R72 09706 0018,5230,0,5230,4290,0,4290,82000MIA
R72 09706 0019,4190,0,4190,3430,0,3430,82000MIA
R72 09706 0020,5230,42170,47400,4290,5450,9740,82000MIA
R72 09706 0021,2090,0,2090,1710,0,1710,82000MIA
R72 09706 0022,5230,43820,49050,4290,5190,9480,82000MIA
R72 09706 0023,2610,0,2610,1930,0,1930,82000MIA
R72 09706 0024,2610,0,2610,1930,0,1930,82000MIA
R72 09706 0025,5230,47570,52800,4290,31560,35850,82000MIA
R72 09706 0026,5230,52710,57940,4290,33630,37920,82000MIA
R72 09706 0027,5230,42520,47750,4290,24320,28610,82000MIA
R72 09706 0028,2610,0,2610,1930,0,1930,82000MIA
R72 09706 0029,5230,30340,35570,4290,40090,44380,82000MIA
R72 09706 0030,5230,2460,7690,4290,3220,7510,82000MIA
R72 09706 0031,5230,40510,45740,4290,31340,35630,82000MIA
R72 09706 0032,5230,19670,24900,4290,27620,31910,82000MIA
R72 09706 0033,2610,0,2610,1930,0,1930,82000MIA
R72 09706 0034,5230,59950,65180,4290,31170,35460,82000MIA
R72 09706 0035,2670,0,2670,1970,0,1970,82000MIA
R72 09706 0036,5230,55350,60580,4290,25820,30110,82000MIA
R72 09706 0037,5230,47270,52500,4290,32230,36520,82000MIA
R72 09706 0038,2610,0,2610,1930,0,1930,82000MIA
R72 09706 0039,2610,0,2610,1930,0,1930,82000MIA
R72 09706 0040,2610,0,2610,1930,0,1930,82000MIA
R72 09706 0041,5230,35330,40560,4290,36340,40630,82000MIA
R72 09706 0042,5230,12690,17920,4290,4200,8490,82000MIA
R72 09706 0043,5230,48780,54010,4290,20160,24450,82000MIA
R72 09706 0044,5230,41710,46940,4290,31590,35880,82000MIA
R72 09706 0045,5230,57870,63100,4290,50640,54930,82000MIA
R72 09706 0046,2610,0,2610,1930,0,1930,82000MIA
R72 09706 0047,5230,48440,53670,4290,25800,30090,82000MIA
R72 09706 0048,5230,29260,34490,4290,27490,31780,82000MIA
R72 09706 0049,2610,0,2610,1930,0,1930,82000MIA
R72 09706 0051,5230,34990,40220,4290,29290,33580,82000MIA
R72 09706 0055,2610,0,2610,1930,0,1930,82000MIA
R72 09706 0056,5230,56460,61690,4290,31680,35970,82000MIA
R72 09706 0057,5230,48490,53720,4290,6000,10290,82000MIA
R72 09706 0058,5230,44520,49750,4290,32250,36540,82000MIA
R72 09706 0059,5230,42970,48200,4290,27830,32120,82000MIA
R72 09706 0060,5230,51520,56750,4290,24290,28580,82000MIA
R72 09706 0061,5230,10480,15710,4290,11820,16110,82000MIA
R72 09706 0062,5230,11880,17110,4290,19460,23750,82000MIA
R72 09706 0063,5230,29380,34610,4290,40420,44710,82000MIA
R72 09706 0064,5230,49420,54650,4290,28750,33040,82000MIA
R72 09706 0065,5230,48620,53850,4290,32340,36630,82000MIA
R72 09706 0066,5370,53430,58800,4390,49890,54280,82000MIA
R72 09706 0074,5230,49120,54350,4290,18530,22820,82000MIA
R72 09706 0078,5230,30820,36050,4290,31840,36130,82000MIA
R72 09706 0079,2610,0,2610,1930,890,2820,82000MIA
R72 09706 0080,5230,57840,63070,4290,27990,32280,82000MIA
R72 09706 0081,6630,38080,44710,5310,28900,34210,82000MIA
R72 09706 0082,6630,65370,72000,5310,16170,21480,82000MIA
R72 09706 0083,5230,50640,55870,4290,33890,38180,82000MIA
R72 09706 0084,5230,56870,62100,4290,32090,36380,82000MIA
R72 09706 0085,5230,52960,58190,4290,31290,35580,82000MIA
R72 09706 0086,5230,51050,56280,4290,34430,38720,82000MIA
R72 09706 0087,5230,54240,59470,4290,26830,31120,82000MIA
R72 09706 0088,5230,29760,34990,4290,19110,23400,82000MIA
R72 09706 0091,7670,0,7670,6070,0,6070,82000MIA
R72 09707 0001,5230,59380,64610,4290,27040,31330,82000MIA
R72 09707 0002,5230,42590,47820,4290,23740,28030,82000MIA
R72 09707 0003,2610,0,2610,1930,0,1930,82000MIA
R72 09707 0004,5230,46790,52020,4290,3800,8090,82000MIA
R72 09707 0005,5230,60480,65710,4290,41850,46140,82000MIA
R72 09707 0006,2610,0,2610,1930,0,1930,82000MIA
R72 09707 0007,5230,84340,89570,4290,52490,56780,82000MIA
R72 09707 0008,6280,57290,63570,5050,37520,42570,82000MIA
R72 09707 0009,5230,46700,51930,4290,24380,28670,82000MIA
R72 09707 0010,5230,39310,44540,4290,23630,27920,82000MIA
R72 09707 0011,2610,0,2610,1930,0,1930,82000MIA
R72 09707 0012,2610,0,2610,1930,0,1930,82000MIA
R72 09707 0013,2610,0,2610,1930,0,1930,82000MIA
R72 09707 0014,5230,25150,30380,4290,7050,11340,82000MIA
R72 09707 0015,5230,24900,30130,4290,22390,26680,82000MIA
R72 09707 0017,5230,45920,51150,4290,1480,5770,82000MIA
R72 09707 0018,2610,0,2610,1930,0,1930,82000MIA
R72 09707 0019,2610,0,2610,1930,0,1930,82000MIA
R72 09707 0020,5230,29470,34700,4290,1090,5380,82000MIA
R72 09707 0021,4630,0,4630,3750,0,3750,82000MIA
R72 09707 0022,3250,0,3250,2340,0,2340,82000MIA
R72 09707 0023,2610,0,2610,1930,0,1930,82000MIA
R72 09707 0024,5230,43220,48450,4290,28950,33240,82000MIA
R72 09707 0025,5230,53450,58680,3860,0,3860,82000MIA
R72 09707 0026,5230,50250,55480,4290,25420,29710,82000MIA
R72 09707 0027,5230,62560,67790,4290,14450,18740,82000MIA
R72 09707 0028,5230,65660,70890,4290,38990,43280,82000MIA
R72 09707 0029,5230,44970,50200,4290,35690,39980,82000MIA
R72 09707 0031,5230,43020,48250,4290,3000,7290,82000MIA
R72 09707 0032,2610,0,2610,1930,0,1930,82000MIA
R72 09707 0033,5440,62280,67720,4440,10840,15280,82000MIA
R72 09707 0035,5230,25690,30920,4290,0,4290,82000MIA
R72 09707 0036,2610,0,2610,1930,0,1930,82000MIA
R72 09707 0037,2610,0,2610,1930,0,1930,82000MIA
R72 09707 0038,2610,0,2610,1930,0,1930,82000MIA
R72 09707 0039,2610,0,2610,1930,0,1930,82000MIA
R72 09707 0040,2610,0,2610,1930,0,1930,82000MIA
R72 09707 0041,5230,61190,66420,4290,31610,35900,82000MIA
R72 09707 0042,6210,81540,87750,5000,35250,40250,82000MIA
R72 09707 0043,1500,0,1500,1210,0,1210,82000MIA
R72 09707 0044,5720,67510,73230,4640,45120,49760,82000MIA
R72 09707 0045,5230,17520,22750,4290,2280,6570,82000MIA
R72 09707 0046,5230,31620,36850,4290,0,4290,82000MIA
R72 09707 0047,5230,53630,58860,4290,6010,10300,82000MIA
R72 09707 0048,5230,49110,54340,4290,36090,40380,82000MIA
R72 09707 0049,5230,31550,36780,4290,25720,30010,82000MIA
R72 09707 0050,5230,16950,22180,4290,4060,8350,82000MIA
R72 09707 0051,5230,48520,53750,4290,28030,32320,82000MIA
R72 09707 0052,5790,71100,76890,4690,36570,41260,82000MIA
R72 09707 0053,3830,53570,57400,3490,26440,29930,82000MIA
R72 09708 0001,5290,44450,49740,4320,33400,37720,82000MIA
R72 09708 0002,1460,0,1460,1170,0,1170,82000MIA
R72 09708 0004,2610,0,2610,1920,0,1920,82000MIA
R72 09708 0006,2640,0,2640,1940,0,1940,82000MIA
R72 09708 0007,2640,0,2640,2160,0,2160,82000MIA
R72 09708 0009,5360,58970,64330,4370,23520,27890,82000MIA
R72 09708 0010,6080,33720,39800,2490,0,2490,82000MIA
R72 09708 0011,6080,56890,62970,2490,0,2490,82000MIA
R72 09708 0012,6080,51530,57610,2490,0,2490,82000MIA
R72 09708 0013,6080,35390,41470,4980,22310,27290,82000MIA
R72 09708 0014,3030,0,3030,2240,0,2240,82000MIA
R72 09708 0015,3030,0,3030,2240,0,2240,82000MIA
R72 09708 0016,3030,0,3030,2240,0,2240,82000MIA
R72 09708 0017,3370,0,3370,2510,0,2510,82000MIA
R72 09708 0018,3460,0,3460,2580,0,2580,82000MIA
R72 09708 0019,3030,0,3030,2240,0,2240,82000MIA
R72 09708 0020,6080,52040,58120,4980,24990,29970,82000MIA
R72 09708 0021,3030,0,3030,2240,0,2240,82000MIA
R72 09708 0022,3030,0,3030,2240,0,2240,82000MIA
R72 09708 0023,6080,45650,51730,4980,29450,34430,82000MIA
R72 09708 0024,3030,0,3030,2240,0,2240,82000MIA
R72 09708 0025,6080,54000,60080,4980,21030,26010,82000MIA
R72 09708 0026,6080,22040,28120,4980,24020,29000,82000MIA
R72 09708 0027,5990,2490,8480,4900,0,4900,82000MIA
R72 09708 0028,6080,51160,57240,4980,27140,32120,82000MIA
R72 09708 0029,5150,62410,67560,4220,29780,34000,82000MIA
R72 09709 0003,2640,0,2640,1940,0,1940,82000MIA
R72 09709 0004,1000,0,1000,1940,0,1940,82000MIA
R72 09709 0005,2640,0,2640,1940,0,1940,82000MIA
R72 09709 0006,5290,55790,61080,4320,9750,14070,82000MIA
R72 09709 0008,5290,48230,53520,4320,4080,8400,82000MIA
R72 09709 0009,5290,48000,53290,970,0,970,82000MIA
R72 09709 0019,6080,29660,35740,2490,0,2490,82000MIA
R72 09709 0020,6080,0,6080,4980,0,4980,82000MIA
R72 09709 0021,6080,42160,48240,2490,0,2490,82000MIA
R72 09709 0022,6080,10070,16150,4480,0,4480,82000MIA
R72 09709 0023,3010,0,3010,2220,0,2220,82000MIA
R72 09709 0024,3020,0,3020,2210,0,2210,82000MIA
R72 09709 0025,3020,0,3020,2210,0,2210,82000MIA
R72 09709 0026,2830,0,2830,2080,0,2080,82000MIA
R72 09709 0027,2720,0,2720,2010,0,2010,82000MIA
R72 09709 0030,6080,50760,56840,4980,8030,13010,82000MIA
R72 09709 0031,6080,46220,52300,4980,22010,26990,82000MIA
R72 09709 0032,6190,45190,51380,5070,0,5070,82000MIA
R72 09709 0033,3030,0,3030,2240,0,2240,82000MIA
R72 09709 0034,3010,0,3010,2220,0,2220,82000MIA
R72 09709 0035,2980,0,2980,2180,0,2180,82000MIA
R72 09709 0036,5800,30170,35970,4710,6870,11580,82000MIA
R72 09709 0037,5890,41240,47130,4810,20580,25390,82000MIA
R72 09709 0038,5370,26170,31540,4410,710,5120,82000MIA
R72 09710 0005,2960,0,2960,2180,0,2180,82000MIA
R72 09710 0006,5850,47550,53400,2390,0,2390,82000MIA
R72 09710 0008,5850,39760,45610,4780,2040,6820,82000MIA
R72 09710 0009,5850,27820,33670,4780,11770,16550,82000MIA
R72 09710 0010,5850,48790,54640,2390,0,2390,82000MIA
R72 09710 0011,5930,51000,56930,4840,21440,26280,82000MIA
R72 09710 0012,2920,0,2920,2150,0,2150,82000MIA
R72 09711 0005,6580,31310,37890,5400,5350,10750,82000MIA
R72 09711 0006,6460,43830,50290,5290,23650,28940,82000MIA
R72 09801 0010,5780,22750,28530,4660,40930,45590,82000MIA
R72 09803 0001,2810,0,2810,2070,0,2070,82000MIA
R72 09803 0002,5630,0,5630,4600,0,4600,82000MIA
R72 09803 0003,5630,9150,14780,4600,17420,22020,82000MIA
R72 09803 0004,5630,11430,17060,4600,4040,8640,82000MIA
R72 09803 0005,5630,58780,64410,4600,26260,30860,82000MIA
R72 09803 0006,2810,0,2810,2070,0,2070,82000MIA
R72 09803 0007,6480,43910,50390,5300,1090,6390,82000MIA
R72 09803 0008,6480,12830,19310,5300,20240,25540,82000MIA
R72 09803 0009,3240,17590,20830,2650,18050,20700,82000MIA
R72 09803 0010,6480,31200,37680,5300,1370,6670,82000MIA
R72 09803 0011,6480,44090,50570,5300,30640,35940,82000MIA
R72 09803 0012,4470,0,4470,3330,0,3330,82000MIA
R72 09803 0013,6480,34500,40980,5300,19790,25090,82000MIA
R72 09803 0014,6480,14510,20990,5300,22390,27690,82000MIA
R72 09803 0015,8280,11880,20160,6500,12050,18550,82000MIA
R72 09803 0016,6480,0,6480,5300,0,5300,82000MIA
R72 09804 0001,4000,0,4000,3400,0,3400,82000MIA
R72 09804 0009,5310,40660,45970,4350,18150,22500,82000MIA
R72 09804 0011,5520,0,5520,4500,0,4500,82000MIA
R72 09804 0014,3340,0,3340,2460,0,2460,82000MIA
R72 09804 0015,6680,41990,48670,5470,23180,28650,82000MIA
R72 09804 0017,5570,51970,57540,4530,28510,33040,82000MIA
R72 09804 0018,5490,31350,36840,4460,22230,26690,82000MIA
R72 09804 0019,6680,41730,48410,5470,19700,25170,82000MIA
R72 09804 0021,6680,35440,42120,5470,24290,29760,82000MIA
R72 09804 0022,5490,39820,45310,4460,19890,24350,82000MIA
R72 09804 0023,5490,34180,39670,4460,20490,24950,82000MIA
R72 09804 0024,5490,40360,45850,4460,19290,23750,82000MIA
R72 09804 0025,5490,27990,33480,4460,21970,26430,82000MIA
R72 09804 0026,5490,44520,50010,4460,25750,30210,82000MIA
R72 09804 0027,5490,40890,46380,4460,1710,6170,82000MIA
R72 09804 0028,5570,40330,45900,4530,8060,12590,82000MIA
R72 09804 0029,2780,0,2780,2040,0,2040,82000MIA
R72 09804 0030,5570,42340,47910,4530,4410,8940,82000MIA
R72 09804 0031,5570,42310,47880,4530,23540,28070,82000MIA
R72 09804 0033,5570,41440,47010,4530,20600,25130,82000MIA
R72 09804 0034,5570,44220,49790,4530,6590,11120,82000MIA
R72 09804 0037,5570,32640,38210,4530,18110,22640,82000MIA
R72 09804 0038,5570,36480,42050,4530,25930,30460,82000MIA
R72 09804 0039,5570,39830,45400,4530,11200,15730,82000MIA
R72 09804 0040,4830,46100,50930,4000,1940,5940,82000MIA
R72 09804 0041,2900,0,2900,2120,0,2120,82000MIA
R72 09804 0043,2060,0,2060,1580,0,1580,82000MIA
R72 09804 0044,4830,39730,44560,4000,22020,26020,82000MIA
R72 09804 0045,2410,0,2410,1800,0,1800,82000MIA
R72 09804 0046,4830,41570,46400,4000,20230,24230,82000MIA
R72 09804 0047,4830,52020,56850,2000,0,2000,82000MIA
R72 09804 0048,4830,2750,7580,4000,0,4000,82000MIA
R72 09804 0051,2410,0,2410,1800,0,1800,82000MIA
R72 09804 0052,4830,9700,14530,4000,28940,32940,82000MIA
R72 09804 0053,5520,61260,66780,4500,41190,45690,82000MIA
R72 09804 0055,2410,0,2410,1800,0,1800,82000MIA
R72 09804 0056,4830,32880,37710,4000,0,4000,82000MIA
R72 09804 0057,4830,47250,52080,4000,27320,31320,82000MIA
R72 09804 0058,4830,30470,35300,4000,0,4000,82000MIA
R72 09804 0059,4830,54270,59100,4000,32520,36520,82000MIA
R72 09804 0060,4830,48510,53340,4000,7210,11210,82000MIA
R72 09804 0062,2640,0,2640,1960,0,1960,82000MIA
R72 09804 0063,2570,0,2570,1910,0,1910,82000MIA
R72 09804 0064,4830,42380,47210,4000,27870,31870,82000MIA
R72 09804 0065,5150,41350,46500,4240,8540,12780,82000MIA
R72 09804 0066,5660,10830,16490,4600,2980,7580,82000MIA
R72 09804 0070,6900,15540,22440,5500,15840,21340,82000MIA
R72 09804 0071,6900,15540,22440,5500,15840,21340,82000MIA
R72 09805 0003,5040,14570,19610,2080,0,2080,82000MIA
R72 09805 0004,17600,607740,625340,4150,30840,34990,82000MIA
R72 09805 0005,!,!,!
R72 09805 0006,!,!,!
R72 09805 0007,!,!,!
R72 09805 0008,!,!,!
R72 09805 0009,!,!,!
R72 09805 0010,!,!,!
R72 09805 0013,9000,0,9000,4500,0,4500,82000MIA
R72 09805 0015,2410,0,2410,1800,0,1800,82000MIA
R72 09805 0017,2480,0,2480,1850,0,1850,82000MIA
R72 09805 0019,5180,52020,57200,4250,18050,22300,82000MIA
R72 09805 0020,5180,48710,53890,4250,27810,32060,82000MIA
R72 09805 0022,5180,40440,45620,4250,4940,9190,82000MIA
R72 09805 0028,4830,33720,38550,4000,19310,23310,82000MIA
R72 09805 0029,2410,0,2410,1800,0,1800,82000MIA
R72 09805 0030,4970,2180,7150,4100,2880,6980,82000MIA
R72 09805 0032,5180,30800,35980,4250,22900,27150,82000MIA
R72 09805 0034,5180,39770,44950,4250,26480,30730,82000MIA
R72 09805 0036,5180,10890,16070,4250,25240,29490,82000MIA
R72 09805 0043,2410,0,2410,1800,0,1800,82000MIA
R72 09805 0044,9660,11330,20990,8000,2290,10290,82000MIA
R72 09805 0046,1820,0,1820,1420,0,1420,82000MIA
R72 09805 0047,2590,0,2590,1910,0,1910,82000MIA
R72 09805 0048,2590,0,2590,1910,0,1910,82000MIA
R72 09805 0049,2590,0,2590,1910,0,1910,82000MIA
R72 09805 0050,5150,39070,44220,4240,8980,13220,82000MIA
R72 09805 0051,5150,41120,46270,4240,18460,22700,82000MIA
R72 09805 0052,5370,34000,39370,4410,17630,22040,82000MIA
R72 09805 0053,5510,51990,57500,4530,6280,10810,82000MIA
R72 09805 0054,5150,42580,47730,4240,23570,27810,82000MIA
R72 09805 0055,5150,49910,55060,4240,25750,29990,82000MIA
R72 09805 0056,5150,32100,37250,4240,20090,24330,82000MIA
R72 09805 0057,2570,0,2570,1910,0,1910,82000MIA
R72 09805 0058,2570,0,2570,1910,0,1910,82000MIA
R72 09805 0059,2680,0,2680,1990,0,1990,82000MIA
R72 09805 0060,5180,42040,47220,4250,20160,24410,82000MIA
R72 09805 0062,5180,25580,30760,4250,26680,30930,82000MIA
R72 09805 0065,5180,18840,24020,4250,29170,33420,82000MIA
R72 09805 0067,5180,16230,21410,4250,25310,29560,82000MIA
R72 09806 0004,3260,0,3260,2420,0,2420,82000EDG
R72 09806 0005,2510,0,2510,1870,0,1870,82000EDG
R72 09806 0006,5340,30730,36070,4370,24190,28560,82000EDG
R72 09806 0007,3990,42350,46340,3590,30500,34090,82000EDG
R72 09806 0009,3830,35870,39700,3490,29230,32720,82000EDG
R72 09806 0011,2700,0,2700,1980,0,1980,82000EDG
R72 09806 0013,4430,21690,26120,3830,29550,33380,82000EDG
R72 09806 0015,4200,31210,35410,3660,21300,24960,82000EDG
R72 09806 0016,5810,29330,35140,4750,24380,29130,82000EDG
R72 09806 0017,2900,0,2900,2140,0,2140,82000EDG
R72 09806 0018,5810,37610,43420,2140,0,2140,82000EDG
R72 09806 0019,2900,0,2900,2140,0,2140,82000EDG
R72 09806 0020,2900,0,2900,2140,0,2140,82000EDG
R72 09806 0021,2790,0,2790,2600,0,2600,82000EDG
R72 09806 0024,6000,0,6000,6000,0,6000,82000EDG
R72 09806 0025,2810,0,2810,2070,0,2070,82000EDG
R72 09806 0027,2580,0,2580,1910,0,1910,82000EDG
R72 09806 0029,2580,0,2580,1910,0,1910,82000EDG
R72 09806 0031,2580,0,2580,1910,0,1910,82000EDG
R72 09806 0041,3210,0,3210,2340,0,2340,82000EDG
R72 09806 0042,2710,0,2710,2000,0,2000,82000EDG
R72 09806 0043,2710,0,2710,2000,0,2000,82000EDG
R72 09806 0044,5420,30870,36290,2000,0,2000,82000EDG
R72 09806 0045,4860,0,4860,4060,0,4060,82000EDG
R72 09806 0047,4600,29780,34380,3870,15400,19270,82000EDG
R72 09806 0048,1780,0,1780,1500,0,1500,82000EDG
R72 09806 0049,1860,0,1860,1540,0,1540,82000EDG
R72 09806 0050,1320,0,1320,1120,0,1120,82000EDG
R72 09806 0051,2190,0,2190,1640,0,1640,82000EDG
R72 09806 0052,2190,0,2190,1640,0,1640,82000EDG
R72 09806 0053,2840,0,2840,2060,0,2060,82000EDG
R72 09806 0054,2340,0,2340,1790,0,1790,82000EDG
R72 09806 0056,4620,20010,24630,1740,0,1740,82000EDG
R72 09806 0057,6120,4000,10120,2230,0,2230,82000EDG
R72 09806 0058,2890,0,2890,2130,0,2130,82000EDG
R72 09806 0059,3090,0,3090,2290,0,2290,82000EDG
R72 09806 0060,1730,0,1730,1400,0,1400,82000EDG
R72 09806 0062,1890,0,1890,1560,0,1560,82000EDG
R72 09806 0064,1830,0,1830,1530,0,1530,82000EDG
R72 09806 0065,1700,0,1700,1390,0,1390,82000EDG
R72 09806 0067,5630,28160,33790,2300,0,2300,82000EDG
R72 09806 0068,5630,38510,44140,2300,0,2300,82000EDG
R72 09806 0069,5010,30680,35690,1860,0,1860,82000EDG
R72 09806 0070,1300,0,1300,1100,0,1100,82000EDG
R72 09806 0071,2270,0,2270,1730,0,1730,82000EDG
R72 09807 0001,5420,27870,33290,2000,0,2000,82000EDG
R72 09807 0002,2740,0,2740,2020,0,2020,82000EDG
R72 09807 0003,2710,0,2710,2000,0,2000,82000EDG
R72 09807 0004,5420,27750,33170,4440,11570,16010,82000EDG
R72 09807 0005,5420,25170,30590,4440,11350,15790,82000EDG
R72 09807 0006,5420,26910,32330,4440,13720,18160,82000EDG
R72 09807 0007,5420,13200,18620,4440,5510,9950,82000EDG
R72 09807 0008,5420,18200,23620,4440,2030,6470,82000EDG
R72 09807 0009,5420,5140,10560,4440,8640,13080,82000EDG
R72 09807 0013,2630,0,2630,1950,0,1950,82000EDG
R72 09807 0014,2630,0,2630,1950,0,1950,82000EDG
R72 09807 0019,2270,0,2270,1730,0,1730,82000EDG
R72 09807 0020,4540,17380,21920,3850,15250,19100,82000EDG
R72 09807 0021,4540,0,4540,3850,0,3850,82000EDG
R72 09807 0022,4980,38120,43100,4140,30250,34390,82000EDG
R72 09807 0023,4980,6600,11580,4140,0,4140,82000EDG
R72 09807 0033,2130,0,2130,1680,0,1680,82000EDG
R72 09807 0034,2130,0,2130,1680,0,1680,82000EDG
R72 09807 0035,1810,0,1810,1520,0,1520,82000EDG
R72 09807 0036,2270,0,2270,1820,0,1820,82000EDG
R72 09807 0037,1750,0,1750,1490,0,1490,82000EDG
R72 09807 0038,2130,0,2130,1680,0,1680,82000EDG
R72 09807 0039,2130,0,2130,1680,0,1680,82000EDG
R72 09807 0040,2130,0,2130,1680,0,1680,82000EDG
R72 09807 0041,4000,35230,39230,1790,0,1790,82000EDG
R72 09807 0043,4000,29540,33540,3570,4350,7920,82000EDG
R72 09807 0044,4270,28910,33180,1860,0,1860,82000EDG
R72 09807 0045,4270,28700,32970,3730,0,3730,82000EDG
R72 09807 0046,4270,34700,38970,3730,25520,29250,82000EDG
R72 09807 0047,4210,23760,27970,3700,17770,21470,82000EDG
R72 09807 0048,2660,0,2660,1970,0,1970,82000EDG
R72 09807 0049,2660,0,2660,1960,0,1960,82000EDG
R72 09807 0050,2660,0,2660,1960,0,1960,82000EDG
R72 09807 0051,5330,24430,29760,4350,15470,19820,82000EDG
R72 09807 0052,2660,0,2660,1960,0,1960,82000EDG
R72 09807 0053,5330,37640,42970,4350,27030,31380,82000EDG
R72 09807 0054,2660,0,2660,1960,0,1960,82000EDG
R72 09807 0055,2660,0,2660,1960,0,1960,82000EDG
R72 09807 0056,5330,39120,44450,4350,26830,31180,82000EDG
R72 09807 0057,2630,0,2630,1950,0,1950,82000EDG
R72 09807 0058,5270,27010,32280,4340,8010,12350,82000EDG
R72 09807 0064,2660,0,2660,1960,0,1960,82000EDG
R72 09807 0065,6190,45650,51840,5030,11080,16110,82000EDG
R72 09807 0066,2660,0,2660,1970,0,1970,82000EDG
R72 09807 0067,5330,12670,18000,4370,58760,63130,82000EDG
R72 09807 0068,5330,41210,46540,4370,28480,32850,82000EDG
R72 09807 0069,5330,29450,34780,4370,19880,24250,82000EDG
R72 09807 0070,5330,12670,18000,4370,56760,61130,82000EDG
R72 09807 0071,5330,12670,18000,4370,56760,61130,82000EDG
R72 09807 0072,1330,0,1330,1090,0,1090,82000EDG
R72 09807 0073,2660,0,2660,1970,0,1970,82000EDG
R72 09807 0074,4050,22050,26100,3590,25300,28890,82000EDG
R72 09807 0076,5330,12670,18000,4370,56760,61130,82000EDG
R72 09807 0079,2660,0,2660,1970,0,1970,82000EDG
R72 09807 0080,5330,22730,28060,4370,14810,19180,82000EDG
R72 09807 0081,5330,17180,22510,3270,0,3270,82000EDG
R72 09807 0082,5400,32960,38360,4430,26380,30810,82000EDG
R72 09807 0083,4260,0,4260,3500,0,3500,82000EDG
R72 09807 0084,2660,0,2660,1970,0,1970,82000EDG
R72 09807 0085,2660,0,2660,1970,0,1970,82000EDG
R72 09807 0086,2660,0,2660,1970,0,1970,82000EDG
R72 09807 0087,2660,0,2660,1970,0,1970,82000EDG
R72 09807 0089,2660,0,2660,1970,0,1970,82000EDG
R72 09807 0090,2660,0,2660,1970,0,1970,82000EDG
R72 09807 0091,2660,0,2660,1970,0,1970,82000EDG
R72 09807 0092,2660,0,2660,1970,0,1970,82000EDG
R72 09807 0093,5330,21260,26590,4370,24780,29150,82000EDG
R72 09807 0094,5330,13890,19220,4370,24120,28490,82000EDG
R72 09807 0095,5330,17280,22610,4370,5540,9910,82000EDG
R72 09807 0096,5330,30610,35940,4370,0,4370,82000EDG
R72 09807 0098,2660,0,2660,1970,0,1970,82000EDG
R72 09807 0099,2730,0,2730,2020,0,2020,82000EDG
R72 09807 0100,2660,0,2660,1970,0,1970,82000EDG
R72 09807 0101,2660,0,2660,1970,0,1970,82000EDG
R72 09807 0103,2660,0,2660,1970,0,1970,82000EDG
R72 09807 0104,2660,0,2660,1970,0,1970,82000EDG
R72 09807 0105,2660,0,2660,1970,0,1970,82000EDG
R72 09807 0106,2660,0,2660,1970,0,1970,82000EDG
R72 09807 0107,2660,0,2660,1970,0,1970,82000EDG
R72 09807 0108,2660,0,2660,1970,0,1970,82000EDG
R72 09807 0109,2660,0,2660,1970,0,1970,82000EDG
R72 09807 0110,2660,0,2660,1970,0,1970,82000EDG
R72 09807 0111,2660,0,2660,1970,0,1970,82000EDG
R72 09807 0112,2660,0,2660,1970,0,1970,82000EDG
R72 09807 0113,5330,12670,18000,4370,59910,64280,82000EDG
R72 09807 0119,4540,28940,33480,3850,18100,21950,82000EDG
R72 09807 0123,2020,0,2020,1620,0,1620,82000EDG
R72 09807 0125,6560,35520,42080,5150,36880,42030,82000EDG
R72 09807 0127,7500,11830,19330,7500,64650,72150,82000EDG
R72 09808 0002,2630,0,2630,1940,0,1940,82000EDG
R72 09808 0004,2850,0,2850,2090,0,2090,82000EDG
R72 09808 0005,5700,8030,13730,4640,1850,6490,82000EDG
R72 09808 0006,5700,36160,41860,2090,0,2090,82000EDG
R72 09808 0007,4560,0,4560,3710,0,3710,82000EDG
R72 09808 0008,2850,0,2850,2090,0,2090,82000EDG
R72 09808 0010,5340,28350,33690,4360,18350,22710,82000EDG
R72 09808 0011,2740,0,2740,2000,0,2000,82000EDG
R72 09808 0012,4380,0,4380,3560,0,3560,82000EDG
R72 09808 0013,5470,26780,32250,4450,4790,9240,82000EDG
R72 09808 0014,2740,0,2740,2000,0,2000,82000EDG
R72 09808 0015,5470,34850,40320,4450,14280,18730,82000EDG
R72 09808 0016,5340,37950,43290,4360,25580,29940,82000EDG
R72 09808 0017,2670,0,2670,1960,0,1960,82000EDG
R72 09808 0018,2670,0,2670,1960,0,1960,82000EDG
R72 09808 0019,2600,0,2600,1920,0,1920,82000EDG
R72 09808 0020,6470,36600,43070,5150,30230,35380,82000EDG
R72 09808 0021,1960,0,1960,1520,0,1520,82000EDG
R72 09808 0022,5210,28890,34100,4270,0,4270,82000EDG
R72 09808 0023,2600,0,2600,1920,0,1920,82000EDG
R72 09808 0024,3280,0,3280,2340,0,2340,82000EDG
R72 09808 0025,5210,32360,37570,4270,25860,30130,82000EDG
R72 09808 0026,2600,0,2600,1920,0,1920,82000EDG
R72 09808 0027,5340,27000,32340,4360,22140,26500,82000EDG
R72 09808 0028,5340,26150,31490,4360,2910,7270,82000EDG
R72 09808 0029,5340,25560,30900,4360,24140,28500,82000EDG
R72 09808 0031,5340,33350,38690,4360,24350,28710,82000EDG
R72 09808 0032,5340,6150,11490,1960,0,1960,82000EDG
R72 09808 0033,5340,35650,40990,4360,25560,29920,82000EDG
R72 09808 0034,2670,0,2670,1960,0,1960,82000EDG
R72 09808 0035,2670,0,2670,1960,0,1960,82000EDG
R72 09808 0036,2670,0,2670,1960,0,1960,82000EDG
R72 09808 0037,5210,35900,41110,4270,25130,29400,82000EDG
R72 09808 0038,2870,0,2870,2090,0,2090,82000EDG
R72 09808 0039,5410,7600,13010,1980,0,1980,82000EDG
R72 09808 0040,2700,0,2700,1980,0,1980,82000EDG
R72 09808 0041,5410,12250,17660,4410,20390,24800,82000EDG
R72 09808 0042,5410,19560,24970,2200,0,2200,82000EDG
R72 09808 0043,5410,35280,40690,4410,21090,25500,82000EDG
R72 09808 0044,5410,36660,42070,4410,24970,29380,82000EDG
R72 09808 0045,5410,34120,39530,4410,22370,26780,82000EDG
R72 09808 0046,5410,49050,54460,4410,27210,31620,82000EDG
R72 09808 0047,2700,0,2700,1980,0,1980,82000EDG
R72 09808 0048,2670,0,2670,1960,0,1960,82000EDG
R72 09808 0049,5340,28200,33540,4360,19490,23850,82000EDG
R72 09808 0050,2600,0,2600,1920,0,1920,82000EDG
R72 09808 0051,5210,17010,22220,4270,18040,22310,82000EDG
R72 09808 0052,5210,31680,36890,4270,18430,22700,82000EDG
R72 09808 0053,5210,24770,29980,4270,0,4270,82000EDG
R72 09809 0002,6080,25880,31960,4990,1510,6500,82000EDG
R72 09809 0003,6080,20390,26470,4990,32240,37230,82000EDG
R72 09809 0004,3200,0,3200,2380,0,2380,82000EDG
R72 09809 0024,0,0,0,0,0,0,99999999
R72 09809 0025,5990,20300,26290,2210,0,2210,82000EDG
R72 09809 0026,5990,25500,31490,4900,6320,11220,82000EDG
R72 09809 0028,720,0,720,860,0,860,82000EDG
R72 09809 0029,680,0,680,840,0,840,82000EDG
R72 09809 0030,2110,0,2110,1660,0,1660,82000EDG
R72 09809 0031,2280,0,2280,1730,0,1730,82000EDG
R72 09809 0032,2490,0,2490,1850,0,1850,82000EDG
R72 09809 0033,2700,0,2700,1980,0,1980,82000EDG
R72 09809 0034,2670,0,2670,1980,0,1980,82000EDG
R72 09809 0035,2670,0,2670,1980,0,1980,82000EDG
R72 09809 0036,2670,0,2670,1980,0,1980,82000EDG
R72 09809 0037,2480,0,2480,1830,0,1830,82000EDG
R72 09809 0038,6410,13750,20160,2650,0,2650,82000EDG
R72 09809 0039,6410,22700,29110,2650,0,2650,82000EDG
R72 09809 0042,2310,0,2310,1730,0,1730,82000EDG
R72 09809 0047,5990,26310,32300,2380,0,2380,82000EDG
R72 09809 0048,6300,5430,11730,2430,0,2430,82000EDG
R72 09809 0049,2590,0,2590,1910,0,1910,82000EDG
R72 09809 0050,7110,0,7110,7500,17520,25020,82000EDG
R72 09809 0053,3420,0,3420,2570,0,2570,82000EDG
R72 09809 0065,5600,0,5600,4220,0,4220,82000EDG
R72 09809 0066,4140,0,4140,3080,0,3080,82000EDG
R72 09809 0067,3800,0,3800,2820,0,2820,82000EDG
R72 09810 0001,2730,0,2730,2020,0,2020,82000EDG
R72 09810 0002,2540,0,2540,1880,0,1880,82000EDG
R72 09810 0004,2770,0,2770,2040,0,2040,82000EDG
R72 09810 0005,5600,29270,34870,2290,0,2290,82000EDG
R72 09810 0006,2860,0,2860,2100,0,2100,82000EDG
R72 09810 0007,2830,0,2830,2090,0,2090,82000EDG
R72 09810 0008,2560,0,2560,1890,0,1890,82000EDG
R72 09810 0009,5510,32290,37800,4520,43420,47940,82000EDG
R72 09810 0010,2750,0,2750,2030,0,2030,82000EDG
R72 09810 0011,5510,40020,45530,4520,34330,38850,82000EDG
R72 09810 0016,3210,0,3210,2460,0,2460,82000EDG
R72 09810 0020,3030,0,3030,2290,0,2290,82000EDG
R72 09902 0043,5240,6380,11620,3870,12330,16200,81000EDG
R72 09902 0044,2840,0,2840,2090,0,2090,81000EDG
R72 09902 0045,2840,0,2840,2090,0,2090,81000EDG
R72 09902 0046,2950,0,2950,2180,0,2180,81000EDG
R72 09902 0048,5680,3970,9650,4640,2400,7040,81000EDG
R72 09902 0049,2450,0,2450,1810,0,1810,81000EDG
R72 09902 0051,2840,0,2840,2090,0,2090,81000EDG
R72 09902 0052,2840,0,2840,2090,0,2090,81000EDG
R72 09902 0054,5680,24660,30340,4640,1080,5720,81000EDG
R72 09902 0057,5680,34710,40390,4640,750,5390,81000EDG
R72 09902 0058,2990,0,2990,2200,0,2200,81000EDG
R72 09902 0059,2810,0,2810,2080,0,2080,81000EDG
R72 09902 0061,2810,0,2810,2080,0,2080,81000EDG
R72 09902 0062,2810,0,2810,2080,0,2080,81000EDG
R72 09902 0067,2810,0,2810,2070,0,2070,81000EDG
R72 09902 0068,2810,0,2810,2070,0,2070,81000EDG
R72 09902 0069,2810,0,2810,2070,0,2070,81000EDG
R72 09902 0077,5450,20860,26310,4450,15620,20070,81000EDG
R72 09902 0078,2450,0,2450,1810,0,1810,81000EDG
R72 09904 0025,2370,0,2370,1800,0,1800,81000FVP
R72 09904 0026,2210,0,2210,1710,0,1710,81000FVP
R72 09904 0053,4370,21680,26050,3760,25080,28840,81000EDG
R72 09904 0054,4370,22450,26820,2810,0,2810,81000EDG
R72 09904 0055,2180,0,2180,1690,0,1690,81000FVP
R72 09904 0056,830,0,830,1510,0,1510,81000FVP
R72 09904 0057,4370,12240,16610,3760,2840,6600,81000EDG
R72 09904 0059,2180,0,2180,1690,0,1690,81000FVP
R72 09904 0060,4370,21700,26070,1690,0,1690,81000EDG
R72 09904 0061,2180,0,2180,1690,0,1690,81000FVP
R72 09904 0062,2180,0,2180,1690,0,1690,81000FVP
R72 09904 0063,2180,0,2180,1690,0,1690,81000FVP
R72 09904 0064,2180,0,2180,1690,0,1690,81000FVP
R72 09904 0065,2180,0,2180,1690,0,1690,81000FVP
R72 09904 0066,2180,0,2180,1690,0,1690,81000FVP
R72 09904 0068,2180,0,2180,1690,0,1690,81000FVP
R72 09904 0069,2180,0,2180,1690,0,1690,81000FVP
R72 09904 0070,1090,0,1090,940,0,940,81000FVP
R72 09904 0074,2620,0,2620,1940,0,1940,81000FVP
R72 09904 0075,2620,0,2620,1940,0,1940,81000FVP
R72 09904 0076,1310,0,1310,1080,0,1080,81000FVP
R72 09904 0091,2030,0,2030,1550,0,1550,81000FVP
R72 10010 0032,2910,0,2910,2130,0,2130,81000CAR
R72 10010 0033,2700,0,2700,1960,0,1960,81000CAR
R72 10010 0034,7160,11800,18960,5930,10640,16570,81000CAR
R72 10107 0009,3600,23570,27170,3020,37450,40470,81000CAR
R72 10108 0001,6500,21660,28160,5110,19860,24970,81000CAR
R72 10108 0002,2910,0,2910,2130,0,2130,81000CAR
R72 10108 0003,2910,0,2910,2130,0,2130,81000CAR
R72 10108 0004,2910,0,2910,2130,0,2130,81000CAR
R72 10108 0005,2910,0,2910,2130,0,2130,81000CAR
R72 10108 0006,2910,0,2910,2130,0,2130,81000CAR
R72 10108 0007,5830,49660,55490,3130,0,3130,81000CAR
R72 10108 0008,2670,0,2670,1980,0,1980,81000CAR
R72 10108 0009,5090,39880,44970,4180,47430,51610,81000CAR
R72 10108 0012,2910,0,2910,2130,0,2130,81000CAR
R72 10108 0014,5830,23950,29780,4720,11790,16510,81000CAR
R72 10108 0015,5830,6960,12790,2360,0,2360,81000CAR
R72 10108 0016,5830,19500,25330,4720,32570,37290,81000CAR
R72 10108 0017,5830,22130,27960,4720,29810,34530,81000CAR
R72 10108 0019,4220,23760,27980,3690,24610,28300,81000CAR
R72 10108 0020,3940,0,3940,2920,0,2920,81000CAR
R72 10108 0022,2950,0,2950,2160,0,2160,81000CAR
R72 10108 0023,2710,0,2710,1980,0,1980,81000CAR
R72 10108 0024,3240,0,3240,2390,0,2390,81000CAR
R72 10108 0025,3300,0,3300,2460,0,2460,81000CAR
R72 10108 0026,6480,34010,40490,5300,43020,48320,81000CAR
R72 10108 0028,2710,0,2710,1990,0,1990,81000CAR
R72 10108 0029,2710,0,2710,1990,0,1990,81000CAR
R72 10108 0030,2620,0,2620,1930,0,1930,81000CAR
R72 10108 0031,3250,0,3250,2340,0,2340,81000CAR
R72 10108 0034,3160,0,3160,2770,0,2770,81000CAR
R72 10109 0002,3220,0,3220,2400,0,2400,81000CAR
R72 10109 0004,7450,33120,40570,5900,5710,11610,81000CAR
R72 10109 0010,3630,0,3630,2710,0,2710,81000CAR
R72 10109 0011,3550,25120,28670,3020,38880,41900,81000CAR
R72 10109 0012,3080,770,3850,2270,0,2270,81000CAR
R72 10109 0013,6160,21150,27310,2530,0,2530,81000CAR
R72 10109 0014,4930,0,4930,4040,0,4040,81000CAR
R72 10109 0015,3080,0,3080,2270,0,2270,81000CAR
R72 10109 0016,4860,27360,32220,4020,34100,38120,81000CAR
R72 10109 0017,5990,32600,38590,4900,29780,34680,81000CAR
R72 10109 0019,5990,30390,36380,4900,29630,34530,81000CAR
R72 10109 0020,2970,0,2970,2180,0,2180,81000CAR
R72 10109 0021,2350,0,2350,1910,0,1910,81000CAR
R72 10109 0023,5890,34090,39980,4770,35130,39900,81000CAR
R72 10109 0024,5910,25490,31400,2410,0,2410,81000CAR
R72 10109 0025,2950,0,2950,2160,0,2160,81000CAR
R72 10109 0026,7530,16580,24110,3110,0,3110,81000CAR
R72 10109 0027,2950,0,2950,2160,0,2160,81000CAR
R72 10109 0028,5910,25570,31480,4810,31660,36470,81000CAR
R72 10109 0029,2950,0,2950,2160,0,2160,81000CAR
R72 10109 0030,2950,0,2950,2160,0,2160,81000CAR
R72 10109 0031,5910,30210,36120,4810,39680,44490,81000CAR
R72 10109 0032,5910,1920,7830,4810,2730,7540,81000CAR
R72 10109 0033,5830,34350,40180,4740,35780,40520,81000CAR
R72 10109 0034,5830,31210,37040,4740,35060,39800,81000CAR
R72 10109 0035,5830,29620,35450,4740,18900,23640,81000CAR
R72 10109 0036,5830,20400,26230,4740,37680,42420,81000CAR
R72 10109 0037,5830,30430,36260,4740,26030,30770,81000CAR
R72 10109 0038,5830,28410,34240,4740,26910,31650,81000CAR
R72 10109 0039,5830,29600,35430,4740,13930,18670,81000CAR
R72 10109 0040,5830,29700,35530,4740,17440,22180,81000CAR
R72 10109 0041,3710,35910,39620,3380,38730,42110,81000CAR
R72 10109 0044,9040,30130,39170,7550,51700,59250,81000CAR
R72 10109 0046,1860,0,1860,1540,0,1540,81000CAR
R72 10109 0047,970,0,970,1770,0,1770,81000CAR
R72 10110 0001,5830,22850,28680,4740,34850,39590,81000CAR
R72 10110 0002,5830,27310,33140,4740,34560,39300,81000CAR
R72 10110 0003,5830,8620,14450,4740,26360,31100,81000CAR
R72 10110 0004,5830,0,5830,4740,0,4740,81000CAR
R72 10110 0005,4670,0,4670,3790,0,3790,81000CAR
R72 10110 0006,5830,36130,41960,4740,21590,26330,81000CAR
R72 10110 0007,5830,2170,8000,4740,1620,6360,81000CAR
R72 10110 0008,2910,0,2910,2130,0,2130,81000CAR
R72 10110 0009,5830,34930,40760,4740,28280,33020,81000CAR
R72 10110 0012,5830,33490,39320,4740,31510,36250,81000CAR
R72 10110 0014,5830,13520,19350,4740,14290,19030,81000CAR
R72 10110 0015,5910,30160,36070,4810,23710,28520,81000CAR
R72 10110 0016,5830,26620,32450,4740,8840,13580,81000CAR
R72 10110 0017,2910,0,2910,2130,0,2130,81000CAR
R72 10110 0018,5830,30390,36220,4740,30910,35650,81000CAR
R72 10110 0019,5830,27710,33540,4740,37160,41900,81000CAR
R72 10110 0020,2910,0,2910,2130,0,2130,81000CAR
R72 10110 0021,5830,29790,35620,4740,22020,26760,81000CAR
R72 10110 0022,5830,36430,42260,4740,43730,48470,81000CAR
R72 10110 0023,5750,22380,28130,4670,21690,26360,81000CAR
R72 10202 0032,3190,0,3190,2420,0,2420,81000CAR
R72 10202 0033,6850,42050,48900,5680,47570,53250,81000CAR
R72 10202 0034,2800,0,2800,2060,0,2060,81000CAR
R72 10202 0036,3430,0,3430,2560,0,2560,81000CAR
R72 10202 0037,9490,28440,37930,8050,36300,44350,81000CAR
R72 10202 0039,5810,32290,38100,4690,39620,44310,81000CAR
R72 10202 0040,6270,36720,42990,5030,15030,20060,81000CAR
R72 10202 0041,6270,30990,37260,5000,33030,38030,81000CAR
R72 10202 0089,4670,28620,33290,3960,20190,24150,81000CAR
R72 10204 0038,6200,30310,36510,5070,21120,26190,81000CAR
R72 10204 0039,3100,0,3100,2280,0,2280,81000CAR
R72 10204 0048,2470,0,2470,1810,0,1810,81000CAR
R72 10205 0014,4960,14510,19470,4020,19090,23110,81000CAR
R72 10205 0015,5910,14690,20600,4810,30140,34950,81000CAR
R72 10205 0016,2950,0,2950,2160,0,2160,81000CAR
R72 10205 0017,2950,0,2950,2160,0,2160,81000CAR
R72 10205 0018,2950,0,2950,2160,0,2160,81000CAR
R72 10205 0019,2950,0,2950,2160,0,2160,81000CAR
R72 10205 0021,2750,0,2750,2020,0,2020,81000CAR
R72 10205 0022,2950,0,2950,2160,0,2160,81000CAR
R72 10205 0023,3080,2610,5690,2500,560,3060,81000CAR
R72 10205 0024,1660,0,1660,1370,0,1370,81000CAR
R72 10205 0032,5830,18530,24360,4740,18250,22990,81000CAR
R72 10205 0033,2910,0,2910,2130,0,2130,81000CAR
R72 10205 0034,2910,0,2910,2130,0,2130,81000CAR
R72 10205 0035,2910,0,2910,2130,0,2130,81000CAR
R72 10205 0036,5540,0,5540,4260,0,4260,81000CAR
R72 10205 0041,3080,0,3080,2270,0,2270,81000CAR
R72 10205 0042,6160,27000,33160,5050,30600,35650,81000CAR
R72 10205 0043,3080,0,3080,2270,0,2270,81000CAR
R72 10205 0044,3080,0,3080,2270,0,2270,81000CAR
R72 10205 0045,6160,19510,25670,4550,0,4550,81000CAR
R72 10205 0046,3080,0,3080,2270,0,2270,81000CAR
R72 10205 0047,5240,26010,31250,4290,26490,30780,81000CAR
R72 10205 0048,6160,21900,28060,5050,19910,24960,81000CAR
R72 10205 0049,1970,0,1970,1580,0,1580,81000CAR
R72 10205 0056,5060,0,5060,4180,0,4180,81000CAR
R72 10205 0057,6330,32280,38610,5220,30090,35310,81000CAR
R72 10205 0058,6330,17680,24010,5220,2330,7550,81000CAR
R72 10205 0059,6330,32280,38610,5220,19050,24270,81000CAR
R72 10205 0060,6330,16600,22930,5220,10050,15270,81000CAR
R72 10205 0061,6330,8640,14970,5220,29920,35140,81000CAR
R72 10205 0062,2810,0,2810,2050,0,2050,81000CAR
R72 10205 0066,2470,0,2470,1810,0,1810,81000CAR
R72 10205 0072,1970,0,1970,1580,0,1580,81000CAR
R72 10205 0074,1970,0,1970,1580,0,1580,81000CAR
R72 10205 0077,1850,0,1850,1550,0,1550,81000CAR
R72 10205 0078,2050,0,2050,1630,0,1630,81000CAR
R72 10205 0082,2050,0,2050,1630,0,1630,81000CAR
R72 10206 0080,2550,0,2550,1850,0,1850,81000EDG
R72 10206 0081,3150,0,3150,2340,0,2340,81000EDG
R72 10206 0082,3150,0,3150,2330,0,2330,81000EDG
R72 10207 0005,2580,0,2580,1740,0,1740,C5000000
R72 10208 0009,5990,24200,30190,4880,23770,28650,81000EDG
R72 10208 0010,5990,16120,22110,4880,14640,19520,81000EDG
R72 10208 0011,5990,22580,28570,4880,25040,29920,81000EDG
R72 10208 0012,5990,20250,26240,4880,28810,33690,81000EDG
R72 10208 0013,5990,22000,27990,4880,0,4880,81000EDG
R72 10208 0017,6110,25640,31750,4970,28470,33440,81000EDG
R72 10208 0018,6110,18920,25030,4970,29580,34550,81000EDG
R72 10208 0019,3050,0,3050,2230,0,2230,81000EDG
R72 10208 0020,6110,20940,27050,4970,0,4970,81000EDG
R72 10208 0021,6110,28630,34740,4970,0,4970,81000EDG
R72 10208 0022,3050,0,3050,2230,0,2230,81000EDG
R72 10208 0023,6110,20370,26480,4970,29300,34270,81000EDG
R72 10208 0024,6270,20910,27180,5110,0,5110,81000EDG
R72 10208 0025,6110,28740,34850,4970,27370,32340,81000EDG
R72 10208 0026,6110,20750,26860,4970,0,4970,81000EDG
R72 10208 0027,6110,23150,29260,4970,31320,36290,81000EDG
R72 10208 0028,6110,24260,30370,4970,32410,37380,81000EDG
R72 10208 0031,6110,19640,25750,4970,4250,9220,81000EDG
R72 10208 0032,6270,23480,29750,5110,14210,19320,81000EDG
R72 10208 0033,6110,27830,33940,4970,7360,12330,81000EDG
R72 10208 0034,6110,20160,26270,4970,6950,11920,81000EDG
R72 10208 0035,1170,0,1170,930,0,930,81000EDG
R72 10208 0036,6110,22880,28990,5020,30750,35770,81000EDG
R72 10208 0037,6110,23930,30040,4970,12240,17210,81000EDG
R72 10208 0038,6110,16680,22790,4970,0,4970,81000EDG
R72 10208 0039,6110,19600,25710,4970,12950,17920,81000EDG
R72 10208 0040,5360,22040,27400,4390,36180,40570,81000EDG
R72 10208 0053,3240,15210,18450,1360,0,1360,81000EDG
R72 10209 0019,3120,0,3120,2290,0,2290,81000CAR
R72 10209 0020,6240,27450,33690,5090,23570,28660,81000CAR
R72 10209 0021,3120,0,3120,2290,0,2290,81000CAR
R72 10209 0022,3120,0,3120,2290,0,2290,81000CAR
R72 10209 0023,5830,30620,36450,4740,34240,38980,81000CAR
R72 10209 0029,3160,0,3160,2320,0,2320,81000CAR
R72 10209 0030,2080,0,2080,1640,0,1640,81000CAR
R72 10209 0032,7450,27720,35170,6140,18320,24460,81000CAR
R72 10209 0033,3240,0,3240,2390,0,2390,81000CAR
R72 10209 0034,4860,23750,28610,3900,14240,18140,81000CAR
R72 10209 0054,2860,0,2860,2110,0,2110,81000EDG
R72 10209 0055,2510,0,2510,1870,0,1870,81000EDG
R72 10209 0071,4170,38290,42460,3600,37770,41370,81000CAR
R72 10209 0072,6610,21830,28440,5480,23590,29070,81000CAR
R72 10209 0074,3300,0,3300,2470,0,2470,81000CAR
R72 10209 0075,3270,0,3270,2420,0,2420,81000CAR
R72 10209 0090,4390,31310,35700,3800,21490,25290,81000EDG
R72 10209 0092,4390,25390,29780,3800,24630,28430,81000EDG
R72 10209 0095,2080,0,2080,1640,0,1640,81000CAR
R72 10209 0107,4860,26410,31270,3900,13900,17800,81000CAR
R72 10209 0108,3120,0,3120,2290,0,2290,81000CAR
R72 10209 0115,4460,0,4460,3790,0,3790,81000CAR
R72 10210 0013,960,0,960,840,0,840,81000EDG
R72 10210 0014,6480,20040,26520,2580,0,2580,81000CAR
R72 10210 0015,5620,30970,36590,4560,31320,35880,81000EDG
R72 10210 0016,4640,30550,35190,3910,32330,36240,81000EDG
R72 10210 0017,4650,36060,40710,3900,36780,40680,81000EDG
R72 10210 0018,4590,35010,39600,3860,31840,35700,81000EDG
R72 10210 0019,4610,36760,41370,3900,0,3900,81000EDG
R72 10210 0020,2300,0,2300,1760,0,1760,81000EDG
R72 10210 0021,8290,29260,37550,7040,0,7040,81000EDG
R72 10210 0023,6130,30600,36730,5020,28730,33750,81000EDG
R72 10210 0024,4640,22970,27610,2920,0,2920,81000EDG
R72 10210 0025,4640,24690,29330,3910,20860,24770,81000EDG
R72 10210 0026,4640,41730,46370,3910,42860,46770,81000EDG
R72 10210 0027,6130,32760,38890,5020,26230,31250,81000EDG
R72 10210 0028,6130,30110,36240,5020,34210,39230,81000EDG
R72 10210 0037,2710,0,2710,1990,0,1990,81000EDG
R72 10210 0038,2800,0,2800,2050,0,2050,81000EDG
R72 10210 0039,5620,28080,33700,2280,0,2280,81000EDG
R72 10210 0040,5620,34400,40020,4560,29780,34340,81000EDG
R72 10210 0041,5620,28690,34310,4560,41710,46270,81000EDG
R72 10211 0034,8230,36230,44460,6680,46460,53140,81000EDG
R72 10211 0038,6610,41010,47620,5370,49250,54620,81000EDG
R72 10212 0001,6890,25470,32360,5640,4470,10110,81000EDG
R72 10212 0002,6670,25470,32140,5450,17010,22460,81000EDG
R72 10212 0004,6730,25900,32630,5480,15590,21070,81000EDG
R72 10212 0012,6470,26840,33310,5240,3350,8590,81000EDG
R72 10212 0013,6600,25460,32060,5360,17930,23290,81000EDG
R72 10212 0014,6600,24460,31060,5360,22260,27620,81000EDG
R72 10212 0015,6600,26710,33310,5360,18850,24210,81000EDG
R72 10212 0016,6600,26700,33300,5380,17330,22710,81000EDG
R72 10212 0025,2650,0,2650,1960,0,1960,81000EDG
R72 10212 0034,5630,27390,33020,4600,40840,45440,81000EDG
R72 10212 0035,5630,28840,34470,4600,36390,40990,81000EDG
R72 10212 0036,5630,26360,31990,4600,10820,15420,81000EDG
R72 10212 0037,5630,25800,31430,4600,35750,40350,81000EDG
R72 10212 0038,5630,21150,26780,2300,0,2300,81000EDG
R72 10212 0039,5630,18820,24450,4600,4790,9390,81000EDG
R72 10212 0040,5630,18130,23760,2300,0,2300,81000EDG
R72 10212 0041,5630,29970,35600,4600,0,4600,81000EDG
R72 10213 0001,7270,35870,43140,5940,30550,36490,81000EDG
R72 10213 0002,2950,0,2950,2180,0,2180,81000EDG
R72 10213 0003,5970,26460,32430,4860,17990,22850,81000EDG
R72 10213 0004,5970,34050,40020,4860,34680,39540,81000EDG
R72 10213 0005,5740,30400,36140,4670,25730,30400,81000EDG
R72 10213 0006,5740,28990,34730,4690,24790,29480,81000EDG
R72 10213 0007,5740,24990,30730,4690,24690,29380,81000EDG
R72 10213 0008,5660,23200,28860,3470,0,3470,81000EDG
R72 10213 0012,6380,67620,74000,5250,63030,68280,81000EDG
R72 10213 0023,5850,30810,36660,4780,38660,43440,81000EDG
R72 10213 0024,5850,26650,32500,4780,30290,35070,81000EDG
R72 10213 0025,5850,13500,19350,4780,29790,34570,81000EDG
R72 10213 0026,5850,23710,29560,4780,14820,19600,81000EDG
R72 10213 0030,5850,22610,28460,4780,19220,24000,81000EDG
R72 10213 0031,5850,26160,32010,4780,22070,26850,81000EDG
R72 10213 0032,2920,0,2920,2150,0,2150,81000EDG
R72 10213 0033,5850,30110,35960,4780,18390,23170,81000EDG
R72 10213 0034,5850,23350,29200,2390,0,2390,81000EDG
R72 10213 0040,2140,420,2560,1860,490,2350,81000EDG
R72 10213 0041,2530,0,2530,1880,0,1880,81000EDG
R72 10213 0042,3910,0,3910,2600,0,2600,81000EDG
R72 10213 0043,7960,35490,43450,6530,38920,45450,81000EDG
R72 10213 0044,5850,29950,35800,4780,36720,41500,81000EDG
R72 10213 0045,5850,30820,36670,4780,35990,40770,81000EDG
R72 10213 0046,5850,30750,36600,4780,35410,40190,81000EDG
R72 10213 0047,5850,34190,40040,4780,36400,41180,81000EDG
R72 10213 0049,5850,27240,33090,2380,0,2380,81000EDG
R72 10213 0050,7050,30670,37720,5680,27910,33590,81000EDG
R72 10213 0052,5850,23710,29560,2390,0,2390,81000EDG
R72 10213 0053,5850,18020,23870,4780,19720,24500,81000EDG
R72 10213 0054,5850,22930,28780,4780,40140,44920,81000EDG
R72 10213 0055,1110,0,1110,2150,0,2150,81000EDG
R72 10213 0056,5850,29230,35080,4780,28160,32940,81000EDG
R72 10213 0057,2920,0,2920,2150,0,2150,81000EDG
R72 10213 0058,5850,33520,39370,4780,36670,41450,81000EDG
R72 10213 0061,2920,0,2920,2150,0,2150,81000EDG
R72 10213 0062,5850,18070,23920,4780,22520,27300,81000EDG
R72 10213 0063,5850,24640,30490,4780,890,5670,81000EDG
R72 10213 0064,5850,31730,37580,4780,29560,34340,81000EDG
R72 10213 0065,5850,35740,41590,4780,31800,36580,81000EDG
R72 10213 0066,5850,29900,35750,4780,29190,33970,81000EDG
R72 10213 0067,5970,25860,31830,4860,30320,35180,81000EDG
R72 10213 0069,2980,0,2980,2190,0,2190,81000EDG
R72 10301 0066,6440,24770,31210,5390,0,5390,81000EDG
R72 10301 0067,6530,27360,33890,5480,2350,7830,81000EDG
R72 10301 0068,6530,23610,30140,2740,0,2740,81000EDG
R72 10301 0069,3260,0,3260,2460,0,2460,81000EDG
R72 10301 0070,6530,22380,28910,5480,30030,35510,81000EDG
R72 10301 0071,6530,23430,29960,5480,22590,28070,81000EDG
R72 10301 0072,6530,24940,31470,5480,23020,28500,81000EDG
R72 10302 0001,5350,23100,28450,2160,0,2160,81000EDG
R72 10302 0002,2640,0,2640,1940,0,1940,81000EDG
R72 10302 0003,2670,0,2670,1940,0,1940,81000EDG
R72 10302 0004,6580,4720,11300,2760,0,2760,81000EDG
R72 10302 0005,1240,0,1240,2490,0,2490,81000EDG
R72 10302 0006,3290,0,3290,2490,0,2490,81000EDG
R72 10302 0007,3290,0,3290,2490,0,2490,81000EDG
R72 10302 0008,6580,5640,12220,2760,0,2760,81000EDG
R72 10302 0009,3290,0,3290,2490,0,2490,81000EDG
R72 10302 0010,3290,0,3290,2490,0,2490,81000EDG
R72 10302 0022,2870,0,2870,2110,0,2110,81000EDG
R72 10302 0023,4420,0,4420,3230,0,3230,81000EDG
R72 10302 0025,6120,39140,45260,2510,0,2510,81000EDG
R72 10302 0027,3090,0,3090,2270,0,2270,81000EDG
R72 10302 0028,3090,0,3090,2280,0,2280,81000EDG
R72 10302 0029,1150,0,1150,950,0,950,81000EDG
R72 10302 0030,1150,0,1150,950,0,950,81000EDG
R72 10302 0031,3090,0,3090,2280,0,2280,81000EDG
R72 10302 0032,3120,0,3120,2290,0,2290,81000EDG
R72 10302 0033,1160,0,1160,950,0,950,81000EDG
R72 10302 0034,1160,0,1160,950,0,950,81000EDG
R72 10302 0043,2400,0,2400,1810,0,1810,81000EDG
R72 10302 0044,2820,0,2820,2080,0,2080,81000EDG
R72 10302 0045,2830,0,2830,2080,0,2080,81000EDG
R72 10302 0046,2830,0,2830,2080,0,2080,81000EDG
R72 10302 0048,2830,0,2830,2080,0,2080,81000EDG
R72 10302 0049,2830,0,2830,2080,0,2080,81000EDG
R72 10302 0050,3150,0,3150,2310,0,2310,81000EDG
R72 10302 0051,1180,0,1180,960,0,960,81000EDG
R72 10302 0053,1180,0,1180,960,0,960,81000EDG
R72 10302 0054,1180,0,1180,960,0,960,81000EDG
R72 10302 0055,1180,0,1180,960,0,960,81000EDG
R72 10302 0056,2350,0,2350,1720,0,1720,81000EDG
R72 10302 0057,3150,0,3150,2310,0,2310,81000EDG
R72 10302 0058,6300,25420,31720,5140,22250,27390,81000EDG
R72 10302 0059,2350,0,2350,1720,0,1720,81000EDG
R72 10302 0060,4730,27720,32450,3820,9700,13520,81000EDG
R72 10302 0061,6300,21460,27760,5140,29900,35040,81000EDG
R72 10302 0062,3150,0,3150,2310,0,2310,81000EDG
R72 10302 0089,5350,6960,12310,2160,0,2160,81000EDG
R72 10302 0090,2670,0,2670,1940,0,1940,81000EDG
R72 10302 0091,5670,0,5670,4610,0,4610,81000EDG
R72 10302 0093,2830,0,2830,2080,0,2080,81000EDG
R72 10302 0095,2330,0,2330,1710,0,1710,81000EDG
R72 10303 0002,5410,29110,34520,4420,24300,28720,81000EDG
R72 10303 0003,5250,4600,9850,1930,0,1930,81000EDG
R72 10303 0004,5250,3240,8490,4290,1040,5330,81000EDG
R72 10303 0005,2620,0,2620,1930,0,1930,81000EDG
R72 10303 0006,5250,19330,24580,4290,26560,30850,81000EDG
R72 10303 0007,5250,19480,24730,4290,23900,28190,81000EDG
R72 10303 0011,5640,27930,33570,4610,48920,53530,81000EDG
R72 10303 0012,5640,29050,34690,4610,21950,26560,81000EDG
R72 10303 0013,5640,20000,25640,4610,28790,33400,81000EDG
R72 10303 0014,5640,22240,27880,4610,24130,28740,81000EDG
R72 10303 0015,5640,23470,29110,4610,28490,33100,81000EDG
R72 10303 0016,2820,0,2820,2080,0,2080,81000EDG
R72 10303 0017,5640,22200,27840,4610,28870,33480,81000EDG
R72 10303 0018,5640,6490,12130,2080,0,2080,81000EDG
R72 10303 0019,5640,31110,36750,4610,0,4610,81000EDG
R72 10303 0020,2820,0,2820,2080,0,2080,81000EDG
R72 10303 0021,5640,8090,13730,2080,0,2080,81000EDG
R72 10303 0022,5640,14850,20490,4610,26140,30750,81000EDG
R72 10303 0023,5640,25390,31030,4610,23520,28130,81000EDG
R72 10303 0024,7180,22590,29770,6120,33080,39200,81000EDG
R72 10303 0028,5640,13950,19590,4610,0,4610,81000EDG
R72 10303 0029,5640,17010,22650,4610,41460,46070,81000EDG
R72 10303 0030,5640,11910,17550,4610,31150,35760,81000EDG
R72 10303 0031,2820,0,2820,2080,0,2080,81000EDG
R72 10303 0032,5640,19870,25510,3460,0,3460,81000EDG
R72 10303 0033,5640,15120,20760,4610,3160,7770,81000EDG
R72 10303 0034,5640,21200,26840,4610,35910,40520,81000EDG
R72 10303 0035,5640,20980,26620,4610,29130,33740,81000EDG
R72 10303 0036,2820,0,2820,2080,0,2080,81000EDG
R72 10303 0037,5640,14780,20420,4610,32010,36620,81000EDG
R72 10303 0038,5640,17280,22920,4610,39610,44220,81000EDG
R72 10303 0039,5640,5370,11010,4610,2090,6700,81000EDG
R72 10303 0040,5640,19970,25610,2310,0,2310,81000EDG
R72 10303 0041,5640,25090,30730,4610,34380,38990,81000EDG
R72 10303 0042,5640,18770,24410,4610,33630,38240,81000EDG
R72 10303 0043,5640,4020,9660,2080,0,2080,81000EDG
R72 10303 0044,5640,30140,35780,4610,34350,38960,81000EDG
R72 10303 0045,2820,0,2820,2080,0,2080,81000EDG
R72 10303 0046,5640,22260,27900,4610,33410,38020,81000EDG
R72 10303 0047,5640,13010,18650,4610,29210,33820,81000EDG
R72 10303 0048,5640,36580,42220,4610,48980,53590,81000EDG
R72 10303 0049,5640,11810,17450,4610,0,4610,81000EDG
R72 10303 0050,6180,17500,23680,5060,39790,44850,81000EDG
R72 10303 0051,5250,34850,40100,4290,23920,28210,81000EDG
R72 10304 0002,5470,17490,22960,4050,0,4050,81000EDG
R72 10305 0005,5380,27080,32460,4400,17980,22380,81000EDG
R72 10305 0006,5310,24380,29690,4350,16250,20600,81000EDG
R72 10305 0007,2880,0,2880,2120,0,2120,81000EDG
R72 10305 0009,6160,23200,29360,5020,0,5020,81000EDG
R72 10305 0011,5270,22430,27700,4250,27030,31280,81000EDG
R72 10305 0012,6080,22290,28370,4950,10130,15080,81000EDG
R72 10305 0013,6080,21550,27630,2230,0,2230,81000EDG
R72 10305 0014,6080,21710,27790,2480,0,2480,81000EDG
R72 10305 0015,3030,0,3030,2230,0,2230,81000EDG
R72 10305 0016,6080,21710,27790,4950,860,5810,81000EDG
R72 10305 0017,6080,24440,30520,4950,20660,25610,81000EDG
R72 10305 0018,6080,26510,32590,4950,22660,27610,81000EDG
R72 10305 0019,6080,24510,30590,4950,31140,36090,81000EDG
R72 10305 0020,6080,23840,29920,4950,31140,36090,81000EDG
R72 10305 0022,3030,0,3030,2230,0,2230,81000EDG
R72 10305 0023,6080,22360,28440,4950,20710,25660,81000EDG
R72 10305 0024,3030,0,3030,2230,0,2230,81000EDG
R72 10305 0025,3030,0,3030,2230,0,2230,81000EDG
R72 10305 0026,6080,32170,38250,4950,27110,32060,81000EDG
R72 10305 0027,6080,20520,26600,4950,24320,29270,81000EDG
R72 10305 0028,6080,2790,8870,4950,14900,19850,81000EDG
R72 10305 0034,2470,0,2470,1850,0,1850,81000EDG
R72 10305 0042,5750,24410,30160,4670,17240,21910,81000EDG
R72 10305 0043,5750,22500,28250,4670,17260,21930,81000EDG
R72 10305 0044,7370,23490,30860,6070,0,6070,81000EDG
R72 10305 0045,2870,0,2870,2100,0,2100,81000EDG
R72 10305 0047,5750,24240,29990,4670,31610,36280,81000EDG
R72 10305 0048,2870,0,2870,2100,0,2100,81000EDG
R72 10305 0049,2870,0,2870,2100,0,2100,81000EDG
R72 10305 0050,6160,24110,30270,5020,19110,24130,81000EDG
R72 10305 0051,5910,22650,28560,4810,11280,16090,81000EDG
R72 10305 0053,5400,28120,33520,4430,32630,37060,81000EDG
R72 10306 0001,3930,21770,25700,1760,0,1760,81000EDG
R72 10306 0003,2390,0,2390,1800,0,1800,81000EDG
R72 10306 0004,5510,27300,32810,4510,23550,28060,81000EDG
R72 10306 0005,5510,25830,31340,4510,21620,26130,81000EDG
R72 10306 0006,5510,30300,35810,4510,23240,27750,81000EDG
R72 10306 0007,5490,26590,32080,4510,22660,27170,81000EDG
R72 10306 0008,2720,0,2720,2000,0,2000,81000EDG
R72 10306 0009,2720,0,2720,2000,0,2000,81000EDG
R72 10306 0013,950,0,950,780,0,780,81000EDG
R72 10306 0014,2720,0,2720,2000,0,2000,81000EDG
R72 10306 0016,5420,3070,8490,1990,0,1990,81000EDG
R72 10306 0018,2750,0,2750,2030,0,2030,81000EDG
R72 10306 0019,5510,30190,35700,4510,21130,25640,81000EDG
R72 10306 0020,2750,0,2750,2030,0,2030,81000EDG
R72 10306 0021,2750,0,2750,2030,0,2030,81000EDG
R72 10306 0022,5440,32980,38420,4460,35420,39880,81000EDG
R72 10306 0024,2720,0,2720,2000,0,2000,81000EDG
R72 10306 0025,2720,0,2720,2000,0,2000,81000EDG
R72 10306 0026,2720,0,2720,2000,0,2000,81000EDG
R72 10306 0027,2720,0,2720,2000,0,2000,81000EDG
R72 10306 0028,5440,0,5440,4460,0,4460,81000EDG
R72 10306 0029,2720,0,2720,2000,0,2000,81000EDG
R72 10306 0031,5020,5440,10460,4180,2080,6260,81000EDG
R72 10306 0034,2810,0,2810,2070,0,2070,81000EDG
R72 10306 0035,2770,0,2770,2040,0,2040,81000EDG
R72 10306 0046,3930,19890,23820,1580,0,1580,81000EDG
R72 10306 0049,4610,8840,13450,1740,0,1740,81000EDG
R72 10306 0051,4330,5850,10180,1880,0,1880,81000EDG
R72 10306 0053,3930,23970,27900,1760,0,1760,81000EDG
R72 10306 0056,5700,19110,24810,4600,0,4600,81000EDG
R72 10311 0001,5850,26680,32530,4780,23250,28030,81000EDG
R72 10311 0002,5850,26070,31920,4780,26940,31720,81000EDG
R72 10311 0003,5850,26090,31940,4780,24600,29380,81000EDG
R72 10311 0004,5850,38850,44700,4780,32050,36830,81000EDG
R72 10311 0013,5850,29470,35320,4780,30740,35520,81000EDG
R72 10311 0014,5850,29300,35150,4780,18970,23750,81000EDG
R72 10311 0015,5850,35800,41650,4780,40120,44900,81000EDG
R72 10311 0016,5850,27740,33590,4780,9710,14490,81000EDG
R72 10311 0017,5850,27570,33420,4780,29120,33900,81000EDG
R72 10311 0018,5850,30220,36070,4780,38950,43730,81000EDG
R72 10311 0019,5850,14330,20180,4780,19680,24460,81000EDG
R72 10311 0020,5850,25770,31620,4780,25280,30060,81000EDG
R72 10311 0021,5850,31510,37360,4780,28860,33640,81000EDG
R72 10311 0025,5850,30470,36320,4780,30530,35310,81000EDG
R72 10311 0026,5850,31200,37050,4780,23130,27910,81000EDG
R72 10311 0027,5850,28340,34190,4780,32160,36940,81000EDG
R72 10311 0028,5850,19720,25570,4780,32060,36840,81000EDG
R72 10311 0029,5850,33100,38950,4780,35390,40170,81000EDG
R72 10311 0030,5850,41500,47350,4780,42520,47300,81000EDG
R72 10311 0031,2920,0,2920,2150,0,2150,81000EDG
R72 10311 0032,5930,36030,41960,4840,44330,49170,81000EDG
R72 10311 0033,5770,36710,42480,4710,39710,44420,81000EDG
R72 10311 0034,5850,30060,35910,4780,1920,6700,81000EDG
R72 10311 0035,5850,36210,42060,4780,38660,43440,81000EDG
R72 10311 0036,5850,36920,42770,4780,38430,43210,81000EDG
R72 10311 0037,5850,31640,37490,4780,0,4780,81000EDG
R72 10311 0038,2920,0,2920,2150,0,2150,81000EDG
R72 10311 0039,5850,26400,32250,4780,22230,27010,81000EDG
R72 10311 0040,5850,22220,28070,4780,22550,27330,81000EDG
R72 10311 0041,2920,0,2920,2150,0,2150,81000EDG
R72 10311 0042,5850,15050,20900,4780,12280,17060,81000EDG
R72 10311 0043,5850,24370,30220,4780,28970,33750,81000EDG
R72 10311 0044,2920,0,2920,2150,0,2150,81000EDG
R72 10311 0045,5850,25730,31580,4780,30550,35330,81000EDG
R72 10311 0046,5850,30540,36390,4780,26430,31210,81000EDG
R72 10311 0047,2920,0,2920,2150,0,2150,81000EDG
R72 10311 0048,5850,24180,30030,4780,23800,28580,81000EDG
R72 10311 0049,5740,22430,28170,4690,25050,29740,81000EDG
R72 10311 0050,5740,25000,30740,4690,25880,30570,81000EDG
R72 10311 0051,5740,28850,34590,4710,26610,31320,81000EDG
R72 10311 0053,2870,0,2870,2120,0,2120,81000EDG
R72 10311 0054,5740,25390,31130,4710,19410,24120,81000EDG
R72 10311 0055,5740,27370,33110,4710,15280,19990,81000EDG
R72 10311 0056,5740,22380,28120,4710,30880,35590,81000EDG
R72 10311 0057,2890,0,2890,2130,0,2130,81000EDG
R72 10311 0058,5790,22510,28300,4720,29740,34460,81000EDG
R72 10311 0059,5790,34380,40170,4720,29930,34650,81000EDG
R72 10311 0060,5790,36580,42370,4720,37730,42450,81000EDG
R72 10401 0001,3390,0,3390,2470,0,2470,82000EDG
R72 10401 0002,3820,0,3820,3150,0,3150,82000EDG
R72 10401 0004,4700,2630,7330,1740,0,1740,82000EDG
R72 10401 0005,3420,0,3420,2480,0,2480,82000EDG
R72 10401 0006,5440,29790,35230,4440,25190,29630,82000EDG
R72 10401 0007,5440,31940,37380,4440,21220,25660,82000EDG
R72 10401 0008,5440,29090,34530,4440,16650,21090,82000EDG
R72 10401 0009,5510,33510,39020,4500,830,5330,82000EDG
R72 10401 0010,2750,0,2750,2020,0,2020,82000EDG
R72 10401 0011,5510,32200,37710,2250,0,2250,82000EDG
R72 10401 0012,6140,35930,42070,4950,28730,33680,82000EDG
R72 10401 0013,2550,0,2550,2100,0,2100,82000EDG
R72 10401 0014,2550,0,2550,2100,0,2100,82000EDG
R72 10401 0015,5110,25890,31000,4200,10250,14450,82000EDG
R72 10401 0016,5110,24650,29760,4200,3790,7990,82000EDG
R72 10401 0017,2550,0,2550,1890,0,1890,82000EDG
R72 10401 0018,5110,20990,26100,4200,16230,20430,82000EDG
R72 10401 0019,5110,21210,26320,4200,3480,7680,82000EDG
R72 10401 0020,5110,37380,42490,4200,1500,5700,82000EDG
R72 10401 0023,5110,33110,38220,4200,0,4200,82000EDG
R72 10401 0024,5110,30170,35280,4200,0,4200,82000EDG
R72 10401 0025,5110,29670,34780,4200,23740,27940,82000EDG
R72 10401 0026,5110,16670,21780,4200,35300,39500,82000EDG
R72 10401 0027,7180,34050,41230,5700,29150,34850,82000EDG
R72 10401 0029,2480,0,2480,1850,0,1850,82000EDG
R72 10401 0030,4970,22370,27340,4100,18600,22700,82000EDG
R72 10401 0031,8420,24540,32960,6600,21930,28530,82000EDG
R72 10401 0032,4970,32950,37920,4100,23690,27790,82000EDG
R72 10401 0033,2480,0,2480,1850,0,1850,82000EDG
R72 10401 0034,4970,33180,38150,4100,23130,27230,82000EDG
R72 10401 0035,4970,30590,35560,4100,1810,5910,82000EDG
R72 10401 0036,5850,14560,20410,4780,30050,34830,82000EDG
R72 10401 0038,5550,30960,36510,4540,4940,9480,82000EDG
R72 10401 0039,2770,6800,9570,2270,13720,15990,82000EDG
R72 10401 0040,5550,30630,36180,4540,36950,41490,82000EDG
R72 10401 0041,4830,30410,35240,4030,4480,8510,82000EDG
R72 10401 0042,4830,28280,33110,4030,23650,27680,82000EDG
R72 10401 0045,5700,30220,35920,2100,0,2100,82000EDG
R72 10401 0048,1550,0,1550,1250,0,1250,82000EDG
R72 10401 0049,3040,0,3040,2260,0,2260,82000EDG
R72 10401 0051,2380,0,2380,1770,0,1770,82000EDG
R72 10401 0052,4700,2560,7260,1740,0,1740,82000EDG
R72 10401 0055,2420,0,2420,1810,0,1810,82000EDG
R72 10402 0007,2510,27890,30400,2040,11240,13280,82000EDG
R72 10402 0008,5450,4630,10080,4470,1750,6220,82000EDG
R72 10402 0009,5560,31820,37380,4550,13680,18230,82000EDG
R72 10402 0010,5450,32830,38280,4470,10490,14960,82000EDG
R72 10402 0011,2720,0,2720,2010,0,2010,82000EDG
R72 10402 0012,5450,4240,9690,4020,0,4020,82000EDG
R72 10402 0013,2720,0,2720,2010,0,2010,82000EDG
R72 10402 0014,2720,0,2720,2010,0,2010,82000EDG
R72 10402 0015,2720,0,2720,2010,0,2010,82000EDG
R72 10402 0016,5450,19430,24880,4470,21490,25960,82000EDG
R72 10402 0028,5670,9490,15160,2310,0,2310,82000EDG
R72 10402 0029,2720,0,2720,2010,0,2010,82000EDG
R72 10402 0030,5450,30460,35910,4470,25310,29780,82000EDG
R72 10402 0031,5450,28940,34390,4470,16380,20850,82000EDG
R72 10402 0032,2720,0,2720,2010,0,2010,82000EDG
R72 10402 0033,5450,25330,30780,4470,2410,6880,82000EDG
R72 10402 0034,5450,12430,17880,4470,22590,27060,82000EDG
R72 10402 0035,5450,43470,48920,4470,33520,37990,82000EDG
R72 10402 0036,2720,0,2720,2010,0,2010,82000EDG
R72 10402 0049,5400,26710,32110,4440,22910,27350,82000EDG
R72 10402 0050,2700,0,2700,2000,0,2000,82000EDG
R72 10402 0051,5400,15990,21390,4440,8200,12640,82000EDG
R72 10402 0052,5400,24780,30180,4440,18810,23250,82000EDG
R72 10402 0053,5400,0,5400,2220,0,2220,82000EDG
R72 10402 0054,5400,27910,33310,4440,18420,22860,82000EDG
R72 10402 0055,5400,31690,37090,4440,21040,25480,82000EDG
R72 10402 0056,2700,0,2700,2000,0,2000,82000EDG
R72 10402 0058,5780,44530,50310,4720,13060,17780,82000EDG
R72 10402 0059,5780,27520,33300,2120,0,2120,82000EDG
R72 10402 0060,5780,31530,37310,4720,21850,26570,82000EDG
R72 10402 0061,5780,47210,52990,4720,38520,43240,82000EDG
R72 10402 0062,5700,38490,44190,4660,0,4660,82000EDG
R72 10402 0063,5700,38830,44530,4660,33500,38160,82000EDG
R72 10402 0064,2730,0,2730,2020,0,2020,82000EDG
R72 10402 0065,2700,0,2700,1990,0,1990,82000EDG
R72 10402 0066,5400,59490,64890,4420,7850,12270,82000EDG
R72 10402 0067,5400,22960,28360,4420,14480,18900,82000EDG
R72 10403 0003,5570,38350,43920,4570,25270,29840,82000EDG
R72 10403 0005,5570,35580,41150,4570,25940,30510,82000EDG
R72 10403 0006,5570,38460,44030,4570,20430,25000,82000EDG
R72 10403 0007,2780,0,2780,2060,0,2060,82000EDG
R72 10403 0008,5080,53110,58190,4200,45910,50110,82000EDG
R72 10403 0009,2780,0,2780,2060,0,2060,82000EDG
R72 10403 0010,5570,33970,39540,4570,19130,23700,82000EDG
R72 10403 0011,5570,28600,34170,4570,3110,7680,82000EDG
R72 10403 0012,5570,4510,10080,4570,3230,7800,82000EDG
R72 10403 0014,2800,22330,25130,2830,48880,51710,82000EDG
R72 10403 0015,7050,35200,42250,5680,20900,26580,82000EDG
R72 10403 0016,7050,32770,39820,5680,23740,29420,82000EDG
R72 10403 0017,7050,36490,43540,5680,27100,32780,82000EDG
R72 10403 0018,7050,34390,41440,5680,28060,33740,82000EDG
R72 10403 0019,7050,42280,49330,5680,38610,44290,82000EDG
R72 10403 0020,7050,38190,45240,5680,23490,29170,82000EDG
R72 10403 0021,7050,32930,39980,5680,15480,21160,82000EDG
R72 10403 0028,5500,25080,30580,2020,0,2020,82000EDG
R72 10403 0029,5500,27030,32530,4500,14680,19180,82000EDG
R72 10403 0030,5500,18320,23820,4500,15730,20230,82000EDG
R72 10403 0031,5500,31030,36530,4500,20520,25020,82000EDG
R72 10403 0032,5500,27190,32690,4500,18740,23240,82000EDG
R72 10403 0033,5500,33940,39440,4500,19430,23930,82000EDG
R72 10403 0042,5570,33280,38850,4570,17920,22490,82000EDG
R72 10403 0043,5570,33030,38600,4570,18320,22890,82000EDG
R72 10403 0046,5570,40070,45640,4570,27730,32300,82000EDG
R72 10403 0047,5570,39540,45110,4570,33750,38320,82000EDG
R72 10403 0048,2780,0,2780,2060,0,2060,82000EDG
R72 10403 0049,5570,33220,38790,4570,21970,26540,82000EDG
R72 10403 0050,5570,29630,35200,4570,21080,25650,82000EDG
R72 10403 0052,7200,33530,40730,5770,31550,37320,82000EDG
R72 10403 0053,7200,13130,20330,5770,25840,31610,82000EDG
R72 10403 0054,7200,35370,42570,5770,28050,33820,82000EDG
R72 10403 0055,7200,43240,50440,5770,35580,41350,82000EDG
R72 10403 0056,7200,37540,44740,5770,35950,41720,82000EDG
R72 10403 0057,7200,27120,34320,5770,36400,42170,82000EDG
R72 10403 0058,7200,32040,39240,5770,32150,37920,82000EDG
R72 10403 0059,7850,33420,41270,6260,21390,27650,82000EDG
R72 10403 0064,6840,35400,42240,5520,34730,40250,82000EDG
R72 10403 0066,6350,32390,38740,5150,26340,31490,82000EDG
R72 10403 0069,6350,31220,37570,5150,25000,30150,82000EDG
R72 10403 0071,6350,31530,37880,5150,21290,26440,82000EDG
R72 10403 0072,6350,10190,16540,2580,0,2580,82000EDG
R72 10403 0074,6350,32170,38520,5150,31090,36240,82000EDG
R72 10403 0076,2750,0,2750,2030,0,2030,82000EDG
R72 10403 0077,5570,36440,42010,4570,27580,32150,82000EDG
R72 10403 0078,6340,29280,35620,5120,0,5120,82000EDG
R72 10403 0079,6340,34650,40990,5120,23510,28630,82000EDG
R72 10403 0080,6340,32340,38680,5120,25160,30280,82000EDG
R72 10403 0083,6480,30150,36630,5230,26090,31320,82000EDG
R72 10403 0085,6480,33640,40120,5230,25990,31220,82000EDG
R72 10403 0086,6480,29790,36270,5230,20950,26180,82000EDG
R72 10403 0088,6190,33200,39390,5010,30730,35740,82000EDG
R72 10403 0090,6480,35640,42120,5230,27610,32840,82000EDG
R72 10403 0091,6480,35190,41670,5230,29390,34620,82000EDG
R72 10403 0098,6260,36340,42600,5060,30010,35070,82000EDG
R72 10403 0100,6350,39590,45940,5150,35640,40790,82000EDG
R72 10403 0103,6350,36640,42990,5150,29730,34880,82000EDG
R72 10403 0105,6350,31190,37540,5150,30860,36010,82000EDG
R72 10403A0003,7500,32710,40210,7500,29510,37010,82000EDG
R72 10403A0004,8670,35490,44160,6950,29640,36590,82000EDG
R72 10403A0010,5430,22490,27920,4440,13880,18320,82000EDG
R72 10403A0012,5430,26790,32220,4440,15390,19830,82000EDG
R72 10403A0013,5430,26390,31820,4440,17990,22430,82000EDG
R72 10403A0014,5430,26780,32210,4440,13970,18410,82000EDG
R72 10403A0015,5430,29100,34530,4440,12980,17420,82000EDG
R72 10403A0016,5430,28650,34080,4440,16510,20950,82000EDG
R72 10403A0017,5430,28680,34110,4440,20870,25310,82000EDG
R72 10403A0018,2820,0,2820,2070,0,2070,82000EDG
R72 10403A0019,2960,0,2960,2160,0,2160,82000EDG
R72 10403A0020,5500,28760,34260,4500,15780,20280,82000EDG
R72 10403A0021,5500,34510,40010,4500,19160,23660,82000EDG
R72 10403A0022,5500,26870,32370,4500,14650,19150,82000EDG
R72 10403A0024,4290,0,4290,3530,0,3530,82000EDG
R72 10403A0025,2710,0,2710,2010,0,2010,82000EDG
R72 10403A0026,7500,17530,25030,7500,19930,27430,82000EDG
R72 10403A0028,5430,27020,32450,4460,0,4460,82000EDG
R72 10403A0029,5430,31160,36590,4460,19940,24400,82000EDG
R72 10403A0030,5430,40380,45810,4460,26150,30610,82000EDG
R72 10403A0031,5430,30050,35480,4460,16240,20700,82000EDG
R72 10403A0032,5640,33020,38660,2310,0,2310,82000EDG
R72 10403A0033,8530,37480,46010,6790,32530,39320,82000EDG
R72 10403A0035,5570,37000,42570,4570,27700,32270,82000EDG
R72 10403A0036,5570,38900,44470,4570,23120,27690,82000EDG
R72 10403A0037,5570,37290,42860,4570,9450,14020,82000EDG
R72 10403A0038,7200,30760,37960,5770,27770,33540,82000EDG
R72 10403A0044,8640,31750,40390,6860,27630,34490,82000EDG
R72 10403A0046,2880,0,2880,2110,0,2110,82000EDG
R72 10403A0047,5760,25110,30870,4680,16140,20820,82000EDG
R72 10403A0048,2880,0,2880,2110,0,2110,82000EDG
R72 10403A0049,2970,0,2970,2180,0,2180,82000EDG
R72 10403A0050,2820,0,2820,2070,0,2070,82000EDG
R72 10403A0051,5570,39770,45340,4570,34430,39000,82000EDG
R72 10403A0052,5570,31680,37250,4570,22890,27460,82000EDG
R72 10403A0053,8320,28160,36480,6630,28440,35070,82000EDG
R72 10403A0055,5710,35560,41270,4670,25880,30550,82000EDG
R72 10403A0056,5640,33530,39170,4620,3930,8550,82000EDG
R72 10403A0057,5430,30270,35700,4460,22760,27220,82000EDG
R72 10403A0058,5430,23070,28500,4460,20540,25000,82000EDG
R72 10403A0059,5430,37330,42760,4460,27970,32430,82000EDG
R72 10403A0060,5430,32370,37800,4460,4100,8560,82000EDG
R72 10403A0062,2710,0,2710,2010,0,2010,82000EDG
R72 10403A0063,5430,40900,46330,2230,0,2230,82000EDG
R72 10403A0064,5920,33150,39070,4830,0,4830,82000EDG
R72 10403A0065,7050,28000,35050,5680,20700,26380,82000EDG
R72 10403A0067,5570,31570,37140,4570,25460,30030,82000EDG
R72 10403A0068,5570,41220,46790,4570,31100,35670,82000EDG
R72 10403A0069,5780,25590,31370,4730,27100,31830,82000EDG
R72 10403A0070,2820,0,2820,2080,0,2080,82000EDG
R72 10403A0071,5640,0,5640,4620,0,4620,82000EDG
R72 10403A0072,5640,28900,34540,4620,1190,5810,82000EDG
R72 10403A0073,2820,0,2820,2080,0,2080,82000EDG
R72 10403A0074,5640,25890,31530,4620,16800,21420,82000EDG
R72 10403A0080,5570,26780,32350,4550,15500,20050,82000EDG
R72 10403A0084,5570,26820,32390,4570,15090,19660,82000EDG
R72 10403A0095,5710,42400,48110,4210,0,4210,82000EDG
R72 10403B0001,5690,28980,34670,4650,14890,19540,82000EDG
R72 10403B0002,5620,29900,35520,4590,18810,23400,82000EDG
R72 10403B0003,5620,36530,42150,4590,31360,35950,82000EDG
R72 10403B0004,2810,0,2810,2070,0,2070,82000EDG
R72 10403B0005,2810,0,2810,2070,0,2070,82000EDG
R72 10403B0006,5620,31970,37590,4590,24320,28910,82000EDG
R72 10403B0007,5620,26660,32280,4590,18970,23560,82000EDG
R72 10403B0008,5620,32350,37970,4590,21510,26100,82000EDG
R72 10403B0009,5620,33310,38930,4590,24480,29070,82000EDG
R72 10403B0010,5620,38690,44310,4590,30170,34760,82000EDG
R72 10403B0011,5620,29790,35410,4590,26390,30980,82000EDG
R72 10403B0013,5620,30220,35840,4590,21010,25600,82000EDG
R72 10403B0014,5540,35580,41120,4540,33940,38480,82000EDG
R72 10403B0015,5900,39350,45250,4810,29360,34170,82000EDG
R72 10403B0016,5690,34950,40640,4650,26640,31290,82000EDG
R72 10403B0017,5690,35900,41590,4650,29010,33660,82000EDG
R72 10403B0018,5690,32820,38510,4650,0,4650,82000EDG
R72 10403B0019,5690,21850,27540,4650,25970,30620,82000EDG
R72 10403B0020,5690,32410,38100,4650,26130,30780,82000EDG
R72 10403B0022,5690,31670,37360,4650,16460,21110,82000EDG
R72 10403B0023,5690,15780,21470,4650,27050,31700,82000EDG
R72 10403B0024,7130,31910,39040,5750,28240,33990,82000EDG
R72 10403B0026,7130,35300,42430,5750,34860,40610,82000EDG
R72 10403B0027,2900,0,2900,2130,0,2130,82000EDG
R72 10403B0028,5810,40480,46290,4720,35520,40240,82000EDG
R72 10403B0029,5810,2790,8600,4720,3660,8380,82000EDG
R72 10403B0030,5810,34600,40410,4720,30880,35600,82000EDG
R72 10403B0031,5810,42840,48650,4720,41410,46130,82000EDG
R72 10403B0032,2900,0,2900,2130,0,2130,82000EDG
R72 10403B0033,5810,2190,8000,2360,2870,5230,82000EDG
R72 10403B0034,5810,30760,36570,4720,18610,23330,82000EDG
R72 10403B0035,5660,38460,44120,4610,28150,32760,82000EDG
R72 10403B0036,5810,34640,40450,4720,0,4720,82000EDG
R72 10403B0037,5810,34320,40130,4720,26890,31610,82000EDG
R72 10403B0038,6030,35950,41980,4890,33560,38450,82000EDG
R72 10403B0039,5810,33700,39510,4720,16480,21200,82000EDG
R72 10403B0040,2870,0,2870,2100,0,2100,82000EDG
R72 10403B0041,2870,0,2870,2100,0,2100,82000EDG
R72 10403B0042,5730,31660,37390,4670,31080,35750,82000EDG
R72 10403B0043,5510,32790,38300,4500,21390,25890,82000EDG
R72 10403B0044,5730,32790,38520,4670,24340,29010,82000EDG
R72 10403B0045,5730,31730,37460,4670,22280,26950,82000EDG
R72 10403B0046,5730,32350,38080,4670,17880,22550,82000EDG
R72 10403B0047,5730,30230,35960,4670,17350,22020,82000EDG
R72 10403B0048,5730,40010,45740,4670,36990,41660,82000EDG
R72 10403B0049,2870,0,2870,2100,0,2100,82000EDG
R72 10403B0050,5730,33880,39610,4670,31710,36380,82000EDG
R72 10403B0051,5730,29790,35520,4670,31980,36650,82000EDG
R72 10403B0052,2900,0,2900,2130,0,2130,82000EDG
R72 10403B0053,5810,41500,47310,4720,37810,42530,82000EDG
R72 10403B0054,2870,0,2870,2100,0,2100,82000EDG
R72 10403B0055,2870,0,2870,2100,0,2100,82000EDG
R72 10403B0056,5730,33390,39120,4670,25900,30570,82000EDG
R72 10403B0057,2870,0,2870,2100,0,2100,82000EDG
R72 10403B0058,5730,26540,32270,4670,21010,25680,82000EDG
R72 10403B0059,8530,28180,36710,6830,5920,12750,82000EDG
R72 10403B0061,5730,30220,35950,4670,2750,7420,82000EDG
R72 10403B0062,5730,37450,43180,4670,31790,36460,82000EDG
R72 10403B0063,5730,27330,33060,4670,2870,7540,82000EDG
R72 10403B0064,5730,26950,32680,4670,14170,18840,82000EDG
R72 10403B0065,8600,33970,42570,6890,39260,46150,82000EDG
R72 10403B0067,6030,34300,40330,4890,28830,33720,82000EDG
R72 10403B0068,5810,37540,43350,4720,24010,28730,82000EDG
R72 10403B0069,5810,32550,38360,4720,16750,21470,82000EDG
R72 10403B0070,5810,32040,37850,4720,23890,28610,82000EDG
R72 10403B0071,11620,21670,33290,9440,10750,20190,82000EDG
R72 10403B0073,5810,26620,32430,4720,6900,11620,82000EDG
R72 10403B0074,5810,24160,29970,4720,14560,19280,82000EDG
R72 10403B0075,5810,34700,40510,4720,29140,33860,82000EDG
R72 10403B0076,5810,26620,32430,4720,0,4720,82000EDG
R72 10403B0077,2900,0,2900,2130,0,2130,82000EDG
R72 10403B0078,5810,25930,31740,4720,16440,21160,82000EDG
R72 10403B0079,5690,18140,23830,4650,1880,6530,82000EDG
R72 10403B0080,5690,38020,43710,4650,18200,22850,82000EDG
R72 10403B0081,5690,24750,30440,4650,25230,29880,82000EDG
R72 10403B0082,5690,39940,45630,4650,26190,30840,82000EDG
R72 10403B0083,5690,42990,48680,4650,24880,29530,82000EDG
R72 10403B0084,5690,25700,31390,4650,17710,22360,82000EDG
R72 10403B0085,2840,0,2840,2090,0,2090,82000EDG
R72 10403B0086,5690,40870,46560,4650,33060,37710,82000EDG
R72 10403B0087,2840,0,2840,2090,0,2090,82000EDG
R72 10403B0088,5690,48680,54370,4650,30800,35450,82000EDG
R72 10403B0089,5690,34700,40390,4650,19670,24320,82000EDG
R72 10403B0090,5900,19370,25270,4810,5740,10550,82000EDG
R72 10403B0091,8420,44620,53040,6740,35600,42340,82000EDG
R72 10403B0093,2810,0,2810,2070,0,2070,82000EDG
R72 10403B0094,2810,0,2810,2070,0,2070,82000EDG
R72 10403B0095,5620,29280,34900,4590,5530,10120,82000EDG
R72 10403B0096,5620,33540,39160,4590,27790,32380,82000EDG
R72 10403B0097,5620,27110,32730,4590,5510,10100,82000EDG
R72 10403B0098,5620,41000,46620,4590,33940,38530,82000EDG
R72 10403B0099,2810,0,2810,2070,0,2070,82000EDG
R72 10403B0100,5620,30450,36070,4590,22320,26910,82000EDG
R72 10403B0101,5620,29550,35170,4590,19030,23620,82000EDG
R72 10403B0102,5620,38990,44610,4590,23390,27980,82000EDG
R72 10403B0103,5620,34030,39650,4590,7980,12570,82000EDG
R72 10403B0104,2840,0,2840,2090,0,2090,82000EDG
R72 10403B0105,11900,31750,43650,9610,13760,23370,82000EDG
R72 10403B0106,4530,0,4530,3300,0,3300,82000EDG
R72 10403B0107,5620,37670,43290,4590,24530,29120,82000EDG
R72 10403B0108,5620,37290,42910,4590,25890,30480,82000EDG
R72 10403B0109,5620,31750,37370,4590,21450,26040,82000EDG
R72 10403B0110,5620,34330,39950,4590,22640,27230,82000EDG
R72 10403B0115,5690,41300,46990,4650,33790,38440,82000EDG
R72 10403B0116,5900,32840,38740,4810,38060,42870,82000EDG
R72 10403B0117,5690,29940,35630,4650,970,5620,82000EDG
R72 10403B0118,5690,32280,37970,4650,28430,33080,82000EDG
R72 10403B0119,5690,32280,37970,4650,28430,33080,82000EDG
R72 10403B0120,5690,31850,37540,4650,4970,9620,82000EDG
R72 10403B0121,2840,0,2840,2090,0,2090,82000EDG
R72 10403B0122,5690,35720,41410,4650,21510,26160,82000EDG
R72 10403B0123,5690,36320,42010,4650,28100,32750,82000EDG
R72 10403B0124,8280,31230,39510,6630,27010,33640,82000EDG
R72 10403B0126,5690,24940,30630,4650,640,5290,82000EDG
R72 10403B0127,5690,27000,32690,4650,19100,23750,82000EDG
R72 10403B0129,2260,0,2260,1690,0,1690,82000EDG
R72 10403B0130,1530,0,1530,1200,0,1200,82000EDG
R72 10404 0005,2990,0,2990,2200,0,2200,82000EDG
R72 10404 0007,2990,0,2990,2200,0,2200,82000EDG
R72 10404 0081,2260,0,2260,1670,0,1670,82000EDG
R72 10405 0001,6390,25050,31440,5200,16870,22070,82000EDG
R72 10405 0002,6170,27010,33180,5030,26840,31870,82000EDG
R72 10405 0003,6170,28860,35030,5030,20520,25550,82000EDG
R72 10405 0004,3090,0,3090,2270,0,2270,82000EDG
R72 10405 0005,6230,27700,33930,5080,11640,16720,82000EDG
R72 10405 0006,7280,17640,24920,6240,12200,18440,82000EDG
R72 10405 0007,6350,26620,32970,5210,4060,9270,82000EDG
R72 10405 0009,6550,32900,39450,5360,5080,10440,82000EDG
R72 10405 0011,6180,26280,32460,5040,17600,22640,82000EDG
R72 10405 0012,6120,26760,32880,5000,17030,22030,82000EDG
R72 10405 0013,6120,13880,20000,5000,66760,71760,82000EDG
R72 10405 0017,7250,10940,18190,6110,61890,68000,82000EDG
R72 10405 0018,7030,11160,18190,5880,61980,67860,82000EDG
R72 10405 0019,6540,33930,40470,5340,28820,34160,82000EDG
R72 10405 0020,6290,33860,40150,5140,40030,45170,82000EDG
R72 10405 0021,6160,32270,38430,5040,38290,43330,82000EDG
R72 10405 0022,3050,0,3050,2250,0,2250,82000EDG
R72 10405 0023,6170,14970,21140,5030,33100,38130,82000EDG
R72 10405 0024,7500,36340,43840,7500,28920,36420,82000EDG
R72 10405 0025,7500,35090,42590,7500,28920,36420,82000EDG
R72 10405 0026,5880,29230,35110,4820,38290,43110,82000EDG
R72 10405 0027,6170,32780,38950,5050,36120,41170,82000EDG
R72 10405 0028,6170,33930,40100,5030,38290,43320,82000EDG
R72 10405 0029,6170,30260,36430,5010,28740,33750,82000EDG
R72 10405 0030,6260,34560,40820,5080,33030,38110,82000EDG
R72 10405 0031,6260,33500,39760,5090,27970,33060,82000EDG
R72 10405 0032,6270,33500,39770,5090,27970,33060,82000EDG
R72 10405 0033,6350,34070,40420,5130,29960,35090,82000EDG
R72 10405 0034,6350,33970,40320,5150,29840,34990,82000EDG
R72 10405 0035,6840,11350,18190,5530,61980,67510,82000EDG
R72 10405 0036,6480,11710,18190,2610,53640,56250,82000EDG
R72 10405 0037,10440,28640,39080,5220,64560,69780,82000EDG
R72 10405 0038,!,!,!
R72 10405 0039,6350,30620,36970,5130,18370,23500,82000EDG
R72 10405 0040,6270,31500,37770,5100,33690,38790,82000EDG
R72 10405 0041,6270,34560,40830,5070,33030,38100,82000EDG
R72 10405 0042,6190,33970,40160,5030,29840,34870,82000EDG
R72 10405 0043,1800,0,1800,1380,0,1380,82000EDG
R72 10405 0044,6170,33820,39990,5010,31160,36170,82000EDG
R72 10405 0045,6170,33740,39910,5030,28320,33350,82000EDG
R72 10405 0046,6250,34260,40510,5090,31020,36110,82000EDG
R72 10405 0047,5880,39370,45250,4800,31880,36680,82000EDG
R72 10405 0048,6240,13760,20000,5080,78220,83300,82000EDG
R72 10405 0049,6240,13360,19600,5080,81140,86220,82000EDG
R72 10405 0050,6240,13760,20000,5080,78220,83300,82000EDG
R72 10405 0051,6240,13360,19600,5080,81480,86560,82000EDG
R72 10405 0052,6180,13820,20000,5060,78220,83280,82000EDG
R72 10405 0053,6120,13480,19600,5020,81140,86160,82000EDG
R72 10405 0054,6120,13480,19600,4980,81140,86120,82000EDG
R72 10405 0055,6150,13850,20000,5000,78220,83220,82000EDG
R72 10405 0056,6110,13490,19600,4990,81140,86130,82000EDG
R72 10405 0057,6340,13660,20000,5150,77220,82370,82000EDG
R72 10405 0058,6210,39610,45820,5000,2130,7130,82000EDG
R72 10405 0059,3110,0,3110,2250,0,2250,82000EDG
R72 10405 0060,3110,0,3110,2250,0,2250,82000EDG
R72 10405 0061,3110,0,3110,2250,0,2250,82000EDG
R72 10405 0062,6200,13400,19600,5020,81140,86160,82000EDG
R72 10405 0063,6110,13890,20000,4990,77220,82210,82000EDG
R72 10405 0064,6090,13910,20000,4980,78220,83200,82000EDG
R72 10405 0065,6060,13540,19600,4960,81140,86100,82000EDG
R72 10405 0066,6180,13820,20000,5040,78220,83260,82000EDG
R72 10405 0067,6240,13360,19600,5080,81140,86220,82000EDG
R72 10405 0068,6240,13360,19600,5080,81140,86220,82000EDG
R72 10405 0069,6240,13760,20000,5080,78220,83300,82000EDG
R72 10405 0070,6240,13360,19600,5080,81140,86220,82000EDG
R72 10405 0072,5880,32930,38810,4800,30220,35020,82000EDG
R72 10405 0073,2010,0,2010,1510,0,1510,82000EDG
R72 10406 0001,2840,0,2840,2090,0,2090,82000EDG
R72 10406 0002,5690,32620,38310,4650,30120,34770,82000EDG
R72 10406 0003,5690,27800,33490,4650,10230,14880,82000EDG
R72 10406 0005,5900,24230,30130,4810,0,4810,82000EDG
R72 10406 0008,5620,30910,36530,4590,27520,32110,82000EDG
R72 10406 0009,5620,44940,50560,4590,30620,35210,82000EDG
R72 10406 0010,5470,26630,32100,4480,25360,29840,82000EDG
R72 10406 0014,5810,28260,34070,4720,26780,31500,82000EDG
R72 10406 0015,2900,0,2900,2130,0,2130,82000EDG
R72 10406 0016,5810,45020,50830,4720,40090,44810,82000EDG
R72 10406 0017,2900,0,2900,2130,0,2130,82000EDG
R72 10406 0018,6030,5320,11350,4890,0,4890,82000EDG
R72 10406 0019,5660,15100,20760,4610,13370,17980,82000EDG
R72 10406 0020,5660,30130,35790,4610,17210,21820,82000EDG
R72 10406 0021,5660,31110,36770,4610,17640,22250,82000EDG
R72 10406 0022,2830,0,2830,2070,0,2070,82000EDG
R72 10406 0023,2870,0,2870,2100,0,2100,82000EDG
R72 10406 0026,5810,16190,22000,4720,17840,22560,82000EDG
R72 10406 0027,5810,35000,40810,4720,22930,27650,82000EDG
R72 10406 0028,2900,0,2900,2130,0,2130,82000EDG
R72 10406 0029,2900,0,2900,2130,0,2130,82000EDG
R72 10406 0030,6030,70950,76980,4890,58980,63870,82000EDG
R72 10406 0031,5810,36460,42270,4720,8160,12880,82000EDG
R72 10406 0032,2900,0,2900,2130,0,2130,82000EDG
R72 10406 0033,2900,0,2900,2130,0,2130,82000EDG
R72 10406 0034,8670,34760,43430,6950,39660,46610,82000EDG
R72 10406 0039,5620,37630,43250,4590,33920,38510,82000EDG
R72 10406 0040,5620,28270,33890,4590,28050,32640,82000EDG
R72 10406 0041,5620,27770,33390,4590,24630,29220,82000EDG
R72 10406 0042,5620,19690,25310,4590,3340,7930,82000EDG
R72 10406 0043,5620,23580,29200,4590,28640,33230,82000EDG
R72 10406 0044,2810,0,2810,2070,0,2070,82000EDG
R72 10406 0045,2950,0,2950,2160,0,2160,82000EDG
R72 10406 0046,5690,34320,40010,4650,22470,27120,82000EDG
R72 10406 0047,5690,34960,40650,4650,5410,10060,82000EDG
R72 10406 0048,5690,32090,37780,4650,20980,25630,82000EDG
R72 10406 0049,5690,33580,39270,2090,0,2090,82000EDG
R72 10406 0050,5690,24610,30300,4650,0,4650,82000EDG
R72 10406 0051,2840,0,2840,2090,0,2090,82000EDG
R72 10406 0052,2840,0,2840,2090,0,2090,82000EDG
R72 10406 0053,5690,12740,18430,4650,20620,25270,82000EDG
R72 10406 0054,5900,37830,43730,4810,32930,37740,82000EDG
R72 10406 0057,5540,34240,39780,4540,17490,22030,82000EDG
R72 10406 0058,5540,29020,34560,4540,15840,20380,82000EDG
R72 10407 0006,480,0,480,390,0,390,82000EDG
R72 10407 0007,2790,0,2790,2060,0,2060,82000EDG
R72 10407 0008,5590,3470,9060,4570,3880,8450,82000EDG
R72 10407 0009,5590,11050,16640,4570,20510,25080,81000EDG
R72 10407 0012,2680,0,2680,1980,0,1980,82000EDG
R72 10407 0013,5810,27510,33320,4740,51100,55840,81000EDG
R72 10407 0014,5590,41000,46590,4570,47510,52080,81000EDG
R72 10407 0015,3350,0,3350,2440,0,2440,82000EDG
R72 10407 0017,2340,0,2340,1750,0,1750,82000EDG
R72 10407 0021,5150,24620,29770,4230,16840,21070,81000EDG
R72 10407 0022,1640,0,1640,1370,0,1370,82000EDG
R72 10407 0024,5700,29190,34890,4660,48790,53450,81000EDG
R72 10407 0025,2850,0,2850,2100,0,2100,82000EDG
R72 10407 0026,3380,0,3380,2480,0,2480,82000EDG
R72 10407 0027,3380,0,3380,2480,0,2480,82000EDG
R72 10407 0029,1000,0,1000,1500,0,1500,82000EDG
R72 10408 0001,2590,0,2590,1910,0,1910,81000EDG
R72 10408 0002,2590,0,2590,1910,0,1910,81000EDG
R72 10408 0004,5040,31880,36920,4150,35280,39430,81000EDG
R72 10408 0005,5180,31300,36480,4250,9120,13370,81000EDG
R72 10408 0006,5180,32620,37800,4250,22860,27110,81000EDG
R72 10408 0007,5180,33540,38720,4250,1250,5500,81000EDG
R72 10408 0008,5180,38510,43690,2130,0,2130,81000EDG
R72 10408 0009,1190,0,1190,1850,0,1850,81000EDG
R72 10408 0010,1160,0,1160,1820,0,1820,81000EDG
R72 10408 0011,2450,0,2450,1820,0,1820,81000EDG
R72 10408 0012,2450,0,2450,1820,0,1820,81000EDG
R72 10408 0013,4900,26310,31210,4050,21650,25700,81000EDG
R72 10408 0014,4900,26150,31050,4050,23760,27810,81000EDG
R72 10408 0015,2450,0,2450,1820,0,1820,81000EDG
R72 10408 0016,1160,0,1160,1820,0,1820,81000EDG
R72 10408 0017,2480,0,2480,1850,0,1850,81000EDG
R72 10408 0019,4900,14100,19000,4050,17620,21670,81000EDG
R72 10408 0021,2630,0,2630,1940,0,1940,81000EDG
R72 10408 0022,2630,0,2630,1940,0,1940,81000EDG
R72 10408 0023,2500,0,2500,1860,0,1860,81000EDG
R72 10408 0024,2210,0,2210,1700,0,1700,81000EDG
R72 10408 0025,1830,0,1830,1530,0,1530,81000EDG
R72 10408 0026,1430,0,1430,1220,0,1220,81000EDG
R72 10408 0027,5350,4980,10330,4370,560,4930,81000EDG
R72 10409 0005,5350,0,5350,4910,0,4910,81000EDG
R72 10409 0009,3910,0,3910,2960,0,2960,81000EDG
R72 10409 0010,3830,0,3830,2890,0,2890,81000EDG
R72 10409 0011,3580,0,3580,2680,0,2680,81000EDG
R72 10409 0012,6490,31820,38310,5350,19170,24520,81000EDG
R72 10409 0015,3330,0,3330,2480,0,2480,81000EDG
R72 10409 0029,1910,0,1910,1510,0,1510,81000EDG
R72 10410 0003,2650,0,2650,2190,36500,38690,81000EDG
R72 10410 0008,2310,0,2310,1770,0,1770,81000EDG
R72 10412 0004,5830,29030,34860,4740,34540,39280,81000EDG
R72 10412 0005,5830,28010,33840,4740,35390,40130,81000EDG
R72 10412 0006,1460,0,1460,1190,0,1190,81000EDG
R72 10412 0007,2910,0,2910,2130,0,2130,81000EDG
R72 10412 0008,5830,35840,41670,4740,51650,56390,81000EDG
R72 10412 0009,7400,0,7400,6060,0,6060,81000EDG
R72 10412 0011,2910,0,2910,2130,0,2130,81000EDG
R72 10412 0012,4310,0,4310,3180,0,3180,81000EDG
R72 10412 0016,2900,0,2900,2120,0,2120,81000EDG
R72 10412 0018,2910,0,2910,2140,0,2140,81000EDG
R72 10412 0019,2910,0,2910,2130,0,2130,81000EDG
R72 10412 0020,5830,7420,13250,4740,6450,11190,81000EDG
R72 10412 0021,4620,0,4620,3780,0,3780,81000EDG
R72 10412 0023,5770,0,5770,4710,0,4710,81000EDG
R72 10412 0024,5770,26750,32520,4710,2300,7010,81000EDG
R72 10412 0025,5770,23390,29160,4710,27690,32400,81000EDG
R72 10412 0027,2050,0,2050,2110,0,2110,81000EDG
R72 10412 0028,5720,20600,26320,2810,3320,6130,81000EDG
R72 10412 0029,5720,18020,23740,4680,24880,29560,81000EDG
R72 10412 0030,2860,0,2860,2100,0,2100,81000EDG
R72 10412 0031,8270,25360,33630,6790,2640,9430,81000EDG
R72 10412 0033,2770,0,2770,2040,0,2040,81000EDG
R72 10412 0035,2810,0,2810,2680,0,2680,81000EDG
R72 10412 0036,2030,0,2030,2100,0,2100,81000EDG
R72 10412 0039,5720,20910,26630,4680,0,4680,81000EDG
R72 10412 0040,5720,0,5720,4680,0,4680,81000EDG
R72 10412 0041,5720,36670,42390,4680,4760,9440,81000EDG
R72 10412 0042,2860,0,2860,2100,0,2100,81000EDG
R72 10412 0043,5720,24650,30370,4680,19990,24670,81000EDG
R72 10412 0044,8340,12680,21020,6850,63820,70670,81000EDG
R72 10412 0046,2860,0,2860,2100,0,2100,81000EDG
R72 10412 0047,5720,34260,39980,4680,35840,40520,81000EDG
R72 10412 0048,5720,35740,41460,4680,16470,21150,81000EDG
R72 10412 0049,5720,29790,35510,4680,37380,42060,81000EDG
R72 10412 0050,5720,26110,31830,2340,0,2340,81000EDG
R72 10412 0051,5720,33790,39510,4680,47960,52640,81000EDG
R72 10412 0052,2860,0,2860,2100,0,2100,81000EDG
R72 10412 0053,5720,42940,48660,4680,38190,42870,81000EDG
R72 10412 0054,5720,32010,37730,4680,24660,29340,81000EDG
R72 10412 0055,2860,0,2860,2100,0,2100,81000EDG
R72 10412 0056,2860,0,2860,2100,0,2100,81000EDG
R72 10412 0057,5720,29440,35160,4680,32130,36810,81000EDG
R72 10412 0058,5720,12340,18060,2340,0,2340,81000EDG
R72 10412 0061,5720,30750,36470,4680,33420,38100,81000EDG
R72 10412 0062,8340,28070,36410,6850,26200,33050,81000EDG
R72 10412 0064,5720,31200,36920,4680,33700,38380,81000EDG
R72 10412 0065,5720,25040,30760,4680,30900,35580,81000EDG
R72 10412 0066,5720,34260,39980,4680,30290,34970,81000EDG
R72 10412 0067,5720,28880,34600,4680,34550,39230,81000EDG
R72 10412 0068,5720,35590,41310,4680,11410,16090,81000EDG
R72 10412 0069,5720,36020,41740,4680,47020,51700,81000EDG
R72 10412 0070,5720,20430,26150,4680,7840,12520,81000EDG
R72 10412 0071,5720,29050,34770,4680,2030,6710,81000EDG
R72 10412 0072,5720,30270,35990,4680,35160,39840,81000EDG
R72 10412 0073,5720,28970,34690,2100,0,2100,81000EDG
R72 10412 0074,5720,34250,39970,4680,10080,14760,81000EDG
R72 10412 0076,2890,0,2890,2130,0,2130,81000EDG
R72 10412 0077,2860,0,2860,2100,0,2100,81000EDG
R72 10412 0083,2030,0,2030,2100,0,2100,81000EDG
R72 10412 0084,2860,0,2860,2100,0,2100,81000EDG
R72 10412 0085,5720,22350,28070,4680,4290,8970,81000EDG
R72 10412 0086,5720,6490,12210,4680,9680,14360,81000EDG
R72 10412 0088,5720,22940,28660,4680,35350,40030,81000EDG
R72 10412 0089,2930,0,2930,2090,0,2090,81000EDG
R72 10412 0092,5040,27490,32530,4080,8450,12530,81000EDG
R72 10413 0005,6280,16800,23080,5110,9830,14940,81000EDG
R72 10413 0006,6200,24050,30250,2520,0,2520,81000EDG
R72 10413 0007,6200,23760,29960,2520,0,2520,81000EDG
R72 10413 0022,5810,55730,61540,3570,0,3570,81000EDG
R72 10413 0023,2900,0,2900,2150,0,2150,81000EDG
R72 10413 0024,5810,25900,31710,4770,18780,23550,81000EDG
R72 10413 0025,5810,25220,31030,4770,22110,26880,81000EDG
R72 10413 0030,2900,0,2900,2150,0,2150,81000EDG
R72 10413 0031,5810,32490,38300,4770,0,4770,81000EDG
R72 10413 0033,5660,38080,43740,2320,0,2320,81000EDG
R72 10413 0034,2790,0,2790,2060,0,2060,81000EDG
R72 10413 0037,5580,30770,36350,4580,27670,32250,81000EDG
R72 10501 0001,8930,44860,53790,7240,31190,38430,82000MIA
R72 10501 0002,6750,65680,72430,5500,34970,40470,82000MIA
R72 10501 0003,6750,49750,56500,5500,29900,35400,82000MIA
R72 10501 0004,6750,48780,55530,5500,27000,32500,82000MIA
R72 10501 0005,6750,51210,57960,5500,31210,36710,82000MIA
R72 10501 0006,6750,49040,55790,5500,24000,29500,82000MIA
R72 10501 0007,6900,59150,66050,5500,35630,41130,82000MIA
R72 10501 0008,6210,66800,73010,5000,36100,41100,82000MIA
R72 10501 0009,6210,53290,59500,5000,35150,40150,82000MIA
R72 10501 0010,6210,48530,54740,5000,29370,34370,82000MIA
R72 10501 0011,6210,51110,57320,5000,32210,37210,82000MIA
R72 10501 0012,6210,68200,74410,5000,50380,55380,82000MIA
R72 10501 0013,6210,52800,59010,5000,33160,38160,82000MIA
R72 10501 0014,6210,8440,14650,5000,8000,13000,82000MIA
R72 10501 0015,6210,50630,56840,5000,31420,36420,82000MIA
R72 10501 0016,6420,50900,57320,5150,29470,34620,82000MIA
R72 10502 0001,2950,0,2950,2160,0,2160,82000MIA
R72 10502 0002,5910,44420,50330,4810,27520,32330,82000MIA
R72 10502 0003,5910,17570,23480,4810,10890,15700,82000MIA
R72 10502 0004,2950,0,2950,2160,0,2160,82000MIA
R72 10502 0005,2950,0,2950,2160,0,2160,82000MIA
R72 10502 0009,2950,0,2950,2160,0,2160,82000MIA
R72 10502 0010,5910,69160,75070,4810,54350,59160,82000MIA
R72 10502 0011,5510,56900,62410,4480,0,4480,82000MIA
R72 10502 0012,2950,0,2950,2160,0,2160,82000MIA
R72 10502 0013,2950,0,2950,2160,0,2160,82000MIA
R72 10502 0014,5910,43950,49860,4810,23140,27950,82000MIA
R72 10502 0015,8660,60790,69450,7120,35200,42320,82000MIA
R72 10502 0017,2950,0,2950,2160,0,2160,82000MIA
R72 10502 0018,5910,43190,49100,4810,19430,24240,82000MIA
R72 10502 0019,5750,50890,56640,4680,32180,36860,82000MIA
R72 10502 0034,6690,72070,78760,5440,37920,43360,82000MIA
R72 10502 0035,3230,0,3230,2380,0,2380,82000MIA
R72 10502 0036,6450,46280,52730,5280,17020,22300,82000MIA
R72 10502 0037,6260,49420,55680,5100,23480,28580,82000MIA
R72 10502 0038,7580,58530,66110,6190,30160,36350,82000MIA
R72 10502 0039,7580,62760,70340,6190,33880,40070,82000MIA
R72 10502 0040,7580,64980,72560,6190,42950,49140,82000MIA
R72 10502 0041,7430,57410,64840,6070,32660,38730,82000MIA
R72 10502 0042,7430,77890,85320,6070,44640,50710,82000MIA
R72 10502 0043,7200,54660,61860,5860,31390,37250,82000MIA
R72 10502 0044,7200,55700,62900,5860,33710,39570,82000MIA
R72 10502 0045,7950,53880,61830,6460,27540,34000,82000MIA
R72 10502 0046,3830,0,3830,4900,0,4900,82000MIA
R72 10506 0001,6730,56770,63500,5500,27570,33070,82000MIA
R72 10506 0002,5660,2060,7720,4630,2710,7340,82000MIA
R72 10506 0003,2830,0,2830,2080,0,2080,82000MIA
R72 10506 0004,5660,42440,48100,4630,25200,29830,82000MIA
R72 10506 0005,5660,14990,20650,4630,15730,20360,82000MIA
R72 10506 0006,5660,23980,29640,4630,15580,20210,82000MIA
R72 10506 0007,6730,37410,44140,5500,19180,24680,82000MIA
R72 10506 0008,2830,0,2830,2080,0,2080,82000MIA
R72 10506 0009,2830,0,2830,2080,0,2080,82000MIA
R72 10506 0010,9100,67680,76780,7440,36410,43850,82000MIA
R72 10506 0012,10710,73560,84270,8750,43290,52040,82000MIA
R72 10506 0015,6500,60150,66650,5310,33900,39210,82000MIA
R72 10506 0016,2830,0,2830,2080,0,2080,82000MIA
R72 10506 0017,5660,23180,28840,4630,42540,47170,82000MIA
R72 10506 0018,6730,34370,41100,2750,0,2750,82000MIA
R72 10506 0019,6490,40700,47190,2740,0,2740,82000MIA
R72 10506 0020,5660,35190,40850,4630,3630,8260,82000MIA
R72 10506 0021,5660,2840,8500,4630,2640,7270,82000MIA
R72 10506 0022,8260,55090,63350,6750,34890,41640,82000MIA
R72 10506 0024,6730,30710,37440,5500,7040,12540,82000MIA
R72 10506 0025,7340,36740,44080,6000,37570,43570,82000MIA
R72 10506 0028,2830,0,2830,2080,0,2080,82000MIA
R72 10506 0029,2830,0,2830,2080,0,2080,82000MIA
R72 10506 0030,2830,0,2830,2080,0,2080,82000MIA
R72 10506 0031,2830,0,2830,2080,0,2080,82000MIA
R72 10506 0032,3250,0,3250,2390,0,2390,82000MIA
R72 10506 0033,2830,0,2830,2080,0,2080,82000MIA
R72 10506 0034,2830,0,2830,2080,0,2080,82000MIA
R72 10506 0035,2980,0,2980,2190,0,2190,82000MIA
R72 10506 0036,5970,38020,43990,4880,6500,11380,82000MIA
R72 10506 0037,5970,39890,45860,4880,1540,6420,82000MIA
R72 10506 0038,7420,36640,44060,6060,15370,21430,82000MIA
R72 10506 0040,5970,36690,42660,4880,8290,13170,82000MIA
R72 10506 0041,6040,38370,44410,4940,24680,29620,82000MIA
R72 10506 0043,7650,79780,87430,6250,35790,42040,82000MIA
R72 10506 0045,7650,50940,58590,6250,28300,34550,82000MIA
R72 10506 0049,7650,44740,52390,6250,33030,39280,82000MIA
R72 10506 0052,7650,49810,57460,6250,26640,32890,82000MIA
R72 10506 0055,7650,49810,57460,6250,26640,32890,82000MIA
R72 10506 0058,7650,49190,56840,6250,25550,31800,82000MIA
R72 10506 0061,6040,32220,38260,2470,0,2470,82000MIA
R72 10506 0062,2980,0,2980,2190,0,2190,82000MIA
R72 10506 0063,8870,62980,71850,7250,34600,41850,82000MIA
R72 10506 0065,7000,22880,29880,7020,21070,28090,82000MIA
R72 10506 0066,7570,57040,64610,6090,30940,37030,82000MIA
R72 10506 0069,3060,0,3060,2250,0,2250,82000MIA
R72 10506 0070,6120,77790,83910,5000,58620,63620,82000MIA
R72 10506 0071,9180,51860,61040,7500,29090,36590,82000MIA
R72 10506 0073,9180,51860,61040,7500,29090,36590,82000MIA
R72 10506 0075,9180,75850,85030,7500,50500,58000,82000MIA
R72 10506 0077,2250,0,2250,1660,0,1660,82000MIA
R72 10506 0081,6760,8240,15000,5460,17930,23390,82000MIA
R72 10507 0001,7500,61310,68810,7500,27800,35300,82000MIA
R72 10507 0002,1320,0,1320,1500,0,1500,82000MIA
R72 10507 0003,7500,71750,79250,7500,30610,38110,82000MIA
R72 10507 0004,1000,48630,49630,7500,30830,38330,82000MIA
R72 10507 0005,8250,58290,66540,8250,54660,62910,82000MIA
R72 10507 0008,6000,0,6000,6000,0,6000,82000MIA
R72 10507 0009,6000,0,6000,6000,0,6000,82000MIA
R72 10507 0010,8250,51650,59900,8250,28170,36420,82000MIA
R72 10507 0011,8250,55940,64190,8250,27100,35350,82000MIA
R72 10507 0012,6000,0,6000,6000,0,6000,82000MIA
R72 10507 0013,8250,54360,62610,8250,28520,36770,82000MIA
R72 10507 0014,8250,52720,60970,8250,29200,37450,82000MIA
R72 10507 0015,1000,58370,59370,7500,28680,36180,82000MIA
R72 10507 0016,7500,68050,75550,7500,35670,43170,82000MIA
R72 10507 0022,7500,83090,90590,7500,64180,71680,82000MIA
R72 10507 0023,7500,84930,92430,7500,67550,75050,82000MIA
R72 10507 0024,7500,83090,90590,7500,64180,71680,82000MIA
R72 10507 0025,7500,77760,85260,7500,59630,67130,82000MIA
R72 10507 0026,7500,56780,64280,7500,52820,60320,82000MIA
R72 10507 0027,7500,86200,93700,7500,79740,87240,82000MIA
R72 10507 0028,8300,0,8300,23640,49200,72840,82000MIA
R72 10508 0001,7500,45680,53180,7500,24210,31710,82000MIA
R72 10508 0002,1720,0,1720,2880,0,2880,82000MIA
R72 10508 0004,7500,53380,60880,7500,28780,36280,82000MIA
R72 10508 0005,1320,0,1320,1500,0,1500,82000MIA
R72 10508 0006,1320,0,1320,1500,0,1500,82000MIA
R72 10508 0007,1320,0,1320,1500,0,1500,82000MIA
R72 10508 0008,7500,60090,67590,7500,31730,39230,82000MIA
R72 10508 0009,1320,0,1320,1500,0,1500,82000MIA
R72 10508 0010,7500,54520,62020,7500,28340,35840,82000MIA
R72 10508 0011,7880,55910,63790,7890,32010,39900,82000MIA
R72 10508 0012,1000,55260,56260,7500,29200,36700,82000MIA
R72 10508 0013,7500,37990,45490,7500,9380,16880,82000MIA
R72 10508 0014,7500,51520,59020,7500,26660,34160,82000MIA
R72 10508 0015,1310,0,1310,2630,0,2630,82000MIA
R72 10508 0016,7500,54230,61730,7500,29030,36530,82000MIA
R72 10508 0017,10000,0,10000,10000,0,10000,82000MIA
R72 10508 0018,1000,47240,48240,7500,27940,35440,82000MIA
R72 10508 0019,7500,63380,70880,7500,19360,26860,82000MIA
R72 10508 0020,1500,78090,79590,1500,33650,35150,82000MIA
R72 10508 0021,1580,0,1580,2750,0,2750,82000MIA
R72 10508 0022,7500,37260,44760,7500,26280,33780,82000MIA
R72 10508 0023,6750,77260,84010,5500,32380,37880,82000MIA
R72 10508 0024,7500,52280,59780,7500,31160,38660,82000MIA
R72 10508 0025,7500,78240,85740,7500,33000,40500,82000MIA
R72 10508 0026,1000,48110,49110,7500,29330,36830,82000MIA
R72 10508 0028,8250,48080,56330,8250,30140,38390,82000MIA
R72 10508 0029,8250,60410,68660,8250,33320,41570,82000MIA
R72 10508 0030,8250,48780,57030,8250,24640,32890,82000MIA
R72 10601 0008,390,0,390,290,0,290,81000CAR
R72 10602 0004,3220,0,3220,2380,0,2380,81000CAR
R72 10602 0005,8340,18410,26750,6780,26660,33440,81000CAR
R72 10602 0006,6890,46260,53150,5600,34270,39870,81000CAR
R72 10602 0008,6580,34060,40640,5350,38340,43690,81000CAR
R72 10602 0016,6980,39530,46510,5690,31020,36710,81000CAR
R72 10602 0018,6390,33310,39700,5210,23840,29050,81000CAR
R72 10602 0019,6580,20130,26710,5350,25460,30810,81000CAR
R72 10602 0020,6390,28330,34720,5210,25970,31180,81000CAR
R72 10602 0021,6390,32400,38790,5210,26430,31640,81000CAR
R72 10602 0022,6390,22780,29170,5210,25000,30210,81000CAR
R72 10602 0029,6390,27310,33700,2610,0,2610,81000CAR
R72 10602 0033,5260,0,5260,4280,0,4280,81000CAR
R72 10602 0034,6580,36070,42650,5350,36790,42140,81000CAR
R72 10602 0036,6580,30250,36830,5350,33720,39070,81000CAR
R72 10602 0038,6580,25230,31810,5350,22300,27650,81000CAR
R72 10602 0052,9680,29250,38930,7840,27790,35630,81000CAR
R72 10602 0053,6090,32340,38430,4980,37170,42150,81000CAR
R72 10602 0054,6090,29700,35790,4980,22240,27220,81000CAR
R72 10602 0055,6090,27870,33960,4980,30420,35400,81000CAR
R72 10602 0056,7130,27420,34550,5800,26790,32590,81000CAR
R72 10602 0057,6390,30130,36520,5210,36830,42040,81000CAR
R72 10602 0058,6580,30310,36890,5350,36790,42140,81000CAR
R72 10602 0059,6390,41210,47600,5210,36390,41600,81000CAR
R72 10602 0060,6580,32200,38780,5350,28530,33880,81000CAR
R72 10602 0061,9870,25420,35290,8020,28710,36730,81000CAR
R72 10602 0062,6580,28620,35200,5350,36920,42270,81000CAR
R72 10602 0063,6580,32750,39330,5350,33970,39320,81000CAR
R72 10602 0064,6580,43110,49690,5350,41340,46690,81000CAR
R72 10602 0065,6580,35770,42350,5350,39550,44900,81000CAR
R72 10602 0066,6580,32780,39360,5350,37200,42550,81000CAR
R72 10602 0067,6580,33250,39830,5350,22850,28200,81000CAR
R72 10602 0068,6580,42140,48720,5350,49580,54930,81000CAR
R72 10602 0069,6580,33350,39930,5350,38590,43940,81000CAR
R72 10602 0070,6580,34800,41380,5350,42890,48240,81000CAR
R72 10602 0071,6580,30480,37060,5350,28240,33590,81000CAR
R72 10602 0073,6450,29260,35710,5260,32910,38170,81000CAR
R72 10602 0074,6450,25950,32400,5260,26390,31650,81000CAR
R72 10602 0075,6450,28630,35080,5260,30870,36130,81000CAR
R72 10602 0076,6450,32110,38560,5260,29140,34400,81000CAR
R72 10602 0077,6450,29070,35520,5260,30440,35700,81000CAR
R72 10602 0078,6450,38870,45320,5260,33400,38660,81000CAR
R72 10602 0079,6450,41580,48030,5260,53250,58510,81000CAR
R72 10602 0080,6450,39360,45810,5260,36240,41500,81000CAR
R72 10602 0081,6450,38030,44480,5260,36610,41870,81000CAR
R72 10602 0082,6450,28860,35310,5260,32370,37630,81000CAR
R72 10602 0083,6450,37080,43530,5260,41550,46810,81000CAR
R72 10602 0084,6450,31050,37500,5260,41690,46950,81000CAR
R72 10607 0001,6580,26800,33380,5350,22700,28050,81000CAR
R72 10607 0002,6580,24810,31390,5350,22630,27980,81000CAR
R72 10607 0003,6580,27480,34060,5350,17230,22580,81000CAR
R72 10607 0004,6580,26720,33300,5350,26370,31720,81000CAR
R72 10607 0005,6580,29560,36140,5350,36960,42310,81000CAR
R72 10607 0006,6580,24940,31520,5350,22990,28340,81000CAR
R72 10607 0007,6580,16860,23440,5350,21770,27120,81000CAR
R72 10607 0008,6580,12090,18670,5350,9950,15300,81000CAR
R72 10607 0009,6580,30760,37340,5350,24410,29760,81000CAR
R72 10607 0010,6580,26630,33210,5350,11270,16620,81000CAR
R72 10607 0011,6580,27190,33770,5350,24190,29540,81000CAR
R72 10607 0012,6580,27870,34450,5350,27220,32570,81000CAR
R72 10607 0013,6580,29780,36360,5350,33560,38910,81000CAR
R72 10607 0014,6660,21960,28620,5410,34200,39610,81000CAR
R72 10607 0022,6580,26290,32870,5350,29020,34370,81000CAR
R72 10607 0025,6580,29680,36260,5350,16020,21370,81000CAR
R72 10607 0030,6580,25920,32500,5350,16340,21690,81000CAR
R72 10607 0032,6580,30090,36670,5350,28030,33380,81000CAR
R72 10607 0034,6580,29230,35810,5350,23340,28690,81000CAR
R72 10607 0036,6580,31330,37910,5350,29180,34530,81000CAR
R72 10607 0038,6580,29210,35790,5350,49070,54420,81000CAR
R72 10607 0039,6660,22120,28780,5410,35640,41050,81000CAR
R72 10607 0040,6580,28820,35400,5350,30260,35610,81000CAR
R72 10607 0042,6580,27260,33840,5350,18350,23700,81000CAR
R72 10607 0044,6580,29320,35900,5350,26340,31690,81000CAR
R72 10607 0046,6580,31390,37970,5350,30110,35460,81000CAR
R72 10607 0048,6580,26220,32800,5350,33960,39310,81000CAR
R72 10607 0050,6580,27820,34400,5350,22530,27880,81000CAR
R72 10607 0052,6580,27570,34150,5350,22290,27640,81000CAR
R72 10607 0054,6580,27820,34400,5350,22220,27570,81000CAR
R72 10607 0056,6580,27070,33650,5350,19680,25030,81000CAR
R72 10607 0058,6580,25920,32500,5350,19790,25140,81000CAR
R72 10607 0060,6580,30500,37080,5350,20810,26160,81000CAR
R72 10607 0061,6580,29410,35990,5350,23850,29200,81000CAR
R72 10607 0062,7880,36080,43960,6410,21840,28250,81000CAR
R72 10607 0064,7880,37920,45800,6410,37400,43810,81000CAR
R72 10607 0066,6580,30210,36790,5350,26830,32180,81000CAR
R72 10607 0067,6660,26750,33410,5410,20620,26030,81000CAR
R72 10607 0068,6120,27520,33640,4980,17660,22640,81000CAR
R72 10607 0070,6580,30980,37560,5350,21860,27210,81000CAR
R72 10607 0071,6580,27740,34320,5350,29600,34950,81000CAR
R72 10607 0072,6580,30070,36650,5350,27440,32790,81000CAR
R72 10607 0074,6580,23380,29960,5350,20250,25600,81000CAR
R72 10607 0075,6580,25700,32280,5350,18430,23780,81000CAR
R72 10607 0077,6580,31820,38400,5350,28580,33930,81000CAR
R72 10607 0080,6580,30640,37220,5350,23200,28550,81000CAR
R72 10607 0081,6580,30020,36600,5350,25090,30440,81000CAR
R72 10607 0082,6580,32600,39180,5350,43040,48390,81000CAR
R72 10607 0083,6580,36820,43400,5350,40650,46000,81000CAR
R72 10607 0084,6850,35030,41880,5630,31750,37380,81000CAR
R72 10607 0085,6770,35280,42050,5560,25510,31070,81000CAR
R72 10607 0086,6770,0,6770,5560,0,5560,81000CAR
R72 10607 0087,6770,34660,41430,5560,35560,41120,81000CAR
R72 10607 0088,6770,37740,44510,5560,46140,51700,81000CAR
R72 10607 0089,6770,44920,51690,5560,40830,46390,81000CAR
R72 10607 0090,6770,34040,40810,5560,46140,51700,81000CAR
R72 10607 0091,6770,30480,37250,5560,37100,42660,81000CAR
R72 10607 0092,6770,32560,39330,5560,47560,53120,81000CAR
R72 10607 0093,6770,31580,38350,5560,34640,40200,81000CAR
R72 10607 0094,6770,31860,38630,5560,50820,56380,81000CAR
R72 10607 0096,6120,35480,41600,4980,41280,46260,81000CAR
R72 10607 0097,6580,36010,42590,5350,34070,39420,81000CAR
R72 10607 0098,6580,34730,41310,5350,47560,52910,81000CAR
R72 10607 0099,6580,36140,42720,5350,37220,42570,81000CAR
R72 10607 0100,6850,40870,47720,5630,47720,53350,81000CAR
R72 10607 0101,6770,33480,40250,5560,43010,48570,81000CAR
R72 10607 0102,6770,33220,39990,5560,35790,41350,81000CAR
R72 10607 0103,6770,35200,41970,5560,25870,31430,81000CAR
R72 10607 0104,6770,34540,41310,5560,28790,34350,81000CAR
R72 10607 0105,6770,35780,42550,5560,54820,60380,81000CAR
R72 10607 0106,6770,31470,38240,5560,38570,44130,81000CAR
R72 10607 0107,6770,35190,41960,5560,43580,49140,81000CAR
R72 10607 0108,6770,27470,34240,5560,36540,42100,81000CAR
R72 10607 0109,6770,31300,38070,5560,45090,50650,81000CAR
R72 10607 0110,6770,35610,42380,5560,32850,38410,81000CAR
R72 10607 0112,6450,29610,36060,5260,30670,35930,81000CAR
R72 10607 0113,6450,26800,33250,5260,31150,36410,81000CAR
R72 10607 0114,6450,30210,36660,5260,35550,40810,81000CAR
R72 10607 0115,6450,40730,47180,5260,38530,43790,81000CAR
R72 10607 0116,6530,31900,38430,5320,39120,44440,81000CAR
R72 10607 0117,6450,29150,35600,5260,41940,47200,81000CAR
R72 10607 0118,6450,35490,41940,5260,60760,66020,81000CAR
R72 10607 0119,6450,35310,41760,5260,34680,39940,81000CAR
R72 10607 0120,6450,35240,41690,5260,41250,46510,81000CAR
R72 10607 0121,6450,33840,40290,5260,33960,39220,81000CAR
R72 10607 0122,6450,41510,47960,5260,55470,60730,81000CAR
R72 10607 0123,6450,30090,36540,5260,35690,40950,81000CAR
R72 10607 0125,6450,32360,38810,5260,38380,43640,81000CAR
R72 10607 0126,6450,25340,31790,5260,34730,39990,81000CAR
R72 10607 0127,6580,28850,35430,5350,17560,22910,81000CAR
R72 10607 0131,6580,29650,36230,5350,24200,29550,81000CAR
R72 10607 0133,6580,27450,34030,5350,20470,25820,81000CAR
R72 10608 0002,6660,27080,33740,5410,20540,25950,81000CAR
R72 10608 0003,6580,25300,31880,5350,27270,32620,81000CAR
R72 10608 0004,6960,34060,41020,5660,34790,40450,81000CAR
R72 10608 0005,6580,24220,30800,5350,22540,27890,81000CAR
R72 10608 0006,6500,25920,32420,5290,25960,31250,81000CAR
R72 10608 0007,6580,29390,35970,5350,30780,36130,81000CAR
R72 10608 0008,6580,29390,35970,5350,29630,34980,81000CAR
R72 10608 0009,6580,28870,35450,5350,32230,37580,81000CAR
R72 10608 0011,6580,33100,39680,5350,35580,40930,81000CAR
R72 10608 0012,6580,32070,38650,5350,40370,45720,81000CAR
R72 10608 0014,6580,29390,35970,5350,30550,35900,81000CAR
R72 10608 0015,6580,26180,32760,5350,31680,37030,81000CAR
R72 10608 0016,6580,30630,37210,5350,33510,38860,81000CAR
R72 10608 0017,6580,27810,34390,5350,23480,28830,81000CAR
R72 10608 0018,6270,27470,33740,5100,25840,30940,81000CAR
R72 10608 0019,6580,26000,32580,5350,29570,34920,81000CAR
R72 10608 0020,6580,26000,32580,5350,22380,27730,81000CAR
R72 10608 0021,6580,28560,35140,5350,39000,44350,81000CAR
R72 10608 0022,3450,1950,5400,2800,2550,5350,81000CAR
R72 10608 0027,6660,26530,33190,5410,30920,36330,81000CAR
R72 10608 0028,6580,29510,36090,5350,35940,41290,81000CAR
R72 10608 0029,6580,34400,40980,5350,39040,44390,81000CAR
R72 10608 0030,6580,25860,32440,5350,57190,62540,81000CAR
R72 10608 0031,6580,31370,37950,5350,27550,32900,81000CAR
R72 10608 0032,6580,27380,33960,5350,29890,35240,81000CAR
R72 10608 0033,6580,24610,31190,5350,21680,27030,81000CAR
R72 10608 0034,6580,26750,33330,5350,32330,37680,81000CAR
R72 10608 0035,6580,28910,35490,5350,30250,35600,81000CAR
R72 10608 0036,6580,26110,32690,5350,24390,29740,81000CAR
R72 10608 0037,6580,32800,39380,5350,35050,40400,81000CAR
R72 10608 0038,6580,26960,33540,5350,31000,36350,81000CAR
R72 10608 0040,7040,26720,33760,5720,32120,37840,81000CAR
R72 10608 0041,7040,19960,27000,5720,22700,28420,81000CAR
R72 10608 0042,7040,23090,30130,5720,28520,34240,81000CAR
R72 10608 0043,6660,28980,35640,5410,32430,37840,81000CAR
R72 10608 0050,2320,0,2320,1710,0,1710,81000CAR
R72 10608 0051,7040,37750,44790,5720,39170,44890,81000CAR
R72 10608 0052,7040,31390,38430,5720,38390,44110,81000CAR
R72 10608 0053,7040,27310,34350,5720,29450,35170,81000CAR
R72 10608 0054,7110,28310,35420,5790,10060,15850,81000CAR
R72 10608 0055,6660,26750,33410,5410,21550,26960,81000CAR
R72 10608 0056,6580,27370,33950,5350,28850,34200,81000CAR
R72 10608 0057,6580,27140,33720,5350,32190,37540,81000CAR
R72 10608 0058,6580,29100,35680,5350,23650,29000,81000CAR
R72 10608 0059,6580,32010,38590,5350,33050,38400,81000CAR
R72 10608 0060,6840,31620,38460,5580,36200,41780,81000CAR
R72 10608 0061,6580,29220,35800,5350,37160,42510,81000CAR
R72 10608 0062,6580,31380,37960,5350,30970,36320,81000CAR
R72 10608 0063,6270,26270,32540,5100,27260,32360,81000CAR
R72 10608 0064,6580,28970,35550,5350,30640,35990,81000CAR
R72 10608 0065,6580,25580,32160,5350,28100,33450,81000CAR
R72 10608 0066,6960,34180,41140,5540,37500,43040,81000CAR
R72 10608 0067,6960,33210,40170,5540,34190,39730,81000CAR
R72 10608 0068,7170,32050,39220,5690,38370,44060,81000CAR
R72 10608 0069,7170,24600,31770,5690,14920,20610,81000CAR
R72 10608 0070,7170,31880,39050,5690,36460,42150,81000CAR
R72 10608 0071,7560,29060,36620,5960,27610,33570,81000CAR
R72 10609 0001,6770,31470,38240,5560,37510,43070,81000CAR
R72 10609 0002,6770,35990,42760,5560,18100,23660,81000CAR
R72 10609 0003,6770,38030,44800,5560,35940,41500,81000CAR
R72 10609 0004,6770,39420,46190,5560,40130,45690,81000CAR
R72 10609 0005,6770,38230,45000,5560,38990,44550,81000CAR
R72 10609 0006,6770,35890,42660,5560,36470,42030,81000CAR
R72 10609 0007,6770,31670,38440,5560,36990,42550,81000CAR
R72 10609 0008,6770,29050,35820,5560,35750,41310,81000CAR
R72 10609 0009,6770,37180,43950,5560,39260,44820,81000CAR
R72 10609 0010,6770,27470,34240,5560,29110,34670,81000CAR
R72 10609 0011,6770,34340,41110,5560,34850,40410,81000CAR
R72 10609 0012,6770,45950,52720,5560,46270,51830,81000CAR
R72 10609 0013,7090,37350,44440,5830,44480,50310,81000CAR
R72 10609 0014,6770,37490,44260,5560,44960,50520,81000CAR
R72 10609 0015,6770,39910,46680,5560,45300,50860,81000CAR
R72 10609 0016,10240,34780,45020,8490,37450,45940,81000CAR
R72 10609 0017,6570,33430,40000,5360,34590,39950,81000CAR
R72 10609 0018,6500,31310,37810,5340,34330,39670,81000CAR
R72 10609 0019,6570,29810,36380,5360,31670,37030,81000CAR
R72 10609 0020,6570,30930,37500,5360,31300,36660,81000CAR
R72 10609 0021,6500,30730,37230,5340,24830,30170,81000CAR
R72 10609 0022,6570,38640,45210,5360,39080,44440,81000CAR
R72 10609 0023,7800,33870,41670,6420,36010,42430,81000CAR
R72 10609 0024,6770,32470,39240,5560,30940,36500,81000CAR
R72 10609 0025,6770,40500,47270,5560,39920,45480,81000CAR
R72 10609 0026,7090,20360,27450,5830,37320,43150,81000CAR
R72 10609 0027,6770,32500,39270,5560,35980,41540,81000CAR
R72 10609 0028,6770,27000,33770,5560,28140,33700,81000CAR
R72 10609 0029,6770,32180,38950,5560,31110,36670,81000CAR
R72 10609 0030,6770,32660,39430,5560,22880,28440,81000CAR
R72 10609 0031,6770,37080,43850,5560,42720,48280,81000CAR
R72 10609 0032,6770,34690,41460,5560,34890,40450,81000CAR
R72 10609 0033,6770,30820,37590,5560,30640,36200,81000CAR
R72 10609 0034,6770,40940,47710,5560,38920,44480,81000CAR
R72 10609 0035,6770,31310,38080,5560,39290,44850,81000CAR
R72 10609 0036,6770,34380,41150,5560,26830,32390,81000CAR
R72 10609 0037,6770,40270,47040,5560,39740,45300,81000CAR
R72 10609 0038,6770,33830,40600,5560,33470,39030,81000CAR
R72 10609 0039,6450,36940,43390,5260,35030,40290,81000CAR
R72 10609 0040,6450,40420,46870,5260,34850,40110,81000CAR
R72 10609 0041,6450,41040,47490,5260,39610,44870,81000CAR
R72 10609 0042,6450,30510,36960,5260,30140,35400,81000CAR
R72 10609 0043,6450,33960,40410,5260,31910,37170,81000CAR
R72 10609 0044,6450,34160,40610,5260,36620,41880,81000CAR
R72 10609 0045,6450,41150,47600,5260,41400,46660,81000CAR
R72 10609 0046,6450,33530,39980,5260,38170,43430,81000CAR
R72 10609 0047,6450,34640,41090,5260,43350,48610,81000CAR
R72 10609 0048,6450,32750,39200,5260,32930,38190,81000CAR
R72 10609 0049,6450,29310,35760,5260,35110,40370,81000CAR
R72 10609 0050,6450,28980,35430,5260,39200,44460,81000CAR
R72 10609 0051,6750,27830,34580,5500,32030,37530,81000CAR
R72 10609 0052,6450,40470,46920,5260,32540,37800,81000CAR
R72 10609 0053,6450,33640,40090,5260,31390,36650,81000CAR
R72 10609 0054,6580,36240,42820,5380,35720,41100,81000CAR
R72 10609 0055,6980,44620,51600,5640,37970,43610,81000CAR
R72 10609 0056,7640,37840,45480,6030,43180,49210,81000CAR
R72 10901 0001,14040,35760,49800,9400,22480,31880,52010NOR
R72 10901 0002,13260,33540,46800,8860,21290,30150,52010NOR
R72 10901 0003,13130,32100,45230,8820,16640,25460,52010NOR
R72 10901 0004,14360,45150,59510,9220,28160,37380,52010NOR
R72 10901 0007,13520,33220,46740,4570,0,4570,52010NOR
R72 10901 0008,13520,34480,48000,9090,25040,34130,52010NOR
R72 10901 0009,13520,35930,49450,9090,11250,20340,52010NOR
R72 10901 0010,14450,43940,58390,9740,32430,42170,52010NOR
R72 10901 0011,13320,36330,49650,8930,30930,39860,52010NOR
R72 10901 0012,13160,38750,51910,8820,25860,34680,52010NOR
R72 10901 0013,13160,38080,51240,8820,21130,29950,52010NOR
R72 10901 0014,13160,34280,47440,8820,22600,31420,52010NOR
R72 10901 0015,13160,37020,50180,8820,26330,35150,52010NOR
R72 10901 0016,13160,31790,44950,8820,20680,29500,52010NOR
R72 10901 0017,13160,35940,49100,8850,27000,35850,52010NOR
R72 10901 0018,13160,44010,57170,8850,31310,40160,52010NOR
R72 10901 0019,14120,42110,56230,9550,13300,22850,52010NOR
R72 10901 0020,13930,41380,55310,9390,34210,43600,52010NOR
R72 10901 0021,13280,41320,54600,8920,15880,24800,52010NOR
R72 10901 0022,13280,44760,58040,8920,17710,26630,52010NOR
R72 10901 0023,13280,39860,53140,8920,22720,31640,52010NOR
R72 10901 0024,13280,35670,48950,8920,25090,34010,52010NOR
R72 10901 0025,13280,36920,50200,8920,26550,35470,52010NOR
R72 10901 0026,13280,36460,49740,8920,23760,32680,52010NOR
R72 10901 0027,13280,35440,48720,8920,22760,31680,52010NOR
R72 10901 0028,13280,26650,39930,8920,27420,36340,52010NOR
R72 10901 0029,14090,28680,42770,9510,26900,36410,52010NOR
R72 10901 0030,17010,37480,54490,11630,27630,39260,52010NOR
R72 10901 0032,12960,35380,48340,8690,25430,34120,52010NOR
R72 10901 0033,12960,32940,45900,8690,34230,42920,52010NOR
R72 10901 0034,12960,30630,43590,8690,26540,35230,52010NOR
R72 10901 0035,12960,36090,49050,8690,23480,32170,52010NOR
R72 10901 0036,12960,34600,47560,8690,5990,14680,52010NOR
R72 10901 0037,12960,40160,53120,8690,25510,34200,52010NOR
R72 10901 0038,12960,42620,55580,8690,20280,28970,52010NOR
R72 10901 0039,12960,33910,46870,8690,24740,33430,52010NOR
R72 10901 0040,12150,36340,48490,8100,22140,30240,52010NOR
R72 10901 0041,12150,33030,45180,8100,18490,26590,52010NOR
R72 10901 0042,12150,40910,53060,8100,24690,32790,52010NOR
R72 10901 0043,12150,35260,47410,8100,20530,28630,52010NOR
R72 10901 0044,12150,30570,42720,8100,21370,29470,52010NOR
R72 10901 0045,12150,39380,51530,8100,21300,29400,52010NOR
R72 10901 0046,11660,35990,47650,7750,27760,35510,52010NOR
R72 10901 0047,11830,37350,49180,7860,23260,31120,52010NOR
R72 10901 0048,12310,33390,45700,8220,19020,27240,52010NOR
R72 10901 0049,12310,35660,47970,8220,17720,25940,52010NOR
R72 10901 0050,12310,30680,42990,8220,15270,23490,52010NOR
R72 10901 0051,12310,41320,53630,8220,24090,32310,52010NOR
R72 10901 0053,12960,33170,46130,8690,23610,32300,52010NOR
R72 10901 0061,14360,11430,25790,9220,21590,30810,52010NOR
R72 10902 0001,14370,32760,47130,9640,19930,29570,52010NOR
R72 10902 0002,12980,35740,48720,8680,24770,33450,52010NOR
R72 10902 0003,12640,40750,53390,8390,25880,34270,52010NOR
R72 10902 0004,10080,35880,45960,6810,22300,29110,52010NOR
R72 10902 0005,12720,39500,52220,8520,18690,27210,52010NOR
R72 10902 0006,12720,36780,49500,8520,35870,44390,52010NOR
R72 10902 0007,12720,36030,48750,8520,27390,35910,52010NOR
R72 10902 0008,11300,32030,43330,7500,39360,46860,52010NOR
R72 10902 0011,12720,31740,44460,8520,13940,22460,52010NOR
R72 10902 0012,12720,31510,44230,8520,17980,26500,52010NOR
R72 10902 0013,12960,21480,34440,8690,14930,23620,52010NOR
R72 10902 0014,12960,37270,50230,8690,21840,30530,52010NOR
R72 10902 0015,12960,32010,44970,8690,21550,30240,52010NOR
R72 10902 0016,12960,37470,50430,8690,24660,33350,52010NOR
R72 10902 0017,12960,37790,50750,8690,21280,29970,52010NOR
R72 10902 0018,12960,32700,45660,8690,29230,37920,52010NOR
R72 10902 0019,12840,31890,44730,8620,24000,32620,52010NOR
R72 10902 0020,12840,43730,56570,8620,23350,31970,52010NOR
R72 10902 0021,12960,35920,48880,8690,22200,30890,52010NOR
R72 10902 0022,12960,34410,47370,8690,20530,29220,52010NOR
R72 10902 0024,12960,35780,48740,8690,30520,39210,52010NOR
R72 10902 0025,12960,40290,53250,8690,17950,26640,52010NOR
R72 10902 0026,12960,38560,51520,8690,22120,30810,52010NOR
R72 10902 0027,12960,40340,53300,8690,24620,33310,52010NOR
R72 10902 0028,13380,42710,56090,8870,37490,46360,52010NOR
R72 10902 0029,12110,35290,47400,8070,25720,33790,52010NOR
R72 10902 0030,11990,38200,50190,7920,21430,29350,52010NOR
R72 10902 0032,12840,37070,49910,8620,22610,31230,52010NOR
R72 10902 0037,12820,27260,40080,8570,19170,27740,52010NOR
R72 10902 0040,12840,67590,80430,8620,46210,54830,52010NOR
R72 10902 0041,12840,35460,48300,8620,22720,31340,52010NOR
R72 10902 0042,12840,34170,47010,8620,18570,27190,52010NOR
R72 10902 0043,12960,35520,48480,8650,21740,30390,52010NOR
R72 10902 0044,12840,38940,51780,8620,23790,32410,52010NOR
R72 10902 0045,12840,19930,32770,8620,23820,32440,52010NOR
R72 10902 0046,12960,39290,52250,8650,21870,30520,52010NOR
R72 10902 0049,6480,0,6480,3930,0,3930,52010NOR
R72 10902 0050,12840,36510,49350,8620,20040,28660,52010NOR
R72 10903 0002,11520,31430,42950,7680,22500,30180,52010NOR
R72 10903 0003,12960,33050,46010,8690,22860,31550,52010NOR
R72 10903 0004,12960,37380,50340,8690,24480,33170,52010NOR
R72 10903 0005,12960,32780,45740,8690,27340,36030,52010NOR
R72 10903 0006,11520,34530,46050,7680,20750,28430,52010NOR
R72 10903 0007,12960,35000,47960,8690,21480,30170,52010NOR
R72 10903 0008,12960,45850,58810,8690,27740,36430,52010NOR
R72 10903 0009,12960,28070,41030,8690,23520,32210,52010NOR
R72 10903 0010,12960,33480,46440,8690,27850,36540,52010NOR
R72 10903 0011,12960,35860,48820,8690,21260,29950,52010NOR
R72 10903 0012,12960,37730,50690,8690,25420,34110,52010NOR
R72 10903 0013,12960,41400,54360,8690,23040,31730,52010NOR
R72 10903 0014,12960,36690,49650,8690,21620,30310,52010NOR
R72 10903 0015,12960,27490,40450,8690,21750,30440,52010NOR
R72 10903 0018,12040,36740,48780,8010,25420,33430,52010NOR
R72 10903 0019,11700,39030,50730,7840,27420,35260,52010NOR
R72 10903 0020,11480,34820,46300,7690,5790,13480,52010NOR
R72 10903 0021,11360,39480,50840,7570,23330,30900,52010NOR
R72 10903 0022,13120,35570,48690,8810,23960,32770,52010NOR
R72 10903 0023,13120,36350,49470,8810,26810,35620,52010NOR
R72 10903 0024,15550,39330,54880,10570,18630,29200,52010NOR
R72 10903 0025,12960,10040,23000,8690,25510,34200,52010NOR
R72 10903 0026,12960,31850,44810,8690,13800,22490,52010NOR
R72 10903 0027,12960,12390,25350,8690,12610,21300,52010NOR
R72 10903 0028,12960,33610,46570,8690,23810,32500,52010NOR
R72 10903 0029,12960,35720,48680,8690,24640,33330,52010NOR
R72 10903 0030,10960,40090,51050,7310,21590,28900,52010NOR
R72 10906 0001,13860,30470,44330,9380,17370,26750,52010NOR
R72 10906 0002,13860,25370,39230,9380,17500,26880,52010NOR
R72 10906 0004,12000,31710,43710,12000,9870,21870,52010NOR
R72 10906 0011,11520,31580,43100,7650,20430,28080,52010NOR
R72 10906 0012,11810,33020,44830,7830,17680,25510,52010NOR
R72 10906 0013,11950,24660,36610,7920,15410,23330,52010NOR
R72 10906 0020,11780,28560,40340,7870,14800,22670,52010NOR
R72 10906 0021,14490,35750,50240,9750,21380,31130,52010NOR
R72 10906 0022,14490,37340,51830,9750,22880,32630,52010NOR
R72 10906 0024,14490,32700,47190,9750,20930,30680,52010NOR
R72 10906 0025,13570,36750,50320,9110,39550,48660,52010NOR
R72 10906 0026,6930,0,6930,4230,0,4230,52010NOR
R72 10906 0027,19780,54400,74180,13450,49160,62610,52010NOR
R72 10906 0029,16150,42780,58930,10450,32230,42680,52010NOR
R72 10906 0037,12850,14050,26900,8600,4060,12660,52010NOR
R72 10906 0038,12550,28600,41150,8390,17410,25800,52010NOR
R72 10906 0039,12550,32090,44640,8390,17850,26240,52010NOR
R72 10906 0045,14360,15280,29640,9750,21110,30860,52010NOR
R72 10906 0048,24910,42680,67590,17640,28700,46340,52010NOR
R72 10906 0049,14720,40770,55490,9490,36840,46330,52010NOR
R72 10906 0056,1940,0,1940,1330,0,1330,52010NOR
R72 10907 0001,8180,0,8180,10660,0,10660,52010NOR
R72 10907 0002,12000,26440,38440,8020,14780,22800,52010NOR
R72 10907 0003,11280,24520,35800,7550,13930,21480,52010NOR
R72 10907 0004,11280,28760,40040,7550,17650,25200,52010NOR
R72 10907 0005,11280,31030,42310,7550,26430,33980,52010NOR
R72 10907 0006,13200,34790,47990,8890,22580,31470,52010NOR
R72 10907 0007,13200,31520,44720,8890,19540,28430,52010NOR
R72 10907 0008,13200,28440,41640,8890,23930,32820,52010NOR
R72 10907 0009,13500,51370,64870,8820,42980,51800,52010NOR
R72 10907 0010,14520,47210,61730,9870,29880,39750,52010NOR
R72 10907 0011,11280,32880,44160,7550,21110,28660,52010NOR
R72 10907 0012,11280,29330,40610,7550,18000,25550,52010NOR
R72 10907 0013,11280,28660,39940,7550,17280,24830,52010NOR
R72 10907 0014,13200,20250,33450,8890,15350,24240,52010NOR
R72 10907 0015,13200,5000,18200,8890,9610,18500,52010NOR
R72 10907 0016,13200,34490,47690,8890,19490,28380,52010NOR
R72 10907 0018,12000,29670,41670,8020,12590,20610,52010NOR
R72 10907 0019,11280,26750,38030,7550,13210,20760,52010NOR
R72 10907 0021,11280,27670,38950,7550,25170,32720,52010NOR
R72 10907 0022,6600,0,6600,4020,0,4020,52010NOR
R72 10907 0023,13200,34560,47760,8890,22990,31880,52010NOR
R72 10907 0025,13200,34790,47990,8890,21590,30480,52010NOR
R72 10907 0026,13200,29270,42470,8890,17620,26510,52010NOR
R72 10907 0027,13200,26500,39700,8890,17960,26850,52010NOR
R72 10907 0028,13200,29910,43110,8890,19130,28020,52010NOR
R72 10907 0029,12960,33290,46250,8690,21150,29840,52010NOR
R72 10907 0030,13200,30720,43920,8890,21510,30400,52010NOR
R72 10907 0031,13200,31660,44860,8890,20950,29840,52010NOR
R72 10907 0032,13200,29900,43100,8890,24410,33300,52010NOR
R72 10907 0033,13200,33390,46590,8890,15630,24520,52010NOR
R72 10907 0034,13200,26230,39430,8890,14210,23100,52010NOR
R72 10907 0048,13500,37460,50960,9020,15130,24150,52010NOR
R72 10907 0049,13200,58500,71700,8890,42200,51090,52010NOR
R72 10907 0050,13200,34390,47590,8890,20560,29450,52010NOR
R72 10907 0052,18150,49780,67930,12150,34400,46550,52010NOR
R72 10907 0053,14520,39260,53780,9870,24070,33940,52010NOR
R72 10907 0054,14520,34580,49100,9870,21320,31190,52010NOR
R72 10907 0055,14520,35910,50430,9870,18060,27930,52010NOR
R72 10907 0056,14520,39680,54200,9870,24210,34080,52010NOR
R72 10907 0057,13500,19500,33000,8820,8880,17700,52010NOR
R72 10907 0058,13500,42380,55880,9020,26200,35220,52010NOR
R72 10907 0062,13200,34330,47530,8890,42520,51410,52010NOR
R72 10907 0063,13200,58570,71770,8890,48400,57290,52010NOR
R72 10908 0002,12840,31380,44220,8620,15980,24600,52010NOR
R72 10908 0003,12840,31230,44070,8620,18210,26830,52010NOR
R72 10908 0004,12840,32740,45580,8620,22730,31350,52010NOR
R72 10908 0005,12840,31300,44140,8620,16940,25560,52010NOR
R72 10908 0006,17820,43690,61510,12320,26820,39140,52010NOR
R72 10908 0007,17820,36030,53850,12320,13910,26230,52010NOR
R72 10908 0008,13200,30710,43910,8890,23090,31980,52010NOR
R72 10908 0009,13200,36530,49730,8890,28230,37120,52010NOR
R72 10908 0010,13730,36090,49820,9310,23100,32410,52010NOR
R72 10908 0011,14720,38280,53000,10030,24310,34340,52010NOR
R72 10908 0012,15370,42380,57750,10520,34140,44660,52010NOR
R72 10908 0013,15040,35360,50400,10270,24290,34560,52010NOR
R72 10908 0014,16010,25530,41540,10930,47670,58600,52010NOR
R72 10908 0015,15680,32530,48210,10730,19650,30380,52010NOR
R72 10908 0016,15680,22700,38380,10730,21670,32400,52010NOR
R72 10908 0017,14360,35050,49410,9750,21360,31110,52010NOR
R72 10908 0018,14220,27920,42140,9670,24020,33690,52010NOR
R72 10908 0019,15020,12730,27750,10240,19180,29420,52010NOR
R72 10908 0020,15020,34240,49260,10240,23710,33950,52010NOR
R72 10908 0021,15020,32050,47070,10200,22090,32290,52010NOR
R72 10908 0022,16010,39300,55310,10930,23910,34840,52010NOR
R72 10908 0023,15020,33550,48570,10200,19430,29630,52010NOR
R72 10908 0024,12260,25660,37920,8050,26590,34640,52010NOR
R72 10908 0025,11220,34140,45360,7460,21790,29250,52010NOR
R72 10908 0026,12960,18320,31280,8450,25090,33540,52010NOR
R72 10908 0030,14520,36840,51360,9870,30790,40660,52010NOR
R72 10908 0032,16670,6930,23600,11470,14000,25470,52010NOR
R72 10908 0035,17820,36020,53840,12320,27550,39870,52010NOR
R72 10908 0036,13200,26730,39930,4470,0,4470,52010NOR
R72 10908 0037,4950,0,4950,2920,0,2920,52010NOR
R72 10908 0038,16500,37720,54220,11340,28920,40260,52010NOR
R72 10908 0039,14770,57110,71880,10010,42820,52830,52010NOR
R72 10908 0043,16670,35730,52400,11470,28340,39810,52010NOR
R72 10909 0001,12840,35970,48810,8620,29780,38400,52010NOR
R72 10909 0002,12840,38070,50910,8620,26630,35250,52010NOR
R72 10909 0005,13770,18920,32690,9280,15050,24330,52010NOR
R72 10909 0006,12850,33710,46560,8640,16430,25070,52010NOR
R72 10909 0007,12840,37740,50580,8620,28100,36720,52010NOR
R72 10909 0008,12840,37870,50710,8620,24560,33180,52010NOR
R72 10909 0009,12840,33390,46230,8620,27600,36220,52010NOR
R72 10909 0010,12840,27920,40760,8620,28480,37100,52010NOR
R72 10909 0011,12840,32110,44950,8620,20760,29380,52010NOR
R72 10909 0012,12840,38870,51710,8620,12720,21340,52010NOR
R72 10909 0013,12840,42270,55110,8620,26210,34830,52010NOR
R72 10909 0015,12840,38510,51350,8620,20620,29240,52010NOR
R72 10909 0016,12840,38300,51140,8620,27970,36590,52010NOR
R72 10909 0017,12840,42990,55830,8620,29470,38090,52010NOR
R72 10909 0018,12840,36870,49710,8620,40400,49020,52010NOR
R72 10909 0019,12840,41540,54380,8620,27940,36560,52010NOR
R72 10909 0020,12840,41760,54600,8620,25390,34010,52010NOR
R72 10909 0021,12840,31670,44510,8620,18560,27180,52010NOR
R72 10909 0022,13960,39650,53610,9430,24210,33640,52010NOR
R72 10909 0023,12840,40910,53750,8620,27670,36290,52010NOR
R72 10909 0024,12840,30560,43400,8620,21810,30430,52010NOR
R72 10909 0025,12840,36790,49630,8620,27190,35810,52010NOR
R72 10909 0026,12840,42030,54870,8620,32720,41340,52010NOR
R72 10909 0027,12840,40760,53600,8620,29300,37920,52010NOR
R72 10909 0028,12840,27790,40630,8620,20420,29040,52010NOR
R72 10909 0029,12840,39960,52800,8620,25730,34350,52010NOR
R72 10909 0030,12840,40440,53280,8620,22010,30630,52010NOR
R72 10909 0031,12840,39310,52150,8620,24310,32930,52010NOR
R72 10909 0041,14690,39340,54030,9990,37200,47190,52010NOR
R72 10909 0042,13200,37260,50460,8890,30850,39740,52010NOR
R72 10909 0043,13200,35950,49150,8890,30340,39230,52010NOR
R72 10909 0044,13200,36250,49450,8860,23070,31930,52010NOR
R72 10909 0045,6600,0,6600,4020,0,4020,52010NOR
R72 10909 0046,13200,32280,45480,8890,19340,28230,52010NOR
R72 10909 0047,13200,31840,45040,8890,16790,25680,52010NOR
R72 10909 0048,13200,28390,41590,8890,21710,30600,52010NOR
R72 10909 0049,13200,31500,44700,8890,19570,28460,52010NOR
R72 10909 0050,13200,36010,49210,8890,24060,32950,52010NOR
R72 10910 0001,12840,35350,48190,8620,19260,27880,52010NOR
R72 10910 0002,12840,42150,54990,8620,22640,31260,52010NOR
R72 10910 0003,12840,37090,49930,8620,19740,28360,52010NOR
R72 10910 0004,12840,29250,42090,8620,16360,24980,52010NOR
R72 10910 0005,12840,33870,46710,8620,18740,27360,52010NOR
R72 10910 0006,12840,19070,31910,8620,17090,25710,52010NOR
R72 10910 0013,12840,39680,52520,8620,29800,38420,52010NOR
R72 10910 0014,12840,44580,57420,8620,28450,37070,52010NOR
R72 10910 0015,12840,39320,52160,8620,21090,29710,52010NOR
R72 10910 0016,12840,35960,48800,8620,15570,24190,52010NOR
R72 10910 0017,12840,36190,49030,8620,19280,27900,52010NOR
R72 10910 0018,12840,42650,55490,8620,23360,31980,52010NOR
R72 10910 0019,12840,46650,59490,8620,29190,37810,52010NOR
R72 10910 0020,12840,37900,50740,8620,18060,26680,52010NOR
R72 10910 0021,12840,32230,45070,8620,13960,22580,52010NOR
R72 10910 0022,12840,27610,40450,8620,18110,26730,52010NOR
R72 10910 0023,12840,33470,46310,8620,19280,27900,52010NOR
R72 10910 0024,12840,36050,48890,8620,25100,33720,52010NOR
R72 10910 0025,12840,40620,53460,8620,21470,30090,52010NOR
R72 10910 0026,12840,44100,56940,8620,29620,38240,52010NOR
R72 10910 0027,12840,28020,40860,8620,27970,36590,52010NOR
R72 10910 0028,12840,30390,43230,8620,21200,29820,52010NOR
R72 10910 0029,12840,28560,41400,8620,23080,31700,52010NOR
R72 10910 0030,12840,36790,49630,8620,25270,33890,52010NOR
R72 10910 0031,12840,38980,51820,8620,57200,65820,52010NOR
R72 10910 0032,12840,44410,57250,8620,38350,46970,52010NOR
R72 10910 0033,12840,40040,52880,8620,25140,33760,52010NOR
R72 10910 0034,12840,40090,52930,8620,38400,47020,52010NOR
R72 10910 0035,12720,24960,37680,8550,22200,30750,52010NOR
R72 10910 0036,12840,42770,55610,8620,20400,29020,52010NOR
R72 10910 0037,12840,31760,44600,8620,57420,66040,52010NOR
R72 10910 0038,12840,26540,39380,8620,42500,51120,52010NOR
R72 10910 0039,12840,28050,40890,8620,21050,29670,52010NOR
R72 10910 0040,12840,12990,25830,8620,14920,23540,52010NOR
R72 10910 0041,12840,35180,48020,8620,23580,32200,52010NOR
R72 10910 0042,12840,32560,45400,8620,20760,29380,52010NOR
R72 10910 0043,12840,30360,43200,8620,28270,36890,52010NOR
R72 10910 0044,12840,38420,51260,8620,24980,33600,52010NOR
R72 10910 0045,12840,42050,54890,8620,25470,34090,52010NOR
R72 10910 0046,12840,31430,44270,8620,20240,28860,52010NOR
R72 10910 0047,12840,43060,55900,8620,27770,36390,52010NOR
R72 10910 0048,12840,33960,46800,8620,21620,30240,52010NOR
R72 10910 0049,12040,6210,18250,8040,13310,21350,52010NOR
R72 10910 0050,11880,29250,41130,7930,18330,26260,52010NOR
R72 10910 0051,11880,38250,50130,7930,16920,24850,52010NOR
R72 10910 0052,11880,39280,51160,7930,29250,37180,52010NOR
R72 10910 0053,11880,42810,54690,7930,20770,28700,52010NOR
R72 10910 0054,11880,40850,52730,7930,24330,32260,52010NOR
R72 10910 0055,11880,38950,50830,7930,11760,19690,52010NOR
R72 10910 0056,11880,31090,42970,7930,15260,23190,52010NOR
R72 10910 0057,11880,45830,57710,7930,26670,34600,52010NOR
R72 10910 0058,11880,45160,57040,7930,47050,54980,52010NOR
R72 10910 0059,11880,41350,53230,7930,23880,31810,52010NOR
R72 10910 0060,11880,34730,46610,7930,13270,21200,52010NOR
R72 10910 0061,11880,29550,41430,7930,31370,39300,52010NOR
R72 10911 0010,12850,31320,44170,8600,16690,25290,52010NOR
R72 10911 0012,13770,34950,48720,9230,21200,30430,52010NOR
R72 10911 0013,16220,41170,57390,10910,66440,77350,52010NOR
R72 10911 0015,14380,36710,51090,9650,25580,35230,52010NOR
R72 10911 0016,12550,45310,57860,8390,25550,33940,52010NOR
R72 10911 0017,12550,36270,48820,8390,41200,49590,52010NOR
R72 10911 0018,6350,0,6350,3850,0,3850,52010NOR
R72 10911 0019,13640,24600,38240,9200,17220,26420,52010NOR
R72 10911 0027,12840,38040,50880,8620,17250,25870,52010NOR
R72 10911 0028,12840,1160,14000,8620,21670,30290,52010NOR
R72 10911 0029,12840,14600,27440,8620,71140,79760,52010NOR
R72 10911 0030,14450,31400,45850,9780,23180,32960,52010NOR
R72 10911 0031,14450,38140,52590,9780,23860,33640,52010NOR
R72 10911 0032,14450,36960,51410,9780,20090,29870,52010NOR
R72 10911 0034,14450,17120,31570,9780,34340,44120,52010NOR
R72 10911 0035,13000,47130,60130,8740,26890,35630,52010NOR
R72 10911 0038,13160,40910,54070,8820,26130,34950,52010NOR
R72 10911 0039,13160,12660,25820,8820,21130,29950,52010NOR
R72 10911 0040,13160,39420,52580,8820,34510,43330,52010NOR
R72 10911 0041,13160,50670,63830,8820,62950,71770,52010NOR
R72 10911 0042,13160,31500,44660,8820,34610,43430,52010NOR
R72 10911 0043,13160,45280,58440,8820,37350,46170,52010NOR
R72 10911 0044,13160,42980,56140,8820,28560,37380,52010NOR
R72 10911 0045,13160,32300,45460,8820,23050,31870,52010NOR
R72 10911 0046,14450,35310,49760,9740,27040,36780,52010NOR
R72 10911 0047,10330,29640,39970,6910,15420,22330,52010NOR
R72 10911 0048,16020,43470,59490,10300,22830,33130,52010NOR
R72 10911 0050,11100,28540,39640,7380,21190,28570,52010NOR
R72 10911 0051,12390,36400,48790,8290,26530,34820,52010NOR
R72 10911 0052,11780,32000,43780,7870,14830,22700,52010NOR
R72 10911 0053,13160,39470,52630,8810,26470,35280,52010NOR
R72 10911 0055,13960,57080,71040,9340,10430,19770,52010NOR
R72 10911 0056,14770,41380,56150,9970,30540,40510,52010NOR
R72 10911 0058,12200,23600,35800,8130,23160,31290,52010NOR
R72 10911 0059,12840,45710,58550,8590,27680,36270,52010NOR
R72 10911 0060,12840,50010,62850,8590,21760,30350,52010NOR
R72 10911 0061,12840,42300,55140,8590,30490,39080,52010NOR
R72 10911 0062,12840,43500,56340,8590,25880,34470,52010NOR
R72 10911 0063,12840,45080,57920,8590,24340,32930,52010NOR
R72 10911 0064,12840,15790,28630,8590,17070,25660,52010NOR
R72 10911 0065,12840,43910,56750,8590,25520,34110,52010NOR
R72 10911 0066,12840,47500,60340,8590,32520,41110,52010NOR
R72 10911 0067,4230,19730,23960,6860,11200,18060,52010NOR
R72 10911 0080,12240,36090,48330,8180,19150,27330,52010NOR
R72 11001 0002,12140,35810,47950,8020,12450,20470,52010NOR
R72 11001 0003,12140,52730,64870,8020,10540,18560,52010NOR
R72 11001 0005,12140,36720,48860,8020,21000,29020,52010NOR
R72 11001 0006,12140,14600,26740,8020,13600,21620,52010NOR
R72 11001 0007,12420,38060,50480,8180,23860,32040,52010NOR
R72 11001 0008,12420,34350,46770,8180,23110,31290,52010NOR
R72 11001 0009,12420,40700,53120,8180,23830,32010,52010NOR
R72 11001 0010,12420,31150,43570,8180,20300,28480,52010NOR
R72 11001 0011,12830,39140,51970,8440,25650,34090,52010NOR
R72 11001 0012,14110,36200,50310,9290,23450,32740,52010NOR
R72 11001 0013,13370,36260,49630,9010,25130,34140,52010NOR
R72 11001 0014,11770,21470,33240,7850,21390,29240,52010NOR
R72 11001 0015,12960,41010,53970,8650,22530,31180,52010NOR
R72 11001 0016,12600,28930,41530,8450,24140,32590,52010NOR
R72 11001 0017,12360,35710,48070,8280,27700,35980,52010NOR
R72 11001 0018,12120,44470,56590,8080,14040,22120,52010NOR
R72 11001 0019,12200,31710,43910,8170,25190,33360,52010NOR
R72 11001 0020,11950,34350,46300,7960,26470,34430,52010NOR
R72 11001 0021,12560,37980,50540,8310,27090,35400,52010NOR
R72 11001 0022,12290,33540,45830,8060,30670,38730,52010NOR
R72 11001 0023,12020,36170,48190,7930,27840,35770,52010NOR
R72 11001 0024,12020,36930,48950,7930,26050,33980,52010NOR
R72 11001 0025,12020,36650,48670,7930,22720,30650,52010NOR
R72 11001 0026,12150,36210,48360,7970,16720,24690,52010NOR
R72 11001 0027,12150,17650,29800,7970,6740,14710,52010NOR
R72 11001 0028,12150,31130,43280,7970,19680,27650,52010NOR
R72 11001 0029,11880,46460,58340,7810,38470,46280,52010NOR
R72 11001 0030,12280,33560,45840,8090,26730,34820,52010NOR
R72 11001 0031,12690,37000,49690,4240,0,4240,52010NOR
R72 11001 0032,12510,47870,60380,4180,0,4180,52010NOR
R72 11001 0033,12510,21570,34080,8310,4750,13060,52010NOR
R72 11001 0034,12120,37000,49120,8120,26760,34880,52010NOR
R72 11001 0035,12360,33030,45390,8280,38060,46340,52010NOR
R72 11001 0036,12600,35500,48100,8450,23880,32330,52010NOR
R72 11001 0037,12840,35640,48480,8620,22630,31250,52010NOR
R72 11001 0038,7200,44260,51460,4890,41920,46810,52010NOR
R72 11003 0001,12000,30080,42080,8020,41040,49060,52010NOR
R72 11003 0002,12000,31720,43720,8020,25520,33540,52010NOR
R72 11003 0003,12000,26200,38200,8020,14720,22740,52010NOR
R72 11003 0004,12000,27680,39680,8020,18180,26200,52010NOR
R72 11003 0005,12000,35720,47720,8020,25440,33460,52010NOR
R72 11003 0006,11850,39220,51070,7920,22490,30410,52010NOR
R72 11003 0007,11850,42500,54350,7920,28710,36630,52010NOR
R72 11003 0008,11850,24780,36630,7920,14890,22810,52010NOR
R72 11003 0009,11850,13570,25420,7920,9620,17540,52010NOR
R72 11003 0010,11850,39490,51340,7920,32690,40610,52010NOR
R72 11003 0011,11850,41340,53190,7920,24250,32170,52010NOR
R72 11003 0012,12000,18930,30930,8020,26050,34070,52010NOR
R72 11003 0013,12000,38000,50000,8020,24560,32580,52010NOR
R72 11003 0014,12000,38140,50140,8020,30290,38310,52010NOR
R72 11003 0015,12000,44850,56850,8020,27050,35070,52010NOR
R72 11003 0016,12000,37840,49840,8020,23210,31230,52010NOR
R72 11003 0017,6000,0,6000,3630,0,3630,52010NOR
R72 11003 0018,13200,32220,45420,8820,20730,29550,52010NOR
R72 11003 0019,12000,34490,46490,8020,22660,30680,52010NOR
R72 11003 0020,11850,37630,49480,7920,56440,64360,52010NOR
R72 11003 0021,11850,29630,41480,7920,20310,28230,52010NOR
R72 11003 0022,11850,18430,30280,7920,22450,30370,52010NOR
R72 11003 0023,11850,26790,38640,7920,9810,17730,52010NOR
R72 11003 0024,11850,48550,60400,7920,13230,21150,52010NOR
R72 11003 0025,11850,42120,53970,7920,30270,38190,52010NOR
R72 11003 0026,12000,34470,46470,8020,21780,29800,52010NOR
R72 11003 0027,12000,32980,44980,8020,28210,36230,52010NOR
R72 11003 0028,12000,26700,38700,8020,26960,34980,52010NOR
R72 11003 0029,12000,20930,32930,8020,27080,35100,52010NOR
R72 11003 0030,12000,36550,48550,8020,20750,28770,52010NOR
R72 11003 0033,10560,32900,43460,7040,31000,38040,52010NOR
R72 11003 0034,10320,33310,43630,6940,24190,31130,52010NOR
R72 11003 0035,10440,38560,49000,6970,22690,29660,52010NOR
R72 11003 0036,9840,29120,38960,6640,24700,31340,52010NOR
R72 11003 0038,9240,33490,42730,6410,22910,29320,52010NOR
R72 11003 0039,9010,39660,48670,6280,31330,37610,52010NOR
R72 11003 0040,8770,36420,45190,6180,23280,29460,52010NOR
R72 11003 0041,8530,38460,46990,6080,22200,28280,52010NOR
R72 11003 0042,8400,39140,47540,6000,24630,30630,52010NOR
R72 11003 0043,10200,36750,46950,6860,21780,28640,52010NOR
R72 11003 0044,2970,0,2970,1980,0,1980,52010NOR
R72 11003 0045,8160,38960,47120,5900,24500,30400,52010NOR
R72 11004 0001,12880,31720,44600,8630,18430,27060,52010NOR
R72 11004 0002,12880,30550,43430,8630,18580,27210,52010NOR
R72 11004 0003,12880,35420,48300,8630,16000,24630,52010NOR
R72 11004 0006,12880,36050,48930,8630,27490,36120,52010NOR
R72 11004 0007,12720,34200,46920,8520,25060,33580,52010NOR
R72 11004 0008,12880,34250,47130,8630,25730,34360,52010NOR
R72 11004 0009,12880,34030,46910,8630,18370,27000,52010NOR
R72 11004 0010,12880,19860,32740,8630,11490,20120,52010NOR
R72 11004 0011,12880,32040,44920,8630,15030,23660,52010NOR
R72 11004 0012,12600,40420,53020,8450,25740,34190,52010NOR
R72 11004 0013,12600,28700,41300,8450,26570,35020,52010NOR
R72 11004 0014,12600,37650,50250,8450,22340,30790,52010NOR
R72 11004 0015,12600,37640,50240,8450,25180,33630,52010NOR
R72 11004 0016,12290,31280,43570,8230,26220,34450,52010NOR
R72 11004 0017,5750,0,5750,3470,0,3470,52010NOR
R72 11004 0018,3750,3750,7500,9010,15370,24380,52010NOR
R72 11004 0019,12440,33630,46070,8340,24890,33230,52010NOR
R72 11004 0020,12440,34720,47160,8340,23590,31930,52010NOR
R72 11004 0021,12130,34130,46260,8120,29850,37970,52010NOR
R72 11004 0022,12440,33220,45660,8340,26080,34420,52010NOR
R72 11004 0023,12600,35320,47920,8450,18850,27300,52010NOR
R72 11004 0024,12600,36150,48750,8450,22550,31000,52010NOR
R72 11004 0025,12600,35300,47900,8450,14550,23000,52010NOR
R72 11004 0026,12600,34600,47200,8450,24680,33130,52010NOR
R72 11004 0027,12600,29230,41830,8420,26980,35400,52010NOR
R72 11004 0028,12600,39180,51780,8420,27540,35960,52010NOR
R72 11004 0029,12600,34020,46620,8420,33990,42410,52010NOR
R72 11004 0030,12600,33430,46030,8420,21750,30170,52010NOR
R72 11004 0031,12440,37440,49880,8310,24000,32310,52010NOR
R72 11004 0032,12440,40410,52850,8310,23070,31380,52010NOR
R72 11004 0033,12440,31780,44220,8310,23750,32060,52010NOR
R72 11004 0034,12440,33360,45800,8310,15860,24170,52010NOR
R72 11004 0035,12440,15510,27950,8310,29680,37990,52010NOR
R72 11004 0036,12440,40610,53050,8310,35820,44130,52010NOR
R72 11004 0037,12440,34460,46900,8310,43800,52110,52010NOR
R72 11004 0038,12600,36000,48600,8420,26160,34580,52010NOR
R72 11004 0039,12600,39850,52450,8420,27190,35610,52010NOR
R72 11004 0040,12600,37510,50110,8420,30060,38480,52010NOR
R72 11004 0041,12600,45460,58060,8420,33750,42170,52010NOR
R72 11004 0042,12600,0,12600,8420,0,8420,52010NOR
R72 11004 0043,12600,39910,52510,8420,20820,29240,52010NOR
R72 11004 0044,12600,38870,51470,8420,24400,32820,52010NOR
R72 11004 0045,12600,38340,50940,8420,20200,28620,52010NOR
R72 11004 0046,12440,37870,50310,8310,17120,25430,52010NOR
R72 11004 0047,12440,36870,49310,8310,29110,37420,52010NOR
R72 11004 0048,12440,35750,48190,8310,23860,32170,52010NOR
R72 11004 0049,12440,37070,49510,8310,25780,34090,52010NOR
R72 11004 0050,12440,38940,51380,8310,48470,56780,52010NOR
R72 11004 0051,12440,32520,44960,8310,21150,29460,52010NOR
R72 11004 0052,12440,30780,43220,8310,21830,30140,52010NOR
R72 11004 0053,12600,30570,43170,8420,22460,30880,52010NOR
R72 11004 0054,12600,36640,49240,8420,20120,28540,52010NOR
R72 11004 0055,12600,46600,59200,8420,30150,38570,52010NOR
R72 11004 0056,12600,43150,55750,8420,26140,34560,52010NOR
R72 11004 0057,12600,31370,43970,8420,23690,32110,52010NOR
R72 11004 0058,12600,36530,49130,8420,25860,34280,52010NOR
R72 11004 0059,12600,38460,51060,8420,27720,36140,52010NOR
R72 11004 0060,12600,24330,36930,8420,19260,27680,52010NOR
R72 11004 0061,12440,32210,44650,8310,18270,26580,52010NOR
R72 11004 0062,12440,31010,43450,8310,14540,22850,52010NOR
R72 11004 0063,12440,33650,46090,8310,21630,29940,52010NOR
R72 11004 0064,12440,25340,37780,8310,17610,25920,52010NOR
R72 11004 0065,12440,30960,43400,8310,20080,28390,52010NOR
R72 11004 0066,12440,15560,28000,8310,10340,18650,52010NOR
R72 11004 0067,14760,40290,55050,10010,16710,26720,52010NOR
R72 11004 0068,12600,38810,51410,8420,23990,32410,52010NOR
R72 11004 0070,12600,20020,32620,8420,22180,30600,52010NOR
R72 11004 0071,12600,39560,52160,8420,22840,31260,52010NOR
R72 11005 0001,12880,48600,61480,8630,29450,38080,52010NOR
R72 11005 0002,12880,31270,44150,8630,17860,26490,52010NOR
R72 11005 0003,12720,35580,48300,8520,28460,36980,52010NOR
R72 11005 0004,12880,40140,53020,8630,28950,37580,52010NOR
R72 11005 0005,12880,38970,51850,8630,23380,32010,52010NOR
R72 11005 0006,12880,24650,37530,8630,21570,30200,52010NOR
R72 11005 0007,12880,32170,45050,8630,21200,29830,52010NOR
R72 11005 0008,12880,37380,50260,8630,36400,45030,52010NOR
R72 11005 0009,12880,36810,49690,8630,23650,32280,52010NOR
R72 11005 0010,12880,32460,45340,8630,21180,29810,52010NOR
R72 11005 0011,13910,32360,46270,9360,17090,26450,52010NOR
R72 11005 0012,13910,40630,54540,9360,22880,32240,52010NOR
R72 11005 0013,13910,26860,40770,9360,35120,44480,52010NOR
R72 11005 0014,13910,36520,50430,9360,23440,32800,52010NOR
R72 11005 0015,13910,37050,50960,9360,46550,55910,52010NOR
R72 11005 0016,13910,37130,51040,9360,27350,36710,52010NOR
R72 11005 0017,13910,42000,55910,9360,23570,32930,52010NOR
R72 11005 0018,13910,42530,56440,9360,0,9360,52010NOR
R72 11005 0019,13910,45540,59450,9360,27390,36750,52010NOR
R72 11005 0020,13910,24250,38160,9360,9750,19110,52010NOR
R72 11005 0021,13910,40480,54390,9360,23450,32810,52010NOR
R72 11005 0022,13910,40870,54780,9360,9540,18900,52010NOR
R72 11005 0023,13910,35840,49750,9360,29320,38680,52010NOR
R72 11005 0024,13910,38000,51910,9360,29150,38510,52010NOR
R72 11005 0025,13910,38410,52320,9360,25530,34890,52010NOR
R72 11005 0026,13910,35350,49260,9360,24780,34140,52010NOR
R72 11005 0027,12920,31780,44700,8700,23680,32380,52010NOR
R72 11005 0028,13410,34500,47910,9060,27940,37000,52010NOR
R72 11005 0029,13410,31440,44850,9060,27990,37050,52010NOR
R72 11005 0030,13410,37100,50510,9060,21440,30500,52010NOR
R72 11005 0031,13410,33650,47060,9060,26140,35200,52010NOR
R72 11005 0032,13410,37720,51130,9060,28620,37680,52010NOR
R72 11005 0033,13410,37170,50580,9060,21780,30840,52010NOR
R72 11005 0034,13410,32760,46170,9060,14980,24040,52010NOR
R72 11005 0035,13410,14550,27960,9060,35650,44710,52010NOR
R72 11005 0036,13410,44810,58220,9060,23690,32750,52010NOR
R72 11005 0038,13410,42210,55620,9060,38840,47900,52010NOR
R72 11005 0039,13410,39240,52650,9060,28770,37830,52010NOR
R72 11005 0040,13240,33120,46360,8940,27320,36260,52010NOR
R72 11005 0041,13410,33300,46710,9060,23890,32950,52010NOR
R72 11005 0042,13570,31440,45010,9190,21850,31040,52010NOR
R72 11005 0043,13410,37610,51020,9060,28190,37250,52010NOR
R72 11005 0044,13410,45550,58960,9060,32060,41120,52010NOR
R72 11006 0001,11040,31850,42890,7340,17660,25000,52010NOR
R72 11006 0002,11040,37620,48660,7340,22060,29400,52010NOR
R72 11006 0003,17940,39450,57390,12090,22250,34340,52010NOR
R72 11006 0004,12720,36930,49650,8520,23770,32290,52010NOR
R72 11006 0005,12240,35790,48030,8220,8900,17120,52010NOR
R72 11006 0006,12700,35800,48500,8540,21860,30400,52010NOR
R72 11006 0007,13460,24120,37580,9060,22680,31740,52010NOR
R72 11006 0008,13910,32280,46190,9360,24680,34040,52010NOR
R72 11006 0009,13910,37550,51460,9360,24070,33430,52010NOR
R72 11006 0010,13910,34890,48800,9360,17970,27330,52010NOR
R72 11006 0011,13910,34800,48710,9360,25970,35330,52010NOR
R72 11006 0012,13910,36220,50130,9360,30070,39430,52010NOR
R72 11006 0013,13910,38050,51960,9360,16750,26110,52010NOR
R72 11006 0014,13910,35960,49870,9360,25940,35300,52010NOR
R72 11006 0015,13910,25670,39580,9360,20080,29440,52010NOR
R72 11006 0016,13910,34370,48280,9360,28250,37610,52010NOR
R72 11006 0017,13910,34660,48570,9360,37850,47210,52010NOR
R72 11006 0018,13910,36680,50590,9360,24720,34080,52010NOR
R72 11006 0019,13910,36100,50010,9360,26890,36250,52010NOR
R72 11006 0020,13910,37170,51080,9360,5420,14780,52010NOR
R72 11006 0021,13910,35580,49490,9360,24730,34090,52010NOR
R72 11006 0022,13410,29240,42650,9060,24460,33520,52010NOR
R72 11006 0023,13410,37990,51400,9060,25900,34960,52010NOR
R72 11006 0024,13410,43920,57330,9060,18090,27150,52010NOR
R72 11006 0025,13410,39840,53250,9060,16490,25550,52010NOR
R72 11006 0026,13410,34810,48220,9060,19790,28850,52010NOR
R72 11006 0027,13410,39380,52790,9060,32800,41860,52010NOR
R72 11006 0028,13410,31000,44410,9060,20720,29780,52010NOR
R72 11006 0029,13900,35450,49350,9430,22930,32360,52010NOR
R72 11006 0030,14720,33010,47730,10030,13530,23560,52010NOR
R72 11006 0031,14720,32460,47180,10030,28090,38120,52010NOR
R72 11006 0032,13900,39720,53620,9430,28010,37440,52010NOR
R72 11006 0033,13410,26310,39720,9060,19710,28770,52010NOR
R72 11006 0034,13080,21100,34180,8820,1840,10660,52010NOR
R72 11006 0035,13080,42780,55860,8820,24990,33810,52010NOR
R72 11006 0036,14220,15230,29450,9670,9670,19340,52010NOR
R72 11006 0037,13410,32900,46310,9060,17950,27010,52010NOR
R72 11006 0040,10010,32250,42260,6750,19480,26230,52010NOR
R72 11007 0004,12540,35620,48160,8230,25890,34120,52010NOR
R72 11007 0005,12700,42500,55200,8310,25170,33480,52010NOR
R72 11007 0006,12560,38300,50860,8270,26720,34990,52010NOR
R72 11007 0007,12560,33400,45960,8270,17230,25500,52010NOR
R72 11007 0008,12560,34140,46700,8270,13310,21580,52010NOR
R72 11007 0009,13110,43490,56600,8610,62570,71180,52010NOR
R72 11007 0010,13910,40570,54480,9360,23760,33120,52010NOR
R72 11007 0011,13910,41890,55800,9360,24790,34150,52010NOR
R72 11007 0012,13910,34810,48720,9360,8300,17660,52010NOR
R72 11007 0013,13910,34570,48480,9360,18070,27430,52010NOR
R72 11007 0014,16070,30850,46920,10870,72930,83800,52010NOR
R72 11007 0019,15140,40980,56120,10220,34110,44330,52010NOR
R72 11007 0020,13910,36850,50760,9360,34200,43560,52010NOR
R72 11007 0021,13910,36510,50420,9360,33120,42480,52010NOR
R72 11007 0022,13910,36710,50620,9360,27460,36820,52010NOR
R72 11007 0023,13410,29590,43000,9060,21990,31050,52010NOR
R72 11007 0024,13410,36480,49890,9060,0,9060,52010NOR
R72 11007 0025,15860,32820,48680,10880,41210,52090,52010NOR
R72 11007 0027,7290,19010,26300,10000,63520,73520,C8000000
R72 11008 0012,12150,47460,59610,8120,29970,38090,52010NOR
R72 11008 0013,11700,37010,48710,7810,29950,37760,52010NOR
R72 11008 0014,11400,34820,46220,7610,29900,37510,52010NOR
R72 11008 0015,11700,35330,47030,7810,20180,27990,52010NOR
R72 11008 0016,11700,35930,47630,7810,27650,35460,52010NOR
R72 11008 0017,11700,34880,46580,7810,41210,49020,52010NOR
R72 11008 0018,11700,35320,47020,7810,23700,31510,52010NOR
R72 11008 0019,11700,25270,36970,7810,17860,25670,52010NOR
R72 11008 0020,11700,32970,44670,7810,22190,30000,52010NOR
R72 11008 0021,11700,36310,48010,7810,45480,53290,52010NOR
R72 11008 0023,12000,34990,46990,8020,32270,40290,52010NOR
R72 11008 0024,12000,8160,20160,8020,2960,10980,52010NOR
R72 11008 0025,12000,34230,46230,8020,4710,12730,52010NOR
R72 11008 0026,12000,44310,56310,8020,24340,32360,52010NOR
R72 11008 0027,12000,35380,47380,8020,28140,36160,52010NOR
R72 11008 0028,12000,42850,54850,8020,57420,65440,52010NOR
R72 11008 0029,12000,31990,43990,8020,38640,46660,52010NOR
R72 11008 0030,14780,34340,49120,10110,26030,36140,52010NOR
R72 11008 0031,13320,44650,57970,9060,53530,62590,52010NOR
R72 11008 0032,13200,35590,48790,8960,18480,27440,52010NOR
R72 11008 0033,13080,37830,50910,8820,26610,35430,52010NOR
R72 11008 0034,12960,34930,47890,8720,29490,38210,52010NOR
R72 11008 0035,12840,38000,50840,8590,27820,36410,52010NOR
R72 11008 0036,12600,35480,48080,8450,27400,35850,52010NOR
R72 11009 0001,11550,40610,52160,7710,34960,42670,52010NOR
R72 11009 0002,11550,42660,54210,7710,22410,30120,52010NOR
R72 11009 0003,11550,24000,35550,7710,24600,32310,52010NOR
R72 11009 0004,11550,38750,50300,7710,24330,32040,52010NOR
R72 11009 0005,11550,40590,52140,7710,28750,36460,52010NOR
R72 11009 0006,11550,36130,47680,7710,29290,37000,52010NOR
R72 11009 0007,11550,37140,48690,7710,20980,28690,52010NOR
R72 11009 0008,11550,38510,50060,7710,21670,29380,52010NOR
R72 11009 0009,11850,31140,42990,7920,30680,38600,52010NOR
R72 11009 0010,11550,40600,52150,7710,27240,34950,52010NOR
R72 11009 0011,11550,31020,42570,7710,24170,31880,52010NOR
R72 11009 0012,11550,33110,44660,7710,21730,29440,52010NOR
R72 11009 0013,11550,40610,52160,7710,35990,43700,52010NOR
R72 11009 0014,11550,36370,47920,3880,0,3880,52010NOR
R72 11009 0015,11550,33390,44940,7710,24760,32470,52010NOR
R72 11009 0016,11550,37110,48660,7710,27970,35680,52010NOR
R72 11009 0017,11550,13050,24600,7710,24960,32670,52010NOR
R72 11009 0018,11550,34400,45950,7710,24980,32690,52010NOR
R72 11009 0020,12360,28200,40560,8250,19760,28010,52010NOR
R72 11009 0021,12120,35100,47220,8120,23930,32050,52010NOR
R72 11009 0023,11880,38280,50160,7920,27330,35250,52010NOR
R72 11009 0024,11640,38840,50480,7780,0,7780,52010NOR
R72 11009 0025,11520,40560,52080,7680,28060,35740,52010NOR
R72 11009 0026,11400,43610,55010,7580,34030,41610,52010NOR
R72 11009 0027,11160,31380,42540,7440,20280,27720,52010NOR
R72 11010 0002,11610,36760,48370,7680,28800,36480,52010NOR
R72 11010 0003,12150,40220,52370,7970,25060,33030,52010NOR
R72 11010 0005,12140,37810,49950,8020,9460,17480,52010NOR
R72 11010 0006,12140,24070,36210,8020,25580,33600,52010NOR
R72 11010 0008,12140,38460,50600,8020,25830,33850,52010NOR
R72 11010 0009,12140,41870,54010,8020,25670,33690,52010NOR
R72 11010 0010,12140,34120,46260,8020,30020,38040,52010NOR
R72 11010 0011,12140,36050,48190,8020,39530,47550,52010NOR
R72 11010 0017,14060,39830,53890,9120,6020,15140,52010NOR
R72 11010 0019,12020,42100,54120,7930,22760,30690,52010NOR
R72 11010 0020,12020,28530,40550,7930,21840,29770,52010NOR
R72 11010 0021,12020,26680,38700,7930,26300,34230,52010NOR
R72 11010 0022,12020,23300,35320,7930,26060,33990,52010NOR
R72 11010 0023,12020,35000,47020,7930,29140,37070,52010NOR
R72 11010 0024,12020,36890,48910,7930,17310,25240,52010NOR
R72 11010 0025,12560,14390,26950,8260,10810,19070,52010NOR
R72 11010 0026,12150,37900,50050,8020,26930,34950,52010NOR
R72 11010 0027,12150,35860,48010,7970,64150,72120,52010NOR
R72 11010 0028,12150,37510,49660,7970,28050,36020,52010NOR
R72 11010 0029,12150,43150,55300,7970,39220,47190,52010NOR
R72 11010 0030,12150,41970,54120,7970,29210,37180,52010NOR
R72 11010 0031,12150,43210,55360,7970,38340,46310,52010NOR
R72 11101 0010,13120,36610,49730,13180,20790,33970,52010HIL
R72 11101 0011,13770,55800,69570,13880,35470,49350,52010HIL
R72 11101 0012,13770,31410,45180,13880,31150,45030,52010HIL
R72 11101 0016,14110,29540,43650,14110,42580,56690,52010HIL
R72 11101 0017,12620,41320,53940,12580,37720,50300,52010HIL
R72 11101 0018,12620,38230,50850,12580,34560,47140,52010HIL
R72 11101 0019,12620,28450,41070,12580,36940,49520,52010HIL
R72 11101 0020,15680,38630,54310,15360,53540,68900,52010HIL
R72 11101 0025,12500,44850,57350,8380,34270,42650,53005000
R72 11102 0001,11250,42880,54130,11250,25400,36650,52010HIL
R72 11102 0002,15690,15790,31480,16090,3300,19390,52010HIL
R72 11102 0003,9450,8420,17870,9630,24930,34560,52010HIL
R72 11102 0005,12150,37560,49710,12130,51250,63380,52010HIL
R72 11102 0006,12150,22040,34190,12130,25190,37320,52010HIL
R72 11102 0007,870,0,870,790,0,790,52010HIL
R72 11102 0017,8090,11620,19710,8780,17860,26640,52010HIL
R72 11103 0001,16010,34230,50240,15500,26870,42370,52010HIL
R72 11103 0003,14100,32800,46900,14170,23170,37340,52010HIL
R72 11103 0004,17530,34260,51790,16880,62750,79630,52010HIL
R72 11103 0006,10490,13280,23770,10500,17610,28110,52010HIL
R72 11103 0012,10350,40020,50370,10380,34720,45100,52010HIL
R72 11103 0014,10350,42560,52910,10380,29730,40110,52010HIL
R72 11103 0016,10350,30720,41070,10380,26670,37050,52010HIL
R72 11103 0021,10740,26070,36810,10760,24190,34950,52010HIL
R72 11103 0022,10740,25100,35840,10760,22870,33630,52010HIL
R72 11103 0024,10740,11080,21820,10760,10680,21440,52010HIL
R72 11103 0026,10720,20030,30750,10770,24590,35360,52010HIL
R72 11103 0028,10860,29320,40180,10900,26050,36950,52010HIL
R72 11103 0030,10720,23830,34550,10770,17070,27840,52010HIL
R72 11103 0032,22770,34210,56980,23760,44900,68660,52010HIL
R72 11103 0034,5610,0,5610,5030,0,5030,52010HIL
R72 11103 0035,12380,43990,56370,12480,31780,44260,52010HIL
R72 11103 0036,6190,0,6190,5620,0,5620,52010HIL
R72 11103 0037,12380,9710,22090,12480,22490,34970,52010HIL
R72 11103 0038,12380,32040,44420,12480,29740,42220,52010HIL
R72 11103 0039,12380,29970,42350,12480,28200,40680,52010HIL
R72 11103 0040,12380,24560,36940,12480,36390,48870,52010HIL
R72 11103 0041,12380,26480,38860,12480,36740,49220,52010HIL
R72 11103 0042,12150,35000,47150,12130,35780,47910,52010HIL
R72 11103 0043,12150,36660,48810,12130,37900,50030,52010HIL
R72 11103 0044,12150,31500,43650,12130,24290,36420,52010HIL
R72 11103 0045,12150,30550,42700,12130,22280,34410,52010HIL
R72 11103 0047,14420,30870,45290,14580,30420,45000,52010HIL
R72 11103 0051,20440,51480,71920,21300,70350,91650,52010HIL
R72 11103 0052,18310,18050,36360,19110,27730,46840,52010HIL
R72 11103 0053,14250,42230,56480,14250,46890,61140,52010HIL
R72 11104 0001,12370,33510,45880,12390,33720,46110,52010HIL
R72 11104 0002,12940,40060,53000,13080,45370,58450,52010HIL
R72 11104 0003,12490,39610,52100,12610,46740,59350,52010HIL
R72 11104 0004,12490,42090,54580,12520,60740,73260,52010HIL
R72 11104 0005,12300,40310,52610,12300,50430,62730,52010HIL
R72 11104 0006,13820,32150,45970,13760,44560,58320,52010HIL
R72 11104 0007,11520,35840,47360,11500,18380,29880,52010HIL
R72 11104 0008,11400,28930,40330,11400,33130,44530,52010HIL
R72 11104 0009,11280,36500,47780,11300,38030,49330,52010HIL
R72 11104 0010,11400,41630,53030,11350,50840,62190,52010HIL
R72 11104 0011,11400,13480,24880,11340,35890,47230,52010HIL
R72 11104 0012,11400,37890,49290,11350,37230,48580,52010HIL
R72 11104 0013,11400,40290,51690,11350,46410,57760,52010HIL
R72 11104 0014,11400,41630,53030,11350,32990,44340,52010HIL
R72 11104 0015,13970,38460,52430,13760,44450,58210,52010HIL
R72 11104 0016,11400,40560,51960,11400,30160,41560,52010HIL
R72 11104 0017,11400,39060,50460,11400,34920,46320,52010HIL
R72 11104 0018,11400,41300,52700,11400,36010,47410,52010HIL
R72 11104 0019,11400,26040,37440,11400,34390,45790,52010HIL
R72 11104 0020,11260,37080,48340,11270,32390,43660,52010HIL
R72 11104 0021,12130,36650,48780,12100,34860,46960,52010HIL
R72 11104 0022,11640,36970,48610,11650,39150,50800,52010HIL
R72 11104 0023,11640,45540,57180,11650,29010,40660,52010HIL
R72 11104 0024,11640,37580,49220,11650,35140,46790,52010HIL
R72 11104 0025,11040,32450,43490,11000,37020,48020,52010HIL
R72 11104 0026,12800,11450,24250,21840,19870,41710,52010HIL
R72 11104 0027,12540,33790,46330,12480,31700,44180,52010HIL
R72 11104 0028,11400,33070,44470,11400,42850,54250,52010HIL
R72 11104 0029,11400,40010,51410,11400,50690,62090,52010HIL
R72 11104 0030,11400,40310,51710,11400,32200,43600,52010HIL
R72 11104 0031,11400,37610,49010,11400,37170,48570,52010HIL
R72 11104 0032,11400,41760,53160,11400,14880,26280,52010HIL
R72 11104 0035,17390,28410,45800,17490,33470,50960,52010HIL
R72 11104 0036,8660,0,8660,8750,0,8750,52010HIL
R72 11104 0037,1640,7130,8770,940,800,1740,52010HIL
R72 11104 0038,12000,40120,52120,12000,53150,65150,52010HIL
R72 11104 0041,15440,37350,52790,15510,16690,32200,52010HIL
R72 11104 0042,92600,0,92600,92600,0,92600,52010HIL
R72 11105 0001,11250,37420,48670,11250,47730,58980,52010HIL
R72 11105 0002,11250,10560,21810,11250,24890,36140,52010HIL
R72 11105 0003,11250,18180,29430,11250,2120,13370,52010HIL
R72 11105 0004,5630,0,5630,5060,0,5060,52010HIL
R72 11105 0007,11390,27480,38870,11360,53110,64470,52010HIL
R72 11105 0009,11290,27340,38630,11230,14010,25240,52010HIL
R72 11105 0010,12710,20540,33250,12830,14800,27630,52010HIL
R72 11105 0011,12940,37280,50220,13220,40430,53650,52010HIL
R72 11105 0012,12830,40420,53250,13090,32030,45120,52010HIL
R72 11105 0013,12830,28660,41490,13040,35130,48170,52010HIL
R72 11105 0014,12830,23580,36410,12960,41010,53970,52010HIL
R72 11105 0015,12710,31220,43930,12870,36200,49070,52010HIL
R72 11105 0016,11280,32690,43970,11200,39440,50640,52010HIL
R72 11105 0017,12560,37170,49730,12440,37330,49770,52010HIL
R72 11105 0018,11230,43920,55150,11230,43860,55090,52010HIL
R72 11105 0019,11520,35670,47190,11500,41730,53230,52010HIL
R72 11105 0020,11140,28600,39740,11170,40330,51500,52010HIL
R72 11105 0023,13960,37350,51310,13820,37510,51330,52010HIL
R72 11105 0024,11260,41280,52540,11220,42240,53460,52010HIL
R72 11105 0025,11260,44130,55390,11270,37550,48820,52010HIL
R72 11105 0026,11380,43740,55120,11360,44170,55530,52010HIL
R72 11105 0027,11380,42650,54030,11410,45490,56900,52010HIL
R72 11105 0028,13100,23080,36180,12950,41550,54500,52010HIL
R72 11105 0029,11400,39460,50860,11350,45860,57210,52010HIL
R72 11105 0030,11280,40890,52170,11300,43060,54360,52010HIL
R72 11105 0031,11400,42640,54040,11400,39320,50720,52010HIL
R72 11105 0032,11400,17530,28930,11400,22050,33450,52010HIL
R72 11105 0033,11400,40750,52150,11400,39440,50840,52010HIL
R72 11105 0034,11400,32740,44140,11400,23690,35090,52010HIL
R72 11105 0035,11400,39690,51090,11400,30790,42190,52010HIL
R72 11105 0036,11400,40400,51800,11400,32230,43630,52010HIL
R72 11105 0037,11400,39460,50860,11400,26480,37880,52010HIL
R72 11105 0038,11400,29870,41270,11400,0,11400,52010HIL
R72 11105 0039,11400,41080,52480,11400,45530,56930,52010HIL
R72 11105 0040,11830,30200,42030,11810,42590,54400,52010HIL
R72 11105 0047,11690,39350,51040,11670,36690,48360,52010HIL
R72 11105 0048,11400,41780,53180,11400,37340,48740,52010HIL
R72 11105 0049,11400,13900,25300,5700,0,5700,52010HIL
R72 11105 0050,11400,9220,20620,11400,16280,27680,52010HIL
R72 11105 0051,11400,41790,53190,11400,43800,55200,52010HIL
R72 11105 0052,11400,43380,54780,11400,41190,52590,52010HIL
R72 11105 0053,11400,42350,53750,11400,15830,27230,52010HIL
R72 11105 0054,11400,36260,47660,11400,47700,59100,52010HIL
R72 11105 0055,11400,40380,51780,11400,42170,53570,52010HIL
R72 11105 0056,11400,43650,55050,11400,49370,60770,52010HIL
R72 11105 0057,11400,40830,52230,11400,37900,49300,52010HIL
R72 11105 0058,11490,33080,44570,11460,40630,52090,52010HIL
R72 11105 0059,13970,36680,50650,13830,37880,51710,52010HIL
R72 11105 0061,11250,25460,36710,11250,5200,16450,52010HIL
R72 11106 0001,11590,43380,54970,8280,25950,34230,52000HIL
R72 11106 0002,11590,43380,54970,8280,22680,30960,52000HIL
R72 11106 0005,6300,53880,60180,9280,26490,35770,52000HIL
R72 11106 0006,5600,42420,48020,8690,24320,33010,52000HIL
R72 11106 0007,5600,53730,59330,8690,24850,33540,52000HIL
R72 11106 0008,14850,18420,33270,11050,28470,39520,52000HIL
R72 11106 0009,12870,49610,62480,9330,29040,38370,52000HIL
R72 11106 0010,11700,48860,60560,8350,29290,37640,52000HIL
R72 11106 0016,11440,62130,73570,8130,33170,41300,52000HIL
R72 11106 0017,5710,2330,8040,4090,3080,7170,52000HIL
R72 11106 0018,11440,47880,59320,8130,31720,39850,52000HIL
R72 11106 0019,11440,52950,64390,8130,41320,49450,52000HIL
R72 11106 0020,11440,41530,52970,8130,30830,38960,52000HIL
R72 11106 0021,11440,46710,58150,8130,36200,44330,52000HIL
R72 11106 0022,11440,59900,71340,8130,31940,40070,52000HIL
R72 11106 0023,11440,49890,61330,8130,30430,38560,52000HIL
R72 11106 0024,5840,0,5840,3780,0,3780,52000HIL
R72 11106 0025,14950,40620,55570,14580,42280,56860,52010HIL
R72 11106 0029,5600,51730,57330,8690,30390,39080,52000HIL
R72 11106 0030,5600,0,5600,4340,0,4340,52000HIL
R72 11106 0031,12150,33940,46090,8690,18620,27310,52000HIL
R72 11106 0033,14520,23090,37610,14700,41580,56280,52010HIL
R72 11106 0034,13130,54370,67500,9550,6450,16000,52000HIL
R72 11106 0035,11700,46650,58350,8350,32760,41110,52000HIL
R72 11106 0036,11700,51190,62890,8350,55680,64030,52000HIL
R72 11106 0037,11700,47950,59650,8350,27120,35470,52000HIL
R72 11106 0038,11700,38290,49990,8350,26360,34710,52000HIL
R72 11106 0039,11700,43740,55440,8350,34630,42980,52000HIL
R72 11106 0040,11700,61270,72970,8350,38340,46690,52000HIL
R72 11106 0041,11700,23940,35640,8350,24610,32960,52000HIL
R72 11106 0042,11700,44220,55920,8350,32400,40750,52000HIL
R72 11106 0043,11700,54800,66500,8350,36200,44550,52000HIL
R72 11107 0015,13380,52150,65530,9740,33890,43630,52000HIL
R72 11107 0016,12710,38410,51120,9160,27220,36380,52000HIL
R72 11107 0017,12710,53070,65780,9160,4320,13480,52000HIL
R72 11107 0018,12710,48020,60730,9160,39790,48950,52000HIL
R72 11107 0019,12710,51040,63750,9160,27040,36200,52000HIL
R72 11107 0020,12710,50390,63100,9160,32710,41870,52000HIL
R72 11107 0021,12710,46650,59360,9160,10860,20020,52000HIL
R72 11107 0022,12710,48940,61650,9160,33470,42630,52000HIL
R72 11107 0023,12710,53290,66000,9160,31830,40990,52000HIL
R72 11107 0024,12710,53600,66310,9160,28920,38080,52000HIL
R72 11107 0025,12710,44510,57220,9160,29750,38910,52000HIL
R72 11107 0026,12710,47690,60400,9160,7180,16340,52000HIL
R72 11107 0027,12710,51620,64330,9160,17410,26570,52000HIL
R72 11107 0028,12710,48860,61570,9160,26360,35520,52000HIL
R72 11107 0029,21400,23020,44420,16740,70410,87150,52000HIL
R72 11107 0030,16050,62100,78150,12100,36010,48110,52000HIL
R72 11107 0031,14880,46260,61140,10940,26560,37500,52000HIL
R72 11107 0032,13860,51190,65050,10130,32480,42610,52000HIL
R72 11107 0033,12860,46920,59780,9300,28130,37430,52000HIL
R72 11107 0034,12740,43880,56620,9200,22170,31370,52000HIL
R72 11107 0035,12740,44680,57420,9200,29190,38390,52000HIL
R72 11107 0036,12740,44030,56770,9200,28620,37820,52000HIL
R72 11107 0037,12860,46560,59420,9300,32070,41370,52000HIL
R72 11107 0038,14980,40020,55000,11170,42170,53340,52000HIL
R72 11107 0039,14710,45270,59980,10940,31270,42210,52000HIL
R72 11107 0040,14710,53710,68420,10940,38120,49060,52000HIL
R72 11107 0043,14040,62280,76320,10360,22910,33270,52000HIL
R72 11107 0044,15650,73170,88820,11750,47190,58940,52000HIL
R72 11108 0001,21160,0,21160,21160,0,21160,52000HIL
R72 11108 0002,28590,44450,73040,21870,22820,44690,52000HIL
R72 11108 0003,16790,41050,57840,12810,33450,46260,52000HIL
R72 11108 0004,46050,70300,116350,46050,52530,98580,52000HIL
R72 11108 0005,18000,53950,71950,14020,53440,67460,52000HIL
R72 11108 0009,1050,0,1050,630,0,630,52000HIL
R72 11108 0010,18000,38070,56070,14020,4330,18350,52000HIL
R72 11109 0002,16760,40910,57670,12860,20730,33590,52000HIL
R72 11109 0003,12930,58110,71040,9330,48530,57860,52000HIL
R72 11109 0004,12930,59140,72070,9330,40200,49530,52000HIL
R72 11109 0005,11750,56800,68550,8440,39730,48170,52000HIL
R72 11109 0006,6110,0,6110,3980,0,3980,52000HIL
R72 11109 0007,12650,68630,81280,9020,45770,54790,52000HIL
R72 11109 0008,13980,56790,70770,10130,41830,51960,52000HIL
R72 11109 0009,12100,67450,79550,8700,37650,46350,52000HIL
R72 11109 0010,13750,62440,76190,9950,50380,60330,52000HIL
R72 11109 0011,13280,63070,76350,9590,46530,56120,52000HIL
R72 11109 0013,14100,76710,90810,10220,35130,45350,52000HIL
R72 11109 0014,12810,63000,75810,9240,47320,56560,52000HIL
R72 11109 0015,12930,58810,71740,9330,48580,57910,52000HIL
R72 11109 0016,12930,58590,71520,9330,44860,54190,52000HIL
R72 11109 0018,12690,58430,71120,9150,44890,54040,52000HIL
R72 11109 0019,13400,59350,72750,9680,45900,55580,52000HIL
R72 11109 0025,12930,57560,70490,9330,38590,47920,52000HIL
R72 11109 0027,12930,49680,62610,9330,37220,46550,52000HIL
R72 11109 0029,13630,83730,97360,9860,42660,52520,52000HIL
R72 11109 0032,12650,66660,79310,9020,28200,37220,52000HIL
R72 11109 0034,12690,60640,73330,9150,42280,51430,52000HIL
R72 11109 0036,28440,70620,99060,22120,61590,83710,52000HIL
R72 11109 0037,16910,47650,64560,13030,44470,57500,52000HIL
R72 11109 0038,16610,45690,62300,12700,25670,38370,52000HIL
R72 11109 0040,1920,0,1920,1280,0,1280,52000HIL
R72 11109 0041,13200,135220,148420,12000,94490,106490,52000HIL
R72 11109 0042,13200,101300,114500,12000,109360,121360,52000HIL
R72 11109 0043,23190,103980,127170,18160,79450,97610,52000HIL
R72 11109 0044,26030,116130,142160,20170,102830,123000,52000HIL
R72 11110 0002,11750,53230,64980,8440,27860,36300,52000HIL
R72 11110 0003,11750,39470,51220,8440,29880,38320,52000HIL
R72 11110 0004,11750,43200,54950,8440,31730,40170,52000HIL
R72 11110 0005,11750,47610,59360,8440,40390,48830,52000HIL
R72 11110 0006,11750,44000,55750,8440,28350,36790,52000HIL
R72 11110 0007,11750,50470,62220,8440,38140,46580,52000HIL
R72 11110 0008,5280,0,5280,4940,0,4940,52000HIL
R72 11110 0009,14960,55640,70600,10810,48280,59090,52000HIL
R72 11110 0010,12220,54510,66730,8750,41060,49810,52000HIL
R72 11110 0011,12110,37820,49930,8700,34340,43040,52000HIL
R72 11110 0012,11750,41430,53180,8390,45570,53960,52000HIL
R72 11110 0014,11750,42050,53800,8390,30580,38970,52000HIL
R72 11110 0016,12340,45150,57490,8840,32240,41080,52000HIL
R72 11110 0017,11990,44030,56020,8570,20220,28790,52000HIL
R72 11110 0018,11520,41590,53110,8220,23020,31240,52000HIL
R72 11110 0019,11990,42060,54050,8570,33550,42120,52000HIL
R72 11110 0020,13520,42350,55870,9860,25220,35080,52000HIL
R72 11110 0022,13520,52330,65850,9860,35200,45060,52000HIL
R72 11110 0023,12750,50610,63360,9230,64170,73400,52000HIL
R72 11110 0024,12750,51310,64060,9230,23430,32660,52000HIL
R72 11110 0025,13520,52990,66510,9860,33550,43410,52000HIL
R72 11110 0026,11990,41000,52990,8570,30380,38950,52000HIL
R72 11110 0027,11750,38570,50320,8390,31730,40120,52000HIL
R72 11110 0028,12220,40530,52750,8750,29960,38710,52000HIL
R72 11110 0029,11990,48920,60910,8570,38550,47120,52000HIL
R72 11110 0030,11750,47350,59100,8390,36700,45090,52000HIL
R72 11110 0031,11990,35720,47710,8570,28430,37000,52000HIL
R72 11110 0032,11750,39490,51240,8390,28710,37100,52000HIL
R72 11110 0033,11990,36350,48340,8570,29960,38530,52000HIL
R72 11110 0034,11990,42250,54240,8570,35450,44020,52000HIL
R72 11110 0035,12340,52180,64520,8880,78150,87030,52000HIL
R72 11110 0036,12100,53170,65270,8660,40600,49260,52000HIL
R72 11110 0037,12570,40900,53470,9010,30800,39810,52000HIL
R72 11110 0038,11750,45460,57210,8390,32770,41160,52000HIL
R72 11110 0039,11750,45910,57660,8390,39190,47580,52000HIL
R72 11110 0041,12220,45710,57930,8750,36740,45490,52000HIL
R72 11110 0042,11750,52300,64050,8390,38660,47050,52000HIL
R72 11110 0043,11750,26130,37880,8390,30410,38800,52000HIL
R72 11110 0044,11750,57610,69360,8390,44700,53090,52000HIL
R72 11110 0045,11750,49530,61280,8390,23210,31600,52000HIL
R72 11110 0047,21560,69400,90960,47770,39270,87040,52000HIL
R72 11110 0048,12620,37390,50010,9100,25140,34240,52000HIL
R72 11110 0049,12250,41010,53260,8810,30790,39600,52000HIL
R72 11110 0050,11640,35060,46700,8330,25520,33850,52000HIL
R72 11110 0051,11640,53170,64810,8330,31650,39980,52000HIL
R72 11110 0052,12250,39840,52090,3990,0,3990,52000HIL
R72 11110 0053,12250,51610,63860,8810,23790,32600,52000HIL
R72 11110 0056,12250,59040,71290,8810,31690,40500,52000HIL
R72 11110 0057,14970,55070,70040,12330,20070,32400,52000HIL
R72 11110 0063,1580,0,1580,1100,0,1100,52000HIL
R72 11110 0072,11990,37190,49180,8570,29470,38040,52000HIL
R72 11110 0075,11750,44870,56620,8390,19740,28130,52000HIL
R72 11110 0079,3130,0,3130,1160,0,1160,52000HIL
R72 11110 0080,13500,46780,60280,9830,36790,46620,52000HIL
R72 11110 0082,11880,53820,65700,8520,34560,43080,52000HIL
R72 11110 0083,13130,50970,64100,9530,36670,46200,52000HIL
R72 11110 0084,13130,54080,67210,9530,42270,51800,52000HIL
R72 11110 0085,11880,54380,66260,8520,34650,43170,52000HIL
R72 11110 0086,11880,57830,69710,8520,49040,57560,52000HIL
R72 11110 0087,13130,43700,56830,9530,37880,47410,52000HIL
R72 11110 0088,12420,48490,60910,8860,28220,37080,52000HIL
R72 11110 0089,12940,51310,64250,9230,42220,51450,52000HIL
R72 11110 0090,11970,56290,68260,17500,52500,70000,52000HIL
R72 11110 0091,12190,47490,59680,8690,35330,44020,52000HIL
R72 11110 0097,12570,49310,61880,9010,36390,45400,52000HIL
R72 11110 0102,12930,42170,55100,9280,44790,54070,52000HIL
R72 11110 0103,11880,51880,63760,8520,37200,45720,52000HIL
R72 11110 0104,12790,54400,67190,9180,42930,52110,52000HIL
R72 11110 0108,4580,0,4580,2900,0,2900,52000HIL
R72 11111 0001,12210,51950,64160,8740,43700,52440,52000HIL
R72 11111 0002,12340,55810,68150,8790,47110,55900,52000HIL
R72 11111 0003,12690,54690,67380,9100,41320,50420,52000HIL
R72 11111 0004,12850,52220,65070,9250,42860,52110,52000HIL
R72 11111 0005,15230,43960,59190,11300,37750,49050,52000HIL
R72 11111 0006,12880,62900,75780,9190,43260,52450,52000HIL
R72 11111 0007,11740,46770,58510,8350,30440,38790,52000HIL
R72 11111 0008,12600,50860,63460,9020,27170,36190,52000HIL
R72 11111 0009,12620,57780,70400,9140,37960,47100,52000HIL
R72 11111 0010,14360,60730,75090,18410,28340,46750,52000HIL
R72 11111 0011,15230,90610,105840,20110,57810,77920,52000HIL
R72 11111 0013,13130,51470,64600,9580,29230,38810,52000HIL
R72 11111 0015,12650,55190,67840,9020,39170,48190,52000HIL
R72 11111 0016,12650,63360,76010,9020,58730,67750,52000HIL
R72 11111 0017,12850,56870,69720,9170,51600,60770,52000HIL
R72 11111 0018,12850,66260,79110,9170,59020,68190,52000HIL
R72 11111 0019,19920,45140,65060,14600,47650,62250,52000HIL
R72 11111 0021,2400,0,2400,2400,0,2400,52000HIL
R72 11111 0024,13260,60440,73700,9660,35940,45600,52000HIL
R72 11111 0029,100,0,100,100,0,100,52000HIL
R72 11111 0030,3360,0,3360,3360,0,3360,52000HIL
R72 11111 0031,14220,54140,68360,19270,31350,50620,52000HIL
R72 11111 0035,1920,0,1920,1920,0,1920,52000HIL
R72 11111 0036,480,0,480,480,0,480,52000HIL
R72 11111 0037,21500,68140,89640,15710,110910,126620,52000HIL
R72 11201 0001,12370,53450,65820,8960,35560,44520,52000HIL
R72 11201 0002,12370,55870,68240,8960,34130,43090,52000HIL
R72 11201 0003,1930,0,1930,1300,0,1300,52000HIL
R72 11201 0004,10710,50210,60920,7580,40360,47940,52000HIL
R72 11201 0005,11180,52720,63900,7950,38810,46760,52000HIL
R72 11201 0006,11180,34810,45990,7950,25760,33710,52000HIL
R72 11201 0007,11180,37130,48310,7950,20740,28690,52000HIL
R72 11201 0008,11180,26140,37320,7950,6450,14400,52000HIL
R72 11201 0009,11180,27010,38190,7950,15240,23190,52000HIL
R72 11201 0010,11180,26390,37570,7950,14730,22680,52000HIL
R72 11201 0011,11180,34860,46040,7950,20340,28290,52000HIL
R72 11201 0012,11180,38180,49360,7950,21710,29660,52000HIL
R72 11201 0013,11180,36900,48080,7950,21980,29930,52000HIL
R72 11201 0014,11180,34050,45230,7950,22930,30880,52000HIL
R72 11201 0017,11180,38290,49470,7950,21720,29670,52000HIL
R72 11201 0018,5580,0,5580,3600,0,3600,52000HIL
R72 11201 0019,11180,42870,54050,7950,28920,36870,52000HIL
R72 11201 0021,5580,0,5580,3600,0,3600,52000HIL
R72 11201 0022,12220,44300,56520,8830,21770,30600,52000HIL
R72 11201 0023,11220,36130,47350,8010,27760,35770,52000HIL
R72 11201 0024,11220,41760,52980,8010,28120,36130,52000HIL
R72 11201 0025,11220,57580,68800,8010,37670,45680,52000HIL
R72 11201 0026,5600,0,5600,3620,0,3620,52000HIL
R72 11201 0027,13000,49240,62240,9460,38290,47750,52000HIL
R72 11201 0030,10970,41120,52090,7760,39030,46790,52000HIL
R72 11201 0031,10970,50450,61420,7760,29840,37600,52000HIL
R72 11201 0032,10970,56850,67820,7760,22740,30500,52000HIL
R72 11201 0033,10970,38990,49960,7760,25800,33560,52000HIL
R72 11201 0034,10970,57320,68290,7760,22080,29840,52000HIL
R72 11201 0035,10970,38510,49480,7760,24230,31990,52000HIL
R72 11201 0036,5480,0,5480,3520,0,3520,52000HIL
R72 11201 0039,10970,38890,49860,7760,39020,46780,52000HIL
R72 11201 0040,10970,31130,42100,7760,20890,28650,52000HIL
R72 11201 0041,10970,40050,51020,7760,23220,30980,52000HIL
R72 11201 0042,10970,28690,39660,7760,21290,29050,52000HIL
R72 11201 0043,10970,32000,42970,7760,26590,34350,52000HIL
R72 11201 0044,10970,32790,43760,7760,21040,28800,52000HIL
R72 11201 0045,10970,53710,64680,7760,33870,41630,52000HIL
R72 11201 0046,10970,37710,48680,7760,24790,32550,52000HIL
R72 11201 0047,11090,49160,60250,7870,33470,41340,52000HIL
R72 11201 0049,15380,54790,70170,11630,23120,34750,52000HIL
R72 11201 0050,15380,32180,47560,11630,15880,27510,52000HIL
R72 11201 0052,15380,33440,48820,11630,24760,36390,52000HIL
R72 11201 0053,15380,45700,61080,11630,1520,13150,52000HIL
R72 11201 0055,15380,45780,61160,11630,34690,46320,52000HIL
R72 11201 0056,12630,38560,51190,9110,16240,25350,52000HIL
R72 11201 0057,15380,21290,36670,11630,17620,29250,52000HIL
R72 11201 0058,14850,31830,46680,11090,25850,36940,52000HIL
R72 11201 0059,8560,23660,32220,10180,35770,45950,52000HIL
R72 11201 0060,13500,33010,46510,9910,850,10760,52000HIL
R72 11201 0062,6000,0,6000,3870,0,3870,52000HIL
R72 11202 0001,11220,43440,54660,8010,25210,33220,52000HIL
R72 11202 0002,10970,38670,49640,7790,27200,34990,52000HIL
R72 11202 0003,11600,41060,52660,8320,29610,37930,52000HIL
R72 11202 0004,16070,47520,63590,12030,30320,42350,52000HIL
R72 11202 0006,11220,48080,59300,8010,6750,14760,52000HIL
R72 11202 0007,11220,44930,56150,8010,29350,37360,52000HIL
R72 11202 0008,11220,43480,54700,8010,28110,36120,52000HIL
R72 11202 0010,11220,40830,52050,8010,26580,34590,52000HIL
R72 11202 0011,10970,33570,44540,7760,23420,31180,52000HIL
R72 11202 0012,10970,30580,41550,7760,17670,25430,52000HIL
R72 11202 0013,10970,26180,37150,7760,18870,26630,52000HIL
R72 11202 0014,10970,36160,47130,7760,49950,57710,52000HIL
R72 11202 0015,10970,58090,69060,7760,36240,44000,52000HIL
R72 11202 0016,10970,31100,42070,7760,20290,28050,52000HIL
R72 11202 0017,10970,33030,44000,7760,22730,30490,52000HIL
R72 11202 0018,10970,32580,43550,7760,15360,23120,52000HIL
R72 11202 0019,10970,40900,51870,7760,27070,34830,52000HIL
R72 11202 0020,10970,52070,63040,7760,24590,32350,52000HIL
R72 11202 0021,10970,27980,38950,7760,20970,28730,52000HIL
R72 11202 0022,10970,34820,45790,7760,24060,31820,52000HIL
R72 11202 0023,10970,42680,53650,7760,22980,30740,52000HIL
R72 11202 0024,10970,31630,42600,7760,21570,29330,52000HIL
R72 11202 0025,10970,44550,55520,7760,31810,39570,52000HIL
R72 11202 0026,10970,29720,40690,7760,23110,30870,52000HIL
R72 11202 0027,10970,50960,61930,7760,34050,41810,52000HIL
R72 11202 0028,11090,43240,54330,7870,32500,40370,52000HIL
R72 11202 0029,10970,38670,49640,7760,37940,45700,52000HIL
R72 11202 0030,10970,40640,51610,7760,40420,48180,52000HIL
R72 11202 0031,10970,32240,43210,7760,37960,45720,52000HIL
R72 11202 0032,10970,35920,46890,7760,23000,30760,52000HIL
R72 11202 0033,10970,32660,43630,7760,38080,45840,52000HIL
R72 11202 0034,11070,53270,64340,7850,31920,39770,52000HIL
R72 11202 0035,10970,51970,62940,7760,31170,38930,52000HIL
R72 11202 0036,10970,51470,62440,7760,36080,43840,52000HIL
R72 11202 0037,10970,51250,62220,7760,35640,43400,52000HIL
R72 11202 0038,10970,45370,56340,7760,19930,27690,52000HIL
R72 11202 0039,10970,39700,50670,7760,20980,28740,52000HIL
R72 11202 0040,10970,43110,54080,7760,29030,36790,52000HIL
R72 11202 0041,10970,27550,38520,7760,17940,25700,52000HIL
R72 11202 0042,10970,45940,56910,7760,31660,39420,52000HIL
R72 11202 0043,10970,45670,56640,7760,26460,34220,52000HIL
R72 11202 0044,10970,29920,40890,7760,26060,33820,52000HIL
R72 11202 0045,10970,41850,52820,7760,31430,39190,52000HIL
R72 11202 0053,10970,44570,55540,7730,37520,45250,52000HIL
R72 11202 0054,10970,31540,42510,7730,18150,25880,52000HIL
R72 11202 0055,10970,44570,55540,7730,37520,45250,52000HIL
R72 11202 0056,10970,31320,42290,7730,15970,23700,52000HIL
R72 11202 0057,10860,52120,62980,7670,48400,56070,52000HIL
R72 11202 0061,10860,49730,60590,7670,11690,19360,52000HIL
R72 11202 0062,10860,35160,46020,7670,37200,44870,52000HIL
R72 11202 0063,10860,25040,35900,7670,7970,15640,52000HIL
R72 11202 0064,6250,0,6250,4070,0,4070,52000HIL
R72 11203 0001,12620,54900,67520,9100,29190,38290,52000HIL
R72 11203 0002,13160,58660,71820,9860,37790,47650,52000HIL
R72 11203 0003,13160,48230,61390,9860,26720,36580,52000HIL
R72 11203 0004,16050,45420,61470,13080,24090,37170,52000HIL
R72 11203 0005,7500,0,7500,5410,0,5410,52000HIL
R72 11203 0006,15000,50170,65170,11960,33100,45060,52000HIL
R72 11203 0007,15680,49450,65130,11470,33060,44530,52000HIL
R72 11203 0008,19990,51550,71540,14930,22770,37700,52000HIL
R72 11203 0009,20910,65510,86420,15830,24910,40740,52000HIL
R72 11203 0010,15380,38760,54140,13940,59720,73660,52000HIL
R72 11203 0011,15680,49310,64990,11470,29550,41020,52000HIL
R72 11203 0012,14700,65860,80560,10750,46340,57090,52000HIL
R72 11203 0013,14700,59960,74660,10750,42250,53000,52000HIL
R72 11203 0014,13510,54300,67810,9720,27630,37350,52000HIL
R72 11203 0015,12930,38910,51840,9280,26950,36230,52000HIL
R72 11203 0016,11750,46050,57800,8390,29660,38050,52000HIL
R72 11203 0017,11750,44250,56000,8390,22860,31250,52000HIL
R72 11203 0018,11750,38040,49790,8390,19940,28330,52000HIL
R72 11203 0019,11750,48300,60050,8390,31280,39670,52000HIL
R72 11203 0020,11750,46490,58240,8390,35730,44120,52000HIL
R72 11203 0021,11750,51200,62950,8390,30600,38990,52000HIL
R72 11203 0022,11750,45610,57360,8390,29820,38210,52000HIL
R72 11203 0023,11750,54300,66050,8390,32900,41290,52000HIL
R72 11203 0024,12340,47140,59480,8840,25280,34120,52000HIL
R72 11203 0025,12230,47030,59260,8790,29640,38430,52000HIL
R72 11203 0026,15200,53320,68520,11060,30650,41710,52000HIL
R72 11203 0027,12250,42860,55110,8810,27620,36430,52000HIL
R72 11203 0028,12250,55250,67500,8810,37770,46580,52000HIL
R72 11203 0029,12860,45200,58060,9300,39880,49180,52000HIL
R72 11203 0030,14700,65700,80400,10750,47930,58680,52000HIL
R72 11203 0031,11750,49080,60830,8390,41670,50060,52000HIL
R72 11203 0032,11750,46520,58270,8390,28540,36930,52000HIL
R72 11203 0033,11750,50450,62200,8390,28060,36450,52000HIL
R72 11203 0034,11750,44210,55960,8390,29690,38080,52000HIL
R72 11203 0035,11750,45990,57740,8390,23730,32120,52000HIL
R72 11203 0036,11750,45720,57470,8390,23030,31420,52000HIL
R72 11203 0037,11750,45620,57370,8390,15760,24150,52000HIL
R72 11203 0038,11750,27550,39300,8390,27360,35750,52000HIL
R72 11203 0039,11750,40960,52710,8390,26600,34990,52000HIL
R72 11203 0040,11750,45370,57120,8390,29970,38360,52000HIL
R72 11203 0041,11750,40080,51830,8390,30230,38620,52000HIL
R72 11203 0042,11750,46260,58010,8390,37830,46220,52000HIL
R72 11203 0043,11750,47250,59000,8390,29830,38220,52000HIL
R72 11203 0044,11630,46730,58360,8310,26180,34490,52000HIL
R72 11203 0045,11750,51340,63090,8390,47830,56220,52000HIL
R72 11203 0046,11750,42970,54720,8390,28230,36620,52000HIL
R72 11203 0047,11750,45830,57580,8390,27550,35940,52000HIL
R72 11203 0048,11750,50100,61850,8390,32510,40900,52000HIL
R72 11203 0049,11750,36040,47790,8390,65050,73440,52000HIL
R72 11203 0050,11750,41020,52770,8390,26000,34390,52000HIL
R72 11203 0051,11750,44220,55970,8390,31460,39850,52000HIL
R72 11203 0052,11750,43920,55670,8390,28850,37240,52000HIL
R72 11203 0053,11750,23780,35530,8390,25680,34070,52000HIL
R72 11203 0054,11750,45710,57460,8390,30300,38690,52000HIL
R72 11203 0055,11750,42720,54470,8390,34050,42440,52000HIL
R72 11203 0056,17750,28510,46260,8390,22030,30420,52000HIL
R72 11203 0057,11750,40590,52340,8390,21050,29440,52000HIL
R72 11203 0058,11750,43560,55310,8390,45610,54000,52000HIL
R72 11203 0059,11630,51580,63210,8310,35370,43680,52000HIL
R72 11203 0060,11630,46890,58520,8310,36120,44430,52000HIL
R72 11203 0061,11630,47600,59230,8310,52270,60580,52000HIL
R72 11203 0062,11630,44730,56360,8310,33420,41730,52000HIL
R72 11203 0063,11630,50470,62100,8310,14930,23240,52000HIL
R72 11203 0064,11630,49430,61060,8310,35510,43820,52000HIL
R72 11203 0065,11630,45950,57580,8310,30100,38410,52000HIL
R72 11203 0066,11630,39370,51000,8310,37160,45470,52000HIL
R72 11203 0067,11630,53870,65500,8310,37600,45910,52000HIL
R72 11203 0068,11630,45360,56990,8310,26780,35090,52000HIL
R72 11203 0069,17440,61820,79260,12640,38390,51030,52000HIL
R72 11203 0070,12670,69930,82600,9090,51980,61070,52000HIL
R72 11203 0072,11750,38080,49830,8390,30940,39330,52000HIL
R72 11203 0073,11750,45720,57470,8390,20620,29010,52000HIL
R72 11203 0079,12840,79320,92160,9200,46340,55540,52000HIL
R72 11203 0080,13220,51670,64890,9530,6120,15650,52000HIL
R72 11203 0082,13910,39800,53710,10220,23180,33400,52000HIL
R72 11203 0083,12740,47180,59920,9160,31140,40300,52000HIL
R72 11203 0084,14160,48310,62470,10440,28800,39240,52000HIL
R72 11203 0085,15600,57150,72750,11630,34100,45730,52000HIL
R72 11203 0086,12370,47510,59880,8880,33590,42470,52000HIL
R72 11203 0087,15680,54090,69770,11470,38060,49530,52000HIL
R72 11203 0091,15350,62490,77840,11010,31770,42780,52000HIL
R72 11203 0093,6000,19000,25000,14340,15650,29990,52000HIL
R72 11203 0094,13250,49820,63070,9520,36170,45690,52000HIL
R72 11203 0095,15380,41470,56850,11850,25510,37360,52000HIL
R72 11203 0096,15680,44380,60060,11470,28870,40340,52000HIL
R72 11203 0098,15380,64070,79450,11850,41150,53000,52000HIL
R72 11203 0099,12790,49840,62630,9180,43840,53020,52000HIL
R72 11203 0101,12510,50000,62510,8920,32550,41470,52000HIL
R72 11204 0001,18380,79520,97900,13640,85390,99030,52000HIL
R72 11204 0003,14650,57010,71660,11180,53210,64390,52000HIL
R72 11204 0004,11750,56220,67970,8390,43450,51840,52000HIL
R72 11204 0005,12250,53460,65710,8810,38160,46970,52000HIL
R72 11204 0006,11750,53610,65360,8390,39540,47930,52000HIL
R72 11204 0007,12250,43770,56020,8770,25430,34200,52000HIL
R72 11204 0008,12340,61940,74280,8840,36680,45520,52000HIL
R72 11204 0009,11640,45310,56950,8330,15740,24070,52000HIL
R72 11204 0010,12860,43120,55980,9300,36190,45490,52000HIL
R72 11204 0012,12250,56560,68810,8810,41120,49930,52000HIL
R72 11204 0013,13840,43260,57100,10070,36310,46380,52000HIL
R72 11204 0014,17760,57480,75240,13160,42730,55890,52000HIL
R72 11204 0015,16100,58880,74980,12390,55080,67470,52000HIL
R72 11204 0016,16850,38280,55130,12360,38300,50660,52000HIL
R72 11204 0020,12620,51910,64530,9140,67060,76200,52000HIL
R72 11204 0021,4020,0,4020,830,0,830,52000HIL
R72 11205 0001,12970,1930,14900,9350,19100,28450,52000HIL
R72 11205 0002,11810,54750,66560,8420,28110,36530,52000HIL
R72 11205 0003,12600,45850,58450,9090,29790,38880,52000HIL
R72 11205 0004,12600,45070,57670,9090,29760,38850,52000HIL
R72 11205 0005,12320,17960,30280,8840,27630,36470,52000HIL
R72 11205 0006,11110,48370,59480,7910,31550,39460,52000HIL
R72 11205 0007,11110,44610,55720,7910,25320,33230,52000HIL
R72 11205 0008,12600,34270,46870,9090,22390,31480,52000HIL
R72 11205 0009,12040,55000,67040,8590,34850,43440,52000HIL
R72 11205 0010,13020,46010,59030,9470,34650,44120,52000HIL
R72 11205 0012,14000,30720,44720,10370,66090,76460,52000HIL
R72 11205 0013,16380,49290,65670,12540,39790,52330,52000HIL
R72 11205 0014,14840,46080,60920,11130,30590,41720,52000HIL
R72 11205 0015,19340,40170,59510,14900,30180,45080,52000HIL
R72 11205 0016,560,0,560,110,0,110,52000HIL
R72 11205 0018,1750,0,1750,320,0,320,52000HIL
R72 11205 0019,15680,29390,45070,12000,34800,46800,52000HIL
R72 11205 0020,35840,39640,75480,45160,23530,68690,52000HIL
R72 11205 0021,20120,65060,85180,20120,43170,63290,52000HIL
R72 11205 0022,18200,55900,74100,14200,24560,38760,52000HIL
R72 11205 0023,10690,31990,42680,7580,25920,33500,52000HIL
R72 11205 0024,17220,52310,69530,12520,26850,39370,52000HIL
R72 11205 0025,14880,37950,52830,11840,24180,36020,52000HIL
R72 11206 0001,11880,43540,55420,8520,32870,41390,52000HIL
R72 11206 0002,13060,48910,61970,9430,24180,33610,52000HIL
R72 11206 0003,14160,26540,40700,10270,26860,37130,52000HIL
R72 11206 0004,3600,0,3600,2600,0,2600,52000HIL
R72 11206 0009,19130,66750,85880,14480,41110,55590,52000HIL
R72 11206 0010,13230,39350,52580,9440,31970,41410,52000HIL
R72 11206 0011,11500,43020,54520,8180,28980,37160,52000HIL
R72 11206 0012,11630,47660,59290,8270,25800,34070,52000HIL
R72 11206 0013,12930,49630,62560,9230,27310,36540,52000HIL
R72 11206 0014,12930,53660,66590,9280,25730,35010,52000HIL
R72 11206 0015,12930,52150,65080,9280,41610,50890,52000HIL
R72 11206 0016,12490,51840,64330,8970,37260,46230,52000HIL
R72 11206 0017,11520,42450,53970,8220,20180,28400,52000HIL
R72 11206 0018,22900,50210,73110,16290,41400,57690,52000HIL
R72 11206 0020,14340,48980,63320,10330,28080,38410,52000HIL
R72 11206 0021,4340,0,4340,2770,0,2770,52000HIL
R72 11206 0022,11520,45650,57170,8220,66110,74330,52000HIL
R72 11206 0023,11520,42640,54160,8220,31100,39320,52000HIL
R72 11206 0024,11520,44720,56240,8220,31320,39540,52000HIL
R72 11206 0025,11750,45050,56800,8390,31630,40020,52000HIL
R72 11206 0026,14380,52920,67300,10910,29360,40270,52000HIL
R72 11206 0028,11520,49670,61190,8220,33880,42100,52000HIL
R72 11206 0029,5760,3490,9250,4130,4570,8700,52000HIL
R72 11206 0030,14340,36280,50620,10330,32370,42700,52000HIL
R72 11206 0032,14340,52730,67070,10330,36790,47120,52000HIL
R72 11206 0033,11880,41170,53050,8480,31960,40440,52000HIL
R72 11206 0034,11880,74300,86180,8480,53200,61680,52000HIL
R72 11206 0035,11750,43850,55600,8390,54640,63030,52000HIL
R72 11206 0036,11750,36920,48670,8390,33600,41990,52000HIL
R72 11206 0037,11750,47940,59690,8390,32870,41260,52000HIL
R72 11206 0038,11750,45680,57430,8390,28310,36700,52000HIL
R72 11206 0039,12340,50250,62590,8840,35420,44260,52000HIL
R72 11206 0040,11750,24240,35990,8390,24350,32740,52000HIL
R72 11206 0043,16530,44500,61030,13250,25070,38320,52000HIL
R72 11206 0048,1190,0,1190,780,0,780,52000HIL
R72 11207 0002,12930,34760,47690,9330,23030,32360,52000HIL
R72 11207 0003,12930,56280,69210,9330,37510,46840,52000HIL
R72 11207 0005,6470,0,6470,4220,0,4220,52000HIL
R72 11207 0006,13160,54700,67860,9500,35330,44830,52000HIL
R72 11207 0007,13630,52260,65890,9860,33210,43070,52000HIL
R72 11207 0008,12250,47890,60140,8810,29530,38340,52000HIL
R72 11207 0009,12250,61270,73520,8810,28970,37780,52000HIL
R72 11207 0010,12930,53050,65980,9280,25600,34880,52000HIL
R72 11207 0011,12930,12620,25550,9280,11280,20560,52000HIL
R72 11207 0012,12930,51630,64560,9280,32110,41390,52000HIL
R72 11207 0013,12930,43040,55970,9280,24190,33470,52000HIL
R72 11207 0014,12930,41700,54630,9280,29360,38640,52000HIL
R72 11207 0015,12930,51860,64790,9280,36890,46170,52000HIL
R72 11207 0016,14100,45300,59400,10160,74840,85000,52000HIL
R72 11207 0017,12240,55550,67790,8750,35880,44630,52000HIL
R72 11207 0018,11580,47920,59500,8250,36620,44870,52000HIL
R72 11207 0019,13800,40700,54500,9600,1920,11520,52000HIL
R72 11207 0020,12340,33510,45850,8840,17340,26180,52000HIL
R72 11207 0021,12460,25690,38150,8920,1150,10070,52000HIL
R72 11207 0022,5880,0,5880,3800,0,3800,52000HIL
R72 11207 0023,11750,34040,45790,8390,23890,32280,52000HIL
R72 11207 0025,12220,65270,77490,8750,35540,44290,52000HIL
R72 11207 0026,5500,0,5500,3530,0,3530,52000HIL
R72 11207 0027,12730,58070,70800,9160,54120,63280,52000HIL
R72 11207 0035,5880,0,5880,3800,0,3800,52000HIL
R72 11207 0036,11750,48480,60230,8390,37140,45530,52000HIL
R72 11207 0037,12340,45550,57890,8840,23580,32420,52000HIL
R72 11207 0038,11750,21130,32880,8390,25160,33550,52000HIL
R72 11207 0039,11750,48860,60610,8440,36800,45240,52000HIL
R72 11207 0040,11750,50010,61760,8440,23420,31860,52000HIL
R72 11207 0041,11750,15160,26910,8440,15360,23800,52000HIL
R72 11207 0042,11750,10420,22170,8440,24490,32930,52000HIL
R72 11207 0043,11750,50180,61930,8440,28670,37110,52000HIL
R72 11207 0044,11750,50330,62080,8440,37850,46290,52000HIL
R72 11207 0045,11750,56230,67980,8440,56550,64990,52000HIL
R72 11207 0046,11880,52110,63990,8480,30990,39470,52000HIL
R72 11207 0047,11880,48030,59910,8480,50310,58790,52000HIL
R72 11207 0048,16970,69000,85970,12210,44070,56280,52000HIL
R72 11207 0049,12460,52490,64950,8920,39460,48380,52000HIL
R72 11207 0050,11750,50600,62350,8390,23970,32360,52000HIL
R72 11207 0051,11750,47140,58890,8390,29180,37570,52000HIL
R72 11207 0052,11750,53490,65240,8390,35250,43640,52000HIL
R72 11207 0053,11750,44910,56660,8390,32390,40780,52000HIL
R72 11207 0054,12460,45890,58350,8920,34970,43890,52000HIL
R72 11207 0055,11750,48800,60550,8390,27680,36070,52000HIL
R72 11207 0056,11750,48150,59900,8390,35480,43870,52000HIL
R72 11207 0057,11640,20120,31760,8310,25770,34080,52000HIL
R72 11207 0058,12480,51640,64120,8970,35950,44920,52000HIL
R72 11207 0059,15020,42290,57310,11910,14380,26290,52000HIL
R72 11207 0064,1940,0,1940,310,0,310,52000HIL
R72 11208 0001,13750,45080,58830,10200,40050,50250,52000HIL
R72 11208 0002,13750,48320,62070,10070,28060,38130,52000HIL
R72 11208 0003,13230,53420,66650,9810,39910,49720,52000HIL
R72 11208 0004,12940,44360,57300,9560,38120,47680,52000HIL
R72 11208 0005,13340,49540,62880,9980,23310,33290,52000HIL
R72 11208 0006,13460,48930,62390,10090,28530,38620,52000HIL
R72 11208 0007,12240,57580,69820,8810,20040,28850,52000HIL
R72 11208 0008,12940,38640,51580,9350,29990,39340,52000HIL
R72 11208 0009,13420,55270,68690,9920,59880,69800,52000HIL
R72 11208 0010,11880,4620,16500,8520,19040,27560,52000HIL
R72 11208 0011,12350,51140,63490,8940,32630,41570,52000HIL
R72 11208 0012,12830,44010,56840,9280,30810,40090,52000HIL
R72 11208 0013,13040,50470,63510,9530,43270,52800,52000HIL
R72 11208 0014,13180,43600,56780,9650,41660,51310,52000HIL
R72 11208 0015,13060,50710,63770,9540,55250,64790,52000HIL
R72 11208 0016,12940,51850,64790,9350,30810,40160,52000HIL
R72 11208 0017,12590,46670,59260,9090,24500,33590,52000HIL
R72 11208 0018,12110,30320,42430,8710,23650,32360,52000HIL
R72 11208 0019,11640,44970,56610,8330,34430,42760,52000HIL
R72 11208 0020,11280,42620,53900,8040,39210,47250,52000HIL
R72 11208 0021,13840,38080,51920,10230,36150,46380,52000HIL
R72 11208 0022,13720,48340,62060,10190,36330,46520,52000HIL
R72 11208 0023,14420,34500,48920,10840,23880,34720,52000HIL
R72 11208 0024,13140,27260,40400,9580,25140,34720,52000HIL
R72 11208 0025,13140,37030,50170,9580,23810,33390,52000HIL
R72 11208 0026,13020,40820,53840,9550,0,9550,52000HIL
R72 11208 0027,13440,38720,52160,9930,29050,38980,52000HIL
R72 11208 0028,13180,41560,54740,9650,35760,45410,52000HIL
R72 11208 0029,13580,52870,66450,9980,32460,42440,52000HIL
R72 11208 0030,13700,21170,34870,10140,29850,39990,52000HIL
R72 11208 0031,13820,58150,71970,10340,33910,44250,52000HIL
R72 11208 0032,14070,45890,59960,10620,34080,44700,52000HIL
R72 11208 0033,14480,45290,59770,11230,49560,60790,52000HIL
R72 11208 0034,13540,36200,49740,10030,6070,16100,52000HIL
R72 11208 0035,14150,42570,56720,9900,25100,35000,52000HIL
R72 11208 0036,13890,40340,54230,10520,32590,43110,52000HIL
R72 11208 0037,12470,51410,63880,8970,39410,48380,52000HIL
R72 11208 0038,13900,35520,49420,9670,37010,46680,52000HIL
R72 11208 0039,13000,42510,55510,9460,19690,29150,52000HIL
R72 11208 0040,12250,40930,53180,8780,19920,28700,52000HIL
R72 11208 0041,11880,44040,55920,8500,29210,37710,52000HIL
R72 11208 0042,11630,28200,39830,8260,44630,52890,52000HIL
R72 11208 0045,14830,54130,68960,11020,39400,50420,52000HIL
R72 11208 0046,13460,44390,57850,16700,15010,31710,52000HIL
R72 11208 0047,13110,46090,59200,9490,57950,67440,52000HIL
R72 11208 0052,110,0,110,20,0,20,52000HIL
R72 11209 0001,11750,53170,64920,8390,43690,52080,52000HIL
R72 11209 0002,12340,40240,52580,8840,55590,64430,52000HIL
R72 11209 0003,11750,64330,76080,8390,41280,49670,52000HIL
R72 11209 0004,11750,51570,63320,8390,35480,43870,52000HIL
R72 11209 0005,11750,50320,62070,8390,34920,43310,52000HIL
R72 11209 0006,11750,57980,69730,8390,34360,42750,52000HIL
R72 11209 0007,11750,53360,65110,8390,36240,44630,52000HIL
R72 11209 0008,11750,53950,65700,8390,50860,59250,52000HIL
R72 11209 0009,17520,62590,80110,13620,62100,75720,52000HIL
R72 11209 0010,12350,48760,61110,8860,36310,45170,52000HIL
R72 11209 0011,12590,53670,66260,9120,39550,48670,52000HIL
R72 11209 0012,12940,54220,67160,9430,27940,37370,52000HIL
R72 11209 0013,12230,48560,60790,8780,52480,61260,52000HIL
R72 11209 0014,12710,59440,72150,9160,31960,41120,52000HIL
R72 11209 0015,12540,51440,63980,8990,32730,41720,52000HIL
R72 11209 0016,13000,44900,57900,9440,23470,32910,52000HIL
R72 11209 0017,12150,66050,78200,8640,52920,61560,52000HIL
R72 11209 0018,12490,50540,63030,9000,26890,35890,52000HIL
R72 11209 0019,13390,53810,67200,9550,42000,51550,52000HIL
R72 11209 0020,13140,44650,57790,9620,28950,38570,52000HIL
R72 11209 0021,13140,60860,74000,9690,33050,42740,52000HIL
R72 11209 0022,13250,43070,56320,9760,30780,40540,52000HIL
R72 11209 0023,13250,35560,48810,9760,26520,36280,52000HIL
R72 11209 0024,13970,53090,67060,10440,26650,37090,52000HIL
R72 11209 0025,23350,65830,89180,19650,42690,62340,52000HIL
R72 11209 0026,20340,42650,62990,14580,33110,47690,52000HIL
R72 11209 0028,11880,11980,23860,8450,25010,33460,52000HIL
R72 11209 0030,12150,53380,65530,8690,49160,57850,52000HIL
R72 11209 0032,1250,0,1250,210,0,210,52000HIL
R72 11209 0033,16010,53260,69270,11970,40700,52670,52000HIL
R72 11209 0034,970,0,970,200,0,200,52000HIL
R72 11210 0001,10120,41710,51830,7230,31470,38700,52000HIL
R72 11210 0002,10450,45000,55450,7460,31420,38880,52000HIL
R72 11210 0003,10570,43330,53900,7500,26820,34320,52000HIL
R72 11210 0004,10570,44120,54690,7500,27230,34730,52000HIL
R72 11210 0005,10570,25340,35910,7500,29350,36850,52000HIL
R72 11210 0006,10570,42190,52760,7500,27240,34740,52000HIL
R72 11210 0007,10570,43660,54230,7540,30710,38250,52000HIL
R72 11210 0008,10570,47120,57690,7540,32070,39610,52000HIL
R72 11210 0009,10570,43010,53580,7540,23860,31400,52000HIL
R72 11210 0010,10800,52160,62960,7650,38100,45750,52000HIL
R72 11210 0014,17990,55900,73890,13040,39300,52340,52000HIL
R72 11210 0015,12240,54050,66290,8670,47120,55790,52000HIL
R72 11210 0016,12240,57770,70010,8670,37420,46090,52000HIL
R72 11210 0017,11460,56820,68280,8120,38270,46390,52000HIL
R72 11210 0018,11460,62720,74180,8120,53250,61370,52000HIL
R72 11210 0019,11460,59430,70890,8120,46610,54730,52000HIL
R72 11210 0020,11460,68350,79810,8120,34640,42760,52000HIL
R72 11210 0021,11460,46050,57510,8120,32110,40230,52000HIL
R72 11210 0022,11460,49460,60920,8120,35870,43990,52000HIL
R72 11210 0023,12770,25850,38620,9110,20650,29760,52000HIL
R72 11210 0024,11500,44510,56010,8180,31850,40030,52000HIL
R72 11210 0025,11390,62200,73590,8100,36960,45060,52000HIL
R72 11210 0026,11390,54950,66340,8100,33880,41980,52000HIL
R72 11210 0027,11390,36890,48280,8100,33450,41550,52000HIL
R72 11210 0028,11620,62590,74210,8270,82230,90500,52000HIL
R72 11210 0029,11850,51140,62990,8440,38780,47220,52000HIL
R72 11210 0030,12770,55580,68350,9110,40060,49170,52000HIL
R72 11210 0031,13000,59210,72210,9280,62860,72140,52000HIL
R72 11210 0032,12790,62440,75230,9180,50360,59540,52000HIL
R72 11210 0038,10550,42730,53280,7540,30490,38030,52000HIL
R72 11210 0039,10550,48080,58630,7540,33790,41330,52000HIL
R72 11210 0040,10550,44440,54990,7540,31770,39310,52000HIL
R72 11210 0041,10550,45450,56000,7540,38840,46380,52000HIL
R72 11210 0042,10550,40600,51150,7540,24760,32300,52000HIL
R72 11210 0043,10550,42550,53100,3790,0,3790,52000HIL
R72 11210 0044,10550,51520,62070,7540,25870,33410,52000HIL
R72 11210 0045,10550,44030,54580,7540,28060,35600,52000HIL
R72 11210 0046,10550,43550,54100,7540,0,7540,52000HIL
R72 11210 0047,10550,44570,55120,7540,33270,40810,52000HIL
R72 11210 0048,10550,47730,58280,7540,33350,40890,52000HIL
R72 11211 0001,22840,36910,59750,20550,48550,69100,C8000000
R72 11211 0002,15260,30460,45720,15880,19290,35170,52010HIL
R72 11211 0003,6000,5000,11000,9100,3900,13000,52010HIL
R72 11211 0004,18650,48740,67390,19830,45060,64890,52010HIL
R72 11211 0008,14990,34190,49180,15380,32450,47830,52010HIL
R72 11211 0009,14990,34520,49510,15380,20170,35550,52010HIL
R72 11211 0010,12650,35510,48160,12750,21530,34280,52010HIL
R72 11211 0011,11820,32410,44230,11810,8150,19960,52010HIL
R72 11211 0012,14990,37820,52810,15380,55530,70910,52010HIL
R72 11212 0001,14560,83640,98200,10400,69130,79530,52000HIL
R72 11212 0003,14530,71420,85950,10470,57350,67820,52000HIL
R72 11212 0004,16660,75460,92120,12360,60580,72940,52000HIL
R72 11212 0005,15940,75330,91270,11860,65140,77000,52000HIL
R72 11212 0006,12000,145820,157820,12000,106960,118960,52000HIL
R72 11212 0007,9600,0,9600,9600,0,9600,52000HIL
R72 11212 0008,15760,64710,80470,11290,34010,45300,52000HIL
R72 11212 0009,16330,60860,77190,11710,31900,43610,52000HIL
R72 11212 0010,17250,64690,81940,12380,34560,46940,52000HIL
R72 11212 0011,16100,60120,76220,11540,24200,35740,52000HIL
R72 11212 0012,15410,68510,83920,11040,34490,45530,52000HIL
R72 11212 0013,12000,59270,71270,12000,68770,80770,52000HIL
R72 11212 0015,12000,70380,82380,12000,82040,94040,52000HIL
R72 11212 0016,15460,58300,73760,10720,59780,70500,52000HIL
R72 11212 0017,12000,65640,77640,12000,26830,38830,52000HIL
R72 11212 0018,14460,78570,93030,11550,71530,83080,52000HIL
R72 11212 0019,14280,58420,72700,10360,64750,75110,52000HIL
R72 11212 0020,14060,72390,86450,9970,62960,72930,52000HIL
R72 11212 0021,6470,0,6470,4100,0,4100,52000HIL
R72 11212 0022,14380,64560,78940,10220,37750,47970,52000HIL
R72 11212 0023,14850,54690,69540,10550,36450,47000,52000HIL
R72 11212 0026,4090,0,4090,2550,0,2550,52000HIL
R72 11301 0001,12750,51300,64050,9230,28300,37530,52000HIL
R72 11301 0002,12110,51990,64100,8710,31710,40420,52000HIL
R72 11301 0003,12110,46050,58160,8710,30420,39130,52000HIL
R72 11301 0004,12110,46070,58180,8710,22130,30840,52000HIL
R72 11301 0005,12110,44280,56390,8710,34250,42960,52000HIL
R72 11301 0006,12110,48970,61080,8710,34680,43390,52000HIL
R72 11301 0007,13010,52410,65420,9440,32590,42030,52000HIL
R72 11301 0008,12110,54080,66190,8710,74060,82770,52000HIL
R72 11301 0009,12110,52790,64900,8710,34930,43640,52000HIL
R72 11301 0010,12110,48820,60930,8710,28760,37470,52000HIL
R72 11301 0011,12110,49100,61210,8710,22260,30970,52000HIL
R72 11301 0012,12110,52480,64590,8710,38980,47690,52000HIL
R72 11301 0013,13350,55270,68620,9710,78680,88390,52000HIL
R72 11301 0014,13350,32240,45590,9750,53090,62840,52000HIL
R72 11301 0015,13350,53900,67250,9750,14660,24410,52000HIL
R72 11301 0016,13350,33660,47010,9750,19950,29700,52000HIL
R72 11301 0017,6680,2480,9160,4920,4060,8980,52000HIL
R72 11301 0018,13350,51790,65140,9790,19010,28800,52000HIL
R72 11301 0019,12990,52300,65290,9430,33950,43380,52000HIL
R72 11301 0020,12990,49300,62290,9430,24400,33830,52000HIL
R72 11301 0021,12990,50400,63390,9470,30350,39820,52000HIL
R72 11301 0022,12990,50020,63010,9430,41260,50690,52000HIL
R72 11301 0023,12990,48120,61110,9430,31900,41330,52000HIL
R72 11301 0024,12990,53550,66540,9430,33020,42450,52000HIL
R72 11301 0025,12110,51230,63340,8710,28710,37420,52000HIL
R72 11301 0026,12110,51800,63910,8710,34880,43590,52000HIL
R72 11301 0027,12110,49090,61200,8710,38580,47290,52000HIL
R72 11301 0028,12110,49130,61240,8710,62700,71410,52000HIL
R72 11301 0029,12110,49090,61200,8710,26790,35500,52000HIL
R72 11301 0030,12110,53350,65460,8710,32160,40870,52000HIL
R72 11301 0031,12110,44040,56150,8710,27750,36460,52000HIL
R72 11301 0032,12110,50680,62790,8710,29630,38340,52000HIL
R72 11301 0033,12110,51090,63200,8710,37270,45980,52000HIL
R72 11301 0034,12110,51110,63220,8710,33550,42260,52000HIL
R72 11301 0035,12110,52160,64270,8710,66070,74780,52000HIL
R72 11301 0036,12110,51910,64020,8710,37460,46170,52000HIL
R72 11301 0037,12990,48940,61930,9430,46940,56370,52000HIL
R72 11301 0038,12990,53740,66730,9430,35260,44690,52000HIL
R72 11301 0039,12990,51710,64700,9430,19600,29030,52000HIL
R72 11301 0040,12990,52380,65370,9430,31450,40880,52000HIL
R72 11301 0041,12990,52470,65460,9430,29130,38560,52000HIL
R72 11301 0042,12990,45780,58770,9430,33820,43250,52000HIL
R72 11301 0043,12990,52610,65600,9430,41060,50490,52000HIL
R72 11301 0044,12990,49470,62460,9430,34510,43940,52000HIL
R72 11301 0045,12990,52060,65050,9430,37310,46740,52000HIL
R72 11301 0046,12990,41760,54750,9430,17860,27290,52000HIL
R72 11301 0047,12990,51850,64840,9430,52280,61710,52000HIL
R72 11301 0048,12990,10330,23320,9430,14210,23640,52000HIL
R72 11302 0001,12110,50170,62280,8710,33240,41950,52000HIL
R72 11302 0002,12110,50290,62400,8710,32180,40890,52000HIL
R72 11302 0003,12110,53000,65110,8710,27410,36120,52000HIL
R72 11302 0004,12110,47720,59830,8710,32400,41110,52000HIL
R72 11302 0005,12110,48850,60960,8710,22390,31100,52000HIL
R72 11302 0006,12110,46780,58890,8710,36370,45080,52000HIL
R72 11302 0007,12110,48540,60650,8710,26140,34850,52000HIL
R72 11302 0008,12110,45000,57110,8710,24140,32850,52000HIL
R72 11302 0009,12110,50790,62900,8710,42360,51070,52000HIL
R72 11302 0010,12110,51210,63320,8710,49480,58190,52000HIL
R72 11302 0011,12110,50060,62170,8710,37730,46440,52000HIL
R72 11302 0012,12990,52130,65120,9430,34860,44290,52000HIL
R72 11302 0013,12990,49820,62810,9430,32980,42410,52000HIL
R72 11302 0014,12990,48880,61870,9430,27770,37200,52000HIL
R72 11302 0015,12990,50400,63390,9430,34970,44400,52000HIL
R72 11302 0016,12990,49100,62090,9430,35780,45210,52000HIL
R72 11302 0017,12990,48320,61310,9430,56880,66310,52000HIL
R72 11302 0018,12990,48840,61830,9430,22690,32120,52000HIL
R72 11302 0019,12990,48620,61610,9430,33120,42550,52000HIL
R72 11302 0020,12990,49170,62160,9430,34020,43450,52000HIL
R72 11302 0021,12990,41650,54640,9430,38510,47940,52000HIL
R72 11302 0022,12990,46890,59880,9430,33320,42750,52000HIL
R72 11302 0023,12990,51900,64890,9430,38310,47740,52000HIL
R72 11302 0024,12990,49110,62100,9430,32980,42410,52000HIL
R72 11302 0025,12110,40230,52340,8710,22420,31130,52000HIL
R72 11302 0026,12750,48130,60880,9230,30700,39930,52000HIL
R72 11302 0028,11480,51680,63160,8180,33390,41570,52000HIL
R72 11302 0029,12110,47200,59310,8710,27390,36100,52000HIL
R72 11302 0030,12110,48590,60700,8710,28180,36890,52000HIL
R72 11302 0031,12110,37290,49400,8710,24660,33370,52000HIL
R72 11302 0032,12990,47360,60350,9430,16660,26090,52000HIL
R72 11302 0033,12990,55430,68420,9430,33510,42940,52000HIL
R72 11302 0034,12990,50640,63630,9430,55900,65330,52000HIL
R72 11302 0035,12990,49570,62560,9430,37310,46740,52000HIL
R72 11302 0036,12990,46740,59730,9430,56900,66330,52000HIL
R72 11302 0037,12990,49610,62600,9430,36700,46130,52000HIL
R72 11303 0002,12110,45780,57890,8710,26670,35380,52000HIL
R72 11303 0003,12110,47170,59280,8710,18240,26950,52000HIL
R72 11303 0004,12110,44760,56870,8710,31260,39970,52000HIL
R72 11303 0005,12110,37020,49130,8710,29420,38130,52000HIL
R72 11303 0006,12110,47110,59220,8710,28710,37420,52000HIL
R72 11303 0007,6490,0,6490,4720,0,4720,52000HIL
R72 11303 0008,12970,43920,56890,9390,27730,37120,52000HIL
R72 11303 0009,12970,44090,57060,9430,24370,33800,52000HIL
R72 11303 0010,12970,19200,32170,9430,47390,56820,52000HIL
R72 11303 0011,12970,35680,48650,9430,23100,32530,52000HIL
R72 11303 0012,13100,49410,62510,9470,44100,53570,52000HIL
R72 11303 0013,13100,46560,59660,9470,27020,36490,52000HIL
R72 11303 0014,13230,52030,65260,9590,31470,41060,52000HIL
R72 11303 0015,12850,54910,67760,9310,34730,44040,52000HIL
R72 11303 0016,12850,55600,68450,9310,36450,45760,52000HIL
R72 11303 0017,12850,49040,61890,9310,32820,42130,52000HIL
R72 11303 0018,12850,51630,64480,9310,32650,41960,52000HIL
R72 11303 0019,12850,19550,32400,9310,26100,35410,52000HIL
R72 11303 0020,12850,34290,47140,9310,29390,38700,52000HIL
R72 11303 0021,12850,48480,61330,9310,35180,44490,52000HIL
R72 11303 0022,12990,47590,60580,9430,30910,40340,52000HIL
R72 11303 0023,12110,49020,61130,8710,33820,42530,52000HIL
R72 11303 0024,12110,48610,60720,8710,33690,42400,52000HIL
R72 11303 0025,12110,43050,55160,8710,29130,37840,52000HIL
R72 11303 0026,12110,23040,35150,8710,26560,35270,52000HIL
R72 11303 0027,12110,40170,52280,8710,29840,38550,52000HIL
R72 11303 0028,12110,51010,63120,8710,29300,38010,52000HIL
R72 11303 0029,12850,56760,69610,9310,34840,44150,52000HIL
R72 11303 0030,12850,44670,57520,9310,24750,34060,52000HIL
R72 11303 0031,12850,49780,62630,9310,30080,39390,52000HIL
R72 11303 0032,12850,50860,63710,9310,28650,37960,52000HIL
R72 11303 0033,12850,47420,60270,9310,27980,37290,52000HIL
R72 11303 0034,12850,40160,53010,9310,30570,39880,52000HIL
R72 11303 0035,12850,41400,54250,9310,21750,31060,52000HIL
R72 11303 0036,12990,50320,63310,9430,20570,30000,52000HIL
R72 11303 0037,12850,52230,65080,9310,30020,39330,52000HIL
R72 11303 0038,12850,42870,55720,9310,30280,39590,52000HIL
R72 11303 0039,12850,48930,61780,9310,28600,37910,52000HIL
R72 11303 0040,12850,51160,64010,9310,28510,37820,52000HIL
R72 11303 0041,12850,47430,60280,9310,35170,44480,52000HIL
R72 11303 0042,12850,52210,65060,9310,48810,58120,52000HIL
R72 11303 0043,12850,50940,63790,9310,20660,29970,52000HIL
R72 11303 0044,12990,50000,62990,9430,32870,42300,52000HIL
R72 11303 0045,6050,0,6050,3940,0,3940,52000HIL
R72 11303 0046,12110,53640,65750,8710,39860,48570,52000HIL
R72 11303 0047,6050,0,6050,3940,0,3940,52000HIL
R72 11303 0048,12110,35500,47610,8710,24420,33130,52000HIL
R72 11303 0049,12110,35010,47120,8710,21470,30180,52000HIL
R72 11303 0050,12110,45490,57600,8710,28050,36760,52000HIL
R72 11303 0051,12850,12910,25760,9310,1560,10870,52000HIL
R72 11303 0052,12850,0,12850,9310,0,9310,52000HIL
R72 11303 0053,12850,52710,65560,9310,34680,43990,52000HIL
R72 11303 0054,12850,51480,64330,9310,25340,34650,52000HIL
R72 11303 0055,12850,47790,60640,9310,55930,65240,52000HIL
R72 11303 0056,12850,51370,64220,9310,41470,50780,52000HIL
R72 11303 0057,12850,49490,62340,9310,33970,43280,52000HIL
R72 11303 0058,12990,40040,53030,9430,24290,33720,52000HIL
R72 11303 0059,12850,27110,39960,9310,22280,31590,52000HIL
R72 11303 0060,12850,47720,60570,9310,30650,39960,52000HIL
R72 11303 0061,12850,49370,62220,9310,25270,34580,52000HIL
R72 11303 0062,12850,48130,60980,9310,37680,46990,52000HIL
R72 11303 0063,12850,51320,64170,9310,42880,52190,52000HIL
R72 11303 0064,12850,50960,63810,9310,41680,50990,52000HIL
R72 11303 0065,12850,53150,66000,9310,36580,45890,52000HIL
R72 11303 0066,12990,46960,59950,9430,32220,41650,52000HIL
R72 11304 0001,11600,25910,37510,8290,27120,35410,52000FRV
R72 11304 0002,11600,28800,40400,8290,26090,34380,52000FRV
R72 11304 0003,11600,24840,36440,8290,29410,37700,52000FRV
R72 11304 0004,11600,21460,33060,8290,43010,51300,52000FRV
R72 11304 0005,11160,30330,41490,7950,44110,52060,52000FRV
R72 11304 0006,12110,25780,37890,8710,40120,48830,52000FRV
R72 11304 0007,12110,29590,41700,8710,27720,36430,52000FRV
R72 11304 0008,12110,32960,45070,8710,35340,44050,52000FRV
R72 11304 0009,12110,24230,36340,8710,36240,44950,52000FRV
R72 11304 0010,12110,21210,33320,8710,36790,45500,52000FRV
R72 11304 0011,12110,29200,41310,8710,42110,50820,52000FRV
R72 11304 0012,12110,21780,33890,8710,25710,34420,52000FRV
R72 11304 0013,12110,22480,34590,8710,29120,37830,52000FRV
R72 11304 0014,12110,21910,34020,8710,38090,46800,52000FRV
R72 11304 0015,12110,27710,39820,8710,35460,44170,52000FRV
R72 11304 0016,12110,22590,34700,8710,35390,44100,52000FRV
R72 11304 0017,12850,46820,59670,9310,28910,38220,52000HIL
R72 11304 0018,12850,51850,64700,9310,40480,49790,52000HIL
R72 11304 0019,12850,50790,63640,9310,34350,43660,52000HIL
R72 11304 0020,12850,47260,60110,9310,30620,39930,52000HIL
R72 11304 0021,12850,49330,62180,9310,33400,42710,52000HIL
R72 11304 0022,12850,40640,53490,9270,34500,43770,52000HIL
R72 11304 0023,12850,48580,61430,9310,32890,42200,52000HIL
R72 11304 0024,12990,47100,60090,9430,35700,45130,52000HIL
R72 11304 0025,12590,33840,46430,9090,39410,48500,52000FRV
R72 11304 0026,13650,62160,75810,9990,52400,62390,52000FRV
R72 11304 0027,13910,70330,84240,10220,51620,61840,52000FRV
R72 11304 0028,13910,70340,84250,10220,59330,69550,52000FRV
R72 11305 0005,15090,28220,43310,9480,40340,49820,52000FRV
R72 11305 0006,12250,26360,38610,8840,27350,36190,52000FRV
R72 11305 0007,16920,25360,42280,12660,19720,32380,52000FRV
R72 11305 0008,12370,31040,43410,8900,67030,75930,52000FRV
R72 11305 0009,11810,20100,31910,8420,34020,42440,52000FRV
R72 11305 0010,11810,24110,35920,8420,23290,31710,52000FRV
R72 11305 0011,11810,28310,40120,8420,17450,25870,52000FRV
R72 11305 0012,17280,28940,46220,13160,10910,24070,52000FRV
R72 11305 0014,12150,34440,46590,8690,40770,49460,52000FRV
R72 11305 0015,11150,25710,36860,7940,9240,17180,52000FRV
R72 11305 0016,11150,25090,36240,7940,30120,38060,52000FRV
R72 11305 0017,11150,20500,31650,7940,35910,43850,52000FRV
R72 11305 0018,12990,25940,38930,9390,21550,30940,52000FRV
R72 11305 0019,13120,15380,28500,9490,21570,31060,52000FRV
R72 11305 0021,10770,33850,44620,7620,27220,34840,52000FRV
R72 11305 0022,10770,26530,37300,7620,19280,26900,52000FRV
R72 11305 0023,11040,27430,38470,7860,35850,43710,52000FRV
R72 11305 0024,11040,23120,34160,7860,39080,46940,52000FRV
R72 11305 0025,11040,21960,33000,7860,31010,38870,52000FRV
R72 11305 0028,11040,17460,28500,7860,23270,31130,52000FRV
R72 11305 0030,11670,37690,49360,14840,31270,46110,52000FRV
R72 11305 0031,11210,50320,61530,8020,52320,60340,52000FRV
R72 11305 0034,11880,79640,91520,8450,46250,54700,52000FRV
R72 11305 0035,11040,44700,55740,7860,6740,14600,52000FRV
R72 11305 0036,11040,31480,42520,7860,7390,15250,52000FRV
R72 11305 0037,11040,21960,33000,7860,31010,38870,52000FRV
R72 11305 0038,11040,24030,35070,7860,29310,37170,52000FRV
R72 11305 0039,11040,22870,33910,7860,28520,36380,52000FRV
R72 11305 0040,10800,18770,29570,7680,27570,35250,52000FRV
R72 11305 0041,11040,21960,33000,8330,32080,40410,52000FRV
R72 11305 0048,12370,28520,40890,8940,34830,43770,52000FRV
R72 11305 0049,12370,19840,32210,8900,62320,71220,52000FRV
R72 11305 0050,11360,29460,40820,8120,26150,34270,52000FRV
R72 11305 0051,12370,22970,35340,8900,22930,31830,52000FRV
R72 11305 0052,13920,32550,46470,10010,16990,27000,52000FRV
R72 11305 0053,12370,39330,51700,8940,37760,46700,52000FRV
R72 11305 0054,11360,30030,41390,8080,38410,46490,52000FRV
R72 11305 0055,12370,30260,42630,8940,29570,38510,52000FRV
R72 11305 0058,15090,30110,45200,8120,46240,54360,52000FRV
R72 11305 0059,13800,26330,40130,9920,42790,52710,52000FRV
R72 11306 0001,14460,35360,49820,10300,27880,38180,52000FRV
R72 11306 0003,13800,34590,48390,9920,40050,49970,52000FRV
R72 11306 0029,15380,38540,53920,11280,51260,62540,52000FRV
R72 11306 0030,16250,36110,52360,11980,49630,61610,52000FRV
R72 11306 0032,12460,32160,44620,8880,40240,49120,52000FRV
R72 11306 0033,12790,37240,50030,9120,41190,50310,52000FRV
R72 11306 0036,11460,27540,39000,8170,25840,34010,52000FRV
R72 11306 0037,13800,31800,45600,9920,32310,42230,52000FRV
R72 11307 0001,5560,0,5560,3570,0,3570,52000FRV
R72 11307 0002,11130,19560,30690,7880,15380,23260,52000FRV
R72 11307 0003,11130,23510,34640,7880,29580,37460,52000FRV
R72 11307 0004,11130,33400,44530,7880,46380,54260,52000FRV
R72 11307 0005,11130,26180,37310,7880,44850,52730,52000FRV
R72 11307 0006,11130,22440,33570,7880,28710,36590,52000FRV
R72 11307 0007,11130,25110,36240,7880,24900,32780,52000FRV
R72 11307 0008,11130,27760,38890,7880,28990,36870,52000FRV
R72 11307 0009,18570,40730,59300,13260,56140,69400,52000FRV
R72 11307 0010,13490,34370,47860,9780,57940,67720,52000FRV
R72 11307 0011,13350,33410,46760,9630,55960,65590,52000FRV
R72 11307 0012,5560,0,5560,3570,0,3570,52000FRV
R72 11307 0013,11130,37190,48320,7880,53640,61520,52000FRV
R72 11307 0016,11130,42980,54110,7880,14590,22470,52000FRV
R72 11307 0017,5560,0,5560,3570,0,3570,52000FRV
R72 11307 0018,11130,46460,57590,7880,60320,68200,52000FRV
R72 11307 0019,5560,0,5560,3570,0,3570,52000FRV
R72 11307 0020,13650,35950,49600,9960,48930,58890,52000FRV
R72 11307 0021,13640,48710,62350,9920,50590,60510,52000FRV
R72 11307 0022,13370,35870,49240,9680,55900,65580,52000FRV
R72 11307 0023,12720,34130,46850,9160,50000,59160,52000FRV
R72 11307 0024,12600,37300,49900,9070,57850,66920,52000FRV
R72 11307 0025,11520,32450,43970,8230,62610,70840,52000FRV
R72 11307 0026,11130,36260,47390,7880,53000,60880,52000FRV
R72 11307 0027,5560,0,5560,3570,0,3570,52000FRV
R72 11307 0028,11130,35150,46280,7880,61250,69130,52000FRV
R72 11307 0029,5560,0,5560,3570,0,3570,52000FRV
R72 11307 0030,11130,15220,26350,7880,28700,36580,52000FRV
R72 11307 0031,11130,42630,53760,7880,10310,18190,52000FRV
R72 11307 0032,16000,34540,50540,11780,49000,60780,52000FRV
R72 11307 0034,12000,32980,44980,8580,47620,56200,52000FRV
R72 11307 0035,13250,33000,46250,9580,46760,56340,52000FRV
R72 11307 0036,13130,33050,46180,9480,48920,58400,52000FRV
R72 11307 0042,13050,0,13050,13140,0,13140,52000FRV
R72 11307 0045,12160,0,12160,10570,0,10570,52000FRV
R72 11307 0051,960,0,960,960,0,960,52000FRV
R72 11308 0001,19890,1650,21540,14950,0,14950,52000FRV
R72 11308 0003,19430,32040,51470,15980,50310,66290,52000FRV
R72 11308 0004,13570,27720,41290,10400,28840,39240,52000FRV
R72 11308 0005,13570,24590,38160,10400,23720,34120,52000FRV
R72 11308 0006,16100,24940,41040,12800,3940,16740,52000FRV
R72 11308 0007,14500,29400,43900,11210,31380,42590,52000FRV
R72 11308 0008,12620,26430,39050,9270,24060,33330,52000FRV
R72 11308 0009,11640,34700,46340,8250,42290,50540,52000FRV
R72 11308 0010,12170,34370,46540,8630,79500,88130,52000FRV
R72 11308 0011,12440,13610,26050,8920,52970,61890,52000FRV
R72 11308 0012,11990,31260,43250,8610,47410,56020,52000FRV
R72 11308 0013,12570,35090,47660,9060,50630,59690,52000FRV
R72 11308 0014,12690,35210,47900,9150,54790,63940,52000FRV
R72 11308 0015,12690,31820,44510,9150,47310,56460,52000FRV
R72 11308 0016,12810,29180,41990,9240,46070,55310,52000FRV
R72 11308 0017,1780,0,1780,1250,0,1250,52000FRV
R72 11308 0020,12750,24500,37250,9240,39720,48960,52000FRV
R72 11308 0021,12750,24160,36910,9240,26900,36140,52000FRV
R72 11308 0022,12930,38080,51010,9330,44800,54130,52000FRV
R72 11308 0023,12930,39640,52570,9330,68490,77820,52000FRV
R72 11308 0024,13040,33090,46130,9420,50150,59570,52000FRV
R72 11308 0025,13040,34170,47210,9420,53160,62580,52000FRV
R72 11308 0026,13300,35680,48980,9560,52150,61710,52000FRV
R72 11308 0027,13320,33940,47260,9570,51570,61140,52000FRV
R72 11308 0028,13720,37000,50720,9970,49190,59160,52000FRV
R72 11308 0029,14270,34840,49110,10490,54990,65480,52000FRV
R72 11308 0030,12130,31550,43680,8590,48560,57150,52000FRV
R72 11308 0031,12130,33900,46030,8590,48440,57030,52000FRV
R72 11308 0032,12240,31880,44120,8670,46740,55410,52000FRV
R72 11308 0033,12130,33950,46080,8590,49130,57720,52000FRV
R72 11308 0034,12240,33300,45540,8670,40340,49010,52000FRV
R72 11308 0035,12240,32470,44710,8720,41440,50160,52000FRV
R72 11308 0036,12380,34640,47020,8820,48670,57490,52000FRV
R72 11308 0037,12420,32550,44970,8860,50800,59660,52000FRV
R72 11308 0038,12710,32220,44930,9160,72320,81480,52000FRV
R72 11308 0039,11690,33010,44700,8320,49770,58090,52000FRV
R72 11308 0040,5870,0,5870,3740,0,3740,52000FRV
R72 11308 0041,12620,32270,44890,8970,46070,55040,52000FRV
R72 11308 0042,13000,33480,46480,9330,47570,56900,52000FRV
R72 11308 0043,13440,32630,46070,9710,46610,56320,52000FRV
R72 11308 0044,13600,34240,47840,9930,50410,60340,52000FRV
R72 11308 0045,13860,34390,48250,10130,48670,58800,52000FRV
R72 11308 0046,13750,32640,46390,9980,49200,59180,52000FRV
R72 11308 0047,14000,35720,49720,10180,56020,66200,52000FRV
R72 11308 0048,14000,35500,49500,10180,51070,61250,52000FRV
R72 11308 0049,14000,33110,47110,10180,49560,59740,52000FRV
R72 11308 0050,13880,33320,47200,10080,48610,58690,52000FRV
R72 11308 0053,12830,24160,36990,9640,31720,41360,52000FRV
R72 11308 0055,12830,24940,37770,9640,29390,39030,52000FRV
R72 11308 0057,12690,30830,43520,9150,28910,38060,52000FRV
R72 11402 0001,14250,36600,50850,10280,51830,62110,52000FRV
R72 11402 0002,13490,32270,45760,9640,50830,60470,52000FRV
R72 11402 0003,13310,39400,52710,9440,58800,68240,52000FRV
R72 11402 0004,12620,39480,52100,8970,40260,49230,52000FRV
R72 11402 0005,12620,37920,50540,8920,58280,67200,52000FRV
R72 11402 0006,12360,38620,50980,8790,58480,67270,52000FRV
R72 11402 0007,14790,35200,49990,10490,53450,63940,52000FRV
R72 11402 0008,13800,33490,47290,9990,45760,55750,52000FRV
R72 11402 0009,12790,38620,51410,9120,51280,60400,52000FRV
R72 11402 0010,12650,37520,50170,8950,53240,62190,52000FRV
R72 11402 0011,12510,35740,48250,8900,53980,62880,52000FRV
R72 11402 0012,12360,37890,50250,8730,60590,69320,52000FRV
R72 11402 0013,12850,33770,46620,9120,49970,59090,52000FRV
R72 11402 0014,14230,39040,53270,10430,57230,67660,52000FRV
R72 11402 0015,14020,42860,56880,9980,62790,72770,52000FRV
R72 11402 0016,17110,26320,43430,6120,0,6120,52000FRV
R72 11402 0017,17110,35290,52400,13550,60460,74010,52000FRV
R72 11403 0002,12260,18390,30650,8760,9080,17840,52000FRV
R72 11403 0003,13500,1240,14740,9910,13100,23010,52000FRV
R72 11403 0004,12420,40260,52680,8960,43120,52080,52000FRV
R72 11403 0005,12150,45880,58030,8720,34840,43560,52000FRV
R72 11403 0006,14180,21420,35600,10500,31190,41690,52000FRV
R72 11403 0007,15600,20340,35940,12650,29260,41910,52000FRV
R72 11403 0009,12940,24880,37820,9560,12660,22220,52000FRV
R72 11403 0010,12940,30380,43320,9560,36340,45900,52000FRV
R72 11403 0011,13080,23220,36300,9700,36200,45900,52000FRV
R72 11403 0012,12940,25000,37940,9470,0,9470,52000FRV
R72 11403 0013,12360,22950,35310,9000,23590,32590,52000FRV
R72 11403 0014,12940,30780,43720,9470,0,9470,52000FRV
R72 11403 0015,15810,20940,36750,12350,19700,32050,52000FRV
R72 11403 0016,7910,410,8320,6200,530,6730,52000FRV
R72 11403 0017,11250,20310,31560,7980,41070,49050,52000FRV
R72 11403 0018,11250,26020,37270,7980,40220,48200,52000FRV
R72 11403 0019,12490,24960,37450,9020,27870,36890,52000FRV
R72 11403 0020,12130,17070,29200,8720,6430,15150,52000FRV
R72 11403 0021,13630,36380,50010,10030,37920,47950,52000FRV
R72 11404 0001,10500,21000,31500,9040,29350,38390,52000FRV
R72 11404 0002,1760,0,1760,600,0,600,52000FRV
R72 11404 0003,11400,31800,43200,9330,33380,42710,51000FRV
R72 11404 0004,11120,30800,41920,9060,26110,35170,51000FRV
R72 11404 0005,11020,40780,51800,8960,38440,47400,51000FRV
R72 11404 0006,11120,23180,34300,9060,3970,13030,51000FRV
R72 11404 0007,11120,15680,26800,9060,3520,12580,51000FRV
R72 11404 0008,5560,0,5560,4100,0,4100,51000FRV
R72 11404 0010,12560,55600,68160,9040,20650,29690,52000FRV
R72 11404 0011,14400,25670,40070,11520,22310,33830,52000FRV
R72 11404 0012,14400,26360,40760,11520,18700,30220,52000FRV
R72 11404 0017,12960,23810,36770,9390,38000,47390,52000FRV
R72 11404 0018,11040,21960,33000,8070,30910,38980,52000FRV
R72 11404 0019,11160,29670,40830,7970,32570,40540,52000FRV
R72 11404 0020,11160,0,11160,4010,0,4010,52000FRV
R72 11404 0021,11160,28570,39730,7940,3100,11040,52000FRV
R72 11404 0022,11160,24210,35370,7940,30060,38000,52000FRV
R72 11404 0023,10910,28200,39110,7750,32820,40570,52000FRV
R72 11404 0024,11160,25430,36590,7940,32000,39940,52000FRV
R72 11404 0027,12770,16430,29200,9280,24170,33450,52000FRV
R72 11404 0028,12770,13160,25930,9280,29040,38320,52000FRV
R72 11404 0029,9030,22790,31820,6440,24230,30670,52000FRV
R72 11404 0030,10220,25480,35700,7280,23800,31080,52000FRV
R72 11404 0031,13650,25450,39100,10700,14250,24950,52000FRV
R72 11405 0005,9390,0,9390,7160,0,7160,52000HIL
R72 11405 0008,11210,35030,46240,7860,30400,38260,52000HIL
R72 11405 0010,19040,40120,59160,12710,28990,41700,52000HIL
R72 11405 0011,11480,33980,45460,8100,27410,35510,52000HIL
R72 11405 0012,11000,29380,40380,7730,5750,13480,52000HIL
R72 11405 0013,10800,51790,62590,7510,58210,65720,52000HIL
R72 11405 0018,10400,33340,43740,8340,24840,33180,51000HIL
R72 11405 0019,10400,33010,43410,8340,15450,23790,51000HIL
R72 11405 0020,10800,27210,38010,8690,21810,30500,51000HIL
R72 11405 0022,11750,35250,47000,9510,34200,43710,51000HIL
R72 11405 0024,8640,15430,24070,6810,5460,12270,51000HIL
R72 11405 0025,5260,0,5260,3830,0,3830,51000HIL
R72 11405 0026,13920,23870,37790,11040,35090,46130,52000HIL
R72 11405 0027,11690,28940,40630,8340,6150,14490,52000HIL
R72 11405 0028,11690,31560,43250,8340,23960,32300,52000HIL
R72 11405 0029,11690,40360,52050,8340,23500,31840,52000HIL
R72 11405 0030,12550,0,12550,9330,0,9330,52000HIL
R72 11405 0034,3750,3750,7500,8100,34530,42630,51000HIL
R72 11405 0035,10130,29940,40070,8100,37410,45510,51000HIL
R72 11405 0042,1060,0,1060,270,0,270,52000HIL
R72 11405 0043,950,0,950,230,0,230,52000HIL
R72 11405 0044,14570,42830,57400,10910,17750,28660,52000HIL
R72 11405 0051,14270,42570,56840,10670,19420,30090,52000HIL
R72 11405 0057,480,0,480,480,0,480,52000HIL
R72 11406 0001,11100,20900,32000,9020,27620,36640,51000HIL
R72 11406 0002,11400,33150,44550,9330,16470,25800,51000HIL
R72 11406 0004,10400,30920,41320,8390,14250,22640,51000HIL
R72 11406 0006,11620,30380,42000,8320,14630,22950,52000HIL
R72 11406 0007,14630,26170,40800,10790,22350,33140,52000HIL
R72 11406 0008,13490,27240,40730,9870,23240,33110,52000HIL
R72 11406 0009,13460,44080,57540,9950,28380,38330,52000HIL
R72 11406 0010,13700,22940,36640,10180,29310,39490,52000HIL
R72 11406 0011,13820,38830,52650,10340,25990,36330,52000HIL
R72 11406 0012,14090,40920,55010,10600,30320,40920,52000HIL
R72 11406 0013,14500,53960,68460,11040,32380,43420,52000HIL
R72 11406 0014,14650,65990,80640,11310,24470,35780,52000HIL
R72 11406 0015,14650,36790,51440,11350,19380,30730,52000HIL
R72 11406 0016,14650,51800,66450,11310,33610,44920,52000HIL
R72 11406 0017,14950,39420,54370,11560,21320,32880,52000HIL
R72 11406 0018,13280,45930,59210,9490,26570,36060,52000HIL
R72 11406 0028,13780,42550,56330,10130,25660,35790,52000HIL
R72 11406 0032,13370,35090,48460,9790,25410,35200,52000HIL
R72 11406 0033,13350,48980,62330,9750,31740,41490,52000HIL
R72 11406 0034,13350,28880,42230,9790,45200,54990,52000HIL
R72 11406 0035,12600,33030,45630,9120,17770,26890,52000HIL
R72 11406 0036,11990,34380,46370,8600,33560,42160,52000HIL
R72 11406 0043,15770,35720,51490,12780,27020,39800,52000HIL
R72 11406 0044,16030,21580,37610,13250,8290,21540,52000HIL
R72 11406 0048,10870,2260,13130,8780,1920,10700,51000HIL
R72 11407 0001,11630,46040,57670,8270,30460,38730,52000HIL
R72 11407 0002,14820,47250,62070,11030,28410,39440,52000HIL
R72 11407 0003,14720,45340,60060,10900,38790,49690,52000HIL
R72 11407 0004,14990,59650,74640,11340,30260,41600,52000HIL
R72 11407 0005,14980,50620,65600,11260,36720,47980,52000HIL
R72 11407 0006,16410,71690,88100,12360,43600,55960,52000HIL
R72 11407 0010,13080,53830,66910,9510,34970,44480,52000HIL
R72 11407 0011,13330,52980,66310,9340,35510,44850,52000HIL
R72 11407 0012,13810,51630,65440,9740,26460,36200,52000HIL
R72 11407 0013,14950,51840,66790,11170,28090,39260,52000HIL
R72 11407 0014,14640,49220,63860,11870,25870,37740,52000HIL
R72 11407 0015,15250,10570,25820,12430,5410,17840,52000HIL
R72 11407 0017,12250,59150,71400,8800,23900,32700,52000HIL
R72 11407 0018,11630,46550,58180,8270,26420,34690,52000HIL
R72 11407 0019,11740,51430,63170,8350,77090,85440,52000HIL
R72 11407 0020,14340,50400,64740,10330,23040,33370,52000HIL
R72 11407 0021,11750,49140,60890,8390,31950,40340,52000HIL
R72 11407 0022,11750,46940,58690,8390,22140,30530,52000HIL
R72 11407 0032,2400,0,2400,2400,0,2400,52000HIL
R72 11408 0001,10800,24600,35400,8690,20990,29680,51000HIL
R72 11408 0002,10800,8330,19130,8690,3950,12640,51000HIL
R72 11408 0003,10800,28990,39790,8690,19800,28490,51000HIL
R72 11408 0004,10800,29710,40510,8690,42670,51360,51000HIL
R72 11408 0005,10930,27660,38590,8600,42810,51410,51000HIL
R72 11408 0006,4130,22650,26780,3370,19160,22530,51000HIL
R72 11408 0008,12710,28430,41140,10490,27400,37890,51000HIL
R72 11408 0009,12710,27260,39970,10490,36130,46620,51000HIL
R72 11408 0010,12710,35380,48090,10490,40710,51200,51000HIL
R72 11408 0011,12710,27040,39750,10490,38870,49360,51000HIL
R72 11408 0012,12710,37510,50220,10490,40620,51110,51000HIL
R72 11408 0013,12710,29140,41850,10490,39170,49660,51000HIL
R72 11408 0014,11360,39360,50720,9150,39650,48800,51000HIL
R72 11408 0015,12750,34560,47310,10230,30240,40470,51000HIL
R72 11408 0016,13390,42540,55930,14840,31610,46450,52000HIL
R72 11408 0017,13610,43770,57380,9760,43030,52790,52000HIL
R72 11408 0020,12000,51440,63440,12000,14500,26500,52000HIL
R72 11408 0021,14130,48690,62820,10540,17190,27730,52000HIL
R72 11408 0022,14130,45600,59730,10620,38480,49100,52000HIL
R72 11408 0023,14130,50090,64220,10580,25110,35690,52000HIL
R72 11408 0024,14000,45790,59790,10410,33630,44040,52000HIL
R72 11408 0025,13750,44810,58560,10200,24860,35060,52000HIL
R72 11408 0026,15530,42090,57620,11670,47920,59590,52000HIL
R72 11408 0027,13650,31260,44910,10020,45750,55770,52000HIL
R72 11408 0030,14630,35930,50560,10440,66690,77130,52000HIL
R72 11408 0031,15640,62320,77960,11090,31610,42700,52000HIL
R72 11408 0032,13050,28590,41640,9280,39510,48790,52000HIL
R72 11408 0033,14570,52550,67120,10800,39040,49840,52000HIL
R72 11408 0034,14750,47850,62600,11540,21120,32660,52000HIL
R72 11408 0035,14750,52960,67710,11670,26070,37740,52000HIL
R72 11408 0036,14380,45310,59690,10910,7400,18310,52000HIL
R72 11408 0037,17120,34290,51410,12960,20520,33480,52000HIL
R72 11408 0039,22220,39680,61900,15600,41020,56620,52000HIL
R72 11409 0001,5400,4620,10020,4340,6840,11180,51000HIL
R72 11409 0002,9200,22740,31940,7340,32480,39820,51000HIL
R72 11409 0003,10130,28380,38510,8100,21720,29820,51000HIL
R72 11409 0004,10260,22490,32750,8220,3360,11580,51000HIL
R72 11409 0005,12290,20070,32360,9980,59000,68980,51000HIL
R72 11409 0006,4770,4050,8820,11160,12680,23840,51000HIL
R72 11409 0008,10530,40690,51220,8450,44230,52680,51000HIL
R72 11409 0009,10260,44320,54580,8220,46370,54590,51000HIL
R72 11409 0012,11100,25870,36970,9060,14050,23110,51000HIL
R72 11409 0014,5200,0,5200,3800,0,3800,51000HIL
R72 11409 0015,10080,26780,36860,8070,17720,25790,51000HIL
R72 11409 0018,7900,33950,41850,6300,40690,46990,51000HIL
R72 11409 0021,10670,27760,38430,8570,20610,29180,51000HIL
R72 11409 0022,10530,23420,33950,8450,37350,45800,51000HIL
R72 11409 0023,11070,22110,33180,8920,36350,45270,51000HIL
R72 11409 0025,10800,40250,51050,7680,16490,24170,52000HIL
R72 11409 0026,10800,39130,49930,7680,32920,40600,52000HIL
R72 11409 0027,10800,44220,55020,7680,26360,34040,52000HIL
R72 11409 0028,10800,15090,25890,7680,14340,22020,52000HIL
R72 11409 0029,10800,20180,30980,7680,3130,10810,52000HIL
R72 11409 0030,10800,40640,51440,7680,37140,44820,52000HIL
R72 11409 0031,10800,38160,48960,7680,24670,32350,52000HIL
R72 11409 0032,5400,0,5400,3480,0,3480,52000HIL
R72 11409 0033,14210,50510,64720,10300,35450,45750,52000HIL
R72 11409 0034,13840,41870,55710,10120,33170,43290,52000HIL
R72 11409 0035,10910,42110,53020,7750,18010,25760,52000HIL
R72 11409 0036,10910,43590,54500,7750,22550,30300,52000HIL
R72 11409 0037,10910,39320,50230,7750,1240,8990,52000HIL
R72 11409 0038,10910,32270,43180,7750,39410,47160,52000HIL
R72 11409 0039,10910,36800,47710,7750,29590,37340,52000HIL
R72 11409 0040,10910,36300,47210,7750,30670,38420,52000HIL
R72 11409 0041,11870,28710,40580,12750,27250,40000,52000HIL
R72 11409 0043,16020,43800,59820,11610,26370,37980,52000HIL
R72 11409 0044,10940,15640,26580,7750,18500,26250,52000HIL
R72 11409 0045,11700,41530,53230,8350,21410,29760,52000HIL
R72 11409 0046,11700,21760,33460,8350,22240,30590,52000HIL
R72 11409 0047,11700,33480,45180,8350,38280,46630,52000HIL
R72 11409 0048,11700,28180,39880,8350,12920,21270,52000HIL
R72 11409 0049,11700,38310,50010,8350,21560,29910,52000HIL
R72 11409 0050,11700,37890,49590,8350,10470,18820,52000HIL
R72 11409 0053,13910,35740,49650,10220,66150,76370,52000HIL
R72 11409 0054,6750,0,6750,4460,0,4460,52000HIL
R72 11409 0055,12150,20920,33070,8690,2290,10980,52000HIL
R72 11409 0056,12150,13800,25950,8690,10710,19400,52000HIL
R72 11409 0057,12150,34570,46720,4370,0,4370,52000HIL
R72 11409 0058,12290,5320,17610,8810,1990,10800,52000HIL
R72 11409 0064,3230,0,3230,2200,0,2200,52000HIL
R72 11410 0001,13750,39170,52920,10200,22390,32590,52000HIL
R72 11410 0002,14130,46190,60320,10580,25080,35660,52000HIL
R72 11410 0003,14250,33790,48040,10790,28030,38820,52000HIL
R72 11410 0004,11880,49890,61770,8480,37180,45660,52000HIL
R72 11410 0005,14500,59200,73700,11080,35430,46510,52000HIL
R72 11410 0006,14750,51830,66580,11460,14740,26200,52000HIL
R72 11410 0007,14630,70300,84930,11330,51600,62930,52000HIL
R72 11410 0008,14630,44350,58980,11420,30030,41450,52000HIL
R72 11410 0009,14750,54560,69310,11460,41760,53220,52000HIL
R72 11410 0010,14750,43990,58740,11500,27780,39280,52000HIL
R72 11410 0011,14750,54860,69610,11540,32670,44210,52000HIL
R72 11410 0012,14750,50970,65720,11540,40070,51610,52000HIL
R72 11410 0013,5520,0,5520,3520,0,3520,52000HIL
R72 11410 0014,12680,47980,60660,9290,32780,42070,52000HIL
R72 11410 0015,17600,46480,64080,13620,30360,43980,52000HIL
R72 11410 0016,13630,34090,47720,9950,20270,30220,52000HIL
R72 11410 0017,13380,50960,64340,9780,31090,40870,52000HIL
R72 11410 0018,13250,54040,67290,9700,43540,53240,52000HIL
R72 11410 0019,16560,65560,82120,12490,48240,60730,52000HIL
R72 11410 0020,16720,50050,66770,12680,41980,54660,52000HIL
R72 11410 0022,14990,64060,79050,11190,58230,69420,52000HIL
R72 11410 0024,13890,49260,63150,10230,37070,47300,52000HIL
R72 11410 0028,4420,3180,7600,3070,4150,7220,52000HIL
R72 11410 0029,18900,62340,81240,14490,38870,53360,52000HIL
R72 11410 0031,13130,59610,72740,9480,46390,55870,52000HIL
R72 11410 0033,12970,53140,66110,9390,43360,52750,52000HIL
R72 11410 0035,13380,20980,34360,9430,38780,48210,52000HIL
R72 11410 0037,1970,0,1970,440,0,440,52000HIL
R72 11410 0038,14850,50000,64850,10990,33510,44500,52000HIL
R72 11410 0039,13500,25720,39220,9820,15770,25590,52000HIL
R72 11410 0040,13500,57290,70790,9860,54320,64180,52000HIL
R72 11410 0041,13630,57880,71510,9990,40820,50810,52000HIL
R72 11410 0042,13750,52260,66010,10120,34370,44490,52000HIL
R72 11410 0043,13750,69330,83080,10160,34630,44790,52000HIL
R72 11410 0044,13880,57710,71590,10330,32820,43150,52000HIL
R72 11410 0045,13980,48220,62200,10400,30470,40870,52000HIL
R72 11410 0048,2590,0,2590,490,0,490,52000HIL
R72 11501 0004,10500,55770,66270,8420,24550,32970,51000FRV
R72 11501 0005,10500,27530,38030,8420,26030,34450,51000FRV
R72 11501 0006,10500,28580,39080,8420,14760,23180,51000FRV
R72 11501 0007,10500,19480,29980,8420,31920,40340,51000FRV
R72 11501 0008,10500,31260,41760,8420,30910,39330,51000FRV
R72 11501 0009,10500,25330,35830,8420,26460,34880,51000FRV
R72 11501 0010,10500,33500,44000,8420,24550,32970,51000FRV
R72 11501 0011,10500,25000,35500,8420,15750,24170,51000FRV
R72 11501 0014,10500,37880,48380,8420,38510,46930,51000FRV
R72 11501 0016,10500,24020,34520,8420,28600,37020,51000FRV
R72 11501 0017,15750,28860,44610,12850,33210,46060,51000FRV
R72 11501 0018,10500,29750,40250,8420,4960,13380,51000FRV
R72 11501 0021,4200,0,4200,3390,0,3390,51000FRV
R72 11501 0022,10500,36600,47100,8420,21000,29420,51000FRV
R72 11501 0023,10500,31420,41920,8420,38600,47020,51000FRV
R72 11501 0024,10500,31850,42350,8420,16450,24870,51000FRV
R72 11501 0025,6120,26580,32700,8420,28700,37120,51000FRV
R72 11501 0026,10500,24210,34710,8420,16370,24790,51000FRV
R72 11501 0027,10500,16070,26570,8420,14560,22980,51000FRV
R72 11501 0028,10500,27290,37790,8420,2160,10580,51000FRV
R72 11501 0029,10500,33460,43960,8420,21570,29990,51000FRV
R72 11501 0030,10500,22370,32870,8420,2020,10440,51000FRV
R72 11501 0031,5250,0,5250,3810,0,3810,51000FRV
R72 11501 0032,10500,31640,42140,8420,22110,30530,51000FRV
R72 11501 0033,11030,31450,42480,8860,38160,47020,51000FRV
R72 11501 0035,8590,32210,40800,6900,20030,26930,51000FRV
R72 11501 0036,7770,24340,32110,6240,16470,22710,51000FRV
R72 11501 0037,11300,26910,38210,9260,6520,15780,51000FRV
R72 11501 0039,11300,30200,41500,9260,30550,39810,51000FRV
R72 11501 0040,11000,33790,44790,8780,22580,31360,51000FRV
R72 11501 0041,12500,26910,39410,9980,27230,37210,51000FRV
R72 11501 0043,11250,23170,34420,8980,23390,32370,51000FRV
R72 11501 0047,10500,34840,45340,8420,38710,47130,51000FRV
R72 11501 0048,10500,27170,37670,8420,29790,38210,51000FRV
R72 11501 0049,10500,37630,48130,4230,0,4230,51000FRV
R72 11501 0050,10500,26610,37110,8420,18600,27020,51000FRV
R72 11501 0051,10500,26350,36850,8420,20960,29380,51000FRV
R72 11501 0052,10500,29860,40360,8420,4510,12930,51000FRV
R72 11501 0056,15750,22140,37890,12850,24550,37400,51000FRV
R72 11501 0058,5250,0,5250,3810,0,3810,51000FRV
R72 11501 0059,10500,37540,48040,8420,28120,36540,51000FRV
R72 11501 0060,6120,26580,32700,8420,28270,36690,51000FRV
R72 11501 0063,10500,30480,40980,8420,38570,46990,51000FRV
R72 11501 0064,10500,40980,51480,8420,38930,47350,51000FRV
R72 11501 0065,10500,39490,49990,8420,6930,15350,51000FRV
R72 11501 0067,11040,21960,33000,8420,28780,37200,51000FRV
R72 11501 0068,10500,38350,48850,8420,30640,39060,51000FRV
R72 11501 0069,10500,24490,34990,8420,42490,50910,51000FRV
R72 11501 0070,11040,21960,33000,8420,28780,37200,51000FRV
R72 11501 0071,10500,33120,43620,8420,37970,46390,51000FRV
R72 11501 0072,10500,21580,32080,8420,3820,12240,51000FRV
R72 11501 0073,10500,14990,25490,8420,54760,63180,51000FRV
R72 11501 0074,10500,24230,34730,8420,26260,34680,51000FRV
R72 11502 0001,9780,28330,38110,7850,39220,47070,51000FRV
R72 11502 0002,9600,28220,37820,7680,29860,37540,51000FRV
R72 11502 0006,16270,29200,45470,17990,26640,44630,51000FRV
R72 11502 0007,16140,27370,43510,12930,5240,18170,51000FRV
R72 11502 0008,9480,36840,46320,7590,0,7590,51000FRV
R72 11502 0011,9880,31670,41550,7880,26490,34370,51000FRV
R72 11502 0014,10500,20780,31280,8380,13380,21760,51000FRV
R72 11502 0017,10000,27230,37230,7980,31790,39770,51000FRV
R72 11502 0023,7900,37530,45430,3280,0,3280,51000FRV
R72 11502 0025,9880,28440,38320,3980,0,3980,51000FRV
R72 11502 0026,10000,29020,39020,8020,26610,34630,51000FRV
R72 11502 0027,11300,23370,34670,9260,62150,71410,51000FRV
R72 11502 0028,11900,27940,39840,10270,62500,72770,51000FRV
R72 11502 0029,21230,41970,63200,17730,57190,74920,51000FRV
R72 11502 0031,7820,19760,27580,6470,40120,46590,51000FRV
R72 11502 0034,10500,28730,39230,8420,35050,43470,51000FRV
R72 11502 0035,10500,21780,32280,8420,21830,30250,51000FRV
R72 11502 0036,10500,18260,28760,8420,23600,32020,51000FRV
R72 11502 0037,10500,19350,29850,8420,14570,22990,51000FRV
R72 11502 0038,10500,35840,46340,8420,16680,25100,51000FRV
R72 11502 0040,10500,24210,34710,8420,5130,13550,51000FRV
R72 11502 0041,10500,16740,27240,8420,37110,45530,51000FRV
R72 11502 0053,10500,30740,41240,8420,60870,69290,51000FRV
R72 11502 0054,11040,21960,33000,8420,28780,37200,51000FRV
R72 11502 0056,10600,22650,33250,8550,19580,28130,51000FRV
R72 11502 0057,10500,25970,36470,8420,19020,27440,51000FRV
R72 11502 0058,10500,27300,37800,8420,24560,32980,51000FRV
R72 11502 0059,5250,0,5250,3810,0,3810,51000FRV
R72 11502 0060,6120,26580,32700,8420,28240,36660,51000FRV
R72 11502 0061,10500,45010,55510,8420,33120,41540,51000FRV
R72 11502 0062,10500,27280,37780,8420,34030,42450,51000FRV
R72 11502 0063,12080,34140,46220,9750,32470,42220,51000FRV
R72 11502 0065,14180,31300,45480,11520,26150,37670,51000FRV
R72 11502 0068,10500,0,10500,4230,0,4230,51000FRV
R72 11502 0069,10500,23090,33590,8420,23920,32340,51000FRV
R72 11502 0070,10500,23580,34080,8420,21220,29640,51000FRV
R72 11502 0071,10500,28170,38670,8420,18520,26940,51000FRV
R72 11502 0072,10500,29080,39580,8420,22440,30860,51000FRV
R72 11502 0073,10500,30590,41090,8420,25710,34130,51000FRV
R72 11502 0074,10500,32690,43190,8420,33680,42100,51000FRV
R72 11502 0075,10500,41370,51870,8420,39120,47540,51000FRV
R72 11502 0076,10500,40210,50710,8420,39270,47690,51000FRV
R72 11502 0077,10890,30450,41340,8750,33530,42280,51000FRV
R72 11502 0078,10400,25850,36250,8350,38900,47250,51000FRV
R72 11502 0080,11040,21960,33000,8420,29180,37600,51000FRV
R72 11502 0081,10500,21000,31500,8420,28490,36910,51000FRV
R72 11502 0082,10500,31160,41660,8420,24470,32890,51000FRV
R72 11502 0084,11040,21960,33000,8420,27800,36220,51000FRV
R72 11502 0085,10500,16270,26770,8420,15400,23820,51000FRV
R72 11502 0086,10500,27930,38430,8420,30640,39060,51000FRV
R72 11502 0087,10500,32630,43130,8420,25960,34380,51000FRV
R72 11502 0088,10500,32210,42710,8420,17760,26180,51000FRV
R72 11502 0089,5250,0,5250,3810,0,3810,51000FRV
R72 11502 0090,11040,21960,33000,8420,29390,37810,51000FRV
R72 11502 0091,10500,23880,34380,8420,16430,24850,51000FRV
R72 11502 0092,10500,29230,39730,8420,20860,29280,51000FRV
R72 11502 0093,10500,27100,37600,8420,19330,27750,51000FRV
R72 11502 0094,10500,24490,34990,8420,10230,18650,51000FRV
R72 11502 0095,9280,26530,35810,7420,17450,24870,51000FRV
R72 11502 0099,!,!,!
R72 11502 0101,7200,26580,33780,9200,27600,36800,51000FRV
R72 11502 0102,8160,26580,34740,12000,25410,37410,51000FRV
R72 11503 0001,12250,40590,52840,8820,40290,49110,52000DVT
R72 11503 0002,11880,40380,52260,8520,32110,40630,52000DVT
R72 11503 0003,11880,34910,46790,8520,31360,39880,52000DVT
R72 11503 0004,11880,34750,46630,8520,38170,46690,52000DVT
R72 11503 0005,11880,45210,57090,8520,37160,45680,52000DVT
R72 11503 0006,11880,27790,39670,8520,31790,40310,52000DVT
R72 11503 0007,11880,42830,54710,8520,34880,43400,52000DVT
R72 11503 0008,11880,40990,52870,8520,38310,46830,52000DVT
R72 11503 0009,12250,35740,47990,8820,34550,43370,52000DVT
R72 11503 0010,12250,41640,53890,8820,34930,43750,52000DVT
R72 11503 0011,11880,42760,54640,8520,39570,48090,52000DVT
R72 11503 0012,11880,38860,50740,8520,35560,44080,52000DVT
R72 11503 0013,11880,35700,47580,8520,36620,45140,52000DVT
R72 11503 0014,11880,42270,54150,8520,45530,54050,52000DVT
R72 11503 0015,11880,41750,53630,8520,38250,46770,52000DVT
R72 11503 0016,11880,36550,48430,8520,47860,56380,52000DVT
R72 11503 0017,11880,33290,45170,8520,40350,48870,52000DVT
R72 11503 0018,2020,0,2020,1390,0,1390,52000DVT
R72 11503 0019,11500,39940,51440,8220,38950,47170,52000DVT
R72 11503 0020,11750,36290,48040,8420,64120,72540,52000FRV
R72 11503 0022,11250,21660,32910,8020,44720,52740,52000FRV
R72 11503 0023,11500,27570,39070,8220,24200,32420,52000FRV
R72 11503 0024,4380,0,4380,2750,0,2750,52000FRV
R72 11503 0025,11750,29040,40790,8390,40700,49090,52000FRV
R72 11503 0026,12790,28970,41760,9120,48930,58050,52000FRV
R72 11503 0027,5000,0,5000,3240,0,3240,52000FRV
R72 11503 0028,18260,52640,70900,10120,41850,51970,52000FRV
R72 11503 0029,13350,43980,57330,8470,49270,57740,52000FRV
R72 11503 0030,13000,47450,60450,8350,42740,51090,52000FRV
R72 11503 0031,14880,69350,84230,8980,48560,57540,52000FRV
R72 11503 0032,16380,53140,69520,9490,47160,56650,52000FRV
R72 11503 0033,12750,49020,61770,8270,42220,50490,52000FRV
R72 11503 0035,12750,46020,58770,9280,46810,56090,52000FRV
R72 11503 0036,11040,24080,35120,7850,54220,62070,52000FRV
R72 11503 0038,12620,38310,50930,9130,40930,50060,52000DVT
R72 11503 0039,15510,54650,70160,10910,55220,66130,52000DVT
R72 11503 0040,12440,38560,51000,8870,49870,58740,52000DVT
R72 11503 0041,20620,55920,76540,11360,8540,19900,52000DVT
R72 11503 0043,5250,0,5250,3360,0,3360,52000DVT
R72 11503 0044,12380,38580,50960,8900,44370,53270,52000DVT
R72 11503 0045,14630,40210,54840,8900,32130,41030,52000DVT
R72 11503 0046,16380,44690,61070,9490,43080,52570,52000DVT
R72 11503 0047,13640,57750,71390,9930,76260,86190,52000DVT
R72 11503 0048,12630,38660,51290,9150,42950,52100,52000DVT
R72 11503 0049,12750,47660,60410,9190,54510,63700,52000DVT
R72 11503 0050,6380,0,6380,4160,0,4160,52000DVT
R72 11503 0051,14280,35440,49720,10440,41890,52330,52000DVT
R72 11503 0054,4330,0,4330,3020,4070,7090,52000FRV
R72 11503 0055,960,0,960,960,0,960,52000FRV
R72 11503 0056,12130,29940,42070,8720,45370,54090,52000FRV
R72 11504 0030,12380,37070,49450,8940,41800,50740,52000DVT
R72 11504 0031,12380,40930,53310,8940,46370,55310,52000DVT
R72 11504 0032,12380,44710,57090,8940,48530,57470,52000DVT
R72 11504 0033,12380,42170,54550,8940,50840,59780,52000DVT
R72 11504 0035,12380,39800,52180,8940,47060,56000,52000DVT
R72 11504 0036,12380,46510,58890,8940,75880,84820,52000DVT
R72 11504 0037,12380,39500,51880,8940,51880,60820,52000DVT
R72 11504 0038,12380,54410,66790,8900,54150,63050,52000DVT
R72 11504 0039,12380,50970,63350,8900,57650,66550,52000DVT
R72 11504 0040,12380,96900,109280,8900,85440,94340,52000DVT
R72 11504 0041,6130,0,6130,4010,0,4010,52000DVT
R72 11504 0042,17080,39860,56940,12630,48450,61080,52000DVT
R72 11504 0045,12250,52370,64620,8810,64300,73110,52000DVT
R72 11504 0047,21380,52200,73580,17280,41460,58740,61000DVT
R72 11504 0049,12380,43460,55840,9940,41130,51070,61000DVT
R72 11504 0050,15710,46080,61790,12720,45710,58430,61000DVT
R72 11504 0056,820,0,820,670,0,670,61000DVT
R72 11504 0059,1890,0,1890,1300,0,1300,52000DVT
R72 11505 0006,11880,37180,49060,6330,46130,52460,52000COL
R72 11505 0007,11880,25810,37690,6330,25440,31770,52000COL
R72 11505 0008,11880,27310,39190,6330,35660,41990,52000COL
R72 11505 0009,5930,0,5930,2870,0,2870,52000COL
R72 11505 0010,11750,44580,56330,6240,8620,14860,52000COL
R72 11505 0011,5930,0,5930,2870,0,2870,52000COL
R72 11505 0012,19440,30790,50230,11270,33830,45100,52000COL
R72 11505 0015,12690,53550,66240,6860,31540,38400,52000COL
R72 11505 0017,13500,48490,61990,7390,56410,63800,52000COL
R72 11505 0019,13500,45290,58790,7390,28890,36280,52000COL
R72 11505 0021,10130,49040,59170,5180,46180,51360,52000COL
R72 11505 0023,13500,55630,69130,7390,41500,48890,52000COL
R72 11505 0025,25380,34470,59850,6900,0,6900,52000COL
R72 11505 0027,22520,7230,29750,19680,26140,45820,61000COL
R72 11505 0029,24440,59100,83540,21610,69840,91450,61000COL
R72 11505 0030,10590,0,10590,8320,0,8320,61000COL
R72 11505 0031,13940,46480,60420,11490,51350,62840,61000COL
R72 11506 0001,16340,114000,130340,12110,111470,123580,52000DVT
R72 11506 0002,12380,48890,61270,8940,52980,61920,52000DVT
R72 11506 0003,15240,66030,81270,12350,81640,93990,61000DVT
R72 11506 0004,14310,55050,69360,11540,46790,58330,61000DVT
R72 11506 0005,13120,55170,68290,10480,107360,117840,61000DVT
R72 11506 0006,12990,58470,71460,10440,86330,96770,61000DVT
R72 11506 0007,13120,66390,79510,10480,65530,76010,61000DVT
R72 11506 0008,13520,69620,83140,10910,50440,61350,61000DVT
R72 11506 0009,13780,62000,75780,11100,62180,73280,61000DVT
R72 11506 0010,6500,0,6500,4730,0,4730,61000DVT
R72 11506 0011,26780,42390,69170,21540,56450,77990,61000DVT
R72 11506 0013,15110,54130,69240,12280,53850,66130,61000DVT
R72 11506 0014,13130,48720,61850,10570,53600,64170,61000DVT
R72 11506 0015,12990,52210,65200,10390,56160,66550,61000DVT
R72 11506 0016,12990,64510,77500,10390,60340,70730,61000DVT
R72 11506 0017,14040,51750,65790,11360,58320,69680,61000DVT
R72 11506 0018,15170,57130,72300,12230,49030,61260,61000DVT
R72 11506 0019,27450,89910,117360,22100,82300,104400,61000DVT
R72 11506 0021,13000,80390,93390,10410,81880,92290,61000DVT
R72 11506 0022,12620,58170,70790,10100,44540,54640,61000DVT
R72 11506 0023,12990,52570,65560,10380,64800,75180,61000DVT
R72 11506 0024,12960,79680,92640,10390,74190,84580,61000DVT
R72 11506 0025,14250,71090,85340,11430,67650,79080,61000DVT
R72 11506 0026,12750,18060,30810,10230,41550,51780,61000DVT
R72 11506 0027,12880,59400,72280,10360,58150,68510,61000DVT
R72 11506 0028,22840,50210,73050,19010,56300,75310,61000DVT
R72 11506 0031,16960,49240,66200,14750,44930,59680,61000DVT
R72 11506 0032,15810,59050,74860,13060,56170,69230,61000DVT
R72 11506 0033,16590,69780,86370,13560,68220,81780,61000DVT
R72 11506 0034,15990,54530,70520,12950,51890,64840,61000DVT
R72 11506 0035,13000,57810,70810,10440,42700,53140,61000DVT
R72 11506 0036,13000,52890,65890,10440,38350,48790,61000DVT
R72 11506 0037,13000,41900,54900,10440,42310,52750,61000DVT
R72 11506 0038,13000,41240,54240,10440,39050,49490,61000DVT
R72 11506 0039,13000,43340,56340,10440,44010,54450,61000DVT
R72 11506 0040,13000,46800,59800,10440,41700,52140,61000DVT
R72 11506 0041,12880,52890,65770,10310,50950,61260,61000DVT
R72 11506 0042,14040,58880,72920,11360,55300,66660,61000DVT
R72 11507 0001,14310,61520,75830,11610,61030,72640,61000DVT
R72 11507 0002,13380,44970,58350,10780,42890,53670,61000DVT
R72 11507 0003,13500,67670,81170,10860,49450,60310,61000DVT
R72 11507 0004,13500,44310,57810,10860,43440,54300,61000DVT
R72 11507 0005,13500,50330,63830,10860,52860,63720,61000DVT
R72 11507 0006,13380,44040,57420,10780,42370,53150,61000DVT
R72 11507 0007,15780,101590,117370,12810,58760,71570,61000DVT
R72 11507 0008,15520,50720,66240,13170,45140,58310,61000DVT
R72 11507 0009,14570,57150,71720,11910,44780,56690,61000DVT
R72 11507 0010,14720,76590,91310,11900,65030,76930,61000DVT
R72 11507 0011,15260,82520,97780,12540,60150,72690,61000DVT
R72 11507 0012,12750,49480,62230,10190,47030,57220,61000DVT
R72 11507 0013,13000,47650,60650,10420,41420,51840,61000DVT
R72 11507 0014,13910,42330,56240,11190,62820,74010,61000DVT
R72 11507 0015,13260,59190,72450,10630,60350,70980,61000DVT
R72 11507 0016,6750,0,6750,4930,0,4930,61000DVT
R72 11507 0017,6810,0,6810,4970,0,4970,61000DVT
R72 11507 0018,13750,62430,76180,11110,56150,67260,61000DVT
R72 11507 0019,13750,21980,35730,11110,81540,92650,61000DVT
R72 11507 0020,6810,0,6810,4950,0,4950,61000DVT
R72 11507 0021,13750,71710,85460,11150,74370,85520,61000DVT
R72 11507 0022,11600,30260,41860,6840,33140,39980,51000DVT
R72 11507 0023,5800,0,5800,3090,0,3090,51000DVT
R72 11507 0024,11600,39220,50820,6840,26800,33640,51000DVT
R72 11507 0025,13050,40110,53160,7860,33330,41190,51000DVT
R72 11507 0027,5070,0,5070,2640,0,2640,51000DVT
R72 11507 0028,11600,55150,66750,6390,0,6390,51000DVT
R72 11507 0030,11600,39380,50980,6840,40520,47360,51000DVT
R72 11507 0031,11890,53690,65580,7050,32730,39780,51000DVT
R72 11507 0033,22020,37530,59550,13020,4310,17330,51000DVT
R72 11507 0036,10140,21280,31420,5700,23770,29470,51000DVT
R72 11507 0037,11040,21960,33000,5900,31930,37830,51000DVT
R72 11507 0038,10500,37510,48010,2970,0,2970,51000DVT
R72 11507 0039,5280,40450,45730,5900,16370,22270,51000DVT
R72 11507 0040,10500,35510,46010,5900,30970,36870,51000DVT
R72 11507 0044,3670,0,3670,1950,0,1950,51000DVT
R72 11507 0045,8600,41680,50280,4840,13250,18090,51000DVT
R72 11507 0046,1850,0,1850,170,0,170,51000DVT
R72 11507 0047,5250,0,5250,2670,0,2670,51000DVT
R72 11507 0048,5250,0,5250,2670,0,2670,51000DVT
R72 11507 0049,10500,36160,46660,5900,24210,30110,51000DVT
R72 11507 0050,10500,35530,46030,5900,28720,34620,51000DVT
R72 11507 0051,10500,20160,30660,5900,28560,34460,51000DVT
R72 11507 0052,10500,33430,43930,5900,27210,33110,51000DVT
R72 11507 0053,10500,19930,30430,5900,35870,41770,51000DVT
R72 11507 0055,0,0,0,0,0,0,51000DVT
R72 11508 0002,11810,15620,27430,8420,2980,11400,52000FRV
R72 11508 0003,11810,26600,38410,8420,39830,48250,52000FRV
R72 11508 0004,11810,42700,54510,8420,43320,51740,52000FRV
R72 11508 0005,11810,43520,55330,8420,41910,50330,52000FRV
R72 11508 0006,22160,20840,43000,15760,33800,49560,52000FRV
R72 11508 0008,4650,4510,9160,3050,0,3050,52000FRV
R72 11508 0009,10900,32780,43680,7730,44240,51970,52000FRV
R72 11508 0010,10910,21510,32420,7750,30890,38640,52000FRV
R72 11508 0011,11810,18110,29920,8420,8920,17340,52000FRV
R72 11508 0012,11810,31800,43610,8420,44670,53090,52000FRV
R72 11508 0017,10500,22510,33010,8420,25160,33580,51000FRV
R72 11508 0018,11810,41480,53290,8420,51380,59800,52000FRV
R72 11508 0019,11810,13230,25040,8420,41540,49960,52000FRV
R72 11508 0020,11810,19630,31440,8420,46460,54880,52000FRV
R72 11508 0022,11040,21960,33000,8420,30670,39090,52000FRV
R72 11508 0025,4220,0,4220,2740,0,2740,52000FRV
R72 11508 0026,10010,64090,74100,7140,4120,11260,52000FRV
R72 11508 0027,23100,56680,79780,22180,60480,82660,C7000000
R72 11508 0031,10760,29020,39780,6050,35870,41920,51000DVT
R72 11508 0032,10760,30890,41650,6050,30470,36520,51000DVT
R72 11508 0034,10760,9240,20000,6050,19770,25820,51000DVT
R72 11508 0035,10760,34110,44870,6050,7850,13900,51000DVT
R72 11508 0036,10760,47050,57810,6050,45160,51210,51000DVT
R72 11508 0037,10760,30870,41630,6050,10290,16340,51000DVT
R72 11508 0038,10760,31300,42060,6050,42580,48630,51000DVT
R72 11508 0049,13130,27750,40880,7460,24290,31750,51000DVT
R72 11508 0051,10500,34200,44700,5900,33400,39300,51000DVT
R72 11508 0053,5250,0,5250,2670,0,2670,51000DVT
R72 11508 0055,10500,30820,41320,5900,5400,11300,51000DVT
R72 11508 0056,10500,27910,38410,5900,20070,25970,51000DVT
R72 11508 0057,10500,12690,23190,5900,42490,48390,51000DVT
R72 11508 0058,10500,33740,44240,5900,32420,38320,51000DVT
R72 11508 0059,10500,36120,46620,5900,33130,39030,51000DVT
R72 11508 0060,14840,31750,46590,8370,24160,32530,51000DVT
R72 11508 0061,10500,34810,45310,5900,29040,34940,51000DVT
R72 11508 0063,5250,0,5250,2670,0,2670,51000DVT
R72 11508 0064,10500,32720,43220,5900,26200,32100,51000DVT
R72 11508 0066,10500,31800,42300,5900,24120,30020,51000DVT
R72 11508 0068,9900,32170,42070,5570,43610,49180,51000DVT
R72 11508 0069,8300,20450,28750,4720,15200,19920,51000DVT
R72 11508 0070,3010,0,3010,1750,0,1750,51000DVT
R72 11508 0074,10500,21330,31830,5900,26410,32310,51000DVT
R72 11508 0080,4800,0,4800,3360,0,3360,51000DVT
R72 11509 0002,10500,27190,37690,8420,17900,26320,51000FRV
R72 11509 0004,10500,21610,32110,8420,22860,31280,51000FRV
R72 11509 0006,13130,32260,45390,10640,37210,47850,51000FRV
R72 11509 0008,13130,57750,70880,10640,63560,74200,51000FRV
R72 11509 0010,5250,0,5250,3810,0,3810,51000FRV
R72 11509 0011,10500,26240,36740,8420,52700,61120,51000FRV
R72 11509 0012,6570,0,6570,4810,0,4810,51000FRV
R72 11509 0014,13130,23010,36140,10640,6180,16820,51000FRV
R72 11509 0018,10500,29720,40220,8420,3590,12010,51000FRV
R72 11509 0019,9700,28030,37730,7750,33820,41570,51000FRV
R72 11509 0020,9900,25200,35100,7810,1900,9710,51000FRV
R72 11509 0024,10500,30770,41270,8420,38180,46600,51000FRV
R72 11509 0025,6120,26580,32700,8420,28240,36660,51000FRV
R72 11509 0026,6120,26580,32700,8420,28700,37120,51000FRV
R72 11509 0027,10760,32560,43320,8640,36530,45170,51000FRV
R72 11509 0028,10700,2330,13030,8620,2400,11020,51000FRV
R72 11509 0029,10500,27350,37850,8420,21140,29560,51000FRV
R72 11509 0030,10500,25290,35790,8420,38550,46970,51000FRV
R72 11509 0031,10500,20480,30980,8420,24490,32910,51000FRV
R72 11509 0032,10500,0,10500,4230,0,4230,51000FRV
R72 11509 0034,6120,22400,28520,8420,28430,36850,51000FRV
R72 11509 0036,6430,27560,33990,8640,28550,37190,51000FRV
R72 11509 0038,6120,22400,28520,8420,28430,36850,51000FRV
R72 11509 0039,6120,26580,32700,8420,29100,37520,51000FRV
R72 11509 0040,6120,27040,33160,8420,28490,36910,51000FRV
R72 11509 0042,10500,21660,32160,8420,18900,27320,51000FRV
R72 11509 0043,10500,39490,49990,8420,38540,46960,51000FRV
R72 11509 0044,10500,18340,28840,8420,14430,22850,51000FRV
R72 11509 0045,4800,0,4800,3480,0,3480,51000FRV
R72 11509 0046,9460,28470,37930,7490,25560,33050,51000FRV
R72 11509 0049,10500,22650,33150,8420,38580,47000,51000FRV
R72 11509 0054,3450,0,3450,2650,0,2650,51000FRV
R72 11509 0065,6430,27560,33990,8640,28550,37190,51000FRV
R72 11509 0066,6450,5190,11640,3890,0,3890,51000FRV
R72 11509 0068,10760,11830,22590,6050,35350,41400,51000DVT
R72 11509 0069,10760,15620,26380,6050,32490,38540,51000DVT
R72 11509 0070,6430,27560,33990,8640,28550,37190,51000FRV
R72 11509 0071,2880,0,2880,1620,0,1620,51000DVT
R72 11509 0072,7900,34300,42200,4550,36710,41260,51000DVT
R72 11509 0073,9900,18350,28250,5550,13200,18750,51000DVT
R72 11509 0074,10500,23240,33740,5900,11810,17710,51000DVT
R72 11509 0081,11040,21960,33000,8390,28750,37140,51000FRV
R72 11509 0083,6120,26580,32700,12000,25670,37670,51000FRV
R72 11601 0003,10760,49440,60200,6050,43780,49830,51000DVT
R72 11601 0004,10460,33080,43540,5860,44830,50690,51000DVT
R72 11601 0014,10500,24200,34700,5900,26950,32850,51000DVT
R72 11601 0015,10500,35900,46400,5900,38040,43940,51000DVT
R72 11601 0016,10500,39490,49990,5900,40900,46800,51000DVT
R72 11601 0017,9580,37380,46960,5350,23470,28820,51000DVT
R72 11601 0018,14670,42830,57500,11720,64850,76570,61000DVT
R72 11601 0019,12750,38080,50830,10220,33510,43730,61000DVT
R72 11601 0020,13250,39070,52320,10610,26010,36620,61000DVT
R72 11601 0021,14850,44740,59590,12040,26770,38810,61000DVT
R72 11601 0022,10110,36610,46720,5670,35080,40750,51000DVT
R72 11601 0024,10110,38840,48950,5670,37080,42750,51000DVT
R72 11601 0025,10500,32020,42520,5900,23110,29010,51000DVT
R72 11601 0026,10500,30070,40570,5900,32260,38160,51000DVT
R72 11601 0027,10500,31400,41900,5900,7160,13060,51000DVT
R72 11601 0028,10500,52730,63230,5900,24850,30750,51000DVT
R72 11601 0029,9800,31570,41370,5470,5970,11440,51000DVT
R72 11601 0030,10800,30920,41720,2980,0,2980,51000DVT
R72 11601 0031,7490,2120,9610,3840,0,3840,51000DVT
R72 11601 0033,10500,7050,17550,2670,0,2670,51000DVT
R72 11601 0034,10500,16230,26730,2670,0,2670,51000DVT
R72 11601 0036,10500,64300,74800,2970,0,2970,51000DVT
R72 11601 0037,10500,64300,74800,5900,42980,48880,51000DVT
R72 11601 0038,10500,45970,56470,5900,40390,46290,51000DVT
R72 11601 0039,10240,31180,41420,5740,43930,49670,51000DVT
R72 11601 0040,12730,35490,48220,7220,33720,40940,51000DVT
R72 11601 0043,12990,38460,51450,7380,29510,36890,51000DVT
R72 11601 0045,7690,0,7690,5640,0,5640,61000DVT
R72 11601 0046,13380,50680,64060,10780,31150,41930,61000DVT
R72 11601 0047,20790,8170,28960,16190,30390,46580,61000DVT
R72 11602 0001,10500,30420,40920,5900,24610,30510,51000DVT
R72 11602 0002,10500,43190,53690,5900,45210,51110,51000DVT
R72 11602 0004,10500,22880,33380,5900,22850,28750,51000DVT
R72 11602 0005,10500,27240,37740,2970,0,2970,51000DVT
R72 11602 0006,10500,33600,44100,6500,0,6500,51000DVT
R72 11602 0008,10760,40080,50840,6050,38490,44540,51000DVT
R72 11602 0011,10500,32980,43480,5900,8900,14800,51000DVT
R72 11602 0013,9980,37650,47630,5590,24290,29880,51000DVT
R72 11602 0014,14960,53820,68780,12370,53120,65490,61000DVT
R72 11602 0015,15680,52860,68540,13040,70280,83320,61000DVT
R72 11602 0016,10240,35170,45410,5740,1220,6960,51000DVT
R72 11602 0017,10500,32850,43350,5900,35050,40950,51000DVT
R72 11602 0018,10500,29040,39540,5900,32990,38890,51000DVT
R72 11602 0019,10500,27280,37780,5900,41940,47840,51000DVT
R72 11602 0020,10500,24870,35370,5900,30300,36200,51000DVT
R72 11602 0021,10500,32110,42610,5900,43140,49040,51000DVT
R72 11602 0022,10500,21870,32370,5900,30140,36040,51000DVT
R72 11602 0024,10500,41400,51900,2970,0,2970,51000DVT
R72 11602 0027,10500,26780,37280,5900,28270,34170,51000DVT
R72 11602 0028,10110,40060,50170,2860,0,2860,51000DVT
R72 11602 0030,10500,57330,67830,5900,43850,49750,51000DVT
R72 11602 0031,10500,37210,47710,5900,30470,36370,51000DVT
R72 11602 0032,10500,37240,47740,5900,34350,40250,51000DVT
R72 11602 0033,10500,42760,53260,5900,40180,46080,51000DVT
R72 11602 0034,5250,0,5250,2670,0,2670,51000DVT
R72 11602 0036,10500,43780,54280,5900,44820,50720,51000DVT
R72 11602 0037,10500,33970,44470,5900,28570,34470,51000DVT
R72 11602 0039,10500,26970,37470,5900,28760,34660,51000DVT
R72 11602 0040,15250,46670,61920,12640,53480,66120,61000DVT
R72 11602 0041,16930,52720,69650,11500,108590,120090,61000DVT
R72 11602 0042,13380,46580,59960,10780,48900,59680,61000DVT
R72 11602 0043,13380,59240,72620,10730,45720,56450,61000DVT
R72 11602 0044,14950,47130,62080,12080,56120,68200,61000DVT
R72 11602 0045,13980,49130,63110,11170,59880,71050,61000DVT
R72 11602 0046,12250,48240,60490,9810,41940,51750,61000DVT
R72 11602 0047,18520,48590,67110,14820,43080,57900,61000DVT
R72 11602 0048,10630,32230,42860,6580,31110,37690,51000DVT
R72 11602 0049,10500,28420,38920,5900,29620,35520,51000DVT
R72 11602 0050,10500,31280,41780,5900,29810,35710,51000DVT
R72 11602 0051,10500,41370,51870,5900,38100,44000,51000DVT
R72 11602 0052,10500,31680,42180,5900,36940,42840,51000DVT
R72 11602 0053,10500,35320,45820,5900,30450,36350,51000DVT
R72 11602 0054,10500,35360,45860,5900,44150,50050,51000DVT
R72 11602 0055,10500,23250,33750,5900,25600,31500,51000DVT
R72 11602 0056,10500,39030,49530,5900,14390,20290,51000DVT
R72 11602 0057,10500,9960,20460,5900,42210,48110,51000DVT
R72 11602 0058,10500,31390,41890,5900,25970,31870,51000DVT
R72 11602 0059,10500,41990,52490,5900,21460,27360,51000DVT
R72 11602 0060,1200,0,1200,810,0,810,51000DVT
R72 11603 0001,13420,59610,73030,10640,52180,62820,61000DVT
R72 11603 0002,12130,59610,71740,9680,57920,67600,61000DVT
R72 11603 0003,12250,65280,77530,9810,54090,63900,61000DVT
R72 11603 0004,15280,95480,110760,12190,85000,97190,61000DVT
R72 11603 0005,13780,104980,118760,11100,92340,103440,61000DVT
R72 11603 0006,6630,0,6630,4800,0,4800,61000DVT
R72 11603 0007,13380,68870,82250,10780,79870,90650,61000DVT
R72 11603 0008,7230,0,7230,5280,0,5280,61000DVT
R72 11603 0009,13910,63000,76910,11220,110300,121520,61000DVT
R72 11603 0010,6630,0,6630,4840,0,4840,61000DVT
R72 11603 0011,13380,73760,87140,10780,72870,83650,61000DVT
R72 11603 0012,14180,65640,79820,11400,64720,76120,61000DVT
R72 11603 0013,18200,33730,51930,14730,49930,64660,61000DVT
R72 11603 0014,13130,61550,74680,10520,48250,58770,61000DVT
R72 11603 0015,13000,76920,89920,10400,56850,67250,61000DVT
R72 11603 0016,12880,47210,60090,10310,47010,57320,61000DVT
R72 11603 0017,6380,0,6380,4650,0,4650,61000DVT
R72 11603 0018,12750,42830,55580,10230,50510,60740,61000DVT
R72 11603 0019,12250,70510,82760,9810,60200,70010,61000DVT
R72 11603 0020,6130,0,6130,4460,0,4460,61000DVT
R72 11603 0021,11600,34620,46220,6840,33590,40430,51000DVT
R72 11603 0022,11600,37850,49450,6840,73260,80100,51000DVT
R72 11603 0023,11400,22420,33820,9430,21280,30710,51000DVT
R72 11603 0024,11400,28960,40360,6610,27710,34320,51000DVT
R72 11603 0025,11400,27240,38640,6610,28290,34900,51000DVT
R72 11603 0026,11400,36190,47590,6610,28870,35480,51000DVT
R72 11603 0027,11400,20190,31590,6610,27830,34440,51000DVT
R72 11603 0028,11400,67040,78440,6610,63390,70000,51000DVT
R72 11603 0029,12110,6980,19090,1070,0,1070,51000DVT
R72 11603 0030,15550,52540,68090,11930,49540,61470,61000DVT
R72 11603 0031,14790,26760,41550,11570,37190,48760,61000DVT
R72 11603 0032,14090,76700,90790,11200,77800,89000,61000DVT
R72 11603 0033,12500,58090,70590,10060,51680,61740,61000DVT
R72 11603 0034,10890,28430,39320,6130,30040,36170,51000DVT
R72 11603 0035,10500,38800,49300,5900,43370,49270,51000DVT
R72 11603 0038,10500,47880,58380,5900,54250,60150,51000DVT
R72 11603 0039,10500,35700,46200,8420,12470,20890,51000DVT
R72 11603 0040,10500,30640,41140,5900,38320,44220,51000DVT
R72 11604 0001,15820,63470,79290,13130,66110,79240,61000DVT
R72 11604 0002,14570,56810,71380,11960,71320,83280,61000DVT
R72 11604 0003,7220,0,7220,5280,0,5280,61000DVT
R72 11604 0004,15900,71110,87010,12920,75880,88800,61000DVT
R72 11604 0005,12500,51730,64230,9980,47400,57380,61000DVT
R72 11604 0006,12630,55860,68490,10120,47790,57910,61000DVT
R72 11604 0007,17500,86050,103550,14050,61590,75640,61000DVT
R72 11604 0008,3730,0,3730,2720,0,2720,61000DVT
R72 11604 0009,12380,64170,76550,9940,60490,70430,61000DVT
R72 11604 0010,12380,41540,53920,9890,53280,63170,61000DVT
R72 11604 0011,12250,58470,70720,9810,56960,66770,61000DVT
R72 11604 0012,12130,45120,57250,9730,54000,63730,61000DVT
R72 11604 0013,6130,0,6130,4460,0,4460,61000DVT
R72 11604 0014,12380,48780,61160,9890,59280,69170,61000DVT
R72 11604 0015,12380,71880,84260,9940,71340,81280,61000DVT
R72 11604 0016,12380,71130,83510,9940,75900,85840,61000DVT
R72 11604 0017,12500,49720,62220,9980,36140,46120,61000DVT
R72 11604 0018,12500,85080,97580,10020,62370,72390,61000DVT
R72 11604 0019,12500,69540,82040,10060,56310,66370,61000DVT
R72 11604 0020,6100,460,6560,5490,600,6090,C7000000
R72 11604 0021,14130,41270,55400,11490,37730,49220,61000DVT
R72 11604 0022,14000,58950,72950,11360,68700,80060,61000DVT
R72 11604 0023,13880,59140,73020,11240,0,11240,61000DVT
R72 11604 0024,13750,58950,72700,11070,54310,65380,61000DVT
R72 11604 0025,13500,71960,85460,10900,62840,73740,61000DVT
R72 11604 0026,13380,56010,69390,10730,51500,62230,61000DVT
R72 11604 0027,13130,41630,54760,10570,36710,47280,61000DVT
R72 11604 0028,13000,94970,107970,10480,75670,86150,61000DVT
R72 11604 0029,12880,39680,52560,10360,43030,53390,61000DVT
R72 11604 0030,11400,30640,42040,6610,26650,33260,51000DVT
R72 11604 0031,11400,32390,43790,6610,26550,33160,51000DVT
R72 11604 0032,11400,34810,46210,6610,41870,48480,51000DVT
R72 11604 0033,11400,35860,47260,6610,28640,35250,51000DVT
R72 11604 0038,11400,35840,47240,6610,21580,28190,51000DVT
R72 11604 0039,11400,34690,46090,6610,35500,42110,51000DVT
R72 11604 0040,11400,37250,48650,6610,31460,38070,51000DVT
R72 11604 0041,10500,37530,48030,5900,31410,37310,51000DVT
R72 11604 0042,10500,42150,52650,5900,34060,39960,51000DVT
R72 11604 0043,10500,36590,47090,5900,44260,50160,51000DVT
R72 11604 0044,10500,38800,49300,5900,30500,36400,51000DVT
R72 11604 0045,10500,34370,44870,5900,32790,38690,51000DVT
R72 11604 0046,10500,37320,47820,5900,37640,43540,51000DVT
R72 11604 0047,10500,34690,45190,5900,34570,40470,51000DVT
R72 11604 0048,10500,38320,48820,5900,39530,45430,51000DVT
R72 11604 0049,10500,36250,46750,5900,29740,35640,51000DVT
R72 11604 0050,10500,19540,30040,5900,23890,29790,51000DVT
R72 11604 0051,10500,36390,46890,5900,24490,30390,51000DVT
R72 11605 0001,17690,68160,85850,14510,68760,83270,61000COL
R72 11605 0002,22310,74400,96710,18390,91160,109550,61000COL
R72 11605 0003,18750,69810,88560,15060,86400,101460,61000COL
R72 11605 0004,18750,87090,105840,15060,90350,105410,61000COL
R72 11605 0005,13000,64500,77500,10440,60770,71210,61000DVT
R72 11605 0006,13650,67450,81100,10990,76860,87850,61000DVT
R72 11605 0008,6630,0,6630,4820,0,4820,61000DVT
R72 11605 0009,15210,70420,85630,12300,49610,61910,61000DVT
R72 11605 0012,4860,0,4860,3500,0,3500,61000DVT
R72 11605 0013,6500,0,6500,4730,0,4730,61000DVT
R72 11605 0014,13000,41880,54880,10440,39500,49940,61000DVT
R72 11605 0015,19110,42910,62020,15570,31660,47230,61000DVT
R72 11605 0017,16500,93140,109640,13180,79420,92600,61000DVT
R72 11605 0018,6190,0,6190,4480,0,4480,61000DVT
R72 11605 0019,12250,83640,95890,9850,70880,80730,61000DVT
R72 11605 0020,12250,31740,43990,9850,49480,59330,61000DVT
R72 11605 0021,12380,66080,78460,9890,82680,92570,61000DVT
R72 11605 0022,12380,45150,57530,9940,55980,65920,61000DVT
R72 11605 0023,12500,49750,62250,10020,61750,71770,61000DVT
R72 11605 0024,12630,46900,59530,10150,55520,65670,61000DVT
R72 11605 0025,12880,67280,80160,10310,39310,49620,61000DVT
R72 11605 0026,13000,74500,87500,10440,58610,69050,61000DVT
R72 11605 0027,13000,65250,78250,10400,66540,76940,61000DVT
R72 11605 0028,12880,58910,71790,10360,50580,60940,61000DVT
R72 11605 0029,12880,65420,78300,10310,92080,102390,61000DVT
R72 11605 0030,12750,64150,76900,10230,57500,67730,61000DVT
R72 11605 0031,12630,57320,69950,10150,48500,58650,61000DVT
R72 11605 0032,15000,0,15000,12050,0,12050,61000DVT
R72 11605 0033,12500,56520,69020,9980,72770,82750,61000DVT
R72 11605 0034,12380,50030,62410,9890,61280,71170,61000DVT
R72 11605 0035,15080,51390,66470,12190,45870,58060,61000DVT
R72 11605 0036,13130,60690,73820,10520,62830,73350,61000DVT
R72 11605 0037,13130,74560,87690,10570,76020,86590,61000DVT
R72 11605 0038,15210,67860,83070,12300,72720,85020,61000DVT
R72 11605 0039,12380,41890,54270,9940,33240,43180,61000DVT
R72 11605 0040,12500,60430,72930,9980,48800,58780,61000DVT
R72 11605 0041,12500,52300,64800,10060,62710,72770,61000DVT
R72 11605 0042,12500,53570,66070,10060,57460,67520,61000DVT
R72 11605 0043,12630,63260,75890,10150,54490,64640,61000DVT
R72 11605 0044,12750,46970,59720,10230,58510,68740,61000DVT
R72 11605 0045,12880,64690,77570,10310,59120,69430,61000DVT
R72 11605 0046,13000,66740,79740,10400,62780,73180,61000DVT
R72 11605 0047,4860,0,4860,3500,0,3500,61000DVT
R72 11606 0001,18750,97370,116120,15060,98510,113570,61000COL
R72 11606 0002,9400,0,9400,6800,0,6800,61000COL
R72 11606 0003,18750,98980,117730,15060,110620,125680,61000COL
R72 11606 0004,9400,0,9400,6800,0,6800,61000COL
R72 11606 0005,19380,168980,188360,15560,178820,194380,61000COL
R72 11606 0006,9230,0,9230,6050,0,6050,61000COL
R72 11606 0007,14300,139900,154200,11580,201520,213100,61000COL
R72 11606 0008,14500,58180,72680,11690,67980,79670,61000COL
R72 11606 0009,1880,0,1880,360,0,360,61000COL
R72 11606 0010,19380,67020,86400,15600,73010,88610,61000COL
R72 11606 0011,14030,75060,89090,11280,96350,107630,61000COL
R72 11606 0012,6310,0,6310,4590,0,4590,61000COL
R72 11606 0013,12380,47240,59620,9940,43180,53120,61000COL
R72 11606 0014,8490,0,8490,6280,0,6280,61000COL
R72 11606 0015,6500,0,6500,4730,0,4730,61000COL
R72 11606 0016,13000,57680,70680,10440,79140,89580,61000COL
R72 11606 0017,6630,0,6630,4820,0,4820,61000COL
R72 11606 0018,16430,72700,89130,13310,58930,72240,61000COL
R72 11606 0019,13260,66420,79680,10680,67190,77870,61000COL
R72 11606 0020,13250,49800,63050,10610,44030,54640,61000COL
R72 11606 0021,13250,71020,84270,10610,78770,89380,61000COL
R72 11606 0022,13250,46350,59600,10650,50940,61590,61000COL
R72 11606 0023,13780,65400,79180,11100,34870,45970,61000COL
R72 11606 0024,16030,6420,22450,13090,27650,40740,61000COL
R72 11606 0025,2660,0,2660,5070,0,5070,61000COL
R72 11606 0026,13910,46550,60460,11170,52210,63380,61000COL
R72 11606 0027,15990,66740,82730,13010,66660,79670,61000COL
R72 11606 0028,15730,99390,115120,12730,104190,116920,61000COL
R72 11606 0029,13780,83740,97520,11080,66940,78020,61000COL
R72 11606 0030,13910,86530,100440,11170,65720,76890,61000COL
R72 11606 0031,16430,80210,96640,13310,68020,81330,61000COL
R72 11607 0001,13250,71450,84700,10650,65440,76090,61000COL
R72 11607 0002,16410,100380,116790,13300,94840,108140,61000COL
R72 11607 0003,12630,55610,68240,10150,62050,72200,61000COL
R72 11607 0004,6250,0,6250,4540,0,4540,61000COL
R72 11607 0005,12380,63450,75830,9890,74400,84290,61000COL
R72 11607 0006,6130,0,6130,4440,0,4440,61000COL
R72 11607 0007,12250,64630,76880,9770,66210,75980,61000COL
R72 11607 0008,4840,0,4840,3940,790,4730,61000COL
R72 11607 0009,13380,54750,68130,10730,43940,54670,61000COL
R72 11607 0010,14840,78030,92870,11960,56280,68240,61000COL
R72 11607 0011,13910,66520,80430,11220,84980,96200,61000COL
R72 11607 0012,13130,57250,70380,10520,55670,66190,61000COL
R72 11607 0013,6250,0,6250,4540,0,4540,61000COL
R72 11607 0014,12750,58400,71150,10270,53630,63900,61000COL
R72 11607 0015,13650,61360,75010,11030,57120,68150,61000COL
R72 11607 0017,14310,55330,69640,11570,55450,67020,61000COL
R72 11607 0018,5410,0,5410,3870,0,3870,61000COL
R72 11607 0019,17380,113200,130580,13950,162710,176660,61000COL
R72 11607 0020,13060,78030,91090,10420,86400,96820,61000COL
R72 11607 0021,15380,110020,125400,12340,127030,139370,61000COL
R72 11607 0022,6880,0,6880,4990,0,4990,61000COL
R72 11607 0023,12500,42680,55180,10020,44660,54680,61000COL
R72 11607 0024,12500,43000,55500,10020,43940,53960,61000COL
R72 11607 0025,12500,37580,50080,10020,37470,47490,61000COL
R72 11607 0026,12500,46710,59210,10020,52670,62690,61000COL
R72 11607 0027,12880,44880,57760,10310,51380,61690,61000COL
R72 11607 0028,6880,0,6880,4990,0,4990,61000COL
R72 11607 0029,16750,69870,86620,13450,78920,92370,61000COL
R72 11607 0030,19130,55570,74700,15360,49780,65140,61000COL
R72 11607 0031,18750,70980,89730,15060,83140,98200,61000COL
R72 11607 0032,18750,106100,124850,15060,102520,117580,61000COL
R72 11607 0033,18750,106430,125180,15060,144230,159290,61000COL
R72 11607 0034,18880,102740,121620,15160,137900,153060,61000COL
R72 11607 0035,4230,0,4230,3120,0,3120,61000COL
R72 11607 0036,12590,47240,59830,10080,46200,56280,61000COL
R72 11607 0037,2480,0,2480,680,0,680,61000COL
R72 11608 0001,16010,74480,90490,13020,96060,109080,61000DVT
R72 11608 0002,4910,0,4910,3520,0,3520,61000DVT
R72 11608 0003,13130,61330,74460,10570,62940,73510,61000DVT
R72 11608 0004,15490,80880,96370,12580,79970,92550,61000DVT
R72 11608 0005,17600,66750,84350,14480,67870,82350,61000DVT
R72 11608 0006,13250,52010,65260,10690,51400,62090,61000DVT
R72 11608 0007,18200,48730,66930,15260,54230,69490,61000DVT
R72 11608 0008,13880,23510,37390,11320,53020,64340,61000DVT
R72 11608 0009,13500,68090,81590,10860,127310,138170,61000DVT
R72 11608 0010,13500,52570,66070,10900,95080,105980,61000DVT
R72 11608 0011,13250,51840,65090,10690,67270,77960,61000DVT
R72 11608 0012,15640,72410,88050,12630,79270,91900,61000DVT
R72 11608 0013,16430,59620,76050,13430,62150,75580,61000DVT
R72 11608 0014,13250,72270,85520,10690,60640,71330,61000DVT
R72 11608 0015,13250,69410,82660,10610,64270,74880,61000DVT
R72 11608 0016,13130,47040,60170,10520,28360,38880,61000DVT
R72 11608 0017,13000,70920,83920,10440,61640,72080,61000DVT
R72 11608 0018,13000,61560,74560,10400,50590,60990,61000DVT
R72 11608 0019,13000,67960,80960,10440,60540,70980,61000DVT
R72 11608 0020,6500,0,6500,4740,0,4740,61000DVT
R72 11608 0021,6690,0,6690,4880,0,4880,61000DVT
R72 11608 0022,13500,76450,89950,10860,62420,73280,61000DVT
R72 11608 0023,13500,28070,41570,10900,43480,54380,61000DVT
R72 11608 0024,13500,57860,71360,10900,49390,60290,61000DVT
R72 11608 0025,13500,41100,54600,10820,26680,37500,61000DVT
R72 11608 0026,13380,51990,65370,10780,51670,62450,61000DVT
R72 11608 0027,13250,52310,65560,10690,28700,39390,61000DVT
R72 11608 0028,16170,75280,91450,13210,42550,55760,61000DVT
R72 11608 0029,15860,68310,84170,12840,0,12840,61000DVT
R72 11608 0030,13250,55460,68710,10650,53950,64600,61000DVT
R72 11608 0031,12500,66520,79020,9980,68820,78800,61000DVT
R72 11608 0032,12000,47840,59840,9600,52060,61660,61000DVT
R72 11608 0033,12500,49880,62380,10020,32440,42460,61000DVT
R72 11608 0034,12500,73970,86470,10020,54110,64130,61000DVT
R72 11608 0035,12500,60850,73350,10020,49130,59150,61000DVT
R72 11608 0036,12500,57910,70410,10020,44450,54470,61000DVT
R72 11608 0037,23710,121710,145420,19870,116890,136760,61000DVT
R72 11609 0001,13380,58620,72000,10780,59030,69810,61000DVT
R72 11609 0002,13380,46430,59810,10780,51870,62650,61000DVT
R72 11609 0003,13250,32710,45960,10690,32710,43400,61000DVT
R72 11609 0004,13130,56650,69780,10570,84950,95520,61000DVT
R72 11609 0005,13000,55030,68030,10400,49630,60030,61000DVT
R72 11609 0006,12750,58680,71430,10270,47380,57650,61000DVT
R72 11609 0007,12630,41790,54420,10150,38470,48620,61000DVT
R72 11609 0008,12500,54270,66770,10020,49980,60000,61000DVT
R72 11609 0009,12870,12220,25090,10330,34750,45080,61000DVT
R72 11609 0010,13240,47570,60810,10580,39880,50460,61000DVT
R72 11609 0011,13390,55880,69270,10710,51070,61780,61000DVT
R72 11609 0012,13650,59070,72720,10990,54580,65570,61000DVT
R72 11609 0013,13250,41310,54560,10650,29310,39960,61000DVT
R72 11609 0014,13380,54850,68230,10730,50300,61030,61000DVT
R72 11609 0015,13500,55860,69360,10820,59160,69980,61000DVT
R72 11609 0016,13500,50830,64330,10860,53020,63880,61000DVT
R72 11609 0017,26810,48530,75340,22760,27800,50560,61000DVT
R72 11609 0018,16960,66520,83480,13760,56110,69870,61000DVT
R72 11609 0019,6440,0,6440,4690,0,4690,61000DVT
R72 11609 0020,12750,45570,58320,10270,41560,51830,61000DVT
R72 11609 0021,12750,54610,67360,10230,55310,65540,61000DVT
R72 11609 0022,12750,51920,64670,10230,50530,60760,61000DVT
R72 11609 0023,16090,67310,83400,13040,67140,80180,61000DVT
R72 11609 0024,14820,60520,75340,11970,53840,65810,61000DVT
R72 11609 0025,13780,74340,88120,11120,63070,74190,61000DVT
R72 11609 0026,13910,50360,64270,11220,59760,70980,61000DVT
R72 11609 0027,22530,72350,94880,18420,85370,103790,61000DVT
R72 11609 0032,16300,104830,121130,13200,92010,105210,61000DVT
R72 11609 0033,13250,47140,60390,10650,51610,62260,61000DVT
R72 11609 0034,14960,71230,86190,12080,94930,107010,61000DVT
R72 11610 0001,14430,68070,82500,11640,36980,48620,61000DVT
R72 11610 0002,13000,55720,68720,10480,61000,71480,61000DVT
R72 11610 0003,13380,48970,62350,10730,31540,42270,61000DVT
R72 11610 0004,13500,55690,69190,10860,54310,65170,61000DVT
R72 11610 0005,13380,77850,91230,10780,77700,88480,61000DVT
R72 11610 0006,13250,68830,82080,10650,48120,58770,61000DVT
R72 11610 0007,14180,65270,79450,11450,76350,87800,61000DVT
R72 11610 0008,14720,62860,77580,11870,80370,92240,61000DVT
R72 11610 0009,14670,62940,77610,12900,0,12900,61000DVT
R72 11610 0010,12250,59270,71520,9850,51560,61410,61000DVT
R72 11610 0011,12630,58310,70940,10100,51490,61590,61000DVT
R72 11610 0012,13000,62730,75730,10400,50550,60950,61000DVT
R72 11610 0013,13380,58270,71650,10730,65420,76150,61000DVT
R72 11610 0014,15260,133820,149080,12460,58100,70560,61000DVT
R72 11610 0015,14000,45890,59890,11410,43950,55360,61000DVT
R72 11610 0016,13750,54660,68410,11110,51240,62350,61000DVT
R72 11610 0017,13500,30530,44030,10860,39090,49950,61000DVT
R72 11610 0018,13250,48060,61310,10610,48430,59040,61000DVT
R72 11610 0019,13000,44140,57140,10400,39260,49660,61000DVT
R72 11610 0020,13390,58640,72030,10760,66240,77000,61000DVT
R72 11610 0021,12500,62570,75070,10060,50310,60370,61000DVT
R72 11610 0022,12380,60510,72890,9940,61320,71260,61000DVT
R72 11610 0023,12250,68250,80500,9810,59180,68990,61000DVT
R72 11610 0024,13110,56600,69710,10490,34800,45290,61000DVT
R72 11610 0025,13500,51970,65470,10820,48770,59590,61000DVT
R72 11610 0026,13250,58230,71480,10690,54590,65280,61000DVT
R72 11610 0027,13250,53110,66360,10690,55720,66410,61000DVT
R72 11610 0028,13380,77890,91270,10780,54240,65020,61000DVT
R72 11610 0029,13630,66920,80550,11030,58660,69690,61000DVT
R72 11611 0001,18560,91170,109730,14890,112990,127880,61000DVT
R72 11611 0002,14700,70210,84910,12000,65820,77820,61000DVT
R72 11611 0003,12880,58780,71660,10360,47260,57620,61000DVT
R72 11611 0004,13750,57800,71550,11200,20300,31500,61000DVT
R72 11611 0005,15680,86430,102110,13040,75740,88780,61000DVT
R72 11611 0006,14250,40510,54760,11700,40030,51730,61000DVT
R72 11611 0007,13880,36100,49980,11280,63140,74420,61000DVT
R72 11611 0008,13880,42590,56470,11280,51170,62450,61000DVT
R72 11611 0009,13880,49590,63470,11280,61080,72360,61000DVT
R72 11611 0010,13880,22720,36600,11280,50700,61980,61000DVT
R72 11611 0011,13880,38800,52680,11280,28730,40010,61000DVT
R72 11611 0012,13880,54940,68820,11280,44690,55970,61000DVT
R72 11611 0013,15950,64870,80820,13500,67900,81400,61000DVT
R72 11611 0014,14130,59920,74050,11490,58750,70240,61000DVT
R72 11611 0015,12940,54270,67210,10390,63730,74120,61000DVT
R72 11611 0016,13250,65680,78930,10610,71730,82340,61000DVT
R72 11611 0018,15560,76720,92280,12540,70820,83360,61000DVT
R72 11611 0020,13500,52980,66480,10900,50640,61540,61000DVT
R72 11611 0021,13750,40000,53750,11150,61000,72150,61000DVT
R72 11611 0022,14000,69320,83320,11360,58190,69550,61000DVT
R72 11611 0023,14130,54520,68650,11570,44530,56100,61000DVT
R72 11611 0024,14250,66890,81140,11740,58460,70200,61000DVT
R72 11611 0025,14380,66720,81100,11870,74440,86310,61000DVT
R72 11611 0026,16240,71010,87250,13410,47570,60980,61000DVT
R72 11611 0027,14440,75600,90040,11730,94530,106260,61000DVT
R72 11611 0028,13000,50980,63980,10440,28220,38660,61000DVT
R72 11611 0029,13250,57270,70520,10650,64160,74810,61000DVT
R72 11611 0030,6750,0,6750,4910,0,4910,61000DVT
R72 11611 0031,13630,63540,77170,11030,55250,66280,61000DVT
R72 11611 0032,17460,184400,201860,13900,160410,174310,61000DVT
R72 11611 0033,6500,0,6500,4730,0,4730,61000DVT
R72 11701 0001,18360,30610,48970,14550,17710,32260,51000SAN
R72 11701 0003,11070,33140,44210,8920,18160,27080,51000SAN
R72 11701 0007,13500,25460,38960,11040,2580,13620,51000SAN
R72 11701 0009,10260,7190,17450,8220,3020,11240,51000SAN
R72 11701 0010,11340,31460,42800,9160,6960,16120,51000SAN
R72 11701 0011,11000,32130,43130,8860,6610,15470,51000SAN
R72 11701 0012,10700,32060,42760,8590,36100,44690,51000SAN
R72 11701 0013,10700,41690,52390,8590,39080,47670,51000SAN
R72 11701 0014,11770,21920,33690,9510,11790,21300,51000SAN
R72 11701 0015,10300,68000,78300,8240,3400,11640,51000SAN
R72 11701 0016,10300,38210,48510,8240,4060,12300,51000SAN
R72 11701 0017,10300,38000,48300,8240,38280,46520,51000SAN
R72 11701 0018,10300,37320,47620,8240,20880,29120,51000SAN
R72 11701 0019,10300,15390,25690,8240,20920,29160,51000SAN
R72 11701 0020,15380,40560,55940,12620,28200,40820,51000SAN
R72 11701 0022,10500,39700,50200,8420,19620,28040,51000SAN
R72 11701 0023,10140,46200,56340,8170,30830,39000,51000SAN
R72 11701 0024,10140,44350,54490,8130,32250,40380,51000SAN
R72 11701 0025,10140,49200,59340,8130,32290,40420,51000SAN
R72 11701 0026,9790,38890,48680,7850,28280,36130,51000SAN
R72 11701 0027,9790,32860,42650,7850,27170,35020,51000SAN
R72 11701 0028,9910,42850,52760,7930,29300,37230,51000SAN
R72 11701 0030,9950,23960,33910,7970,22810,30780,51000SAN
R72 11701 0031,9950,43580,53530,7970,18370,26340,51000SAN
R72 11701 0032,9820,36130,45950,7840,20020,27860,51000SAN
R72 11701 0033,11260,33630,44890,9090,19930,29020,51000SAN
R72 11701 0040,10560,37740,48300,8500,30140,38640,51000SAN
R72 11702 0004,10900,20120,31020,8820,9200,18020,51000FRV
R72 11702 0006,11480,38170,49650,9280,39810,49090,51000FRV
R72 11702 0008,17310,19630,36940,13700,17350,31050,51000FRV
R72 11702 0009,8400,2910,11310,6830,16020,22850,51000FRV
R72 11702 0010,9270,21260,30530,7320,27410,34730,51000FRV
R72 11702 0011,11340,30840,42180,9160,14110,23270,51000FRV
R72 11702 0012,11340,31440,42780,9160,23630,32790,51000FRV
R72 11702 0013,11340,28980,40320,9160,13310,22470,51000FRV
R72 11702 0014,9030,24220,33250,7230,520,7750,51000FRV
R72 11702 0015,4040,0,4040,2980,0,2980,51000FRV
R72 11702 0016,12610,24410,37020,20340,11460,31800,51000FRV
R72 11702 0018,11160,31910,43070,9510,20760,30270,51000FRV
R72 11702 0022,11160,40140,51300,9510,24650,34160,51000FRV
R72 11702 0025,660,0,660,180,0,180,51000FRV
R72 11702 0026,5400,0,5400,3930,0,3930,51000FRV
R72 11702 0027,5400,0,5400,3930,0,3930,51000FRV
R72 11702 0028,5400,0,5400,3930,0,3930,51000FRV
R72 11702 0029,10800,27480,38280,8690,34500,43190,51000FRV
R72 11702 0031,11260,30960,42220,9090,29090,38180,51000FRV
R72 11702 0033,11260,30440,41700,9090,39400,48490,51000FRV
R72 11702 0035,11260,24240,35500,9090,35830,44920,51000FRV
R72 11702 0037,10320,26250,36570,8230,32850,41080,51000FRV
R72 11702 0040,10320,35700,46020,8230,37800,46030,51000FRV
R72 11702 0041,16450,39790,56240,12970,24950,37920,51000FRV
R72 11702 0043,10760,34480,45240,8640,25170,33810,51000FRV
R72 11702 0044,10890,36250,47140,8790,24370,33160,51000FRV
R72 11702 0045,10890,34960,45850,6180,13910,20090,51000FRV
R72 11702 0047,9950,35560,45510,8010,17130,25140,51000FRV
R72 11702 0048,9950,30630,40580,8010,24500,32510,51000FRV
R72 11702 0050,9950,34570,44520,8010,28390,36400,51000FRV
R72 11702 0052,9950,40680,50630,8010,27090,35100,51000FRV
R72 11702 0056,9950,21850,31800,8010,6030,14040,51000FRV
R72 11702 0058,9950,24400,34350,8010,20600,28610,51000FRV
R72 11702 0062,!,!,!
R72 11702 0063,10500,30250,40750,8480,26220,34700,51000FRV
R72 11702 0064,9280,25640,34920,7450,27990,35440,51000FRV
R72 11703 0001,8540,37000,45540,6680,11320,18000,51000FRV
R72 11703 0002,9720,24760,34480,7780,15120,22900,51000FRV
R72 11703 0003,10400,25410,35810,8340,19350,27690,51000FRV
R72 11703 0004,10400,25970,36370,8340,6760,15100,51000FRV
R72 11703 0005,10400,27420,37820,8340,25640,33980,51000FRV
R72 11703 0006,10400,36940,47340,8340,38380,46720,51000FRV
R72 11703 0007,10400,27230,37630,8340,36980,45320,51000FRV
R72 11703 0008,10400,28280,38680,8340,27780,36120,51000FRV
R72 11703 0009,10940,40000,50940,8810,3780,12590,51000FRV
R72 11703 0010,13100,47010,60110,10690,30960,41650,51000FRV
R72 11703 0011,10530,33820,44350,8450,29260,37710,51000FRV
R72 11703 0013,10260,23610,33870,8220,14010,22230,51000FRV
R72 11703 0014,11880,34320,46200,9630,24220,33850,51000FRV
R72 11703 0016,9500,36420,45920,7610,26630,34240,51000FRV
R72 11703 0017,10400,30750,41150,8370,27950,36320,51000FRV
R72 11703 0018,11260,34150,45410,9290,28550,37840,51000FRV
R72 11703 0020,10530,36690,47220,8450,25860,34310,51000FRV
R72 11703 0021,10530,41680,52210,8450,20970,29420,51000FRV
R72 11703 0022,10530,33140,43670,8450,22670,31120,51000FRV
R72 11703 0023,10530,44480,55010,8450,25470,33920,51000FRV
R72 11703 0024,10530,41620,52150,8450,26930,35380,51000FRV
R72 11703 0025,10670,40270,50940,8570,33940,42510,51000FRV
R72 11703 0026,13370,43380,56750,10920,41070,51990,51000FRV
R72 11703 0027,10530,36290,46820,8450,28590,37040,51000FRV
R72 11703 0028,10530,38320,48850,8450,29270,37720,51000FRV
R72 11703 0029,10530,34270,44800,8450,20160,28610,51000FRV
R72 11703 0030,10530,34970,45500,8450,25020,33470,51000FRV
R72 11703 0031,10530,29350,39880,8450,26710,35160,51000FRV
R72 11703 0032,10530,40180,50710,8450,25510,33960,51000FRV
R72 11703 0033,10530,34640,45170,8450,25770,34220,51000FRV
R72 11704 0001,10530,30300,40830,8450,25660,34110,51000FRV
R72 11704 0005,10530,19420,29950,8450,24120,32570,51000FRV
R72 11704 0006,10530,34710,45240,8450,25800,34250,51000FRV
R72 11704 0007,10530,30540,41070,8450,21890,30340,51000FRV
R72 11704 0009,10400,36140,46540,8340,26600,34940,51000FRV
R72 11704 0010,10530,38090,48620,8450,26950,35400,51000FRV
R72 11704 0011,10530,29830,40360,8450,26180,34630,51000FRV
R72 11704 0012,10530,30730,41260,8450,26640,35090,51000FRV
R72 11704 0013,10530,30280,40810,8450,20910,29360,51000FRV
R72 11704 0014,10530,29840,40370,8450,23470,31920,51000FRV
R72 11704 0015,10530,27690,38220,8450,29770,38220,51000FRV
R72 11704 0016,10530,31480,42010,8450,25430,33880,51000FRV
R72 11704 0017,11360,35870,47230,9360,23840,33200,51000FRV
R72 11704 0018,11360,39420,50780,9360,25840,35200,51000FRV
R72 11704 0019,11360,25380,36740,9360,31150,40510,51000FRV
R72 11704 0020,11360,31970,43330,9360,28200,37560,51000FRV
R72 11704 0021,11360,26940,38300,9360,28160,37520,51000FRV
R72 11704 0022,11360,37260,48620,9360,26380,35740,51000FRV
R72 11704 0023,11360,36310,47670,9360,33890,43250,51000FRV
R72 11704 0025,5400,0,5400,3930,0,3930,51000FRV
R72 11704 0026,10800,40990,51790,8690,4570,13260,51000FRV
R72 11704 0027,10800,32260,43060,8690,7500,16190,51000FRV
R72 11704 0028,13160,17240,30400,4690,0,4690,51000FRV
R72 11704 0031,12960,36290,49250,5310,0,5310,51000FRV
R72 11704 0033,10400,31810,42210,8340,14450,22790,51000FRV
R72 11704 0034,10400,39160,49560,8340,38150,46490,51000FRV
R72 11704 0035,10400,36610,47010,8340,27240,35580,51000FRV
R72 11704 0036,10400,25220,35620,8340,27520,35860,51000FRV
R72 11704 0037,10400,39290,49690,8340,39350,47690,51000FRV
R72 11705 0010,10530,25380,35910,8450,27870,36320,51000FRV
R72 11705 0011,10800,33180,43980,8690,24970,33660,51000FRV
R72 11705 0012,10400,28990,39390,8340,25830,34170,51000FRV
R72 11705 0013,10800,28960,39760,8690,31090,39780,51000FRV
R72 11705 0014,10800,34420,45220,8690,4770,13460,51000FRV
R72 11705 0015,10800,39890,50690,8690,33480,42170,51000FRV
R72 11705 0016,10800,36200,47000,8690,8250,16940,51000FRV
R72 11705 0017,10940,33600,44540,8810,25450,34260,51000FRV
R72 11705 0018,10800,28970,39770,8690,26000,34690,51000FRV
R72 11705 0019,10530,17740,28270,8450,28020,36470,51000FRV
R72 11705 0020,10530,17730,28260,8450,25080,33530,51000FRV
R72 11705 0021,10530,33140,43670,8450,23100,31550,51000FRV
R72 11705 0022,10260,24590,34850,8220,27900,36120,51000FRV
R72 11705 0023,10670,37820,48490,8570,38520,47090,51000FRV
R72 11705 0024,10670,35380,46050,8570,31030,39600,51000FRV
R72 11705 0025,10670,26290,36960,8570,19590,28160,51000FRV
R72 11705 0026,11750,37310,49060,9510,19350,28860,51000FRV
R72 11705 0027,11610,29270,40880,9390,17480,26870,51000FRV
R72 11705 0028,10400,27640,38040,8340,21030,29370,51000FRV
R72 11705 0029,10400,31400,41800,8340,29030,37370,51000FRV
R72 11705 0030,10400,190,10590,8340,4730,13070,51000FRV
R72 11705 0031,10400,26690,37090,8340,20500,28840,51000FRV
R72 11705 0032,10400,26830,37230,8340,17400,25740,51000FRV
R72 11705 0033,10400,25180,35580,8340,8920,17260,51000FRV
R72 11705 0038,10400,25780,36180,8340,25320,33660,51000FRV
R72 11705 0039,10400,29570,39970,8340,26820,35160,51000FRV
R72 11705 0040,10400,27740,38140,8340,4310,12650,51000FRV
R72 11705 0042,10670,16920,27590,8570,9520,18090,51000FRV
R72 11705 0043,10670,47730,58400,8570,31540,40110,51000FRV
R72 11705 0045,6330,27040,33370,8570,28820,37390,51000FRV
R72 11705 0046,10940,24120,35060,8810,3580,12390,51000FRV
R72 11705 0047,12150,22850,35000,9860,19060,28920,51000FRV
R72 11705 0048,11480,19740,31220,9280,20230,29510,51000FRV
R72 11706 0002,11040,21960,33000,8570,28780,37350,51000FRV
R72 11706 0018,9880,33560,43440,6350,0,6350,51000FRV
R72 11706 0019,9880,27740,37620,7920,23650,31570,51000FRV
R72 11706 0020,9880,30970,40850,7920,17880,25800,51000FRV
R72 11706 0021,10670,20110,30780,8570,22510,31080,51000FRV
R72 11706 0022,10670,33790,44460,8570,41250,49820,51000FRV
R72 11706 0023,10670,33370,44040,8570,31980,40550,51000FRV
R72 11706 0024,10670,33660,44330,8570,26020,34590,51000FRV
R72 11706 0025,10670,28270,38940,8570,22140,30710,51000FRV
R72 11706 0026,10670,35030,45700,8570,20080,28650,51000FRV
R72 11706 0027,10670,27990,38660,8570,3850,12420,51000FRV
R72 11706 0028,10670,15770,26440,8570,7720,16290,51000FRV
R72 11706 0029,10670,16770,27440,8570,38430,47000,51000FRV
R72 11706 0030,10800,31630,42430,8690,24870,33560,51000FRV
R72 11706 0031,10800,41790,52590,8690,31180,39870,51000FRV
R72 11706 0032,10800,30610,41410,8690,26740,35430,51000FRV
R72 11706 0033,11000,28760,39760,8890,26280,35170,51000FRV
R72 11706 0034,10800,34400,45200,8690,29650,38340,51000FRV
R72 11706 0035,10800,24000,34800,8690,26800,35490,51000FRV
R72 11706 0036,10800,32810,43610,8690,31450,40140,51000FRV
R72 11706 0037,8600,31660,40260,6960,4680,11640,51000FRV
R72 11706 0039,10800,39220,50020,8690,34240,42930,51000FRV
R72 11706 0040,10400,37950,48350,8340,15160,23500,51000FRV
R72 11706 0041,10800,48290,59090,8690,35970,44660,51000FRV
R72 11706 0042,10800,36470,47270,8690,33280,41970,51000FRV
R72 11706 0043,10800,38030,48830,8690,36270,44960,51000FRV
R72 11706 0044,10800,39660,50460,8690,28740,37430,51000FRV
R72 11706 0047,10800,33950,44750,8690,20910,29600,51000FRV
R72 11706 0050,10670,33030,43700,8570,6320,14890,51000FRV
R72 11706 0051,10670,26400,37070,8570,0,8570,51000FRV
R72 11706 0052,10670,39360,50030,8570,29980,38550,51000FRV
R72 11706 0053,10670,7070,17740,8570,23910,32480,51000FRV
R72 11706 0054,13130,43500,56630,10140,45670,55810,51000FRV
R72 11706 0057,23590,53840,77430,18390,49840,68230,51000FRV
R72 11707 0003,10800,29580,40380,8690,46980,55670,51000FRV
R72 11707 0005,13770,29490,43260,11280,21310,32590,51000FRV
R72 11707 0008,5400,0,5400,3930,0,3930,51000FRV
R72 11707 0009,10800,38210,49010,8690,38760,47450,51000FRV
R72 11707 0010,10130,25090,35220,8100,25500,33600,51000FRV
R72 11707 0011,10800,36870,47670,8690,39340,48030,51000FRV
R72 11707 0012,10800,27060,37860,8690,37360,46050,51000FRV
R72 11707 0013,10130,31350,41480,8100,21460,29560,51000FRV
R72 11707 0014,10800,28020,38820,8690,27790,36480,51000FRV
R72 11707 0015,10800,51410,62210,8690,34930,43620,51000FRV
R72 11707 0016,10800,7920,18720,4370,0,4370,51000FRV
R72 11707 0017,10800,7720,18520,8690,23970,32660,51000FRV
R72 11707 0018,10800,39790,50590,8690,31440,40130,51000FRV
R72 11707 0019,10800,39830,50630,8690,27560,36250,51000FRV
R72 11707 0020,10800,26750,37550,8690,26300,34990,51000FRV
R72 11707 0021,10600,25480,36080,8520,17860,26380,51000FRV
R72 11707 0022,9030,26480,35510,7220,25850,33070,51000FRV
R72 11707 0023,9140,28570,37710,3660,0,3660,51000FRV
R72 11707 0024,10800,20670,31470,8690,21630,30320,51000FRV
R72 11707 0026,10800,38550,49350,8690,39350,48040,51000FRV
R72 11707 0027,10800,24710,35510,8690,21210,29900,51000FRV
R72 11707 0028,8640,0,8640,6950,0,6950,51000FRV
R72 11707 0029,10800,28560,39360,8690,26070,34760,51000FRV
R72 11707 0031,10800,27180,37980,8690,21350,30040,51000FRV
R72 11707 0032,10800,32630,43430,8690,20650,29340,51000FRV
R72 11707 0033,10130,33650,43780,8100,27900,36000,51000FRV
R72 11707 0034,10800,32190,42990,8690,31900,40590,51000FRV
R72 11707 0035,10130,32650,42780,8100,21270,29370,51000FRV
R72 11707 0036,10800,32730,43530,8690,8810,17500,51000FRV
R72 11707 0038,10800,35470,46270,8690,38460,47150,51000FRV
R72 11707 0039,10800,37920,48720,8690,22610,31300,51000FRV
R72 11707 0042,10800,34090,44890,8690,23650,32340,51000FRV
R72 11707 0043,10800,43540,54340,8690,43660,52350,51000FRV
R72 11707 0044,10800,33190,43990,8690,21870,30560,51000FRV
R72 11707 0045,10800,34880,45680,8690,29990,38680,51000FRV
R72 11707 0046,10800,33900,44700,8690,38520,47210,51000FRV
R72 11707 0047,590,0,590,520,0,520,51000FRV
R72 11708 0002,11500,32110,43610,10890,14910,25800,61000MOU
R72 11708 0003,11160,35270,46430,10590,52400,62990,61000MOU
R72 11708 0004,13380,32790,46170,12700,41400,54100,61000MOU
R72 11708 0006,10710,43320,54030,8230,38010,46240,51000MOU
R72 11708 0008,11030,44820,55850,8770,36430,45200,51000MOU
R72 11708 0009,10200,29830,40030,8180,14120,22300,51000MOU
R72 11708 0010,10200,30760,40960,8180,24930,33110,51000MOU
R72 11708 0011,10200,25190,35390,8180,36530,44710,51000MOU
R72 11708 0012,10200,28610,38810,8180,37910,46090,51000MOU
R72 11708 0015,12000,23650,35650,11390,16490,27880,61000MOU
R72 11708 0023,13520,12750,26270,12810,7290,20100,61000MOU
R72 11708 0026,12100,30450,42550,11500,44090,55590,61000MOU
R72 11708 0027,11760,43520,55280,11220,33120,44340,61000MOU
R72 11708 0028,12000,34950,46950,11360,16970,28330,61000MOU
R72 11708 0029,12000,36140,48140,11360,35410,46770,61000MOU
R72 11708 0030,11760,27430,39190,11220,32490,43710,61000MOU
R72 11708 0031,11400,32800,44200,10840,36270,47110,61000MOU
R72 11708 0032,11260,35700,46960,10690,63750,74440,61000MOU
R72 11708 0033,11030,40330,51360,10510,37410,47920,61000MOU
R72 11708 0034,13200,48520,61720,12410,58310,70720,61000MOU
R72 11708 0035,11880,28530,40410,11290,31890,43180,61000MOU
R72 11708 0036,12340,27660,40000,11710,50380,62090,61000MOU
R72 11708 0037,6170,0,6170,5250,0,5250,61000MOU
R72 11708 0038,12340,53910,66250,11710,55920,67630,61000MOU
R72 11708 0039,12470,36040,48510,11770,39950,51720,61000MOU
R72 11708 0040,5090,0,5090,4400,0,4400,61000MOU
R72 11708 0041,11390,31830,43220,10830,62730,73560,61000MOU
R72 11708 0042,13650,49340,62990,13040,69080,82120,61000MOU
R72 11708 0043,13250,44580,57830,12570,58230,70800,61000MOU
R72 11708 0044,13380,14570,27950,12770,73000,85770,61000MOU
R72 11708 0045,13630,52680,66310,12970,71730,84700,61000MOU
R72 11708 0046,13490,38590,52080,12930,37920,50850,61000MOU
R72 11708 0047,13610,50150,63760,12970,64620,77590,61000MOU
R72 11708 0048,11970,45580,57550,11760,20880,32640,61000MOU
R72 11708 0050,9000,32960,41960,11930,38360,50290,61000MOU
R72 11708 0051,12600,36140,48740,11930,40510,52440,61000MOU
R72 11708 0052,12600,34910,47510,11930,39930,51860,61000MOU
R72 11708 0053,4180,0,4180,3730,0,3730,61000MOU
R72 11708 0054,12940,41500,54440,12090,35840,47930,61000MOU
R72 11708 0056,12750,49620,62370,12080,60260,72340,61000MOU
R72 11708 0061,4190,0,4190,3660,0,3660,61000MOU
R72 11708 0063,12480,37900,50380,11820,44470,56290,61000MOU
R72 11708 0064,600,0,600,570,0,570,61000MOU
R72 11709 0001,12130,39580,51710,11480,43380,54860,61000MOU
R72 11709 0002,11630,46300,57930,10990,49870,60860,61000MOU
R72 11709 0005,11810,51680,63490,11110,41760,52870,61000MOU
R72 11709 0006,11510,40640,52150,8220,31030,39250,61000SAN
R72 11709 0007,11520,42430,53950,11430,57470,68900,61000SAN
R72 11709 0008,11520,33060,44580,11430,30290,41720,61000SAN
R72 11709 0009,11520,31700,43220,11430,30200,41630,61000SAN
R72 11709 0010,10810,44430,55240,10870,40760,51630,61000SAN
R72 11709 0011,11520,46020,57540,11480,15590,27070,61000SAN
R72 11709 0012,11500,39420,50920,11480,33220,44700,61000SAN
R72 11709 0014,13100,39070,52170,13130,38790,51920,61000SAN
R72 11709 0015,13520,15760,29280,13520,54050,67570,61000SAN
R72 11709 0017,12880,42810,55690,12820,46070,58890,61000SAN
R72 11709 0019,12500,48400,60900,12460,48820,61280,61000SAN
R72 11709 0021,12240,47720,59960,12130,34800,46930,61000SAN
R72 11709 0023,12220,37530,49750,12190,44270,56460,61000SAN
R72 11709 0024,12600,34020,46620,11930,37360,49290,61000MOU
R72 11709 0025,12600,39150,51750,11930,41910,53840,61000MOU
R72 11709 0026,13350,41730,55080,12600,39170,51770,61000MOU
R72 11709 0027,13610,36330,49940,12890,52820,65710,61000MOU
R72 11709 0028,14520,54690,69210,13790,44130,57920,61000MOU
R72 11709 0029,13610,56480,70090,12970,60340,73310,61000MOU
R72 11709 0030,12490,43380,55870,11840,49190,61030,61000MOU
R72 11709 0031,13980,55220,69200,13600,60270,73870,61000MOU
R72 11709 0032,14810,34290,49100,14490,34280,48770,61000MOU
R72 11709 0033,14810,42770,57580,14490,47080,61570,61000MOU
R72 11709 0034,15080,71540,86620,14430,75990,90420,61000MOU
R72 11709 0035,14040,55650,69690,13350,45380,58730,61000MOU
R72 11709 0036,7090,0,7090,6080,0,6080,61000MOU
R72 11709 0037,14180,10490,24670,13480,44430,57910,61000MOU
R72 11709 0038,15400,40670,56070,14960,46460,61420,61000MOU
R72 11709 0039,14990,41160,56150,14580,42350,56930,61000MOU
R72 11710 0001,12380,40890,53270,12270,14760,27030,61000SAN
R72 11710 0002,12380,31450,43830,12270,33640,45910,61000SAN
R72 11710 0004,12380,27930,40310,12270,13550,25820,61000SAN
R72 11710 0005,12380,46340,58720,12270,34240,46510,61000SAN
R72 11710 0007,12650,47390,60040,12570,11760,24330,61000SAN
R72 11710 0008,12510,45380,57890,12420,32400,44820,61000SAN
R72 11710 0012,11700,45990,57690,11650,35000,46650,61000SAN
R72 11710 0013,16230,41770,58000,16710,34990,51700,61000SAN
R72 11710 0015,23090,54120,77210,25110,45010,70120,61000SAN
R72 11710 0020,17900,109990,127890,17130,74470,91600,61000MOU
R72 11710 0022,15000,50320,65320,14250,49520,63770,61000MOU
R72 11710 0024,15000,73130,88130,14250,53460,67710,61000MOU
R72 11710 0027,15880,31670,47550,14400,13890,28290,61000MOU
R72 11710 0028,15000,50280,65280,14250,53300,67550,61000MOU
R72 11710 0029,14030,38440,52470,13360,37670,51030,61000MOU
R72 11710 0030,14170,40410,54580,13530,31960,45490,61000MOU
R72 11710 0031,14440,52370,66810,13830,56100,69930,61000MOU
R72 11710 0032,14850,40320,55170,14350,41400,55750,61000MOU
R72 11710 0033,15000,69930,84930,14250,76940,91190,61000MOU
R72 11710 0034,15000,49470,64470,14250,67710,81960,61000MOU
R72 11710 0035,21570,43810,65380,22070,49200,71270,61000SAN
R72 11710 0036,19180,58870,78050,19240,44780,64020,61000SAN
R72 11710 0038,15750,52890,68640,14970,56040,71010,61000MOU
R72 11710 0039,200,0,200,230,0,230,61000MOU
R72 11710 0043,16780,38420,55200,17100,47560,64660,61000SAN
R72 11710 0045,1960,0,1960,1920,0,1920,61000MOU
R72 11801 0002,14950,39920,54870,11700,37650,49350,61000DVT
R72 11801 0003,16100,32120,48220,12540,30010,42550,61000DVT
R72 11801 0004,11960,40000,51960,9520,11470,20990,61000DVT
R72 11801 0013,5600,50600,56200,4870,0,4870,61000DVT
R72 11801 0015,6890,20940,27830,5830,20230,26060,51000FRV
R72 11801 0027,11070,26140,37210,8920,3400,12320,51000FRV
R72 11802 0001,15910,41600,57510,15880,24120,40000,61000MOU
R72 11802 0002,12770,46680,59450,5990,0,5990,61000MOU
R72 11802 0003,6250,0,6250,5370,0,5370,61000MOU
R72 11802 0004,12990,39590,52580,12370,43240,55610,61000MOU
R72 11802 0005,6430,0,6430,5510,0,5510,61000MOU
R72 11802 0006,12860,38430,51290,12260,63030,75290,61000MOU
R72 11802 0007,13720,48220,61940,13060,49820,62880,61000MOU
R72 11802 0008,17050,60080,77130,16710,56410,73120,61000MOU
R72 11802 0009,14030,48860,62890,13370,46190,59560,61000MOU
R72 11802 0010,1200,0,1200,1140,0,1140,61000MOU
R72 11802 0011,13000,61380,74380,12240,54390,66630,61000MOU
R72 11802 0012,6190,0,6190,5300,0,5300,61000MOU
R72 11802 0013,12870,62610,75480,12250,49790,62040,61000MOU
R72 11802 0014,12720,46820,59540,12040,49110,61150,61000MOU
R72 11802 0015,12720,44420,57140,12040,45760,57800,61000MOU
R72 11802 0016,14780,56390,71170,13450,66030,79480,61000MOU
R72 11802 0017,14600,64590,79190,13340,63670,77010,61000MOU
R72 11802 0018,14400,48230,62630,13560,49160,62720,61000MOU
R72 11802 0019,14160,58180,72340,13480,69480,82960,61000MOU
R72 11802 0020,15500,58160,73660,14890,60810,75700,61000MOU
R72 11802 0021,12480,41840,54320,11820,34160,45980,61000MOU
R72 11802 0022,12750,50580,63330,12080,41210,53290,61000MOU
R72 11802 0023,13000,41430,54430,12330,48620,60950,61000MOU
R72 11802 0024,6440,0,6440,5500,0,5500,61000MOU
R72 11802 0025,12750,53440,66190,12120,65820,77940,61000MOU
R72 11802 0027,18050,84200,102250,16850,28910,45760,61000MOU
R72 11802 0029,15800,44800,60600,15230,39090,54320,61000MOU
R72 11802 0030,15260,54760,70020,14780,46860,61640,61000MOU
R72 11802 0031,12850,39390,52240,12270,68590,80860,61000MOU
R72 11802 0032,4950,0,4950,4700,0,4700,61000MOU
R72 11802 0033,4890,0,4890,4650,0,4650,61000MOU
R72 11802 0034,12990,78460,91450,12340,80220,92560,61000MOU
R72 11802 0035,6430,0,6430,5510,0,5510,61000MOU
R72 11802 0036,18620,80300,98920,17550,86490,104040,61000MOU
R72 11802 0038,21250,42670,63920,18710,37220,55930,61000MOU
R72 11803 0002,21230,64700,85930,21720,72770,94490,61000MOU
R72 11803 0004,23060,56620,79680,21860,64870,86730,61000MOU
R72 11803 0005,21870,138440,160310,21330,119730,141060,61000MOU
R72 11803 0006,14830,47890,62720,14430,68040,82470,61000MOU
R72 11803 0007,14980,45010,59990,14570,44190,58760,61000MOU
R72 11803 0008,13740,46740,60480,13220,51230,64450,61000MOU
R72 11803 0009,14160,61640,75800,13710,74100,87810,61000MOU
R72 11803 0010,6490,0,6490,5580,0,5580,61000MOU
R72 11803 0012,15990,95960,111950,28840,109290,138130,61000MOU
R72 11803 0014,14700,89880,104580,13910,87610,101520,61000MOU
R72 11803 0015,13900,77920,91820,13300,80010,93310,61000MOU
R72 11803 0016,13520,63800,77320,12930,89720,102650,61000MOU
R72 11803 0017,25080,12050,37130,25900,46810,72710,61000MOU
R72 11803 0019,31350,87900,119250,29430,86090,115520,61000MOU
R72 11803 0020,24200,66000,90200,24280,68360,92640,61000MOU
R72 11803 0021,15780,68850,84630,15070,68700,83770,61000MOU
R72 11803 0023,15630,54380,70010,14920,59300,74220,61000MOU
R72 11803 0024,11700,77250,88950,11020,85080,96100,61000MOU
R72 11803 0025,6050,0,6050,5130,0,5130,61000MOU
R72 11803 0026,11730,75960,87690,11090,78570,89660,61000MOU
R72 11803 0027,5740,0,5740,4900,0,4900,61000MOU
R72 11803 0028,12600,78440,91040,11930,69330,81260,61000MOU
R72 11803 0029,28800,99630,128430,26630,105360,131990,61000MOU
R72 11804 0001,20930,82670,103600,20600,87480,108080,61000MOU
R72 11804 0002,22950,112580,135530,22160,132420,154580,61000MOU
R72 11804 0003,23860,100530,124390,22610,127500,150110,61000MOU
R72 11804 0004,24400,42580,66980,23400,49590,72990,61000MOU
R72 11804 0005,23560,82130,105690,22110,93640,115750,61000MOU
R72 11804 0006,22940,65330,88270,21330,95000,116330,61000MOU
R72 11804 0007,22340,46280,68620,21040,51250,72290,61000MOU
R72 11805 0001,19990,91570,111560,18590,99790,118380,61000MOU
R72 11805 0002,19830,75800,95630,18980,87500,106480,61000MOU
R72 11805 0003,19180,83470,102650,18320,99400,117720,61000MOU
R72 11805 0004,18530,65210,83740,18690,61770,80460,61000MOU
R72 11805 0005,18290,89660,107950,17850,93410,111260,61000MOU
R72 11805 0006,17330,73660,90990,16660,112780,129440,61000MOU
R72 11805 0007,16790,65470,82260,15960,118710,134670,61000MOU
R72 11805 0008,16460,82350,98810,15550,115430,130980,61000MOU
R72 11805 0009,16320,83010,99330,15220,88760,103980,61000MOU
R72 11805 0010,16480,76340,92820,15820,115650,131470,61000MOU
R72 11805 0011,17440,88040,105480,16980,106790,123770,61000MOU
R72 11805 0012,17920,98170,116090,17830,108890,126720,61000MOU
R72 11805 0013,18240,68370,86610,18450,83360,101810,61000MOU
R72 11805 0014,18830,95800,114630,19250,119780,139030,61000MOU
R72 11805 0016,18690,69540,88230,19010,75510,94520,61000MOU
R72 11805 0017,9820,0,9820,8810,0,8810,61000MOU
R72 11806 0006,22670,94400,117070,18210,99020,117230,61000DVT
R72 11806 0007,12630,38710,51340,10100,44480,54580,61000DVT
R72 11806 0009,6000,52580,58580,10020,54060,64080,61000DVT
R72 11806 0011,12500,31860,44360,10060,39860,49920,61000DVT
R72 11806 0013,12630,2100,14730,10100,10040,20140,61000DVT
R72 11806 0014,12630,42650,55280,10150,31610,41760,61000DVT
R72 11806 0015,12630,33910,46540,10100,33640,43740,61000DVT
R72 11806 0016,12630,48520,61150,10100,60800,70900,61000DVT
R72 11806 0017,6310,0,6310,4570,0,4570,61000DVT
R72 11806 0018,5980,0,5980,4310,0,4310,61000DVT
R72 11806 0019,15600,48680,64280,12620,60500,73120,61000DVT
R72 11806 0022,13130,19370,32500,10520,29110,39630,61000DVT
R72 11806 0025,13650,50830,64480,10950,20130,31080,61000DVT
R72 11806 0026,13780,38710,52490,11080,58600,69680,61000DVT
R72 11806 0027,13260,44010,57270,10680,31040,41720,61000DVT
R72 11806 0028,14040,50860,64900,11310,57400,68710,61000DVT
R72 11806 0029,14710,59540,74250,21000,77490,98490,61000DVT
R72 11806 0032,12630,45460,58090,10160,76930,87090,61000DVT
R72 11806 0034,12860,52450,65310,10250,75610,85860,61000DVT
R72 11806 0035,12860,56470,69330,10340,52320,62660,61000DVT
R72 11806 0036,16410,38680,55090,13300,53470,66770,61000DVT
R72 11806 0038,17270,73150,90420,13450,83980,97430,61000DVT
R72 11806 0040,12600,53880,66480,9860,26610,36470,61000DVT
R72 11807 0001,5920,0,5920,4270,0,4270,61000DVT
R72 11807 0002,9430,72930,82360,7670,63710,71380,61000DVT
R72 11807 0003,14380,14740,29120,11280,51030,62310,61000DVT
R72 11807 0006,5340,0,5340,3890,0,3890,61000DVT
R72 11807 0007,11850,80340,92190,9430,107410,116840,61000DVT
R72 11807 0008,12880,44950,57830,10360,47240,57600,61000DVT
R72 11807 0012,11970,46280,58250,9600,42300,51900,61000DVT
R72 11807 0013,12230,52230,64460,9820,85760,95580,61000DVT
R72 11807 0015,11720,35930,47650,9390,39160,48550,61000DVT
R72 11807 0017,11970,66210,78180,9600,72900,82500,61000DVT
R72 11807 0019,11970,49690,61660,9600,53640,63240,61000DVT
R72 11807 0021,12880,47120,60000,10360,33560,43920,61000DVT
R72 11807 0022,13520,37300,50820,10890,45620,56510,61000DVT
R72 11807 0023,13520,40430,53950,10890,38800,49690,61000DVT
R72 11807 0024,13000,42510,55510,10460,16860,27320,61000DVT
R72 11807 0027,19960,95690,115650,16270,63460,79730,61000DVT
R72 11807 0028,14030,51140,65170,11320,38170,49490,61000DVT
R72 11807 0029,17250,22160,39410,14010,10890,24900,61000DVT
R72 11807 0031,13520,30870,44390,10890,8110,19000,61000DVT
R72 11807 0033,13780,51170,64950,11110,60870,71980,61000DVT
R72 11807 0035,13650,50610,64260,11000,63390,74390,61000DVT
R72 11807 0037,12230,1920,14150,9820,38820,48640,61000DVT
R72 11807 0038,12230,36330,48560,9820,36490,46310,61000DVT
R72 11807 0042,13060,60250,73310,10370,72740,83110,61000DVT
R72 11807 0043,14150,79980,94130,11330,83000,94330,61000DVT
R72 11807 0044,12880,62710,75590,10320,57580,67900,61000DVT
R72 11807 0046,12880,47940,60820,10320,45700,56020,61000DVT
R72 11807 0048,12880,51060,63940,10320,62000,72320,61000DVT
R72 11807 0050,5850,5850,11700,14820,32950,47770,61000DVT
R72 11807 0052,10930,27140,38070,8750,32900,41650,61000DVT
R72 11807 0055,10930,53530,64460,8750,41350,50100,61000DVT
R72 11807 0056,13630,43210,56840,10930,38970,49900,61000DVT
R72 11807 0057,13630,33960,47590,10930,25620,36550,61000DVT
R72 11807 0058,13630,44220,57850,8760,0,8760,61000DVT
R72 11807 0059,10880,38490,49370,8710,38980,47690,61000DVT
R72 11807 0061,10400,33670,44070,8340,21440,29780,61000DVT
R72 11807 0063,15640,46550,62190,9130,40680,49810,61000DVT
R72 11807 0070,9190,33740,42930,7750,16270,24020,61000DVT
R72 11807 0071,9680,8830,18510,7960,18220,26180,61000DVT
R72 11807 0076,11040,42910,53950,8680,24790,33470,61000DVT
R72 11807 0080,11040,15450,26490,8680,23570,32250,61000DVT
R72 11807 0081,10870,31180,42050,8600,18700,27300,61000DVT
R72 11807 0085,13130,38700,51830,10550,48880,59430,61000DVT
R72 11807 0086,11700,35960,47660,9350,36900,46250,61000DVT
R72 11807 0087,12090,39420,51510,9680,13510,23190,61000DVT
R72 11807 0088,12350,37280,49630,9890,46660,56550,61000DVT
R72 11807 0090,11440,30590,42030,9130,31990,41120,61000DVT
R72 11807 0092,13390,66090,79480,10770,63520,74290,61000DVT
R72 11807 0094,11440,59410,70850,9130,0,9130,61000DVT
R72 11807 0095,5320,0,5320,3840,0,3840,61000DVT
R72 11807 0096,12750,46380,59130,10230,27810,38040,61000DVT
R72 11807 0097,12690,48310,61000,10150,48490,58640,61000DVT
R72 11807 0098,17010,71550,88560,13920,51080,65000,61000DVT
R72 11807 0101,1290,0,1290,990,0,990,61000DVT
R72 11808 0001,14030,52110,66140,11320,56720,68040,61000DVT
R72 11808 0002,14680,55460,70140,11860,27120,38980,61000DVT
R72 11808 0005,14680,57940,72620,11860,58560,70420,61000DVT
R72 11808 0006,14030,68870,82900,11320,61100,72420,61000DVT
R72 11808 0007,13380,102940,116320,10770,88570,99340,61000DVT
R72 11808 0008,13630,48340,61970,10930,24690,35620,61000DVT
R72 11808 0009,17390,35370,52760,12800,26510,39310,61000DVT
R72 11808 0010,12540,32120,44660,9110,17060,26170,61000DVT
R72 11808 0012,11830,36850,48680,9460,33080,42540,61000DVT
R72 11808 0013,17600,91220,108820,14110,85120,99230,61000DVT
R72 11808 0014,10300,0,10300,7400,0,7400,61000DVT
R72 11808 0015,8570,580,9150,6850,740,7590,61000DVT
R72 11808 0016,14280,82680,96960,11410,83170,94580,61000DVT
R72 11808 0017,7150,0,7150,5160,0,5160,61000DVT
R72 11808 0018,14280,65860,80140,11360,66570,77930,61000DVT
R72 11808 0019,14280,46350,60630,11300,79710,91010,61000DVT
R72 11808 0020,27140,66340,93480,22510,75610,98120,61000DVT
R72 11808 0021,17550,63770,81320,15390,87640,103030,61000DVT
R72 11808 0022,15680,68500,84180,11740,58530,70270,61000DVT
R72 11808 0023,15680,60690,76370,11740,55180,66920,61000DVT
R72 11808 0024,15680,66630,82310,11740,70640,82380,61000DVT
R72 11808 0025,15600,52880,68480,12620,65830,78450,61000DVT
R72 11808 0026,15660,71240,86900,12090,69270,81360,61000DVT
R72 11808 0027,15300,58110,73410,12330,61930,74260,61000DVT
R72 11808 0028,13750,63510,77260,11030,87410,98440,61000DVT
R72 11808 0029,13750,81700,95450,11030,48050,59080,61000DVT
R72 11808 0030,13750,93390,107140,11030,69230,80260,61000DVT
R72 11808 0031,13750,68510,82260,11030,66180,77210,61000DVT
R72 11808 0032,13750,50820,64570,11030,49140,60170,61000DVT
R72 11808 0033,13750,56910,70660,11030,52950,63980,61000DVT
R72 11808 0034,13750,70840,84590,11030,72320,83350,61000DVT
R72 11808 0035,13750,44920,58670,11030,62980,74010,61000DVT
R72 11808 0036,6880,0,6880,4990,0,4990,61000DVT
R72 11808 0037,16380,77550,93930,13140,74650,87790,61000DVT
R72 11809 0001,14310,77570,91880,11540,73810,85350,61000DVT
R72 11809 0003,12320,80890,93210,9890,86530,96420,61000DVT
R72 11809 0004,7290,0,7290,5350,0,5350,61000DVT
R72 11809 0005,14250,61110,75360,11700,59760,71460,61000DVT
R72 11809 0006,14250,74820,89070,11700,73290,84990,61000DVT
R72 11809 0007,14250,46730,60980,11700,42610,54310,61000DVT
R72 11809 0008,14250,67990,82240,11700,66960,78660,61000DVT
R72 11809 0009,14250,45540,59790,11700,42900,54600,61000DVT
R72 11809 0010,14250,64020,78270,11700,75160,86860,61000DVT
R72 11809 0011,14250,63840,78090,11700,53800,65500,61000DVT
R72 11809 0012,14250,50670,64920,11700,56130,67830,61000DVT
R72 11809 0013,12710,43800,56510,10200,24420,34620,61000DVT
R72 11809 0014,13500,85140,98640,10820,64360,75180,61000DVT
R72 11809 0015,14130,56540,70670,11530,48180,59710,61000DVT
R72 11809 0016,6940,0,6940,5100,0,5100,61000DVT
R72 11809 0017,14130,68680,82810,11530,45740,57270,61000DVT
R72 11809 0018,14130,79950,94080,11570,68550,80120,61000DVT
R72 11809 0019,3170,0,3170,2500,0,2500,61000DVT
R72 11809 0020,20980,53790,74770,17220,45270,62490,61000DVT
R72 11809 0023,14180,92740,106920,11450,71410,82860,61000DVT
R72 11809 0024,6750,0,6750,4910,0,4910,61000DVT
R72 11809 0025,13750,44430,58180,11150,81110,92260,61000DVT
R72 11809 0026,6880,0,6880,5050,0,5050,61000DVT
R72 11809 0027,13750,102110,115860,11150,99460,110610,61000DVT
R72 11809 0028,7570,0,7570,5600,0,5600,61000DVT
R72 11809 0029,14130,57250,71380,11570,59530,71100,61000DVT
R72 11809 0030,14130,69900,84030,11570,75410,86980,61000DVT
R72 11809 0031,14130,63510,77640,11570,61060,72630,61000DVT
R72 11809 0032,14130,52600,66730,11570,56840,68410,61000DVT
R72 11809 0033,14130,88340,102470,11570,65460,77030,61000DVT
R72 11809 0034,13280,54280,67560,18740,52920,71660,61000DVT
R72 11809 0035,6210,0,6210,4570,0,4570,61000DVT
R72 11809 0037,14630,47560,62190,12290,34550,46840,61000DVT
R72 11809 0039,12130,73020,85150,9720,79320,89040,61000DVT
R72 11809 0040,6250,0,6250,4540,0,4540,61000UNR
R72 11809 0041,6060,0,6060,4400,0,4400,61000UNR
R72 11809 0042,12500,54550,67050,9980,32400,42380,61000UNR
R72 11809 0043,13130,41670,54800,10570,59150,69720,61000UNR
R72 11809 0044,13250,45880,59130,10690,55210,65900,61000UNR
R72 11809 0045,12500,49160,61660,10020,69770,79790,61000UNR
R72 11809 0046,12500,53860,66360,10020,90740,100760,61000UNR
R72 11809 0047,12500,57460,69960,10020,74990,85010,61000UNR
R72 11809 0048,13630,42530,56160,11030,67490,78520,61000UNR
R72 11809 0049,14250,38020,52270,11740,66490,78230,61000UNR
R72 11809 0050,12880,42580,55460,10360,66220,76580,61000UNR
R72 11809 0051,12500,39880,52380,10020,67260,77280,61000UNR
R72 11809 0052,12500,51980,64480,10020,96780,106800,61000UNR
R72 11809 0053,11880,51620,63500,9520,63270,72790,61000UNR
R72 11809 0054,13910,19120,33030,11200,42490,53690,61000UNR
R72 11809 0055,12470,66300,78770,10010,84860,94870,61000UNR
R72 11809 0056,14130,76260,90390,11530,104150,115680,61000UNR
R72 11809 0060,3170,0,3170,2500,0,2500,61000DVT
R72 11810 0001,5930,0,5930,4310,0,4310,61000DVT
R72 11810 0002,12330,50430,62760,9690,50440,60130,61000DVT
R72 11810 0003,14210,41640,55850,11410,31030,42440,61000DVT
R72 11810 0004,15470,46690,62160,12570,36670,49240,61000DVT
R72 11810 0005,14880,40350,55230,11990,41730,53720,61000DVT
R72 11810 0006,16940,43970,60910,14100,46170,60270,61000DVT
R72 11810 0007,14180,58790,72970,11110,55660,66770,61000DVT
R72 11810 0008,7690,2640,10330,6030,3470,9500,61000DVT
R72 11810 0009,12790,40810,53600,10120,49840,59960,61000DVT
R72 11810 0010,13610,35170,48780,10880,42450,53330,61000DVT
R72 11810 0011,14990,49240,64230,12170,32630,44800,61000DVT
R72 11810 0012,12240,49040,61280,9780,38580,48360,61000DVT
R72 11810 0013,14400,42500,56900,11450,39920,51370,61000DVT
R72 11810 0014,14010,49060,63070,11280,59990,71270,61000DVT
R72 11810 0016,6260,0,6260,4430,0,4430,61000DVT
R72 11810 0017,6940,0,6940,5080,0,5080,61000UNR
R72 11810 0018,13600,52750,66350,10990,78560,89550,61000UNR
R72 11810 0019,13600,30340,43940,10990,55270,66260,61000UNR
R72 11810 0020,13740,65720,79460,11110,59590,70700,61000UNR
R72 11810 0021,13740,44830,58570,11110,54410,65520,61000UNR
R72 11810 0022,13880,31530,45410,11280,44660,55940,61000UNR
R72 11810 0024,15260,53860,69120,12490,48120,60610,61000UNR
R72 11810 0026,15260,13370,28630,12490,69700,82190,61000UNR
R72 11810 0028,17210,45590,62800,14240,64700,78940,61000UNR
R72 11810 0030,12500,50200,62700,10020,71600,81620,61000UNR
R72 11810 0031,12500,51290,63790,10020,73620,83640,61000UNR
R72 11810 0032,12620,45110,57730,10100,56930,67030,61000UNR
R72 11810 0033,13590,65510,79100,10650,76610,87260,61000UNR
R72 11810 0034,6310,0,6310,4570,0,4570,61000DVT
R72 11810 0035,17170,83900,101070,13790,100440,114230,61000DVT
R72 11810 0036,12990,43130,56120,10420,49050,59470,61000DVT
R72 11810 0037,11930,22430,34360,9520,34330,43850,61000DVT
R72 11810 0038,14580,39480,54060,11780,36910,48690,61000DVT
R72 11810 0039,1210,0,1210,980,0,980,61000DVT
R72 11810 0040,15530,53480,69010,12910,61090,74000,61000DVT
R72 11810 0042,14840,93970,108810,12130,61880,74010,61000DVT
R72 11810 0043,7030,0,7030,5130,0,5130,61000DVT
R72 11810 0044,16890,47340,64230,15730,65330,81060,61000DVT
R72 11810 0045,12500,54650,67150,9980,71470,81450,61000DVT
R72 11810 0050,12130,49990,62120,9720,58930,68650,61000DVT
R72 11810 0051,820,0,820,690,0,690,61000DVT
R72 11901 0001,14560,142270,156830,11700,104640,116340,61000COL
R72 11901 0002,6690,0,6690,4860,0,4860,61000COL
R72 11901 0003,12860,94760,107620,10290,78640,88930,61000COL
R72 11901 0004,6370,0,6370,4620,0,4620,61000COL
R72 11901 0005,14430,59410,73840,11470,51310,62780,61000COL
R72 11901 0006,15960,71750,87710,12720,64570,77290,61000COL
R72 11901 0008,6300,0,6300,5060,940,6000,61000COL
R72 11901 0009,16920,129280,146200,13390,128370,141760,61000COL
R72 11901 0010,15000,107970,122970,15000,140790,155790,61000COL
R72 11901 0012,12000,125860,137860,9640,112270,121910,61000COL
R72 11901 0013,6000,0,6000,4350,0,4350,61000COL
R72 11901 0014,15600,54190,69790,12300,50950,63250,61000COL
R72 11901 0016,15600,69230,84830,12300,68870,81170,61000COL
R72 11901 0017,19000,92970,111970,14870,105640,120510,61000COL
R72 11901 0019,13650,73200,86850,10990,97890,108880,61000COL
R72 11901 0020,6440,0,6440,4670,0,4670,61000COL
R72 11901 0021,13800,89670,103470,10930,112860,123790,61000COL
R72 11901 0022,12000,49250,61250,9560,58580,68140,61000COL
R72 11901 0023,12470,46280,58750,9920,54950,64870,61000COL
R72 11901 0024,12470,48310,60780,9920,46230,56150,61000COL
R72 11901 0025,12470,54000,66470,9970,57960,67930,61000COL
R72 11901 0026,12600,54740,67340,10020,58790,68810,61000COL
R72 11901 0027,12600,49970,62570,10060,28010,38070,61000COL
R72 11901 0028,12600,48180,60780,10060,43310,53370,61000COL
R72 11901 0029,12600,47450,60050,10110,49750,59860,61000COL
R72 11901 0030,6060,0,6060,4380,0,4380,61000COL
R72 11901 0031,7470,0,7470,5360,0,5360,61000COL
R72 11901 0032,14180,28020,42200,11450,44380,55830,61000COL
R72 11901 0033,13500,54510,68010,10860,50410,61270,61000COL
R72 11901 0034,13500,45300,58800,10860,52410,63270,61000COL
R72 11901 0035,5050,0,5050,3590,0,3590,61000COL
R72 11901 0036,13500,47470,60970,10860,53530,64390,61000COL
R72 11901 0037,13500,47650,61150,10860,45910,56770,61000COL
R72 11901 0038,13500,50290,63790,10860,40730,51590,61000COL
R72 11901 0039,14180,53170,67350,11450,54630,66080,61000COL
R72 11901 0040,15530,55210,70740,12620,67430,80050,61000COL
R72 11901 0041,5050,0,5050,3590,0,3590,61000COL
R72 11901 0042,13500,47760,61260,10860,59220,70080,61000COL
R72 11901 0043,15120,38000,53120,12270,33210,45480,61000COL
R72 11901 0045,3820,0,3820,2850,0,2850,61000COL
R72 11901 0046,5050,0,5050,3590,0,3590,61000COL
R72 11902 0001,6630,0,6630,4840,0,4840,61000DVT
R72 11902 0002,16140,26270,42410,13140,58860,72000,61000DVT
R72 11902 0003,6430,0,6430,4640,0,4640,61000DVT
R72 11902 0004,12860,51260,64120,10250,44000,54250,61000DVT
R72 11902 0006,16010,60470,76480,12690,52260,64950,61000DVT
R72 11902 0007,12730,53570,66300,10150,35110,45260,61000DVT
R72 11902 0008,16010,63310,79320,12690,122990,135680,61000DVT
R72 11902 0009,13630,82830,96460,10930,65390,76320,61000DVT
R72 11902 0010,12500,46730,59230,10020,46040,56060,61000DVT
R72 11902 0011,12500,56580,69080,10020,46270,56290,61000DVT
R72 11902 0012,6250,0,6250,4540,0,4540,61000DVT
R72 11902 0013,6250,0,6250,4520,0,4520,61000DVT
R72 11902 0014,6190,0,6190,4480,0,4480,61000DVT
R72 11902 0015,14130,84970,99100,11330,76500,87830,61000DVT
R72 11902 0016,6060,0,6060,4400,0,4400,61000DVT
R72 11902 0017,13060,50650,63710,10370,86940,97310,61000DVT
R72 11902 0019,15730,70450,86180,12090,64920,77010,61000DVT
R72 11902 0020,700,0,700,530,0,530,61000DVT
R72 11902 0021,14180,63000,77180,11490,66310,77800,61000DVT
R72 11902 0022,13250,39510,52760,10610,31580,42190,61000DVT
R72 11902 0023,13650,81860,95510,10940,58860,69800,61000DVT
R72 11902 0024,6700,0,6700,4850,0,4850,61000DVT
R72 11902 0025,14650,93460,108110,11740,72010,83750,61000DVT
R72 11902 0026,13130,83260,96390,10510,72850,83360,61000DVT
R72 11902 0027,6310,0,6310,4570,0,4570,61000DVT
R72 11902 0028,5090,0,5090,3670,0,3670,61000DVT
R72 11902 0029,12750,54940,67690,10190,72030,82220,61000DVT
R72 11902 0030,6310,0,6310,4590,0,4590,61000DVT
R72 11902 0031,6990,0,6990,5050,0,5050,61000DVT
R72 11902 0032,12860,62790,75650,10250,61910,72160,61000DVT
R72 11902 0033,6430,0,6430,4660,0,4660,61000DVT
R72 11902 0034,14730,78200,92930,11820,67540,79360,61000DVT
R72 11902 0035,12880,60270,73150,10310,52480,62790,61000DVT
R72 11902 0036,6380,0,6380,4630,0,4630,61000DVT
R72 11902 0037,12630,72970,85600,10150,74910,85060,61000DVT
R72 11902 0038,12500,55890,68390,10060,39150,49210,61000DVT
R72 11902 0039,15130,56660,71790,12140,63370,75510,61000DVT
R72 11902 0041,910,0,910,700,0,700,61000DVT
R72 11904 0001,13230,70730,83960,10630,64120,74750,61000DVT
R72 11904 0002,16540,55980,72520,13190,49870,63060,61000DVT
R72 11904 0003,14090,51360,65450,11200,50280,61480,61000DVT
R72 11904 0005,6190,0,6190,4470,0,4470,61000DVT
R72 11904 0006,12250,86030,98280,9770,63990,73760,61000DVT
R72 11904 0007,12250,73870,86120,9770,61010,70780,61000DVT
R72 11904 0008,6120,0,6120,4450,0,4450,61000DVT
R72 11904 0009,18500,58930,77430,14860,60170,75030,61000DVT
R72 11904 0011,6250,0,6250,4540,0,4540,61000DVT
R72 11904 0012,13750,61510,75260,11030,67260,78290,61000DVT
R72 11904 0013,12370,53120,65490,9860,52190,62050,61000DVT
R72 11904 0014,12250,43650,55900,9770,44270,54040,61000DVT
R72 11904 0015,12250,42890,55140,9770,49500,59270,61000DVT
R72 11904 0016,12250,45290,57540,9810,40980,50790,61000DVT
R72 11904 0017,12250,47540,59790,9810,39370,49180,61000DVT
R72 11904 0018,4580,0,4580,3350,0,3350,61000DVT
R72 11904 0019,6130,0,6130,4460,0,4460,61000DVT
R72 11904 0020,15190,78060,93250,12190,91710,103900,61000DVT
R72 11904 0021,15310,57620,72930,12230,50680,62910,61000DVT
R72 11904 0022,12250,58930,71180,9810,49500,59310,61000DVT
R72 11904 0023,12250,57400,69650,9770,70360,80130,61000DVT
R72 11904 0024,12130,71160,83290,9730,64780,74510,61000DVT
R72 11904 0025,12130,69490,81620,9730,46750,56480,61000DVT
R72 11904 0026,12130,63160,75290,9730,49320,59050,61000DVT
R72 11904 0027,12370,59580,71950,9860,44500,54360,61000DVT
R72 11904 0028,17380,49940,67320,15010,52400,67410,61000DVT
R72 11904 0029,6630,0,6630,4870,0,4870,61000DVT
R72 11904 0030,6570,0,6570,4990,0,4990,61000DVT
R72 11904 0031,13130,47420,60550,10520,52870,63390,61000DVT
R72 11904 0032,14130,87090,101220,11330,81640,92970,61000DVT
R72 11904 0033,6500,0,6500,4720,0,4720,61000DVT
R72 11904 0034,12990,64920,77910,10440,94320,104760,61000DVT
R72 11904 0035,12860,74340,87200,10290,77180,87470,61000DVT
R72 11904 0036,12860,52610,65470,10250,34260,44510,61000DVT
R72 11904 0037,12860,62970,75830,10250,46300,56550,61000DVT
R72 11904 0038,4770,0,4770,3470,0,3470,61000DVT
R72 11904 0039,16540,70220,86760,13190,77690,90880,61000DVT
R72 11904 0041,4580,0,4580,3350,0,3350,61000DVT
R72 11904 0044,!,!,!
R72 11904 0045,!,!,!
R72 11905 0001,15680,69210,84890,12580,68600,81180,61000DVT
R72 11905 0002,6430,0,6430,4680,0,4680,61000DVT
R72 11905 0003,12860,71870,84730,10340,69860,80200,61000DVT
R72 11905 0004,16950,61320,78270,13600,68920,82520,61000DVT
R72 11905 0005,16410,51520,67930,13250,45010,58260,61000DVT
R72 11905 0007,12750,56710,69460,10220,47490,57710,61000DVT
R72 11905 0008,11880,58540,70420,9520,45180,54700,61000DVT
R72 11905 0009,12500,35480,47980,10020,38630,48650,61000DVT
R72 11905 0010,12500,58160,70660,10020,47830,57850,61000DVT
R72 11905 0011,13750,58170,71920,11030,33410,44440,61000DVT
R72 11905 0012,13390,45420,58810,10760,36210,46970,61000DVT
R72 11905 0013,13260,58290,71550,10620,52660,63280,61000DVT
R72 11905 0014,13130,49160,62290,10480,43780,54260,61000DVT
R72 11905 0015,6130,0,6130,4460,0,4460,61000DVT
R72 11905 0016,13230,88300,101530,10580,93780,104360,61000DVT
R72 11905 0017,13480,73720,87200,10730,81310,92040,61000DVT
R72 11905 0018,6430,0,6430,4660,0,4660,61000DVT
R72 11905 0019,12860,51810,64670,10290,38430,48720,61000DVT
R72 11905 0020,17650,51520,69170,15520,46740,62260,61000DVT
R72 11905 0022,16670,64060,80730,14500,54430,68930,61000DVT
R72 11905 0023,13130,62020,75150,10520,51520,62040,61000DVT
R72 11905 0024,13130,53800,66930,10520,28220,38740,61000DVT
R72 11905 0025,13880,45170,59050,11130,43120,54250,61000DVT
R72 11905 0026,12250,43360,55610,9810,31270,41080,61000DVT
R72 11905 0027,12250,41760,54010,9810,28150,37960,61000DVT
R72 11905 0028,6130,0,6130,4420,0,4420,61000DVT
R72 11905 0029,12130,56720,68850,9670,32380,42050,61000DVT
R72 11905 0032,850,0,850,690,0,690,61000DVT
R72 11906 0001,11700,36920,48620,8020,19320,27340,62000COR
R72 11906 0002,11700,36030,47730,8020,33500,41520,62000COR
R72 11906 0003,14640,48290,62930,10330,35630,45960,62000COR
R72 11906 0004,16990,44940,61930,12180,30000,42180,62000COR
R72 11906 0007,11230,41640,52870,7650,37370,45020,62000COR
R72 11906 0008,5880,0,5880,3620,0,3620,62000COR
R72 11906 0009,11700,39980,51680,8020,24060,32080,62000COR
R72 11906 0010,5880,0,5880,3620,0,3620,62000COR
R72 11906 0011,17580,40650,58230,12640,41170,53810,62000COR
R72 11906 0013,12380,36570,48950,8560,32090,40650,62000COR
R72 11906 0014,12360,41220,53580,8630,26490,35120,62000COR
R72 11906 0015,14370,42530,56900,10330,24650,34980,62000COR
R72 11906 0016,5340,0,5340,3210,0,3210,62000COR
R72 11906 0017,10360,39120,49480,6920,37390,44310,62000COR
R72 11906 0018,14750,30320,45070,10650,41400,52050,62000COR
R72 11906 0019,12490,42970,55460,8730,28060,36790,62000COR
R72 11906 0020,12490,38390,50880,8730,42530,51260,62000COR
R72 11906 0021,12490,42860,55350,8730,34780,43510,62000COR
R72 11906 0022,12490,45250,57740,8730,37120,45850,62000COR
R72 11906 0023,12490,39760,52250,8730,36850,45580,62000COR
R72 11906 0024,12490,32920,45410,8730,50740,59470,62000COR
R72 11906 0025,12490,40960,53450,8730,52750,61480,62000COR
R72 11906 0026,6270,0,6270,3940,0,3940,62000COR
R72 11907 0001,16250,64240,80490,12880,73670,86550,61000PRI
R72 11907 0002,13080,61460,74540,10480,61650,72130,61000PRI
R72 11907 0003,6000,0,6000,4370,0,4370,61000PRI
R72 11907 0004,12000,47040,59040,9640,51100,60740,61000PRI
R72 11907 0005,12860,60110,72970,10290,64310,74600,61000PRI
R72 11907 0006,12860,51640,64500,10290,56480,66770,61000PRI
R72 11907 0007,12600,60540,73140,10110,59690,69800,61000PRI
R72 11907 0008,12600,50620,63220,10110,53640,63750,61000PRI
R72 11907 0009,12600,62890,75490,10110,56350,66460,61000PRI
R72 11907 0010,12600,46680,59280,10110,29890,40000,61000PRI
R72 11907 0011,12600,55600,68200,10110,63800,73910,61000PRI
R72 11907 0012,12600,46410,59010,10110,60970,71080,61000PRI
R72 11907 0013,13080,51790,64870,10480,64900,75380,61000PRI
R72 11907 0014,13080,61120,74200,10480,74010,84490,61000PRI
R72 11907 0015,5090,0,5090,3740,0,3740,61000PRI
R72 11907 0016,12600,59090,71690,10110,69370,79480,61000PRI
R72 11907 0017,12600,60520,73120,10110,58510,68620,61000PRI
R72 11907 0018,12600,40750,53350,10110,57580,67690,61000PRI
R72 11907 0019,12600,43950,56550,10110,43860,53970,61000PRI
R72 11907 0020,12600,59790,72390,10110,70240,80350,61000PRI
R72 11907 0021,12000,51350,63350,9640,59950,69590,61000PRI
R72 11907 0022,6000,0,6000,4370,0,4370,61000PRI
R72 11907 0023,6000,0,6000,4370,0,4370,61000PRI
R72 11907 0024,12000,78750,90750,9640,80900,90540,61000PRI
R72 11907 0025,12000,65500,77500,9640,63300,72940,61000PRI
R72 11907 0026,4720,0,4720,3450,0,3450,61000PRI
R72 11907 0027,16080,61870,77950,12810,69300,82110,61000PRI
R72 11907 0028,4310,0,4310,3190,0,3190,61000PRI
R72 11907 0029,4190,0,4190,3110,0,3110,61000PRI
R72 11908 0001,12730,56880,69610,10150,62640,72790,61000PRI
R72 11908 0002,12730,15720,28450,10150,64030,74180,61000PRI
R72 11908 0003,12730,61920,74650,10150,63460,73610,61000PRI
R72 11908 0004,12730,61370,74100,10150,80360,90510,61000PRI
R72 11908 0005,6500,19500,26000,10150,85220,95370,61000PRI
R72 11908 0006,12730,60140,72870,10150,75860,86010,61000PRI
R72 11908 0007,12730,56760,69490,10150,75950,86100,61000PRI
R72 11908 0008,12730,60620,73350,10150,85760,95910,61000PRI
R72 11908 0009,6060,0,6060,4380,0,4380,61000PRI
R72 11908 0010,13340,33180,46520,10620,12920,23540,61000PRI
R72 11908 0011,10910,50480,61390,8740,59290,68030,61000PRI
R72 11908 0012,4230,0,4230,3110,0,3110,61000PRI
R72 11908 0013,12130,40430,52560,9680,55110,64790,61000PRI
R72 11908 0014,12130,52050,64180,9680,63750,73430,61000PRI
R72 11908 0015,13700,48280,61980,10910,48950,59860,61000PRI
R72 11908 0016,15120,51690,66810,12070,58790,70860,61000PRI
R72 11908 0018,16200,57870,74070,12910,74550,87460,61000PRI
R72 11908 0019,6000,0,6000,4370,0,4370,61000PRI
R72 11908 0020,13680,63330,77010,10950,68150,79100,61000PRI
R72 11908 0022,13680,54080,67760,10950,87010,97960,61000PRI
R72 11908 0023,13320,45490,58810,10670,53160,63830,61000PRI
R72 11908 0025,12000,64610,76610,9640,70300,79940,61000PRI
R72 11908 0026,6300,0,6300,4580,0,4580,61000PRI
R72 11908 0027,12600,60350,72950,10110,60820,70930,61000PRI
R72 11908 0028,12600,63170,75770,10110,64910,75020,61000PRI
R72 11908 0029,6300,0,6300,4580,0,4580,61000PRI
R72 11908 0030,12480,51120,63600,10010,68220,78230,61000PRI
R72 11908 0031,11350,62170,73520,9080,64390,73470,61000PRI
R72 11908 0032,15530,43290,58820,12680,48120,60800,61000PRI
R72 11908 0033,13520,56560,70080,10860,56950,67810,61000PRI
R72 11908 0035,15050,54960,70010,12120,61960,74080,61000PRI
R72 11908 0037,15560,58350,73910,12540,65550,78090,61000PRI
R72 11908 0039,14850,47630,62480,12040,53870,65910,61000PRI
R72 11908 0041,15260,57160,72420,12540,58270,70810,61000PRI
R72 11908 0042,13500,47990,61490,10900,52600,63500,61000PRI
R72 11908 0043,13200,51660,64860,10570,55760,66330,61000PRI
R72 11908 0044,21000,44190,65190,16640,60450,77090,61000PRI
R72 11908 0046,14440,54230,68670,11630,53490,65120,61000PRI
R72 11908 0048,15560,64310,79870,12540,63040,75580,61000PRI
R72 11908 0050,13320,53260,66580,10670,45740,56410,61000PRI
R72 11908 0056,4840,0,4840,3540,0,3540,61000PRI
R72 11909 0001,13250,77800,91050,10620,110230,120850,61000PRI
R72 11909 0002,6250,0,6250,4540,0,4540,61000PRI
R72 11909 0003,23500,98810,122310,18890,125360,144250,61000PRI
R72 11909 0006,12500,59620,72120,10020,75620,85640,61000PRI
R72 11909 0007,12500,52190,64690,10020,54470,64490,61000PRI
R72 11909 0008,12500,64300,76800,10020,50960,60980,61000PRI
R72 11909 0009,12500,74290,86790,10020,63240,73260,61000PRI
R72 11909 0010,12500,70690,83190,10020,56970,66990,61000PRI
R72 11909 0011,18750,58160,76910,15060,58320,73380,61000PRI
R72 11909 0013,12500,77490,89990,10020,80610,90630,61000PRI
R72 11909 0014,12500,84240,96740,10020,76730,86750,61000PRI
R72 11909 0015,5310,0,5310,3860,0,3860,61000PRI
R72 11909 0016,15000,55680,70680,12040,58020,70060,61000PRI
R72 11909 0017,12250,28840,41090,9820,48350,58170,61000PRI
R72 11909 0018,14700,55390,70090,11740,68780,80520,61000PRI
R72 11909 0019,14730,62980,77710,11820,63960,75780,61000PRI
R72 11909 0021,13880,55840,69720,11130,52610,63740,61000PRI
R72 11909 0022,12500,56980,69480,10020,69310,79330,61000PRI
R72 11909 0023,6250,0,6250,4540,0,4540,61000PRI
R72 11909 0024,12500,62320,74820,10020,58690,68710,61000PRI
R72 11909 0025,12500,67280,79780,10020,65350,75370,61000PRI
R72 11909 0026,3730,0,3730,2720,0,2720,61000PRI
R72 11909 0027,17500,55020,72520,14050,52310,66360,61000PRI
R72 11909 0028,12500,90340,102840,10020,81700,91720,61000PRI
R72 11909 0029,4930,0,4930,3580,0,3580,61000PRI
R72 11909 0030,18310,77780,96090,14800,65120,79920,61000PRI
R72 11909 0031,15760,41990,57750,12510,41580,54090,61000PRI
R72 11909 0032,14380,38160,52540,11530,36970,48500,61000UNR
R72 11909 0033,15380,50650,66030,12400,55870,68270,61000UNR
R72 11909 0034,16560,58320,74880,12800,100630,113430,61000UNR
R72 11909 0035,20860,85230,106090,16930,97130,114060,61000PRI
R72 11909 0036,13000,41090,54090,10420,47370,57790,61000PRI
R72 11909 0037,18750,85780,104530,15060,40850,55910,61000PRI
R72 11909 0039,6250,0,6250,4540,0,4540,61000PRI
R72 11909 0040,12500,100370,112870,10020,88880,98900,61000PRI
R72 11909 0041,12500,62190,74690,10020,59040,69060,61000PRI
R72 11909 0042,12500,73270,85770,10020,87280,97300,61000PRI
R72 11909 0043,12500,77390,89890,10020,77700,87720,61000PRI
R72 11909 0044,18920,57170,76090,14350,63240,77590,61000PRI
R72 11909 0053,0,0,0,2810,0,2810,61000PRI
R72 11910 0001,13460,35210,48670,12080,35740,47820,61000WES
R72 11910 0002,13580,43700,57280,12190,36840,49030,61000WES
R72 11910 0003,14870,42750,57620,13390,47570,60960,61000WES
R72 11910 0004,14870,43680,58550,13390,46890,60280,61000WES
R72 11910 0005,13580,36670,50250,12190,31110,43300,61000WES
R72 11910 0006,13460,40270,53730,12080,39350,51430,61000WES
R72 11910 0007,13930,39950,53880,12510,39990,52500,61000WES
R72 11910 0008,12430,39250,51680,11040,37270,48310,61000WES
R72 11910 0009,12430,42110,54540,11040,46110,57150,61000WES
R72 11910 0014,14520,43900,58420,13060,45210,58270,61000WES
R72 11910 0015,13930,39280,53210,12510,37270,49780,61000WES
R72 11910 0022,12600,21750,34350,12000,21500,33500,C7002000
R72 11910 0058,14000,49660,63660,15000,48310,63310,61000WES
R72 11910 0062,14830,20890,35720,14790,35240,50030,61000WES
R72 11910 0063,14000,41300,55300,15400,57560,72960,62000WES
R72 11910 0064,13360,38120,51480,12720,36350,49070,61000WES
R72 11910 0069,5910,0,5910,4280,0,4280,62000WES
R72 11910 0070,12290,36750,49040,10120,0,10120,62000WES
R72 11913 0001,12750,44780,57530,8210,38890,47100,61000COR
R72 11913 0002,12630,47370,60000,8110,44680,52790,61000COR
R72 11913 0003,4420,0,4420,2720,0,2720,61000COR
R72 11913 0004,13880,60990,74870,8970,59170,68140,61000COR
R72 11913 0005,15540,44060,59600,10290,40910,51200,61000COR
R72 11913 0006,7290,2310,9600,4740,3060,7800,61000COR
R72 11913 0007,14190,37180,51370,9090,64900,73990,61000COR
R72 11913 0008,13380,34140,47520,8670,26070,34740,61000COR
R72 11913 0009,13760,37390,51150,8870,34610,43480,61000COR
R72 11913 0010,13890,35560,49450,8970,33010,41980,61000COR
R72 11913 0011,14040,33320,47360,11380,34180,45560,61000COR
R72 11913 0013,13340,36890,50230,8680,34680,43360,61000COR
R72 11913 0014,14010,32510,46520,9180,21350,30530,61000COR
R72 11913 0015,7130,0,7130,4230,0,4230,61000COR
R72 11913 0016,14390,58340,72730,9560,69550,79110,61000COR
R72 11913 0017,36400,85800,122200,23110,86460,109570,61000COR
R72 11913 0021,14630,32700,47330,9950,32360,42310,61000COR
R72 11913 0022,14630,44870,59500,9950,35680,45630,61000COR
R72 11913 0023,14630,75860,90490,9920,48130,58050,61000COR
R72 11913 0024,12600,44470,57070,8070,32310,40380,61000COR
R72 11913 0025,6300,0,6300,3630,0,3630,61000COR
R72 11913 0026,13840,53530,67370,8920,59850,68770,61000COR
R72 11913 0027,13760,49540,63300,8870,42510,51380,61000COR
R72 11913 0028,6500,0,6500,3760,0,3760,61000COR
R72 11913 0029,12500,31930,44430,8070,22350,30420,61000COR
R72 11913 0030,13000,37860,50860,8380,30430,38810,61000COR
R72 11913 0031,13000,59790,72790,8340,50240,58580,61000COR
R72 11913 0032,12880,44500,57380,8310,39580,47890,61000COR
R72 11913 0033,13000,44160,57160,8340,41230,49570,61000COR
R72 11913 0034,6500,3790,10290,4170,3500,7670,61000COR
R72 11913 0035,12880,45230,58110,8310,42030,50340,61000COR
R72 11913 0036,6440,0,6440,3730,0,3730,61000COR
R72 11913 0037,6380,0,6380,3710,0,3710,61000COR
R72 11913 0038,12880,40830,53710,8270,48100,56370,61000COR
R72 11913 0039,12880,36900,49780,8310,37950,46260,61000COR
R72 11913 0040,12880,32390,45270,8310,33050,41360,61000COR
R72 11913 0041,12000,42810,54810,7710,32730,40440,61000COR
R72 11913 0042,15110,50550,65660,10020,46700,56720,61000COR
R72 11913 0043,13500,27520,41020,8640,18210,26850,61000COR
R72 11913 0044,12490,22900,35390,7900,38570,46470,61000COR
R72 11913 0045,13230,32170,45400,8420,20130,28550,61000COR
R72 11913 0046,13900,42150,56050,9000,41640,50640,61000COR
R72 11913 0047,6430,0,6430,3730,0,3730,61000COR
R72 11913 0048,12870,41380,54250,8320,35610,43930,61000COR
R72 11913 0049,12990,42350,55340,8350,31260,39610,61000COR
R72 11913 0050,12990,42730,55720,8350,30200,38550,61000COR
R72 11913 0051,12080,45910,57990,7730,44940,52670,61000COR
R72 11913 0052,12870,44790,57660,8290,38890,47180,61000COR
R72 11913 0053,12870,39240,52110,8290,34480,42770,61000COR
R72 11913 0054,12990,43250,56240,8350,47440,55790,61000COR
R72 11913 0055,12990,40600,53590,8350,34430,42780,61000COR
R72 11913 0057,12870,42080,54950,8290,34040,42330,61000COR
R72 11913 0058,12380,39830,52210,7940,34490,42430,61000COR
R72 11913 0059,13610,41060,54670,8760,32690,41450,61000COR
R72 11913 0060,13510,40950,54460,8680,39460,48140,61000COR
R72 11913 0061,6310,0,6310,3650,0,3650,61000COR
R72 11913 0062,12750,36440,49190,8210,34060,42270,61000COR
R72 11913 0063,13780,48950,62730,8910,39120,48030,61000COR
R72 11913 0064,12750,49930,62680,8190,38190,46380,61000COR
R72 11913 0065,6500,0,6500,3780,0,3780,61000COR
R72 11913 0066,13000,32530,45530,8340,49860,58200,61000COR
R72 11913 0068,13250,36480,49730,8510,33020,41530,61000COR
R72 11913 0069,13380,40800,54180,8640,37580,46220,61000COR
R72 11913 0070,11630,32030,43660,7470,27560,35030,61000COR
R72 11913 0071,15400,32760,48160,10130,22850,32980,61000COR
R72 11913 0072,12240,39970,52210,7900,32520,40420,61000COR
R72 11913 0073,12380,47200,59580,7940,42950,50890,61000COR
R72 11913 0074,20450,49090,69540,13040,44050,57090,61000COR
R72 11913 0075,13390,41850,55240,8650,34950,43600,61000COR
R72 11913 0076,12620,48090,60710,8100,41380,49480,61000COR
R72 11913 0077,14130,43230,57360,9280,38120,47400,61000COR
R72 11913 0078,14250,14900,29150,9350,23860,33210,61000COR
R72 11913 0079,14130,36940,51070,9280,34080,43360,61000COR
R72 11913 0080,14000,52000,66000,9180,48680,57860,61000COR
R72 11913 0081,13340,42510,55850,8680,35850,44530,61000COR
R72 11913 0082,13220,37560,50780,8490,31690,40180,61000COR
R72 11913 0083,12850,33660,46510,8300,38720,47020,61000COR
R72 11913 0084,12610,48190,60800,8150,41020,49170,61000COR
R72 11913 0085,12750,36260,49010,8240,31590,39830,61000COR
R72 11913 0086,13010,49060,62070,8410,44020,52430,61000COR
R72 11913 0087,13480,52940,66420,8720,49960,58680,61000COR
R72 11913 0088,3190,0,3190,2060,0,2060,61000COR
R72 11913 0089,6390,0,6390,3690,0,3690,61000COR
R72 11913 0090,13130,41940,55070,8480,39290,47770,61000COR
R72 11913 0091,13000,43960,56960,8380,34100,42480,61000COR
R72 11913 0092,12750,53560,66310,8240,50600,58840,61000COR
R72 11913 0093,12630,60350,72980,8110,68790,76900,61000COR
R72 11913 0094,12500,41200,53700,8010,37080,45090,61000COR
R72 11913 0095,12500,24450,36950,8010,26900,34910,61000COR
R72 11913 0096,12500,46380,58880,8040,42870,50910,61000COR
R72 11913 0097,5990,0,5990,3430,0,3430,61000COR
R72 11913 0098,12670,46860,59530,8170,44790,52960,61000COR
R72 11913 0099,12930,42090,55020,8320,40640,48960,61000COR
R72 11913 0100,13640,50340,63980,8790,30050,38840,61000COR
R72 11913 0101,960,0,960,180,0,180,61000COR
R72 11913 0102,13200,44240,57440,8550,33920,42470,61000COR
R72 11913 0103,14000,46330,60330,9110,40590,49700,61000COR
R72 11913 0104,13880,46060,59940,9050,45390,54440,61000COR
R72 11913 0105,13750,46390,60140,8910,43040,51950,61000COR
R72 11913 0106,13630,39930,53560,8780,53600,62380,61000COR
R72 11913 0107,13500,43090,56590,8680,39040,47720,61000COR
R72 11913 0108,13380,45700,59080,8640,39840,48480,61000COR
R72 11913 0109,13500,42410,55910,8680,37920,46600,61000COR
R72 11913 0110,13630,33960,47590,8810,30140,38950,61000COR
R72 11913 0111,13880,39700,53580,9010,36300,45310,61000COR
R72 11913 0112,14130,45450,59580,9280,7750,17030,61000COR
R72 11913 0113,13880,44580,58460,9010,38600,47610,61000COR
R72 11913 0114,14130,33790,47920,11620,12830,24450,61000COR
R72 11913 0115,14660,45010,59670,9700,38760,48460,61000COR
R72 11913 0116,13800,50730,64530,9170,51300,60470,61000COR
R72 11913 0117,14790,32310,47100,9870,31700,41570,61000COR
R72 11913 0118,14380,40400,54780,9610,36130,45740,61000COR
R72 11913 0119,14380,41100,55480,9480,50820,60300,61000COR
R72 11913 0120,14130,41080,55210,9310,34360,43670,61000COR
R72 11913 0121,14000,38890,52890,9180,29910,39090,61000COR
R72 11913 0123,12990,47120,60110,8390,38170,46560,61000COR
R72 11913 0124,12990,47540,60530,8330,44690,53020,61000COR
R72 11913 0125,12740,29720,42460,8170,32250,40420,61000COR
R72 11913 0126,11760,38370,50130,7590,33390,40980,61000COR
R72 11913 0127,13390,33900,47290,8350,43640,51990,61000COR
R72 11913 0128,13880,46550,60430,9080,35930,45010,61000COR
R72 11913 0129,14000,50390,64390,9180,57540,66720,61000COR
R72 11913 0130,14130,49020,63150,9250,53330,62580,61000COR
R72 11913 0131,14130,38070,52200,9280,34440,43720,61000COR
R72 11913 0132,14130,48260,62390,9310,45950,55260,61000COR
R72 11913 0133,14130,42170,56300,9280,41120,50400,61000COR
R72 11913 0134,14130,48070,62200,9250,52130,61380,61000COR
R72 11913 0135,14000,44490,58490,9180,41630,50810,61000COR
R72 11913 0136,13880,49690,63570,9080,50650,59730,61000COR
R72 11913 0137,13000,45750,58750,8380,45380,53760,61000COR
R72 11913 0138,12880,43720,56600,8310,38690,47000,61000COR
R72 11913 0139,13000,53230,66230,8340,38120,46460,61000COR
R72 11913 0140,13000,40190,53190,8380,31360,39740,61000COR
R72 11913 0141,13000,54410,67410,8410,52280,60690,61000COR
R72 11913 0142,13950,63560,77510,8800,51280,60080,61000COR
R72 11913 0143,17950,27280,45230,11370,37530,48900,61000COR
R72 11913 0144,14510,47910,62420,8970,45840,54810,61000COR
R72 11913 0146,13130,57000,70130,8500,61550,70050,61000COR
R72 11913 0147,13130,59040,72170,8440,66450,74890,61000COR
R72 11913 0148,6560,0,6560,3800,0,3800,61000COR
R72 11913 0149,4910,0,4910,2790,0,2790,61000COR
R72 11913 0150,13000,49680,62680,8380,64850,73230,61000COR
R72 11913 0152,3510,0,3510,2300,0,2300,61000COR
R72 11913 0157,4910,0,4910,2790,0,2790,61000COR
R72 11913 0158,12000,18840,30840,7720,27950,35670,61000COR
R72 11913 0159,14330,69630,83960,9180,62690,71870,61000COR
R72 11914 0004,13880,48960,62840,11180,48780,59960,61000COL
R72 11914 0005,12880,43480,56360,10310,45680,55990,61000COL
R72 11914 0006,15880,49300,65180,12680,55470,68150,61000COL
R72 11914 0007,13860,43540,57400,11130,43240,54370,61000COL
R72 11914 0009,13860,44490,58350,11130,46760,57890,61000COL
R72 11914 0010,16210,40730,56940,13010,41580,54590,61000COL
R72 11914 0011,13130,33770,46900,10480,43060,53540,61000COL
R72 11914 0012,13130,32910,46040,10520,12920,23440,61000COL
R72 11914 0013,13630,55530,69160,10930,53740,64670,61000COL
R72 11914 0014,13130,45170,58300,10480,41690,52170,61000COL
R72 11914 0015,15560,44070,59630,12480,48650,61130,61000COL
R72 11916 0001,15080,38990,54070,13510,37340,50850,61000WES
R72 11916 0002,13920,35550,49470,12450,11520,23970,61000WES
R72 11916 0003,15080,34970,50050,13510,13300,26810,61000WES
R72 11916 0004,13920,35870,49790,12450,34250,46700,61000WES
R72 11916 0005,15080,35790,50870,13510,28920,42430,61000WES
R72 11916 0006,14500,35790,50290,12980,36770,49750,61000WES
R72 11916 0007,14500,35560,50060,13180,0,13180,62000WES
R72 11916 0008,13920,34350,48270,12450,34730,47180,61000WES
R72 11916 0009,13920,34100,48020,12450,33950,46400,61000WES
R72 11916 0010,15080,37900,52980,13510,32640,46150,61000WES
R72 11916 0011,15660,39690,55350,14050,39310,53360,61000WES
R72 11916 0012,16130,35090,51220,14470,34000,48470,61000WES
R72 11916 0013,14030,44150,58180,12550,38460,51010,61000WES
R72 11916 0014,13920,37620,51540,12450,28250,40700,61000WES
R72 11916 0015,15080,35790,50870,13510,28920,42430,61000WES
R72 11916 0016,13920,26240,40160,12450,27790,40240,61000WES
R72 11916 0017,15080,40730,55810,13510,43290,56800,61000WES
R72 11916 0018,13920,34450,48370,12450,32610,45060,61000WES
R72 11916 0019,14610,43870,58480,13090,45750,58840,61000WES
R72 11916 0020,5260,0,5260,3770,0,3770,62000WES
R72 11916 0021,11130,45100,56230,9880,59930,69810,61000WES
R72 12001 0001,13980,34770,48750,11440,57520,68960,61000UNR
R72 12001 0002,13980,53510,67490,11440,60050,71490,61000UNR
R72 12001 0003,13980,45520,59500,11440,58670,70110,61000UNR
R72 12001 0004,13980,61710,75690,11440,67700,79140,61000UNR
R72 12001 0005,13980,35920,49900,11440,40470,51910,61000UNR
R72 12001 0006,13980,38840,52820,11440,65850,77290,61000UNR
R72 12001 0007,13980,43560,57540,11440,52150,63590,61000UNR
R72 12001 0008,13980,44210,58190,11440,59460,70900,61000UNR
R72 12001 0009,13840,35960,49800,11310,52720,64030,61000UNR
R72 12001 0010,13240,53330,66570,10620,52210,62830,61000UNR
R72 12001 0012,14130,46560,60690,11570,33860,45430,61000UNR
R72 12001 0013,13840,47450,61290,11310,67900,79210,61000UNR
R72 12001 0014,13840,60740,74580,11310,74770,86080,61000UNR
R72 12001 0015,13980,40870,54850,11440,56110,67550,61000UNR
R72 12001 0016,14230,45070,59300,11690,44630,56320,61000UNR
R72 12001 0017,12620,53910,66530,10080,63520,73600,61000UNR
R72 12001 0018,7250,0,7250,5520,0,5520,61000UNR
R72 12001 0019,14250,30900,45150,11740,60990,72730,61000UNR
R72 12001 0020,14250,47060,61310,11740,57490,69230,61000UNR
R72 12001 0021,13970,58690,72660,11470,66580,78050,61000UNR
R72 12001 0022,13970,49790,63760,11470,81680,93150,61000UNR
R72 12001 0024,13970,52910,66880,11430,57690,69120,61000UNR
R72 12001 0025,13970,56620,70590,11430,55730,67160,61000UNR
R72 12001 0026,14110,10260,24370,11570,58160,69730,61000UNR
R72 12001 0027,14110,51590,65700,11570,84240,95810,61000UNR
R72 12001 0028,14110,38440,52550,11570,55440,67010,61000UNR
R72 12001 0029,14110,40160,54270,11570,54350,65920,61000UNR
R72 12001 0030,14110,41160,55270,11570,55070,66640,61000UNR
R72 12001 0031,14110,48970,63080,11570,54410,65980,61000UNR
R72 12001 0032,6870,0,6870,5060,0,5060,61000UNR
R72 12001 0033,14110,42670,56780,11520,77340,88860,61000UNR
R72 12001 0034,13980,40930,54910,11480,72000,83480,61000UNR
R72 12001 0035,13980,39780,53760,11480,17420,28900,61000UNR
R72 12001 0036,13980,60610,74590,11480,78950,90430,61000UNR
R72 12001 0037,12630,44870,57500,10120,84220,94340,61000UNR
R72 12001 0038,15250,40860,56110,12240,52480,64720,61000UNR
R72 12001 0040,14130,37170,51300,11330,54520,65850,61000UNR
R72 12001 0042,14130,62110,76240,11330,70490,81820,61000UNR
R72 12001 0044,12500,39940,52440,10020,60560,70580,61000UNR
R72 12001 0045,12500,49140,61640,10020,69330,79350,61000UNR
R72 12001 0046,12500,55410,67910,10020,63340,73360,61000UNR
R72 12001 0047,12500,56430,68930,10020,74960,84980,61000UNR
R72 12001 0048,4680,0,4680,3400,0,3400,61000UNR
R72 12001 0049,12500,16500,29000,10020,70730,80750,61000UNR
R72 12001 0050,12500,50350,62850,10020,77480,87500,61000UNR
R72 12001 0051,13750,41960,55710,11030,56150,67180,61000UNR
R72 12001 0053,15000,69530,84530,12040,98740,110780,61000UNR
R72 12001 0056,13750,43230,56980,11030,60660,71690,61000UNR
R72 12001 0058,13750,41430,55180,11030,67370,78400,61000UNR
R72 12001 0060,4680,0,4680,3400,0,3400,61000UNR
R72 12002 0001,15750,73340,89090,13760,85810,99570,61000UNR
R72 12002 0002,16240,43140,59380,13940,64550,78490,61000UNR
R72 12002 0003,17400,51780,69180,15090,72010,87100,61000UNR
R72 12002 0004,16680,50120,66800,14380,72010,86390,61000UNR
R72 12002 0005,15950,61560,77510,13650,76390,90040,61000UNR
R72 12002 0006,15950,52780,68730,13650,23420,37070,61000UNR
R72 12002 0007,15950,45260,61210,13650,73520,87170,61000UNR
R72 12002 0008,20450,60990,81440,18130,60210,78340,61000UNR
R72 12002 0009,15950,53960,69910,13650,84490,98140,61000UNR
R72 12002 0010,27840,61320,89160,22950,63050,86000,61000UNR
R72 12002 0012,7400,0,7400,5650,0,5650,61000UNR
R72 12002 0015,7460,0,7460,5690,0,5690,61000UNR
R72 12002 0016,14920,54810,69730,12580,84790,97370,61000UNR
R72 12002 0017,14920,44040,58960,12580,58410,70990,61000UNR
R72 12002 0018,7460,0,7460,5690,0,5690,61000UNR
R72 12002 0019,14630,43680,58310,12290,56550,68840,61000UNR
R72 12002 0020,14770,41730,56500,12430,55900,68330,61000UNR
R72 12002 0021,14630,41420,56050,12290,49050,61340,61000UNR
R72 12002 0022,14630,68030,82660,12330,102600,114930,61000UNR
R72 12002 0023,14630,48740,63370,12330,52280,64610,61000UNR
R72 12002 0024,14630,60460,75090,12330,60390,72720,61000UNR
R72 12002 0025,14630,21590,36220,12330,52510,64840,61000UNR
R72 12002 0026,14630,64390,79020,12330,83380,95710,61000UNR
R72 12002 0027,14630,57820,72450,12330,68960,81290,61000UNR
R72 12002 0028,14150,66610,80760,11490,50620,62110,61000UNR
R72 12002 0029,5570,5570,11140,15060,14190,29250,61000UNR
R72 12002 0031,4990,0,4990,3630,0,3630,61000UNR
R72 12002 0032,13130,23220,36350,10520,24300,34820,61000UNR
R72 12002 0033,12500,31580,44080,10020,35200,45220,61000UNR
R72 12002 0035,12750,27410,40160,10220,28530,38750,61000UNR
R72 12002 0040,11880,50830,62710,9520,62220,71740,61000UNR
R72 12002 0041,12500,27420,39920,10020,27430,37450,61000UNR
R72 12002 0042,12750,30340,43090,10220,33540,43760,61000UNR
R72 12002 0044,12750,27080,39830,10220,33140,43360,61000UNR
R72 12002 0045,6370,0,6370,4740,0,4740,61000UNR
R72 12003 0001,11830,31360,43190,9360,30410,39770,61000UNR
R72 12003 0002,11460,29680,41140,9120,29300,38420,61000UNR
R72 12003 0003,11390,30850,42240,9140,29670,38810,61000UNR
R72 12003 0011,13130,42330,55460,10520,56230,66750,61000UNR
R72 12003 0012,4360,0,4360,3180,0,3180,61000UNR
R72 12003 0013,11630,41780,53410,9310,55720,65030,61000UNR
R72 12003 0014,13130,56260,69390,10520,79940,90460,61000UNR
R72 12003 0015,6370,3560,9930,5110,3750,8860,61000UNR
R72 12003 0016,13700,47380,61080,10910,69570,80480,61000UNR
R72 12003 0017,18590,49520,68110,15060,71820,86880,61000UNR
R72 12003 0019,16380,66940,83320,13210,85110,98320,61000UNR
R72 12003 0020,13520,43760,57280,10810,40980,51790,61000UNR
R72 12003 0021,12630,54640,67270,10150,60720,70870,61000UNR
R72 12003 0022,12630,43270,55900,10150,44980,55130,61000UNR
R72 12003 0023,12630,44520,57150,10150,82270,92420,61000UNR
R72 12003 0024,12630,60090,72720,10150,71110,81260,61000UNR
R72 12003 0025,12630,35640,48270,10150,39900,50050,61000UNR
R72 12003 0026,12630,61090,73720,10150,64460,74610,61000UNR
R72 12003 0027,12750,56120,68870,10190,59850,70040,61000UNR
R72 12003 0028,12750,39830,52580,10270,44020,54290,61000UNR
R72 12003 0029,13000,58120,71120,10480,63000,73480,61000UNR
R72 12003 0030,13380,34990,48370,10780,57180,67960,61000UNR
R72 12003 0031,13630,56710,70340,10940,52790,63730,61000UNR
R72 12003 0032,14000,48080,62080,11410,55080,66490,61000UNR
R72 12003 0033,14130,39520,53650,11570,38790,50360,61000UNR
R72 12003 0035,930,0,930,760,0,760,61000UNR
R72 12003 0036,13000,38500,51500,10420,48140,58560,61000UNR
R72 12003 0037,13130,36960,50090,10520,48190,58710,61000UNR
R72 12003 0038,13260,36710,49970,10620,62240,72860,61000UNR
R72 12003 0040,13260,34040,47300,10620,41400,52020,61000UNR
R72 12003 0041,12630,38900,51530,10150,54540,64690,61000UNR
R72 12003 0042,16410,51880,68290,13360,69000,82360,61000UNR
R72 12003 0043,15780,60080,75860,12730,80440,93170,61000UNR
R72 12003 0045,12630,41010,53640,10150,44780,54930,61000UNR
R72 12003 0046,12630,30140,42770,10150,66490,76640,61000UNR
R72 12003 0047,12630,54410,67040,10150,89240,99390,61000UNR
R72 12003 0048,12630,56760,69390,10150,68120,78270,61000UNR
R72 12003 0049,13250,60250,73500,10620,68140,78760,61000UNR
R72 12003 0051,14580,51920,66500,11650,72730,84380,61000UNR
R72 12003 0052,14280,92130,106410,11360,88230,99590,61000UNR
R72 12003 0053,8480,0,8480,6350,0,6350,61000UNR
R72 12003 0054,21500,70300,91800,17280,102460,119740,61000UNR
R72 12003 0058,16500,53860,70360,13250,28750,42000,61000UNR
R72 12003 0059,13000,42500,55500,10420,53140,63560,61000UNR
R72 12003 0065,18000,49580,67580,15870,54060,69930,61000UNR
R72 12003 0068,13000,24930,37930,10420,55820,66240,61000UNR
R72 12003 0072,11880,32880,44760,9470,41160,50630,61000UNR
R72 12003 0074,4400,0,4400,3200,0,3200,61000UNR
R72 12004 0001,12990,44130,57120,10390,44920,55310,61000UNR
R72 12004 0002,7430,0,7430,5390,0,5390,61000UNR
R72 12004 0003,12380,41420,53800,9920,54100,64020,61000UNR
R72 12004 0004,14130,43170,57300,11330,61520,72850,61000UNR
R72 12004 0005,14130,46070,60200,11330,60380,71710,61000UNR
R72 12004 0006,14130,53680,67810,11330,69120,80450,61000UNR
R72 12004 0007,890,0,890,720,0,720,61000UNR
R72 12004 0008,12380,53200,65580,9920,68650,78570,61000UNR
R72 12004 0009,890,0,890,720,0,720,61000UNR
R72 12004 0010,14130,45400,59530,11330,58240,69570,61000UNR
R72 12004 0011,1990,0,1990,1610,0,1610,61000UNR
R72 12004 0012,12130,53190,65320,9720,44280,54000,61000UNR
R72 12004 0013,13880,40340,54220,11130,58880,70010,61000UNR
R72 12004 0015,13880,46920,60800,11130,59580,70710,61000UNR
R72 12004 0017,14000,46640,60640,11230,50850,62080,61000UNR
R72 12004 0018,12380,43840,56220,9890,57140,67030,61000UNR
R72 12004 0019,17850,49290,67140,14330,64350,78680,61000UNR
R72 12004 0021,14030,69570,83600,11270,93210,104480,61000UNR
R72 12004 0023,12750,27990,40740,10210,61580,71790,61000UNR
R72 12004 0024,5570,0,5570,4020,0,4020,61000UNR
R72 12004 0025,14630,4370,19000,11010,8840,19850,61000UNR
R72 12004 0026,12500,62210,74710,10050,79880,89930,61000UNR
R72 12004 0027,6310,0,6310,4590,0,4590,61000UNR
R72 12004 0028,12630,76240,88870,10150,95950,106100,61000UNR
R72 12004 0029,12630,44660,57290,10150,64400,74550,61000UNR
R72 12004 0030,12630,52450,65080,10150,70280,80430,61000UNR
R72 12004 0031,12630,45040,57670,10150,47080,57230,61000UNR
R72 12004 0032,12630,45120,57750,10150,68240,78390,61000UNR
R72 12004 0033,12630,38780,51410,10150,42460,52610,61000UNR
R72 12004 0034,12630,43460,56090,10150,55000,65150,61000UNR
R72 12004 0035,13740,73350,87090,10980,111940,122920,61000UNR
R72 12004 0037,13380,67360,80740,10730,80660,91390,61000UNR
R72 12004 0038,21370,63390,84760,17350,89180,106530,61000UNR
R72 12004 0040,6950,0,6950,5060,0,5060,61000UNR
R72 12004 0041,12630,60870,73500,10150,118190,128340,61000UNR
R72 12004 0042,12630,69740,82370,10150,90290,100440,61000UNR
R72 12004 0043,12630,76430,89060,10150,61260,71410,61000UNR
R72 12004 0044,12630,73250,85880,8000,3000,11000,61000UNR
R72 12004 0045,12630,74660,87290,10150,116030,126180,61000UNR
R72 12004 0046,12880,54650,67530,10350,96750,107100,61000UNR
R72 12004 0048,12630,46630,59260,10150,55870,66020,61000UNR
R72 12004 0049,13500,14610,28110,10620,66150,76770,61000UNR
R72 12004 0050,14090,55010,69100,11310,72490,83800,61000UNR
R72 12004 0051,14380,82610,96990,11530,126110,137640,61000UNR
R72 12004 0052,8030,0,8030,5740,0,5740,61000UNR
R72 12004 0053,12250,44870,57120,9850,105460,115310,61000UNR
R72 12004 0054,12500,70390,82890,10020,78460,88480,61000UNR
R72 12004 0055,6440,0,6440,4670,0,4670,61000UNR
R72 12004 0056,6310,0,6310,4580,0,4580,61000UNR
R72 12004 0057,12500,140990,153490,10020,181940,191960,61000UNR
R72 12004 0058,7250,0,7250,5480,0,5480,61000UNR
R72 12004 0059,12500,60730,73230,10020,85980,96000,61000UNR
R72 12004 0060,6120,0,6120,4450,0,4450,61000UNR
R72 12004 0061,8480,0,8480,6350,0,6350,61000UNR
R72 12004 0062,7150,0,7150,5140,0,5140,61000UNR
R72 12004 0064,4840,0,4840,3390,0,3390,61000UNR
R72 12004 0066,14130,44910,59040,11330,69320,80650,61000UNR
R72 12004 0071,14130,44710,58840,11330,57300,68630,61000UNR
R72 12005 0001,21200,43690,64890,17560,47460,65020,61000PRI
R72 12005 0002,8950,0,8950,6740,0,6740,61000UNR
R72 12005 0011,30750,0,30750,24650,0,24650,61000UNR
R72 12005 0013,7850,0,7850,5850,0,5850,61000PRI
R72 12006 0001,12750,49520,62270,10270,42730,53000,61000PRI
R72 12006 0002,12500,47280,59780,10020,49510,59530,61000PRI
R72 12006 0003,12500,39060,51560,10020,20370,30390,61000PRI
R72 12006 0004,12500,55570,68070,10020,50370,60390,61000PRI
R72 12006 0005,12500,47820,60320,10020,45470,55490,61000PRI
R72 12006 0006,12500,43840,56340,10020,44710,54730,61000PRI
R72 12006 0007,13130,51170,64300,10520,51350,61870,61000PRI
R72 12006 0008,13130,65270,78400,10520,11020,21540,61000PRI
R72 12006 0009,13130,62400,75530,10520,62840,73360,61000PRI
R72 12006 0010,13250,47500,60750,10620,54250,64870,61000PRI
R72 12006 0011,12750,32210,44960,10220,41170,51390,61000PRI
R72 12006 0012,12500,46870,59370,10020,23520,33540,61000PRI
R72 12006 0013,12500,45990,58490,10020,43250,53270,61000PRI
R72 12006 0014,12500,45100,57600,10020,43110,53130,61000PRI
R72 12006 0015,12500,40720,53220,10020,42860,52880,61000PRI
R72 12006 0016,12500,51550,64050,10020,49880,59900,61000PRI
R72 12006 0017,12500,41790,54290,10020,38280,48300,61000PRI
R72 12006 0018,12500,52420,64920,10020,48580,58600,61000PRI
R72 12006 0019,5560,0,5560,4040,0,4040,61000PRI
R72 12006 0020,14130,57660,71790,11330,57820,69150,61000PRI
R72 12006 0021,12500,55460,67960,10020,55210,65230,61000PRI
R72 12007 0001,12250,42080,54330,9770,55390,65160,61000PRI
R72 12007 0002,12130,44740,56870,9730,46650,56380,61000PRI
R72 12007 0003,12130,42880,55010,9730,44750,54480,61000PRI
R72 12007 0004,12130,44660,56790,9730,45010,54740,61000PRI
R72 12007 0005,12130,43790,55920,9730,45570,55300,61000PRI
R72 12007 0006,12250,35700,47950,9810,46010,55820,61000PRI
R72 12007 0007,12250,45730,57980,9850,48510,58360,61000PRI
R72 12007 0008,12250,47560,59810,9810,51600,61410,61000PRI
R72 12007 0009,12250,37950,50200,9770,43010,52780,61000PRI
R72 12007 0010,12130,52200,64330,9730,46630,56360,61000PRI
R72 12007 0011,12130,43930,56060,9730,47540,57270,61000PRI
R72 12007 0012,12130,39610,51740,9730,39730,49460,61000PRI
R72 12007 0013,14580,46280,60860,11780,53370,65150,61000PRI
R72 12007 0014,14310,36660,50970,11540,37300,48840,61000PRI
R72 12007 0015,13780,43230,57010,11080,44660,55740,61000PRI
R72 12007 0016,20520,38870,59390,16170,61680,77850,61000PRI
R72 12007 0017,13910,37400,51310,11220,43710,54930,61000PRI
R72 12007 0018,13910,42310,56220,11200,44760,55960,61000PRI
R72 12007 0019,14280,44320,58600,11300,49210,60510,61000PRI
R72 12007 0020,13200,49950,63150,10470,54700,65170,61000PRI
R72 12007 0021,19770,46170,65940,15940,50420,66360,61000PRI
R72 12007 0022,14180,42140,56320,11450,44950,56400,61000PRI
R72 12007 0023,21130,35890,57020,16550,39810,56360,61000PRI
R72 12007 0024,14310,33010,47320,11540,35540,47080,61000PRI
R72 12007 0025,14040,40860,54900,11300,43810,55110,61000PRI
R72 12007 0026,13510,43500,57010,10820,45600,56420,61000PRI
R72 12007 0027,12250,41030,53280,9850,46820,56670,61000PRI
R72 12007 0028,12130,41620,53750,9730,41360,51090,61000PRI
R72 12007 0029,12130,38430,50560,9730,43420,53150,61000PRI
R72 12007 0030,12130,38730,50860,9730,42000,51730,61000PRI
R72 12009 0001,14410,45980,60390,11840,44870,56710,61000PRI
R72 12009 0002,12730,40480,53210,10200,14900,25100,61000PRI
R72 12009 0003,11750,46150,57900,9350,35590,44940,61000PRI
R72 12009 0004,11750,38460,50210,9390,45840,55230,61000PRI
R72 12009 0005,12000,38070,50070,9600,38700,48300,61000PRI
R72 12009 0006,12130,34530,46660,9730,36500,46230,61000PRI
R72 12009 0007,12250,39660,51910,9810,40350,50160,61000PRI
R72 12009 0008,12250,36300,48550,9850,37550,47400,61000PRI
R72 12009 0009,12250,41960,54210,9850,35900,45750,61000PRI
R72 12009 0010,12380,34660,47040,9890,35710,45600,61000PRI
R72 12009 0011,12380,38620,51000,9940,39240,49180,61000PRI
R72 12009 0012,12500,37780,50280,9980,40820,50800,61000PRI
R72 12009 0013,12500,39610,52110,9980,40640,50620,61000PRI
R72 12009 0014,13370,33930,47300,10730,35080,45810,61000PRI
R72 12009 0015,13840,44980,58820,11120,49570,60690,61000PRI
R72 12009 0016,12740,39730,52470,10240,44200,54440,61000PRI
R72 12009 0017,12870,41400,54270,10330,45660,55990,61000PRI
R72 12009 0018,13000,38610,51610,10380,40830,51210,61000PRI
R72 12009 0019,13000,42660,55660,10380,45810,56190,61000PRI
R72 12009 0020,13000,35150,48150,10420,18080,28500,61000PRI
R72 12009 0021,13130,50010,63140,10520,55750,66270,61000PRI
R72 12009 0022,12990,33840,46830,10430,36190,46620,61000PRI
R72 12009 0023,12860,37850,50710,10290,39990,50280,61000PRI
R72 12009 0025,17020,42350,59370,13290,46150,59440,61000PRI
R72 12012 0001,14580,43710,58290,11800,45260,57060,61000PRI
R72 12012 0002,14580,52440,67020,11800,21380,33180,61000PRI
R72 12012 0003,14580,62360,76940,11800,64340,76140,61000PRI
R72 12012 0004,14580,50390,64970,11800,49100,60900,61000PRI
R72 12012 0005,14580,51990,66570,11800,55730,67530,61000PRI
R72 12012 0006,14580,52090,66670,11800,58270,70070,61000PRI
R72 12012 0007,14580,49640,64220,11800,63170,74970,61000PRI
R72 12012 0008,14580,45220,59800,11800,48880,60680,61000PRI
R72 12012 0009,14580,49220,63800,11800,53670,65470,61000PRI
R72 12012 0010,15540,49060,64600,12790,43100,55890,61000PRI
R72 12012 0011,15540,53430,68970,12790,48870,61660,61000PRI
R72 12012 0012,15540,61390,76930,12740,57990,70730,61000PRI
R72 12012 0013,15540,53620,69160,12790,57500,70290,61000PRI
R72 12012 0014,15540,44910,60450,12790,46300,59090,61000PRI
R72 12012 0015,15540,45210,60750,12790,47300,60090,61000PRI
R72 12012 0016,15540,54170,69710,12790,59810,72600,61000PRI
R72 12012 0017,15540,45820,61360,12790,49540,62330,61000PRI
R72 12012 0018,15540,49940,65480,12790,65920,78710,61000PRI
R72 12012 0019,15540,50960,66500,12790,54180,66970,61000PRI
R72 12012 0020,15540,51000,66540,12790,49250,62040,61000PRI
R72 12012 0021,13910,59130,73040,11260,53160,64420,61000PRI
R72 12012 0022,13770,48400,62170,11140,50790,61930,61000PRI
R72 12012 0023,13770,58030,71800,11140,65060,76200,61000PRI
R72 12012 0024,13770,59780,73550,11140,59320,70460,61000PRI
R72 12012 0025,13770,48970,62740,11140,51270,62410,61000PRI
R72 12012 0026,960,0,960,730,0,730,61000PRI
R72 12012 0027,14720,51240,65960,11970,61470,73440,61000PRI
R72 12012 0028,14720,60220,74940,11970,69300,81270,61000PRI
R72 12012 0029,14720,46810,61530,11970,44280,56250,61000PRI
R72 12012 0030,14720,51330,66050,11970,50990,62960,61000PRI
R72 12012 0032,14720,52710,67430,6010,0,6010,61000PRI
R72 12012 0034,14720,57170,71890,11970,61270,73240,61000PRI
R72 12013 0001,14690,30290,44980,11860,36170,48030,61000UNR
R72 12013 0002,14000,42110,56110,11230,45870,57100,61000UNR
R72 12013 0003,14140,35380,49520,11330,39160,50490,61000UNR
R72 12013 0004,13880,25320,39200,11180,36380,47560,61000UNR
R72 12013 0005,13750,28180,41930,11080,34000,45080,61000UNR
R72 12013 0006,13750,33770,47520,11080,35850,46930,61000UNR
R72 12013 0008,13880,27690,41570,11180,35160,46340,61000UNR
R72 12013 0009,15800,31220,47020,12860,31010,43870,61000UNR
R72 12013 0010,15390,37000,52390,12450,39000,51450,61000UNR
R72 12013 0011,15250,33270,48520,12350,40200,52550,61000UNR
R72 12013 0012,15110,35160,50270,12180,43780,55960,61000UNR
R72 12013 0013,14820,32970,47790,11970,33530,45500,61000UNR
R72 12013 0014,14680,29680,44360,11810,34150,45960,61000UNR
R72 12013 0015,14520,36120,50640,11700,16420,28120,61000UNR
R72 12013 0016,14210,38120,52330,11410,53370,64780,61000UNR
R72 12013 0017,14110,37660,51770,11320,46230,57550,61000UNR
R72 12013 0018,7680,48390,56070,6910,54820,61730,C7000000
R72 12013 0019,14250,41100,55350,11430,54990,66420,61000UNR
R72 12013 0020,14090,48200,62290,11200,66610,77810,61000UNR
R72 12013 0021,14210,43160,57370,11410,60090,71500,61000UNR
R72 12013 0022,14210,6150,20360,11410,62580,73990,61000UNR
R72 12013 0023,14210,40250,54460,11410,59270,70680,61000UNR
R72 12013 0024,14500,38760,53260,11580,57190,68770,61000UNR
R72 12013 0025,15250,41240,56490,12240,58650,70890,61000UNR
R72 12013 0026,16470,41670,58140,13450,61320,74770,61000UNR
R72 12013 0027,15930,42680,58610,12920,67110,80030,61000UNR
R72 12013 0028,16050,46570,62620,13040,67490,80530,61000UNR
R72 12013 0029,15620,9150,24770,12630,54140,66770,61000UNR
R72 12013 0030,14940,43920,58860,12080,62090,74170,61000UNR
R72 12013 0031,14790,45430,60220,11910,76120,88030,61000UNR
R72 12014 0001,7630,0,7630,5580,0,5580,61000UNR
R72 12014 0002,15110,43890,59000,12230,51250,63480,61000UNR
R72 12014 0003,15110,44330,59440,12280,19120,31400,61000UNR
R72 12014 0004,15110,45460,60570,12230,61860,74090,61000UNR
R72 12014 0005,14970,43140,58110,12070,50520,62590,61000UNR
R72 12014 0006,14690,34470,49160,11860,37460,49320,61000UNR
R72 12014 0007,14650,41570,56220,11800,43860,55660,61000UNR
R72 12014 0008,14650,39980,54630,11800,46830,58630,61000UNR
R72 12014 0009,14310,56270,70580,11540,78490,90030,61000UNR
R72 12014 0010,14960,33120,48080,12080,35400,47480,61000UNR
R72 12014 0011,14540,42670,57210,11700,53960,65660,61000UNR
R72 12014 0012,14250,45500,59750,11380,56020,67400,61000UNR
R72 12014 0013,13840,48110,61950,11070,53670,64740,61000UNR
R72 12014 0014,13820,29140,42960,11000,36250,47250,61000UNR
R72 12014 0015,14640,42730,57370,11690,20920,32610,61000UNR
R72 12014 0016,14310,42850,57160,11430,38550,49980,61000PRI
R72 12014 0017,13720,31250,44970,10920,39300,50220,61000PRI
R72 12014 0018,13860,34240,48100,11070,27550,38620,61000PRI
R72 12014 0019,14140,53720,67860,11330,53170,64500,61000PRI
R72 12014 0020,14140,32720,46860,11390,30610,42000,61000PRI
R72 12014 0021,14000,28640,42640,11280,45040,56320,61000PRI
R72 12014 0022,14000,45550,59550,11230,36190,47420,61000PRI
R72 12014 0023,14000,45870,59870,11280,52060,63340,61000PRI
R72 12014 0024,14280,49240,63520,11440,54170,65610,61000PRI
R72 12014 0025,14290,52340,66630,11490,46050,57540,61000PRI
R72 12014 0026,14700,39430,54130,11850,40830,52680,61000PRI
R72 12014 0027,14980,43060,58040,12110,40130,52240,61000PRI
R72 12014 0028,15260,43690,58950,12430,47070,59500,61000PRI
R72 12014 0029,15260,46580,61840,12480,44090,56570,61000PRI
R72 12014 0030,15260,31560,46820,12380,37700,50080,61000PRI
R72 12014 0031,15930,50030,65960,12980,53440,66420,61000PRI
R72 12015 0001,15360,42380,57740,12470,49510,61980,61000PRI
R72 12015 0002,14440,42270,56710,11680,39560,51240,61000PRI
R72 12015 0003,14580,48730,63310,11730,47840,59570,61000PRI
R72 12015 0004,14840,46380,61220,12010,44000,56010,61000PRI
R72 12015 0005,14440,50280,64720,11680,44920,56600,61000PRI
R72 12015 0006,14300,42440,56740,11530,38170,49700,61000PRI
R72 12015 0007,14030,62360,76390,11330,47790,59120,61000PRI
R72 12015 0008,13890,40700,54590,11180,32860,44040,61000PRI
R72 12015 0009,14000,48300,62300,11280,51630,62910,61000PRI
R72 12015 0010,13630,35460,49090,10880,42850,53730,61000PRI
R72 12015 0011,13610,44500,58110,10880,45240,56120,61000PRI
R72 12015 0012,13230,44530,57760,10630,42000,52630,61000PRI
R72 12015 0013,13230,50720,63950,10630,43790,54420,61000PRI
R72 12015 0014,13370,46510,59880,10730,45520,56250,61000PRI
R72 12015 0015,13370,38580,51950,10680,40530,51210,61000PRI
R72 12015 0016,14090,44300,58390,11260,42680,53940,61000PRI
R72 12015 0017,14010,51700,65710,11090,66630,77720,61000UNR
R72 12015 0018,13440,42080,55520,10660,49860,60520,61000UNR
R72 12015 0019,13720,43330,57050,10920,51210,62130,61000UNR
R72 12015 0020,14130,54150,68280,11380,65380,76760,61000UNR
R72 12015 0021,14560,44960,59520,11800,54620,66420,61000UNR
R72 12015 0022,15120,52760,67880,12320,77670,89990,61000UNR
R72 12015 0023,15130,38260,53390,12390,56340,68730,61000UNR
R72 12015 0024,13840,42490,56330,11070,42080,53150,61000UNR
R72 12015 0025,14130,44560,58690,11280,53190,64470,61000UNR
R72 12015 0026,14270,41730,56000,11490,61790,73280,61000UNR
R72 12015 0027,14410,43090,57500,11540,58080,69620,61000UNR
R72 12015 0028,16320,48690,65010,13100,63340,76440,61000UNR
R72 12015 0029,14330,54130,68460,11510,52590,64100,61000PRI
R72 12015 0030,13720,36990,50710,11020,40240,51260,61000PRI
R72 12015 0031,13720,38140,51860,11020,37230,48250,61000PRI
R72 12015 0032,14000,37510,51510,11230,41260,52490,61000PRI
R72 12015 0033,14390,46690,61080,11590,41800,53390,61000PRI
R72 12015 0034,14280,38750,53030,11440,36800,48240,61000PRI
R72 12015 0035,14030,47080,61110,11330,44150,55480,61000PRI
R72 12015 0036,14300,49670,63970,11480,46620,58100,61000PRI
R72 12015 0037,14300,38940,53240,11580,46960,58540,61000PRI
R72 12015 0038,14440,36500,50940,11680,48530,60210,61000PRI
R72 12015 0039,14580,51630,66210,11730,48630,60360,61000PRI
R72 12015 0040,14580,44560,59140,11780,42420,54200,61000PRI
R72 12015 0041,14580,47880,62460,11780,47620,59400,61000PRI
R72 12015 0042,14580,39970,54550,11780,39330,51110,61000PRI
R72 12015 0043,14710,50830,65540,11880,43730,55610,61000PRI
R72 12015 0044,15920,44570,60490,12980,35090,48070,61000PRI
R72 12016 0001,13490,42890,56380,10780,37790,48570,61000PRI
R72 12016 0002,13490,47460,60950,10830,42680,53510,61000PRI
R72 12016 0003,13630,45580,59210,10880,41520,52400,61000PRI
R72 12016 0004,13630,35930,49560,10930,30800,41730,61000PRI
R72 12016 0005,13630,42960,56590,10930,38310,49240,61000PRI
R72 12016 0006,13750,27020,40770,11030,40770,51800,61000PRI
R72 12016 0007,13630,32890,46520,10930,29970,40900,61000PRI
R72 12016 0008,13630,51180,64810,10930,26980,37910,61000PRI
R72 12016 0009,13630,41170,54800,10930,31080,42010,61000PRI
R72 12016 0010,13630,32340,45970,10930,47510,58440,61000PRI
R72 12016 0011,13630,27520,41150,10930,38750,49680,61000PRI
R72 12016 0012,15090,33410,48500,12190,32750,44940,61000PRI
R72 12016 0013,16970,48090,65060,14790,37190,51980,61000PRI
R72 12016 0014,15670,32930,48600,12730,34130,46860,61000PRI
R72 12016 0015,13750,31560,45310,11030,32140,43170,61000PRI
R72 12016 0016,13750,45530,59280,11030,42710,53740,61000PRI
R72 12016 0018,13630,39250,52880,10930,34460,45390,61000PRI
R72 12016 0019,13380,36720,50100,10730,32040,42770,61000PRI
R72 12016 0020,17280,48210,65490,13670,50640,64310,61000PRI
R72 12016 0021,14190,47950,62140,11280,48220,59500,61000PRI
R72 12016 0022,14460,58580,73040,11610,55180,66790,61000PRI
R72 12016 0023,13480,47090,60570,10830,42930,53760,61000PRI
R72 12016 0024,14310,33030,47340,11570,41380,52950,61000PRI
R72 12016 0025,13900,48410,62310,11180,44580,55760,61000PRI
R72 12016 0026,13750,44540,58290,10980,39400,50380,61000PRI
R72 12016 0027,13350,46950,60300,10730,42660,53390,61000PRI
R72 12016 0028,13350,40760,54110,10730,38360,49090,61000PRI
R72 12016 0029,13480,44520,58000,10830,38480,49310,61000PRI
R72 12016 0030,13220,52400,65620,10530,40760,51290,61000PRI
R72 12016 0031,13490,46910,60400,10830,36570,47400,61000PRI
R72 12016 0032,14230,52030,66260,11420,50550,61970,61000PRI
R72 12017 0001,14560,41610,56170,11750,42880,54630,61000PRI
R72 12017 0002,14010,28800,42810,11280,10370,21650,61000PRI
R72 12017 0003,13610,29290,42900,10880,31230,42110,61000PRI
R72 12017 0004,13480,33930,47410,10780,32810,43590,61000PRI
R72 12017 0005,13480,51480,64960,10830,50520,61350,61000PRI
R72 12017 0006,13750,21710,35460,10980,34210,45190,61000PRI
R72 12017 0007,14010,31170,45180,11230,32410,43640,61000PRI
R72 12017 0008,14290,39330,53620,11490,40110,51600,61000PRI
R72 12017 0009,13750,42780,56530,11030,47480,58510,61000PRI
R72 12017 0010,13740,33940,47680,5540,0,5540,61000PRI
R72 12017 0011,13250,33160,46410,10580,28020,38600,61000PRI
R72 12017 0012,13250,30750,44000,10670,28460,39130,61000PRI
R72 12017 0013,13380,31960,45340,10720,32030,42750,61000PRI
R72 12017 0014,13380,31570,44950,10770,25520,36290,61000PRI
R72 12017 0015,13250,29910,43160,10620,32170,42790,61000PRI
R72 12017 0016,13120,31470,44590,10530,25460,35990,61000PRI
R72 12017 0017,13120,35710,48830,10480,30760,41240,61000PRI
R72 12017 0018,13480,50870,64350,10780,54240,65020,61000PRI
R72 12017 0019,13340,43630,56970,10680,44150,54830,61000PRI
R72 12017 0020,12490,45510,58000,9970,45860,55830,61000PRI
R72 12017 0021,14380,31190,45570,11530,30750,42280,61000PRI
R72 12017 0022,13880,43600,57480,11130,51760,62890,61000PRI
R72 12017 0023,12630,53350,65980,10160,52880,63040,61000PRI
R72 12017 0024,16670,48030,64700,14390,46320,60710,61000PRI
R72 12018 0001,18040,43600,61640,14990,53120,68110,61000PRI
R72 12018 0002,17070,47040,64110,14180,47260,61440,61000PRI
R72 12018 0003,15170,48500,63670,12230,51850,64080,61000PRI
R72 12018 0004,14160,44480,58640,11430,43520,54950,61000PRI
R72 12018 0005,14030,48340,62370,11330,51320,62650,61000PRI
R72 12018 0006,14030,45680,59710,11330,47260,58590,61000PRI
R72 12018 0007,14030,47240,61270,11330,48450,59780,61000PRI
R72 12018 0008,14030,45210,59240,11330,46730,58060,61000PRI
R72 12018 0009,14160,53420,67580,11380,56510,67890,61000PRI
R72 12018 0010,14300,49710,64010,11480,51920,63400,61000PRI
R72 12018 0011,14300,47170,61470,11580,47030,58610,61000PRI
R72 12018 0012,14440,50750,65190,11630,50830,62460,61000PRI
R72 12018 0013,14690,55260,69950,11860,77040,88900,61000PRI
R72 12018 0014,13000,46500,59500,10420,46800,57220,61000PRI
R72 12018 0015,14710,36310,51020,11880,38240,50120,61000PRI
R72 12018 0016,14850,13650,28500,11990,42560,54550,61000PRI
R72 12018 0017,14850,50040,64890,11860,42860,54720,61000PRI
R72 12018 0018,14700,50150,64850,11740,53480,65220,61000PRI
R72 12018 0019,14560,34630,49190,11750,34590,46340,61000PRI
R72 12018 0020,14990,41700,56690,12190,43560,55750,61000PRI
R72 12018 0021,15260,52680,67940,12540,55160,67700,61000PRI
R72 12018 0022,15400,48890,64290,12690,50560,63250,61000PRI
R72 12018 0023,15400,47450,62850,12640,58620,71260,61000PRI
R72 12018 0024,15260,56430,71690,12610,58830,71440,61000PRI
R72 12018 0025,15430,61560,76990,12440,64180,76620,61000PRI
R72 12018 0026,15190,55930,71120,11760,58860,70620,61000PRI
R72 12019 0001,14410,49720,64130,11650,50880,62530,61000PRI
R72 12019 0002,14410,47390,61800,11540,57960,69500,61000PRI
R72 12019 0003,14030,35470,49500,11230,45140,56370,61000PRI
R72 12019 0004,13890,38400,52290,11130,38760,49890,61000PRI
R72 12019 0005,13750,47960,61710,10980,53510,64490,61000PRI
R72 12019 0006,14380,44450,58830,11480,43330,54810,61000PRI
R72 12019 0007,14580,62510,77090,11800,64920,76720,61000PRI
R72 12019 0008,14710,38580,53290,11940,46260,58200,61000PRI
R72 12019 0009,14440,37070,51510,11680,35960,47640,61000PRI
R72 12019 0010,14030,44220,58250,11330,39410,50740,61000PRI
R72 12019 0011,13750,50160,63910,11030,47700,58730,61000PRI
R72 12019 0012,13720,47460,61180,11020,49480,60500,61000PRI
R72 12019 0013,13600,38000,51600,10870,36470,47340,61000PRI
R72 12019 0014,13490,36340,49830,10830,34750,45580,61000PRI
R72 12019 0015,15000,88370,103370,15000,93450,108450,61000UNR
R72 12019 0016,16100,75970,92070,12540,97590,110130,61000UNR
R72 12019 0017,5730,0,5730,4140,0,4140,61000UNR
R72 12019 0018,20400,53040,73440,16440,96570,113010,61000UNR
R72 12019 0019,15940,54010,69950,12860,77640,90500,61000UNR
R72 12019 0020,15000,55240,70240,12090,81750,93840,61000UNR
R72 12019 0021,14600,53160,67760,11660,78210,89870,61000UNR
R72 12019 0022,13970,55790,69760,11220,83780,95000,61000UNR
R72 12101 0001,12690,45010,57700,8150,41350,49500,61000COR
R72 12101 0003,13100,36950,50050,8430,26180,34610,61000COR
R72 12101 0004,21060,59830,80890,13480,68760,82240,61000COR
R72 12101 0005,19740,70620,90360,12970,83790,96760,61000COR
R72 12101 0006,7360,0,7360,4300,0,4300,61000COR
R72 12101 0007,13250,49320,62570,8540,43410,51950,61000COR
R72 12101 0008,13250,52930,66180,8540,49400,57940,61000COR
R72 12101 0009,13250,37130,50380,8540,45520,54060,61000COR
R72 12101 0010,13250,44940,58190,8540,14140,22680,61000COR
R72 12101 0011,13250,44570,57820,8540,48920,57460,61000COR
R72 12101 0012,13250,48660,61910,8540,58610,67150,61000COR
R72 12101 0014,11930,35880,47810,8170,29110,37280,62000COR
R72 12101 0015,11930,29630,41560,8170,23950,32120,62000COR
R72 12101 0016,11930,37610,49540,8170,26440,34610,62000COR
R72 12101 0017,11810,35230,47040,8130,23930,32060,62000COR
R72 12101 0018,12170,36820,48990,8350,25110,33460,62000COR
R72 12101 0022,13100,49720,62820,8430,44120,52550,61000COR
R72 12101 0024,12690,52920,65610,8150,38280,46430,61000COR
R72 12101 0025,14350,38100,52450,10170,27080,37250,62000COR
R72 12102 0003,12520,43100,55620,8700,41170,49870,62000COR
R72 12102 0005,10730,36960,47690,7240,36810,44050,62000COR
R72 12102 0006,10520,37690,48210,7130,38320,45450,62000COR
R72 12102 0007,10520,41270,51790,7100,19790,26890,62000COR
R72 12102 0008,11940,36730,48670,8520,8850,17370,62000COR
R72 12102 0009,10520,24440,34960,7100,23590,30690,62000COR
R72 12102 0010,10520,38120,48640,7100,44880,51980,62000COR
R72 12102 0012,10520,40540,51060,7100,34750,41850,62000COR
R72 12102 0013,11110,37450,48560,7560,26260,33820,62000COR
R72 12102 0014,14100,36050,50150,10020,17730,27750,62000COR
R72 12102 0015,10690,30460,41150,7240,18180,25420,62000COR
R72 12102 0016,10320,32190,42510,6960,11570,18530,62000COR
R72 12102 0017,10320,31870,42190,6960,23990,30950,62000COR
R72 12102 0018,10320,27500,37820,6960,29040,36000,62000COR
R72 12102 0019,10320,38630,48950,6960,33450,40410,62000COR
R72 12102 0020,10320,34250,44570,6960,36290,43250,62000COR
R72 12102 0021,10320,31090,41410,6960,21520,28480,62000COR
R72 12102 0022,10320,39810,50130,6960,23290,30250,62000COR
R72 12102 0025,1880,0,1880,1180,0,1180,62000COR
R72 12102 0026,10320,33390,43710,6960,22180,29140,62000COR
R72 12102 0027,10320,38710,49030,6960,17580,24540,62000COR
R72 12102 0028,10320,43680,54000,6960,36000,42960,62000COR
R72 12102 0029,10320,38610,48930,6960,32100,39060,62000COR
R72 12102 0030,10900,39090,49990,7400,19990,27390,62000COR
R72 12102 0031,10320,40370,50690,6960,18960,25920,62000COR
R72 12102 0032,10320,29990,40310,6960,22140,29100,62000COR
R72 12102 0033,10320,30600,40920,6960,22770,29730,62000COR
R72 12102 0034,10320,35070,45390,6960,20510,27470,62000COR
R72 12102 0035,10900,36890,47790,7400,31170,38570,62000COR
R72 12102 0036,10900,36780,47680,7400,43280,50680,62000COR
R72 12102 0037,10900,40290,51190,7400,34950,42350,62000COR
R72 12102 0038,10320,39150,49470,6960,39190,46150,62000COR
R72 12102 0039,10320,35070,45390,6960,20510,27470,62000COR
R72 12102 0040,10320,45030,55350,6960,39540,46500,62000COR
R72 12102 0041,10320,43510,53830,6960,38620,45580,62000COR
R72 12102 0042,10320,37430,47750,8180,34340,42520,62000COR
R72 12102 0043,10320,40490,50810,6960,34540,41500,62000COR
R72 12102 0044,10320,29830,40150,6960,17330,24290,62000COR
R72 12102 0045,10900,38920,49820,7400,30960,38360,62000COR
R72 12102 0047,10900,30710,41610,7400,25100,32500,62000COR
R72 12102 0048,10900,40370,51270,7400,33500,40900,62000COR
R72 12102 0049,10900,26070,36970,7400,35440,42840,62000COR
R72 12102 0050,5360,0,5360,3250,0,3250,62000COR
R72 12102 0053,11360,15670,27030,7730,5500,13230,62000COR
R72 12102 0054,10320,30540,40860,6960,15660,22620,62000COR
R72 12102 0055,10320,33140,43460,6960,18830,25790,62000COR
R72 12102 0056,10320,15780,26100,6960,17070,24030,62000COR
R72 12102 0057,10320,32200,42520,6960,16550,23510,62000COR
R72 12102 0058,10320,17240,27560,6960,15690,22650,62000COR
R72 12102 0059,10320,36040,46360,6960,23800,30760,62000COR
R72 12102 0060,10020,35110,45130,6730,24110,30840,62000COR
R72 12102 0061,10320,35990,46310,6730,27130,33860,62000COR
R72 12102 0062,8750,39080,47830,6040,34080,40120,62000COR
R72 12102 0063,4790,0,4790,2680,0,2680,62000COR
R72 12102 0082,!,!,!
R72 12102 0083,10540,43040,53580,6810,41220,48030,62000COR
R72 12102 0085,10460,24550,35010,6530,39450,45980,62000COR
R72 12102 0088,5080,0,5080,3050,0,3050,62000COR
R72 12103 0018,11220,0,11220,6460,0,6460,71001WWO
R72 12103 0019,10700,18910,29610,6330,23880,30210,71001WWO
R72 12103 0020,10610,31710,42320,6470,34000,40470,71001WWO
R72 12103 0021,11730,22330,34060,7150,18170,25320,71001WWO
R72 12104 0018,8920,26600,35520,5380,30970,36350,71001WWO
R72 12104 0019,9840,38080,47920,5880,31950,37830,71001WWO
R72 12104 0020,9800,30070,39870,5950,32790,38740,71001WWO
R72 12104 0021,8820,30420,39240,5380,25270,30650,71001WWO
R72 12104 0022,4410,0,4410,2420,0,2420,71001WWO
R72 12104 0023,8910,19410,28320,5430,18370,23800,71001WWO
R72 12104 0024,9110,22030,31140,5520,24740,30260,71001WWO
R72 12104 0025,11020,21710,32730,6750,18430,25180,71001WWO
R72 12104 0028,11400,22980,34380,7300,9910,17210,71001WWO
R72 12104 0029,11310,19880,31190,6090,0,6090,71001WWO
R72 12104 0030,8650,0,8650,5370,0,5370,71001WWO
R72 12104 0031,10300,34070,44370,5680,0,5680,71001WWO
R72 12104 0032,10380,20550,30930,6290,18130,24420,71001WWO
R72 12104 0033,10580,19720,30300,6440,17340,23780,71001WWO
R72 12104 0034,10400,30440,40840,6400,33980,40380,71001WWO
R72 12104 0035,10910,23370,34280,6770,20470,27240,71001WWO
R72 12104 0036,11310,25150,36460,6070,0,6070,71001WWO
R72 12104 0037,10610,23180,33790,6470,25350,31820,71001WWO
R72 12104 0038,11620,25820,37440,7470,27930,35400,71001WWO
R72 12104 0039,10610,35640,46250,6470,36190,42660,71001WWO
R72 12104 0040,10610,23460,34070,6470,23970,30440,71001WWO
R72 12104 0041,10610,18790,29400,6470,18050,24520,71001WWO
R72 12104 0042,10610,19720,30330,6470,21000,27470,71001WWO
R72 12104 0043,8740,22160,30900,5280,21040,26320,71001WWO
R72 12105 0003,13920,23580,37500,3950,0,3950,71001WWO
R72 12105 0006,19570,42420,61990,14210,54510,68720,62000COR
R72 12105 0007,18630,59760,78390,13470,59730,73200,62000COR
R72 12105 0008,12600,30840,43440,8840,16010,24850,62000COR
R72 12105 0010,12330,33600,45930,8680,19370,28050,62000COR
R72 12105 0011,12310,32840,45150,8670,10150,18820,62000COR
R72 12105 0012,13120,35320,48440,8660,18950,27610,62000COR
R72 12105 0013,10590,48750,59340,7110,70830,77940,62000COR
R72 12105 0014,10400,33720,44120,7000,11520,18520,62000COR
R72 12105 0015,10750,33550,44300,7200,10460,17660,62000COR
R72 12105 0016,10750,31720,42470,7230,10440,17670,62000COR
R72 12105 0017,11270,32100,43370,7580,17700,25280,62000COR
R72 12105 0018,5200,0,5200,3130,0,3130,62000COR
R72 12105 0019,10910,30890,41800,7420,16410,23830,62000COR
R72 12105 0020,5890,0,5890,7590,8710,16300,62000COR
R72 12105 0021,6890,0,6890,3960,0,3960,62000COR
R72 12105 0022,2970,0,2970,1990,0,1990,62000COR
R72 12105 0023,12170,35080,47250,8390,13630,22020,62000COR
R72 12105 0024,11700,35160,46860,8020,22380,30400,62000COR
R72 12105 0025,12410,19140,31550,8580,17130,25710,62000COR
R72 12105 0030,4000,0,4000,7500,0,7500,71001WWO
R72 12106 0001,10560,41680,52240,7080,36800,43880,62000COR
R72 12106 0002,10310,42640,52950,6950,32100,39050,62000COR
R72 12106 0003,11010,40640,51650,7430,58100,65530,62000COR
R72 12106 0004,11250,43660,54910,7670,38530,46200,62000COR
R72 12106 0005,11450,41040,52490,7820,29310,37130,62000COR
R72 12106 0006,11250,36630,47880,7670,27690,35360,62000COR
R72 12106 0007,11700,38540,50240,8060,31580,39640,62000COR
R72 12106 0008,12380,44240,56620,8660,36370,45030,62000COR
R72 12106 0009,13820,27220,41040,9680,21810,31490,62000COR
R72 12106 0011,13820,39450,53270,9680,27820,37500,62000COR
R72 12106 0012,5880,0,5880,3620,0,3620,62000COR
R72 12106 0013,11700,43810,55510,8020,18150,26170,62000COR
R72 12106 0014,11700,38380,50080,8020,32250,40270,62000COR
R72 12106 0015,11700,37630,49330,8020,16290,24310,62000COR
R72 12106 0016,11700,29460,41160,8020,23780,31800,62000COR
R72 12106 0017,11700,38790,50490,8020,25490,33510,62000COR
R72 12106 0018,11700,4640,16340,8020,4600,12620,62000COR
R72 12106 0019,12410,38300,50710,8580,32190,40770,62000COR
R72 12106 0020,15220,37670,52890,10970,8890,19860,62000COR
R72 12106 0021,12380,34340,46720,8560,9760,18320,62000COR
R72 12106 0022,12380,25350,37730,8560,8970,17530,62000COR
R72 12106 0023,6220,0,6220,3880,0,3880,62000COR
R72 12106 0024,12380,18350,30730,8560,9620,18180,62000COR
R72 12106 0025,12260,17180,29440,8520,9420,17940,62000COR
R72 12106 0026,12260,32940,45200,8480,11830,20310,62000COR
R72 12106 0027,12260,31210,43470,8480,15050,23530,62000COR
R72 12106 0028,12260,33010,45270,8450,22200,30650,62000COR
R72 12106 0029,12260,32800,45060,8450,18730,27180,62000COR
R72 12106 0031,12800,43270,56070,8440,42590,51030,62000COR
R72 12107 0001,11700,28680,40380,8010,28680,36690,62000COR
R72 12107 0002,10020,16980,27000,6760,14470,21230,62000COR
R72 12107 0003,10020,18390,28410,6730,14830,21560,62000COR
R72 12107 0004,9920,20050,29970,6700,16990,23690,62000COR
R72 12107 0005,9920,23650,33570,6700,20760,27460,62000COR
R72 12107 0006,9920,32530,42450,6700,17570,24270,62000COR
R72 12107 0007,10020,19750,29770,6730,9390,16120,62000COR
R72 12107 0008,10020,32690,42710,6760,10370,17130,62000COR
R72 12107 0009,10020,31840,41860,6760,15710,22470,62000COR
R72 12107 0010,10120,27710,37830,6790,21350,28140,62000COR
R72 12107 0011,10120,22350,32470,6790,19530,26320,62000COR
R72 12107 0012,10230,38440,48670,6870,25770,32640,62000COR
R72 12107 0013,12270,35170,47440,8430,23700,32130,62000COR
R72 12107 0014,9440,35930,45370,6300,24630,30930,62000COR
R72 12107 0016,10350,34040,44390,6990,21090,28080,62000COR
R72 12107 0017,10350,29070,39420,6990,18350,25340,62000COR
R72 12107 0018,10350,21600,31950,6990,12110,19100,62000COR
R72 12107 0019,10350,32630,42980,6990,18650,25640,62000COR
R72 12107 0021,10120,21230,31350,6820,17570,24390,62000COR
R72 12107 0023,10120,21230,31350,6820,21080,27900,62000COR
R72 12107 0024,10120,15540,25660,6820,8570,15390,62000COR
R72 12107 0025,10290,40600,50890,6890,31090,37980,62000COR
R72 12107 0026,12050,44130,56180,8290,16510,24800,62000COR
R72 12107 0027,11480,35570,47050,7850,25780,33630,62000COR
R72 12107 0029,11480,34160,45640,7850,22300,30150,62000COR
R72 12107 0031,10320,34720,45040,6930,33620,40550,62000COR
R72 12107 0032,10780,21100,31880,7310,17590,24900,62000COR
R72 12107 0033,10780,34620,45400,7310,22930,30240,62000COR
R72 12107 0034,10780,33330,44110,7310,8350,15660,62000COR
R72 12107 0035,11820,30850,42670,8110,42460,50570,62000COR
R72 12107 0036,10630,36530,47160,7160,27710,34870,62000COR
R72 12107 0037,10680,38870,49550,7250,8200,15450,62000COR
R72 12107 0038,11010,45310,56320,7470,32200,39670,62000COR
R72 12107 0039,11910,31130,43040,8500,10580,19080,62000COR
R72 12107 0040,11710,31300,43010,8250,10460,18710,62000COR
R72 12107 0042,11410,36860,48270,7810,22360,30170,62000COR
R72 12107 0043,11820,4680,16500,8890,36150,45040,62000COR
R72 12107 0045,10520,33490,44010,7100,13760,20860,62000COR
R72 12107 0046,10320,23610,33930,6960,20040,27000,62000COR
R72 12107 0047,10580,31270,41850,7200,17470,24670,62000COR
R72 12107 0048,10150,32240,42390,6840,18250,25090,62000COR
R72 12107 0049,10150,19370,29520,6840,12040,18880,62000COR
R72 12107 0050,6170,10870,17040,4210,19100,23310,62000COR
R72 12107 0052,11480,35680,47160,7850,24920,32770,62000COR
R72 12107 0059,10350,32540,42890,6990,18630,25620,62000COR
R72 12107 0062,10350,33300,43650,6990,13070,20060,62000COR
R72 12108 0001,13850,31620,45470,9780,10940,20720,62000COR
R72 12108 0002,12880,23200,36080,8950,16780,25730,62000COR
R72 12108 0004,10490,32560,43050,7050,28910,35960,62000COR
R72 12108 0005,11700,34040,45740,8020,14370,22390,62000COR
R72 12108 0009,11140,41650,52790,7570,18770,26340,62000COR
R72 12108 0014,4070,0,4070,2310,0,2310,62000COR
R72 12108 0017,12120,30900,43020,8100,17400,25500,62000COR
R72 12110 0005,7050,0,7050,4060,0,4060,71001WWO
R72 12110 0006,13830,29680,43510,8550,26170,34720,71001WWO
R72 12110 0007,13020,26170,39190,7650,21680,29330,71001WWO
R72 12110 0008,11030,38430,49460,7510,25780,33290,62000COR
R72 12110 0009,11140,31990,43130,7600,19130,26730,62000COR
R72 12110 0018,1470,0,1470,230,0,230,71001WWO
R72 12110 0020,12770,35300,48070,8130,34190,42320,71001WWO
R72 12111 0001,12500,31010,43510,8040,21490,29530,61000COR
R72 12111 0002,6310,0,6310,3650,0,3650,61000COR
R72 12111 0003,12880,47590,60470,8270,44040,52310,61000COR
R72 12111 0004,13000,32860,45860,8410,29990,38400,61000COR
R72 12111 0005,13130,39740,52870,8480,34550,43030,61000COR
R72 12111 0006,13250,43570,56820,8540,31210,39750,61000COR
R72 12111 0007,13250,25620,38870,8540,36720,45260,61000COR
R72 12111 0008,6630,0,6630,3850,0,3850,61000COR
R72 12111 0009,14580,69890,84470,9410,77870,87280,61000COR
R72 12111 0011,15360,50400,65760,9950,46310,56260,61000COR
R72 12111 0012,6820,0,6820,3980,0,3980,61000COR
R72 12111 0013,15080,61130,76210,9810,65180,74990,61000COR
R72 12111 0014,19690,60470,80160,11970,59300,71270,61000COR
R72 12111 0015,4090,0,4090,2520,0,2520,61000COR
R72 12111 0016,15630,60880,76510,10050,52480,62530,61000COR
R72 12111 0017,6440,0,6440,3740,0,3740,61000COR
R72 12111 0018,12750,42770,55520,8210,38350,46560,61000COR
R72 12111 0019,11880,41100,52980,7610,34180,41790,61000COR
R72 12111 0020,12630,38950,51580,8140,33270,41410,61000COR
R72 12111 0021,13000,36610,49610,8340,31510,39850,61000COR
R72 12111 0022,13000,38640,51640,8380,37650,46030,61000COR
R72 12111 0023,13650,15140,28790,8810,23260,32070,61000COR
R72 12111 0024,12190,52260,64450,7790,43800,51590,61000COR
R72 12111 0025,2160,0,2160,1350,0,1350,61000COR
R72 12111 0026,12220,41500,53720,7820,48250,56070,61000COR
R72 12111 0027,5810,0,5810,3350,0,3350,61000COR
R72 12111 0028,12110,33120,45230,7660,35060,42720,61000COR
R72 12111 0029,6260,0,6260,3530,0,3530,61000COR
R72 12111 0030,14030,54650,68680,9050,52580,61630,61000COR
R72 12111 0031,19130,67190,86320,15560,28360,43920,61000COR
R72 12111 0033,6350,0,6350,3650,0,3650,61000COR
R72 12111 0034,12930,62530,75460,8240,60570,68810,61000COR
R72 12111 0035,6310,0,6310,3660,0,3660,61000COR
R72 12111 0036,15770,49500,65270,9750,43790,53540,61000COR
R72 12111 0037,16280,58750,75030,10610,50370,60980,61000COR
R72 12111 0038,13250,36120,49370,8540,46700,55240,61000COR
R72 12111 0039,13380,41500,54880,8640,35050,43690,61000COR
R72 12111 0040,13500,42800,56300,8710,42420,51130,61000COR
R72 12111 0041,13630,45900,59530,8780,40340,49120,61000COR
R72 12111 0042,13630,41650,55280,8840,41700,50540,61000COR
R72 12111 0043,15000,41470,56470,10520,45760,56280,61000COR
R72 12111 0044,13630,50310,63940,8840,44130,52970,61000COR
R72 12111 0045,6810,0,6810,3970,0,3970,61000COR
R72 12111 0046,13500,69500,83000,8740,73500,82240,61000COR
R72 12111 0047,13500,61550,75050,8680,53660,62340,61000COR
R72 12111 0048,6690,0,6690,3880,0,3880,61000COR
R72 12111 0049,6960,0,6960,4050,0,4050,61000COR
R72 12111 0050,13600,58870,72470,8810,69160,77970,61000COR
R72 12111 0051,11220,0,11220,7320,0,7320,61000COR
R72 12111 0052,14850,47190,62040,9690,45690,55380,61000COR
R72 12111 0053,15640,43610,59250,10170,47960,58130,61000COR
R72 12111 0054,13000,42700,55700,8410,23240,31650,61000COR
R72 12111 0055,6500,0,6500,3770,0,3770,61000COR
R72 12111 0056,13000,52360,65360,8380,43180,51560,61000COR
R72 12111 0057,13000,40930,53930,8380,29300,37680,61000COR
R72 12111 0058,13000,38410,51410,8380,36710,45090,61000COR
R72 12111 0059,4860,0,4860,2780,0,2780,61000COR
R72 12111 0060,13000,46930,59930,8380,35810,44190,61000COR
R72 12111 0061,13000,43680,56680,8380,40120,48500,61000COR
R72 12111 0062,13390,79070,92460,8640,86400,95040,61000COR
R72 12111 0063,6430,0,6430,3730,0,3730,61000COR
R72 12111 0064,21350,57680,79030,31080,53190,84270,61000COR
R72 12111 0065,9350,0,9350,5720,0,5720,61000COR
R72 12111 0066,6840,0,6840,4020,0,4020,61000COR
R72 12111 0067,13680,62740,76420,8920,64820,73740,61000COR
R72 12111 0068,29530,78890,108420,19190,76350,95540,61000COR
R72 12111 0069,6940,0,6940,4080,0,4080,61000COR
R72 12111 0070,13880,40380,54260,9050,41210,50260,61000COR
R72 12111 0071,13880,42690,56570,9050,37370,46420,61000COR
R72 12111 0072,13880,42080,55960,11280,20890,32170,61000COR
R72 12111 0073,17340,61090,78430,11560,62810,74370,61000COR
R72 12111 0075,17190,42770,59960,11410,39630,51040,61000COR
R72 12111 0077,16000,58260,74260,10290,54920,65210,61000COR
R72 12111 0078,16000,61200,77200,9690,47440,57130,61000COR
R72 12111 0079,24910,55040,79950,15700,50730,66430,61000COR
R72 12111 0080,17730,66650,84380,10830,78750,89580,61000COR
R72 12111 0081,14700,62920,77620,9370,50710,60080,61000COR
R72 12111 0083,11850,39470,51320,7930,29430,37360,62000COR
R72 12111 0084,13930,45420,59350,9690,47090,56780,62000COR
R72 12111 0085,11420,38060,49480,7680,27580,35260,62000COR
R72 12111 0086,12510,42210,54720,8640,39000,47640,62000COR
R72 12111 0087,14610,39600,54210,10460,32220,42680,62000COR
R72 12111 0088,11700,41430,53130,7990,42650,50640,62000COR
R72 12111 0089,11700,44150,55850,8020,42180,50200,62000COR
R72 12111 0091,11810,44590,56400,8090,35470,43560,62000COR
R72 12111 0092,11930,41580,53510,8170,30920,39090,62000COR
R72 12111 0093,11930,40310,52240,8200,37930,46130,62000COR
R72 12111 0094,12040,42240,54280,9740,28390,38130,62000COR
R72 12111 0095,12150,45740,57890,8340,37110,45450,62000COR
R72 12111 0096,12150,44780,56930,8380,42790,51170,62000COR
R72 12111 0097,12260,38480,50740,8450,32020,40470,62000COR
R72 12111 0098,12260,42090,54350,10030,37970,48000,62000COR
R72 12111 0099,12380,42210,54590,8560,31190,39750,62000COR
R72 12111 0100,12380,43510,55890,10160,7840,18000,62000COR
R72 12111 0101,12490,45630,58120,8700,36530,45230,62000COR
R72 12111 0102,13610,45470,59080,9460,39570,49030,62000COR
R72 12111 0103,13610,42420,56030,10440,28620,39060,62000COR
R72 12111 0104,13500,37970,51470,10370,35460,45830,62000COR
R72 12111 0105,13500,38770,52270,10260,34900,45160,62000COR
R72 12111 0106,13790,41980,55770,10520,33410,43930,62000COR
R72 12111 0107,13680,39180,52860,10180,35260,45440,62000COR
R72 12111 0108,13560,38530,52090,10070,34800,44870,62000COR
R72 12111 0109,12520,40890,53410,8680,21110,29790,62000COR
R72 12111 0110,13330,45490,58820,9540,37360,46900,62000COR
R72 12111 0111,12980,41070,54050,9200,32720,41920,62000COR
R72 12111 0112,13120,41920,55040,9170,40520,49690,62000COR
R72 12111 0114,19600,50870,70470,13250,48950,62200,61000COR
R72 12111 0115,5040,0,5040,2870,0,2870,61000COR
R72 12111 0116,4970,0,4970,2840,0,2840,61000COR
R72 12111 0117,15360,48260,63620,10530,51170,61700,62000COR
R72 12111 0122,4860,0,4860,2780,0,2780,61000COR
R72 12112 0001,11080,30730,41810,7380,23560,30940,62000COR
R72 12112 0003,10900,28890,39790,7400,15810,23210,62000COR
R72 12112 0005,10900,29280,40180,7400,17490,24890,62000COR
R72 12112 0006,10900,20950,31850,7400,11570,18970,62000COR
R72 12112 0008,10900,28630,39530,7400,8250,15650,62000COR
R72 12112 0010,10900,13370,24270,7400,6310,13710,62000COR
R72 12112 0012,10780,18230,29010,7310,15560,22870,62000COR
R72 12112 0013,9720,33580,43300,6530,13200,19730,62000COR
R72 12112 0014,13320,42680,56000,8670,31690,40360,61000COR
R72 12112 0015,13440,45240,58680,8770,38650,47420,61000COR
R72 12112 0016,18190,41010,59200,9010,32180,41190,61000COR
R72 12112 0018,13500,37520,51020,10820,19180,30000,61000COR
R72 12112 0019,13500,16710,30210,8680,29960,38640,61000COR
R72 12112 0020,13500,41080,54580,8710,28790,37500,61000COR
R72 12112 0021,13500,38420,51920,8710,33560,42270,61000COR
R72 12112 0022,13500,37730,51230,8710,31010,39720,61000COR
R72 12112 0023,13500,44990,58490,8710,44370,53080,61000COR
R72 12112 0024,6750,0,6750,3910,0,3910,61000COR
R72 12112 0025,6750,0,6750,3910,0,3910,61000COR
R72 12112 0026,13380,45250,58630,8640,48020,56660,61000COR
R72 12112 0028,10580,34810,45390,7150,23860,31010,62000COR
R72 12112 0029,11760,34540,46300,7550,27220,34770,61000COR
R72 12112 0030,13230,28240,41470,6810,0,6810,61000COR
R72 12112 0031,6270,0,6270,3610,0,3610,61000COR
R72 12112 0032,12560,42370,54930,8020,36570,44590,61000COR
R72 12112 0033,11640,34280,45920,7520,27540,35060,61000COR
R72 12112 0034,11520,40750,52270,7380,32910,40290,61000COR
R72 12112 0035,12100,33080,45180,7760,36870,44630,61000COR
R72 12112 0036,11990,37670,49660,9640,19280,28920,61000COR
R72 12112 0037,11480,36860,48340,7400,29880,37280,61000COR
R72 12112 0038,11480,21540,33020,7400,20790,28190,61000COR
R72 12112 0039,11480,38640,50120,7370,28270,35640,61000COR
R72 12112 0040,11480,34220,45700,7370,22230,29600,61000COR
R72 12112 0041,11480,33950,45430,7370,26610,33980,61000COR
R72 12112 0043,12790,31100,43890,8200,24130,32330,61000COR
R72 12112 0044,12440,40360,52800,8000,35580,43580,61000COR
R72 12112 0045,12210,38040,50250,7850,35360,43210,61000COR
R72 12112 0046,6380,0,6380,3690,0,3690,61000COR
R72 12112 0047,12630,40280,52910,8140,39500,47640,61000COR
R72 12112 0048,12750,45010,57760,10190,29810,40000,61000COR
R72 12112 0049,12750,40630,53380,8170,38610,46780,61000COR
R72 12112 0050,12750,38020,50770,8170,21200,29370,61000COR
R72 12112 0051,12750,41590,54340,8170,39410,47580,61000COR
R72 12112 0052,12750,41740,54490,8170,34970,43140,61000COR
R72 12112 0053,12440,43770,56210,9960,14770,24730,61000COR
R72 12112 0054,5960,0,5960,3430,0,3430,61000COR
R72 12112 0055,11810,44090,55900,7580,38650,46230,61000COR
R72 12112 0056,11700,52230,63930,7480,40790,48270,61000COR
R72 12112 0057,11480,39220,50700,7340,33970,41310,61000COR
R72 12112 0058,11140,38570,49710,7180,32490,39670,61000COR
R72 12112 0059,11030,24610,35640,7120,23570,30690,61000COR
R72 12112 0060,12020,38320,50340,7680,28890,36570,61000COR
R72 12112 0061,12150,27480,39630,7750,26870,34620,61000COR
R72 12112 0062,13380,44710,58090,8640,38820,47460,61000COR
R72 12112 0063,11930,48950,60880,7660,43140,50800,61000COR
R72 12112 0064,11930,44330,56260,7610,34860,42470,61000COR
R72 12112 0065,11810,33840,45650,7580,30090,37670,61000COR
R72 12112 0066,11700,36850,48550,7530,33470,41000,61000COR
R72 12112 0067,11700,35710,47410,7500,32380,39880,61000COR
R72 12112 0068,13390,37050,50440,10770,20550,31320,61000COR
R72 12112 0069,12480,36380,48860,8030,30430,38460,61000COR
R72 12112 0071,12480,33930,46410,8030,22280,30310,61000COR
R72 12112 0073,12480,36680,49160,10000,21000,31000,61000COR
R72 12112 0074,12480,33070,45550,8030,23420,31450,61000COR
R72 12112 0075,13100,51490,64590,8400,49680,58080,61000COR
R72 12112 0076,6010,0,6010,3470,0,3470,61000COR
R72 12112 0077,12150,45370,57520,7750,39050,46800,61000COR
R72 12112 0078,12150,42510,54660,7770,40170,47940,61000COR
R72 12112 0079,12150,31310,43460,7800,15020,22820,61000COR
R72 12112 0080,13630,43750,57380,8810,36100,44910,61000COR
R72 12112 0081,12830,47270,60100,8240,41200,49440,61000COR
R72 12112 0082,6070,0,6070,3500,0,3500,61000COR
R72 12112 0083,12150,33840,45990,7770,24930,32700,61000COR
R72 12112 0084,12150,46450,58600,7770,35030,42800,61000COR
R72 12112 0085,12150,29710,41860,7750,29830,37580,61000COR
R72 12112 0086,13380,29890,43270,8610,21590,30200,61000COR
R72 12112 0087,11480,40510,51990,7340,33220,40560,61000COR
R72 12112 0088,11480,41520,53000,7340,37510,44850,61000COR
R72 12112 0089,11480,41250,52730,7340,33970,41310,61000COR
R72 12112 0090,11480,42340,53820,7340,35650,42990,61000COR
R72 12112 0091,11930,34400,46330,7610,24540,32150,61000COR
R72 12112 0092,11480,37710,49190,7370,31220,38590,61000COR
R72 12112 0093,11480,37260,48740,7400,30970,38370,61000COR
R72 12112 0094,11590,37950,49540,7420,30600,38020,61000COR
R72 12112 0095,11590,5900,17490,9250,24930,34180,61000COR
R72 12112 0096,11700,37560,49260,7480,30190,37670,61000COR
R72 12112 0097,11700,34020,45720,7500,24620,32120,61000COR
R72 12112 0098,11700,39020,50720,7530,30710,38240,61000COR
R72 12112 0099,11810,31280,43090,7580,19630,27210,61000COR
R72 12112 0100,11700,40130,51830,7500,27660,35160,61000COR
R72 12112 0101,11700,46140,57840,7500,39270,46770,61000COR
R72 12112 0102,11700,44190,55890,7500,30050,37550,61000COR
R72 12112 0103,11700,36570,48270,7500,22850,30350,61000COR
R72 12112 0104,11700,35950,47650,7500,24070,31570,61000COR
R72 12112 0105,11700,36400,48100,7500,27670,35170,61000COR
R72 12112 0106,11700,35190,46890,7500,27840,35340,61000COR
R72 12112 0107,11700,39560,51260,7500,32520,40020,61000COR
R72 12112 0108,11700,42350,54050,7500,39540,47040,61000COR
R72 12112 0109,11700,37160,48860,7500,27500,35000,61000COR
R72 12112 0110,11700,40820,52520,7500,34860,42360,61000COR
R72 12112 0111,11700,42580,54280,7500,32450,39950,61000COR
R72 12112 0112,11700,45170,56870,7530,37800,45330,61000COR
R72 12112 0113,14430,47740,62170,9240,45240,54480,61000COR
R72 12112 0114,17650,35150,52800,11980,33710,45690,61000COR
R72 12112 0115,6190,0,6190,3590,0,3590,61000COR
R72 12112 0116,11960,42040,54000,7690,42360,50050,61000COR
R72 12112 0117,2290,0,2290,1420,0,1420,61000COR
R72 12112 0118,11420,59710,71130,7320,47380,54700,61000COR
R72 12112 0119,5870,6010,11880,3750,5740,9490,61000COR
R72 12112 0121,5730,0,5730,3310,0,3310,61000COR
R72 12112 0122,14980,38210,53190,9900,30700,40600,61000COR
R72 12112 0123,12400,40540,52940,7960,33060,41020,61000COR
R72 12112 0124,12540,35520,48060,8090,41280,49370,61000COR
R72 12112 0125,6210,37730,43940,4020,53820,57840,61000COR
R72 12112 0126,12320,33460,45780,7940,0,7940,61000COR
R72 12112 0127,12100,23440,35540,7760,17240,25000,61000COR
R72 12112 0128,11990,34550,46540,7640,27000,34640,61000COR
R72 12112 0129,11660,34250,45910,7430,27500,34930,61000COR
R72 12112 0130,11290,34400,45690,7230,22970,30200,61000COR
R72 12112 0131,11940,29410,41350,7590,21440,29030,61000COR
R72 12112 0133,16490,37240,53730,10820,8170,18990,61000COR
R72 12112 0134,14630,38090,52720,9880,31240,41120,61000COR
R72 12112 0135,15250,38160,53410,9950,26430,36380,61000COR
R72 12112 0137,14880,35890,50770,15390,29550,44940,61000COR
R72 12112 0138,6010,0,6010,3460,0,3460,61000COR
R72 12112 0139,11880,45540,57420,7670,36940,44610,61000COR
R72 12112 0140,18280,40420,58700,12860,46750,59610,61000COR
R72 12112 0142,14750,58520,73270,10020,52390,62410,61000COR
R72 12112 0143,12940,46820,59760,8470,42750,51220,61000COR
R72 12112 0144,12490,46360,58850,8070,38890,46960,61000COR
R72 12112 0145,12480,35810,48290,8060,26100,34160,61000COR
R72 12112 0146,12350,38390,50740,7930,24380,32310,61000COR
R72 12112 0147,18580,42680,61260,11390,40780,52170,61000COR
R72 12112 0148,11960,40150,52110,7640,31710,39350,61000COR
R72 12112 0149,11880,43080,54960,7640,38640,46280,61000COR
R72 12112 0150,11360,45050,56410,7320,40450,47770,61000COR
R72 12112 0151,11700,39830,51530,7500,32870,40370,61000COR
R72 12112 0152,11700,42860,54560,7500,34530,42030,61000COR
R72 12112 0153,11700,38700,50400,7500,27020,34520,61000COR
R72 12112 0154,11700,41310,53010,7500,34780,42280,61000COR
R72 12112 0155,11700,44370,56070,7500,30380,37880,61000COR
R72 12112 0156,11700,44970,56670,7500,38580,46080,61000COR
R72 12112 0157,11700,43690,55390,7500,37480,44980,61000COR
R72 12112 0158,11700,47140,58840,7500,36950,44450,61000COR
R72 12112 0159,11700,49650,61350,7500,15460,22960,61000COR
R72 12112 0160,11700,24570,36270,7500,40500,48000,61000COR
R72 12112 0161,13390,39090,52480,8400,56810,65210,61000COR
R72 12112 0162,13490,48750,62240,8570,44020,52590,61000COR
R72 12112 0163,12460,32560,45020,7920,35430,43350,61000COR
R72 12112 0164,11640,36440,48080,7450,32730,40180,61000COR
R72 12112 0165,11140,40630,51770,7180,29300,36480,61000COR
R72 12112 0166,11360,41540,52900,7320,29670,36990,61000COR
R72 12112 0167,11590,42720,54310,7420,36120,43540,61000COR
R72 12112 0168,11700,46930,58630,7480,50510,57990,61000COR
R72 12112 0169,11700,38840,50540,7500,33380,40880,61000COR
R72 12112 0170,11700,45690,57390,7500,42050,49550,61000COR
R72 12112 0171,11700,31860,43560,7500,23920,31420,61000COR
R72 12112 0172,11700,41620,53320,7500,30440,37940,61000COR
R72 12112 0173,11700,49170,60870,7500,42630,50130,61000COR
R72 12112 0174,15080,55110,70190,10170,50220,60390,61000COR
R72 12112 0175,12490,54780,67270,8070,47500,55570,61000COR
R72 12112 0176,12260,39460,51720,7830,28420,36250,61000COR
R72 12112 0177,12040,35430,47470,7690,10970,18660,61000COR
R72 12112 0178,11930,33690,45620,7660,24380,32040,61000COR
R72 12112 0179,12040,49780,61820,7720,43620,51340,61000COR
R72 12112 0180,12150,36760,48910,7800,28050,35850,61000COR
R72 12112 0181,12420,40620,53040,7990,32960,40950,61000COR
R72 12112 0182,12590,46280,58870,8090,39900,47990,61000COR
R72 12112 0183,11810,35900,47710,7560,23860,31420,61000COR
R72 12112 0184,11700,41050,52750,7500,32430,39930,61000COR
R72 12112 0185,11700,54770,66470,7500,55700,63200,61000COR
R72 12112 0186,11700,39070,50770,7500,30820,38320,61000COR
R72 12112 0187,11700,39170,50870,7500,27470,34970,61000COR
R72 12112 0188,11700,39040,50740,7500,27020,34520,61000COR
R72 12112 0189,11700,49530,61230,7500,44130,51630,61000COR
R72 12112 0190,12090,37120,49210,7770,31800,39570,61000COR
R72 12112 0191,11700,36390,48090,7500,28070,35570,61000COR
R72 12112 0192,12350,35680,48030,7940,11160,19100,61000COR
R72 12112 0193,12350,17080,29430,7940,23400,31340,61000COR
R72 12112 0194,12350,22880,35230,7940,22520,30460,61000COR
R72 12112 0196,6170,0,6170,3570,0,3570,61000COR
R72 12112 0197,12350,41220,53570,7940,35560,43500,61000COR
R72 12112 0198,12350,47520,59870,7940,34600,42540,61000COR
R72 12112 0199,11700,43420,55120,7500,31930,39430,61000COR
R72 12112 0200,14920,34540,49460,9630,21770,31400,61000COR
R72 12112 0201,12250,31430,43680,7910,26840,34750,61000COR
R72 12112 0202,11880,41480,53360,7650,29860,37510,61000COR
R72 12112 0203,12460,34710,47170,7970,21110,29080,61000COR
R72 12112 0204,11250,34510,45760,7240,27060,34300,61000COR
R72 12112 0206,10910,33940,44850,7020,22280,29300,61000COR
R72 12112 0207,5450,0,5450,3150,0,3150,61000COR
R72 12112 0208,11140,54360,65500,7180,59090,66270,61000COR
R72 12112 0209,12640,43920,56560,8760,43280,52040,62000COR
R72 12112 0210,12880,41310,54190,8930,28770,37700,62000COR
R72 12112 0212,10610,16900,27510,7170,15750,22920,62000COR
R72 12112 0213,10630,35990,46620,7160,15840,23000,62000COR
R72 12112 0215,10290,42610,52900,6940,32280,39220,62000COR
R72 12112 0216,11030,34170,45200,7470,7930,15400,62000COR
R72 12112 0217,10520,36190,46710,7130,24230,31360,62000COR
R72 12112 0218,9610,34330,43940,6450,22660,29110,62000COR
R72 12112 0219,9680,33700,43380,6530,21570,28100,62000COR
R72 12112 0220,10520,35770,46290,7100,9460,16560,62000COR
R72 12112 0221,10520,17050,27570,7100,13430,20530,62000COR
R72 12112 0222,10520,33500,44020,7100,21800,28900,62000COR
R72 12112 0223,10520,35920,46440,7100,28230,35330,62000COR
R72 12112 0224,10520,33240,43760,7100,21760,28860,62000COR
R72 12112 0225,10520,33430,43950,7100,21740,28840,62000COR
R72 12112 0226,10520,33830,44350,7100,13210,20310,62000COR
R72 12112 0227,10520,36640,47160,7100,25780,32880,62000COR
R72 12112 0228,5790,24330,30120,3970,21670,25640,62000COR
R72 12112 0229,7530,1350,8880,5000,0,5000,62000COR
R72 12112 0230,15800,37410,53210,12080,29380,41460,62000COR
R72 12112 0232,12680,15920,28600,8050,16940,24990,61000COR
R72 12112 0233,11040,28790,39830,7100,26670,33770,61000COR
R72 12112 0234,11510,33640,45150,7420,25750,33170,61000COR
R72 12112 0235,11620,34350,45970,7480,26930,34410,61000COR
R72 12112 0236,11500,34790,46290,7400,27340,34740,61000COR
R72 12112 0237,12500,34570,47070,8040,31700,39740,61000COR
R72 12112 0238,10520,30500,41020,7100,23700,30800,62000COR
R72 12112 0239,10880,15810,26690,7380,4140,11520,62000COR
R72 12112 0241,10880,14590,25470,7380,13240,20620,62000COR
R72 12112 0243,10880,32080,42960,7380,12470,19850,62000COR
R72 12112 0246,10880,31030,41910,7380,14260,21640,62000COR
R72 12112 0247,10880,17700,28580,7380,6580,13960,62000COR
R72 12112 0248,10880,2930,13810,7380,6740,14120,62000COR
R72 12112 0252,5880,0,5880,3620,0,3620,62000COR
R72 12112 0254,12570,28650,41220,8830,13850,22680,62000COR
R72 12112 0255,12470,2950,15420,9030,6590,15620,62000COR
R72 12112 0256,12200,33430,45630,8570,15140,23710,62000COR
R72 12112 0257,11480,8360,19840,7370,18180,25550,61000COR
R72 12112 0258,11480,23680,35160,7370,26950,34320,61000COR
R72 12112 0273,13200,45770,58970,8490,44550,53040,61000COR
R72 12112 0275,12480,32870,45350,8030,24580,32610,61000COR
R72 12112 0290,10880,16140,27020,7380,12750,20130,62000COR
R72 12112 0292,10880,16730,27610,7380,11570,18950,62000COR
R72 12112 0294,10990,4850,15840,7470,9450,16920,62000COR
R72 12112 0296,10880,12300,23180,7380,9600,16980,62000COR
R72 12112 0301,10900,15660,26560,7400,9710,17110,62000COR
R72 12112 0303,10900,14540,25440,7400,14260,21660,62000COR
R72 12112 0306,10900,33330,44230,7400,19830,27230,62000COR
R72 12112 0309,9690,31090,40780,6530,24830,31360,62000COR
R72 12112 0311,2220,0,2220,1400,0,1400,61000COR
R72 12112 0312,12750,46340,59090,8010,34930,42940,61000COR
R72 12113 0001,12500,31090,43590,8040,24110,32150,61000COR
R72 12113 0002,14390,42860,57250,9290,40370,49660,61000COR
R72 12113 0004,11700,42250,53950,7990,36080,44070,62000COR
R72 12113 0005,11590,35120,46710,7920,24780,32700,62000COR
R72 12113 0006,11480,32470,43950,7850,20330,28180,62000COR
R72 12113 0007,11480,38750,50230,7810,33640,41450,62000COR
R72 12113 0008,5760,0,5760,3520,0,3520,62000COR
R72 12113 0009,11480,41870,53350,7810,36550,44360,62000COR
R72 12113 0010,11480,36650,48130,7850,14270,22120,62000COR
R72 12113 0011,11590,38460,50050,7920,29850,37770,62000COR
R72 12113 0012,11590,39120,50710,7950,13200,21150,62000COR
R72 12113 0013,11820,32790,44610,8130,23970,32100,62000COR
R72 12113 0014,9680,32030,41710,6480,18580,25060,62000COR
R72 12113 0015,10350,38830,49180,6990,33210,40200,62000COR
R72 12113 0016,5080,0,5080,3040,0,3040,62000COR
R72 12113 0017,10420,40750,51170,7010,33810,40820,62000COR
R72 12113 0018,10630,35680,46310,7160,29040,36200,62000COR
R72 12113 0019,10730,35480,46210,7270,30080,37350,62000COR
R72 12113 0020,10930,33590,44520,7360,24030,31390,62000COR
R72 12113 0021,11030,35190,46220,7440,22840,30280,62000COR
R72 12113 0022,11030,41830,52860,7500,28770,36270,62000COR
R72 12113 0023,11130,38650,49780,7550,29720,37270,62000COR
R72 12113 0024,11130,27730,38860,7610,20070,27680,62000COR
R72 12113 0025,11230,39910,51140,7640,32740,40380,62000COR
R72 12113 0026,11230,43480,54710,7670,36920,44590,62000COR
R72 12113 0027,11230,29810,41040,7670,10350,18020,62000COR
R72 12113 0028,13130,53000,66130,8440,43260,51700,61000COR
R72 12113 0029,5980,0,5980,3440,0,3440,61000COR
R72 12113 0030,12290,38500,50790,7840,29590,37430,61000COR
R72 12113 0031,11630,29830,41460,7480,36850,44330,61000COR
R72 12113 0032,11850,18220,30070,7590,31600,39190,61000COR
R72 12113 0033,14690,38850,53540,9510,12030,21540,61000COR
R72 12113 0034,10320,32480,42800,6990,0,6990,62000COR
R72 12113 0035,10520,40100,50620,7100,28710,35810,62000COR
R72 12113 0036,10520,40020,50540,7100,35700,42800,62000COR
R72 12113 0037,10520,39140,49660,7100,28180,35280,62000COR
R72 12113 0038,10520,32200,42720,7100,28710,35810,62000COR
R72 12113 0039,10520,22560,33080,7100,18520,25620,62000COR
R72 12113 0040,10520,33610,44130,7100,13860,20960,62000COR
R72 12113 0041,10520,39140,49660,7100,29530,36630,62000COR
R72 12113 0042,10520,41100,51620,7100,20200,27300,62000COR
R72 12113 0043,10520,40080,50600,7100,31680,38780,62000COR
R72 12113 0044,10520,37100,47620,7100,28210,35310,62000COR
R72 12113 0045,5290,910,6200,3550,1170,4720,62000COR
R72 12113 0047,12880,42500,55380,8950,20360,29310,62000COR
R72 12113 0048,11460,41030,52490,7840,23870,31710,62000COR
R72 12113 0049,10990,34720,45710,7470,29000,36470,62000COR
R72 12113 0050,10520,33840,44360,7100,31440,38540,62000COR
R72 12113 0051,10520,31080,41600,7100,18150,25250,62000COR
R72 12113 0052,10520,37060,47580,7100,19120,26220,62000COR
R72 12113 0053,10520,33260,43780,7100,27750,34850,62000COR
R72 12113 0054,5290,0,5290,3200,0,3200,62000COR
R72 12113 0055,10520,39020,49540,7100,32030,39130,62000COR
R72 12113 0056,10520,37820,48340,7100,17090,24190,62000COR
R72 12113 0058,10520,31000,41520,7100,19530,26630,62000COR
R72 12113 0059,11700,33180,44880,8020,21740,29760,62000COR
R72 12113 0061,11700,34160,45860,8020,25070,33090,62000COR
R72 12113 0063,12880,43140,56020,8310,43850,52160,61000COR
R72 12113 0064,11930,43160,55090,7610,56810,64420,61000COR
R72 12113 0065,2310,0,2310,1450,0,1450,61000COR
R72 12113 0066,14580,10590,25170,9450,41620,51070,61000COR
R72 12113 0068,11590,38020,49610,7420,31170,38590,61000COR
R72 12113 0069,12380,36810,49190,7940,22760,30700,61000COR
R72 12113 0070,5290,0,5290,3200,0,3200,62000COR
R72 12113 0071,10520,42510,53030,7100,11300,18400,62000COR
R72 12113 0072,10990,28340,39330,7470,12250,19720,62000COR
R72 12113 0073,10990,35730,46720,7470,25510,32980,62000COR
R72 12113 0074,10990,33740,44730,7470,23890,31360,62000COR
R72 12113 0076,10990,35250,46240,7470,15460,22930,62000COR
R72 12113 0077,10990,36920,47910,7470,17040,24510,62000COR
R72 12113 0078,10990,32800,43790,7470,13280,20750,62000COR
R72 12113 0079,10990,33590,44580,7470,13100,20570,62000COR
R72 12113 0080,10990,37780,48770,7470,16840,24310,62000COR
R72 12113 0081,10990,33590,44580,7470,21950,29420,62000COR
R72 12113 0083,5290,0,5290,3200,0,3200,62000COR
R72 12113 0084,12520,37720,50240,8670,36110,44780,62000COR
R72 12113 0085,10520,33240,43760,7100,21580,28680,62000COR
R72 12113 0086,5290,0,5290,3200,0,3200,62000COR
R72 12113 0087,10520,34610,45130,7100,30810,37910,62000COR
R72 12113 0088,10520,27990,38510,7100,13330,20430,62000COR
R72 12113 0089,10520,35440,45960,7100,15420,22520,62000COR
R72 12113 0090,12880,36750,49630,8950,9470,18420,62000COR
R72 12113 0092,12880,32550,45430,7180,0,7180,62000COR
R72 12113 0093,10520,40160,50680,7100,34030,41130,62000COR
R72 12113 0094,10520,31240,41760,7100,17980,25080,62000COR
R72 12113 0095,10520,43880,54400,7100,35230,42330,62000COR
R72 12113 0096,10520,33680,44200,7100,21110,28210,62000COR
R72 12113 0097,10520,32760,43280,7100,26220,33320,62000COR
R72 12113 0099,10520,34360,44880,7100,22400,29500,62000COR
R72 12113 0100,11230,27090,38320,7670,15890,23560,62000COR
R72 12113 0101,11230,32300,43530,7650,9970,17620,62000COR
R72 12113 0102,12170,33500,45670,8390,22560,30950,62000COR
R72 12113 0103,11460,37260,48720,7840,21220,29060,62000COR
R72 12113 0104,11460,26150,37610,7840,20080,27920,62000COR
R72 12113 0105,11460,34410,45870,3930,0,3930,62000COR
R72 12113 0109,11700,36920,48620,8020,25760,33780,62000COR
R72 12113 0110,12880,35900,48780,8950,24540,33490,62000COR
R72 12113 0112,11700,33850,45550,8020,28090,36110,62000COR
R72 12113 0113,10520,32900,43420,7100,13110,20210,62000COR
R72 12113 0116,12880,34440,47320,8950,21850,30800,62000COR
R72 12113 0117,11700,37170,48870,8020,16280,24300,62000COR
R72 12113 0118,10990,25320,36310,7470,21740,29210,62000COR
R72 12113 0119,10990,33880,44870,7470,21820,29290,62000COR
R72 12113 0120,10990,35540,46530,7470,25060,32530,62000COR
R72 12113 0122,10990,39710,50700,7470,33230,40700,62000COR
R72 12113 0124,10990,33430,44420,7470,21740,29210,62000COR
R72 12113 0126,10990,25190,36180,7470,22160,29630,62000COR
R72 12113 0127,10990,33150,44140,7470,21850,29320,62000COR
R72 12113 0129,10520,38030,48550,7100,26210,33310,62000COR
R72 12113 0130,10520,32190,42710,7100,18850,25950,62000COR
R72 12113 0131,10520,33810,44330,7100,21810,28910,62000COR
R72 12113 0132,10520,39920,50440,7100,33450,40550,62000COR
R72 12113 0133,5290,0,5290,3200,0,3200,62000COR
R72 12113 0134,10520,37290,47810,7100,25750,32850,62000COR
R72 12113 0135,10520,35380,45900,8350,31500,39850,62000COR
R72 12113 0146,12170,35410,47580,8390,20950,29340,62000COR
R72 12113 0147,12050,17710,29760,8300,17950,26250,62000COR
R72 12113 0153,10990,35770,46760,7470,25370,32840,62000COR
R72 12113 0162,10990,36100,47090,7470,23990,31460,62000COR
R72 12113 0164,10990,43390,54380,7470,29730,37200,62000COR
R72 12113 0167,10990,38440,49430,7470,15090,22560,62000COR
R72 12113 0178,12880,36170,49050,8950,24470,33420,62000COR
R72 12113 0180,11700,25130,36830,8020,19630,27650,62000COR
R72 12113 0181,11700,26190,37890,8020,14060,22080,62000COR
R72 12113 0182,11700,31200,42900,8020,9870,17890,62000COR
R72 12113 0183,11700,21200,32900,8020,17690,25710,62000COR
R72 12113 0184,11700,34840,46540,8020,21770,29790,62000COR
R72 12113 0185,5880,0,5880,3620,0,3620,62000COR
R72 12113 0186,11700,32930,44630,8020,19240,27260,62000COR
R72 12113 0187,5880,0,5880,3620,0,3620,62000COR
R72 12114 0001,10900,0,10900,6920,0,6920,61000COR
R72 12114 0002,28780,17960,46740,23350,23630,46980,61000COR
R72 12114 0003,7130,0,7130,5230,0,5230,62000COR
R72 12114 0004,21090,35560,56650,15410,21400,36810,62000COR
R72 12114 0005,21240,148640,169880,34500,280920,315420,62000COR
R72 12114 0006,14240,0,14240,12100,5480,17580,62000COR
R72 12114 0009,35190,33190,68380,26290,40300,66590,62000COR
R72 12114 0011,34900,35370,70270,13180,0,13180,62000COR
R72 12114 0012,21240,15940,37180,6950,0,6950,62000COR
R72 12114 0013,21240,49130,70370,15470,49420,64890,62000COR
R72 12114 0014,10620,0,10620,7800,0,7800,62000COR
R72 12114 0015,21240,49590,70830,15440,45090,60530,62000COR
R72 12114 0016,21240,43970,65210,15400,35880,51280,62000COR
R72 12114 0017,26500,97210,123710,19610,65390,85000,62000COR
R72 12114 0019,23560,64550,88110,14870,66660,81530,61000COR
R72 12115 0018,12170,33290,45460,8380,19480,27860,62000COR
R72 12115 0019,12170,32630,44800,8380,18430,26810,62000COR
R72 12115 0020,12170,34940,47110,8380,22690,31070,62000COR
R72 12115 0021,12170,31340,43510,8380,29210,37590,62000COR
R72 12115 0022,12280,34040,46320,8470,20700,29170,62000COR
R72 12115 0023,14130,37150,51280,9890,38490,48380,62000COR
R72 12115 0024,13200,27940,41140,9180,14650,23830,62000COR
R72 12115 0026,14320,27980,42300,10120,22770,32890,62000COR
R72 12115 0027,6270,0,6270,3940,0,3940,62000COR
R72 12115 0028,16500,23240,39740,12140,31970,44110,62000COR
R72 12201 0010,2280,19030,21310,1430,19830,21260,71001WWO
R72 12201 0011,9120,18450,27570,5700,22000,27700,71001WWO
R72 12201 0012,9120,18830,27950,5700,18640,24340,71001WWO
R72 12201 0013,4560,0,4560,2570,0,2570,71001WWO
R72 12201 0014,9120,19620,28740,5700,20970,26670,71001WWO
R72 12201 0015,4360,0,4360,2400,0,2400,71001WWO
R72 12201 0017,4360,0,4360,2400,0,2400,71001WWO
R72 12201 0018,8720,14880,23600,5340,15330,20670,71001WWO
R72 12201 0031,3710,0,3710,2050,0,2050,71001WWO
R72 12201 0032,7430,22540,29970,4550,24560,29110,71001WWO
R72 12201 0033,1050,0,1050,680,0,680,71001WWO
R72 12201 0034,220,0,220,230,0,230,71001WWO
R72 12201 0035,8440,13520,21960,5200,12830,18030,71001WWO
R72 12201 0037,8330,16900,25230,5130,16780,21910,71001WWO
R72 12201 0038,8330,16040,24370,5130,18600,23730,71001WWO
R72 12201 0039,8330,14620,22950,5130,13370,18500,71001WWO
R72 12201 0040,4160,0,4160,2310,0,2310,71001WWO
R72 12201 0041,8330,15040,23370,5130,16870,22000,71001WWO
R72 12201 0042,11320,19860,31180,7180,23230,30410,71001WWO
R72 12202 0001,8330,16710,25040,5130,14840,19970,71001WWO
R72 12202 0002,8330,15490,23820,5130,16550,21680,71001WWO
R72 12202 0003,8330,13490,21820,5130,15430,20560,71001WWO
R72 12202 0004,8330,13420,21750,5130,12770,17900,71001WWO
R72 12202 0005,8330,20100,28430,5130,16590,21720,71001WWO
R72 12202 0006,8330,14780,23110,5130,16650,21780,71001WWO
R72 12202 0008,8330,13640,21970,5130,13020,18150,71001WWO
R72 12202 0009,8330,2690,11020,5130,10380,15510,71001WWO
R72 12202 0010,4440,0,4440,2480,0,2480,71001WWO
R72 12202 0011,4210,0,4210,2640,0,2640,71001WWO
R72 12202 0013,9440,21220,30660,5880,24840,30720,71001WWO
R72 12202 0015,9440,23070,32510,5880,27010,32890,71001WWO
R72 12202 0016,9440,22860,32300,5880,26680,32560,71001WWO
R72 12202 0017,9440,22030,31470,5880,28080,33960,71001WWO
R72 12202 0019,9440,22650,32090,5880,26120,32000,71001WWO
R72 12202 0022,8250,20000,28250,5040,23430,28470,71001WWO
R72 12202 0023,4130,0,4130,2270,0,2270,71001WWO
R72 12202 0025,8250,17160,25410,5040,21130,26170,71001WWO
R72 12202 0026,8250,25770,34020,5040,32180,37220,71001WWO
R72 12202 0028,8250,18340,26590,5040,21700,26740,71001WWO
R72 12202 0029,8250,17700,25950,5040,21080,26120,71001WWO
R72 12202 0031,8250,20650,28900,5040,0,5040,71001WWO
R72 12202 0032,8250,20110,28360,5040,21430,26470,71001WWO
R72 12202 0033,8250,18790,27040,2520,0,2520,71001WWO
R72 12202 0034,7700,17970,25670,4680,19520,24200,71001WWO
R72 12202 0035,8060,19160,27220,4930,17290,22220,71001WWO
R72 12202 0038,7950,18340,26290,4860,18010,22870,71001WWO
R72 12202 0039,7950,19170,27120,4860,23050,27910,71001WWO
R72 12202 0040,7950,17700,25650,4860,17570,22430,71001WWO
R72 12202 0041,7950,18410,26360,4860,14930,19790,71001WWO
R72 12202 0042,7950,20570,28520,4860,23940,28800,71001WWO
R72 12202 0043,7950,21620,29570,4860,22110,26970,71001WWO
R72 12202 0044,7950,20750,28700,4860,24840,29700,71001WWO
R72 12202 0045,12190,26870,39060,7560,28940,36500,71001WWO
R72 12202 0047,7950,24520,32470,4860,29130,33990,71001WWO
R72 12202 0048,7950,29100,37050,4860,38120,42980,71001WWO
R72 12202 0070,9440,21730,31170,5880,23010,28890,71001WWO
R72 12203 0008,9500,17140,26640,5860,16750,22610,71001WWO
R72 12203 0009,8640,18730,27370,5300,18100,23400,71001WWO
R72 12203 0010,8640,20970,29610,5300,22630,27930,71001WWO
R72 12203 0011,8640,18930,27570,5300,20000,25300,71001WWO
R72 12203 0012,8640,24130,32770,5300,26920,32220,71001WWO
R72 12203 0013,8640,20080,28720,5300,20030,25330,71001WWO
R72 12203 0014,8640,23190,31830,5300,0,5300,71001WWO
R72 12203 0015,8640,28940,37580,5300,29210,34510,71001WWO
R72 12203 0016,8640,23550,32190,5300,25610,30910,71001WWO
R72 12203 0017,8640,22090,30730,5300,31040,36340,71001WWO
R72 12203 0018,8640,0,8640,5300,0,5300,71001WWO
R72 12203 0019,8640,15490,24130,5300,15360,20660,71001WWO
R72 12203 0020,6830,0,6830,3900,0,3900,71001WWO
R72 12203 0021,8640,16370,25010,5300,21160,26460,71001WWO
R72 12203 0022,4320,0,4320,2390,0,2390,71001WWO
R72 12203 0023,8640,11500,20140,5300,3990,9290,71001WWO
R72 12203 0024,4320,0,4320,2390,0,2390,71001WWO
R72 12203 0025,4320,0,4320,2390,0,2390,71001WWO
R72 12203 0026,8640,24780,33420,5300,26480,31780,71001WWO
R72 12203 0027,8640,16440,25080,5300,19480,24780,71001WWO
R72 12203 0028,8640,20370,29010,2650,0,2650,71001WWO
R72 12203 0029,8640,18900,27540,5300,23080,28380,71001WWO
R72 12203 0030,8640,21990,30630,5300,22990,28290,71001WWO
R72 12203 0031,10910,26340,37250,6770,0,6770,71001WWO
R72 12203 0032,8030,29240,37270,4920,31840,36760,71001WWO
R72 12203 0033,8030,18960,26990,4920,23110,28030,71001WWO
R72 12203 0034,8030,16520,24550,4920,17890,22810,71001WWO
R72 12203 0035,8030,0,8030,4920,0,4920,71001WWO
R72 12203 0037,8030,19800,27830,4900,24680,29580,71001WWO
R72 12203 0038,8030,17120,25150,4900,26000,30900,71001WWO
R72 12203 0039,8030,16700,24730,4900,18460,23360,71001WWO
R72 12203 0040,8030,15240,23270,4900,16770,21670,71001WWO
R72 12203 0041,7950,18250,26200,4880,20350,25230,71001WWO
R72 12204 0001,4730,0,4730,2610,0,2610,71001WWO
R72 12204 0003,4250,0,4250,2340,0,2340,71001WWO
R72 12204 0004,8400,23220,31620,5140,26280,31420,71001WWO
R72 12204 0005,8400,18770,27170,5140,22760,27900,71001WWO
R72 12204 0006,8400,15070,23470,5140,13800,18940,71001WWO
R72 12204 0007,8400,19730,28130,5140,24150,29290,71001WWO
R72 12204 0008,8400,22920,31320,5140,26440,31580,71001WWO
R72 12204 0009,8400,18450,26850,5140,22280,27420,71001WWO
R72 12204 0010,3150,0,3150,1720,0,1720,71001WWO
R72 12204 0011,8400,24050,32450,5140,24890,30030,71001WWO
R72 12204 0012,8400,17700,26100,5140,19770,24910,71001WWO
R72 12204 0013,8400,15340,23740,5140,20490,25630,71001WWO
R72 12204 0017,8610,20360,28970,5270,23980,29250,71001WWO
R72 12204 0018,8400,25590,33990,5140,23480,28620,71001WWO
R72 12204 0019,8400,21680,30080,5140,22570,27710,71001WWO
R72 12204 0020,8400,25040,33440,5140,25310,30450,71001WWO
R72 12204 0021,8400,21780,30180,5140,26340,31480,71001WWO
R72 12204 0022,8400,23680,32080,5140,27010,32150,71001WWO
R72 12204 0023,8400,35500,43900,5140,36460,41600,71001WWO
R72 12204 0024,8400,21260,29660,5140,19460,24600,71001WWO
R72 12204 0025,8400,21910,30310,5140,25960,31100,71001WWO
R72 12204 0026,8400,20430,28830,5140,22230,27370,71001WWO
R72 12204 0027,8400,22150,30550,5140,26560,31700,71001WWO
R72 12204 0028,8400,20540,28940,5140,18440,23580,71001WWO
R72 12204 0029,8400,14420,22820,5140,23880,29020,71001WWO
R72 12204 0030,8400,23600,32000,5140,28810,33950,71001WWO
R72 12204 0031,8610,20180,28790,5270,26830,32100,71001WWO
R72 12204 0032,8180,29360,37540,4990,28810,33800,71001WWO
R72 12204 0033,8180,29570,37750,4990,32360,37350,71001WWO
R72 12204 0034,8180,23560,31740,4990,27970,32960,71001WWO
R72 12204 0035,8180,22660,30840,4990,22410,27400,71001WWO
R72 12204 0036,8860,17660,26520,5460,17290,22750,71001WWO
R72 12204 0037,8860,25390,34250,5460,27450,32910,71001WWO
R72 12204 0039,8860,20000,28860,5460,24460,29920,71001WWO
R72 12204 0040,8860,26380,35240,5460,25330,30790,71001WWO
R72 12204 0042,8100,18490,26590,4950,21950,26900,71001WWO
R72 12204 0043,4050,670,4720,2480,880,3360,71001WWO
R72 12204 0044,8100,33580,41680,4950,44070,49020,71001WWO
R72 12204 0045,8100,23420,31520,4950,27950,32900,71001WWO
R72 12204 0046,8100,17880,25980,4950,14880,19830,71001WWO
R72 12204 0047,8100,28990,37090,4930,32950,37880,71001WWO
R72 12204 0048,8100,24080,32180,4930,28020,32950,71001WWO
R72 12204 0049,8100,26320,34420,4930,27360,32290,71001WWO
R72 12204 0050,8030,24870,32900,4920,27350,32270,71001WWO
R72 12204 0051,8030,29780,37810,4920,25710,30630,71001WWO
R72 12204 0053,9760,23560,33320,2970,0,2970,71001WWO
R72 12204 0057,8860,14900,23760,5460,17540,23000,71001WWO
R72 12204 0060,3150,0,3150,1720,0,1720,71001WWO
R72 12205 0001,3980,0,3980,2190,0,2190,71001WWO
R72 12205 0002,3980,0,3980,2190,0,2190,71001WWO
R72 12205 0003,7950,19820,27770,4860,14060,18920,71001WWO
R72 12205 0004,3980,0,3980,2190,0,2190,71001WWO
R72 12205 0005,3980,0,3980,2190,0,2190,71001WWO
R72 12205 0006,7950,28010,35960,4860,30590,35450,71001WWO
R72 12205 0007,7950,31880,39830,4860,35450,40310,71001WWO
R72 12205 0008,7950,30460,38410,4860,33790,38650,71001WWO
R72 12205 0009,7950,21440,29390,4860,25800,30660,71001WWO
R72 12205 0010,7950,19460,27410,4860,23260,28120,71001WWO
R72 12205 0011,7950,20120,28070,4860,20130,24990,71001WWO
R72 12205 0012,7950,18310,26260,4860,18170,23030,71001WWO
R72 12205 0013,7950,15200,23150,4860,3260,8120,71001WWO
R72 12205 0014,7950,24580,32530,4860,27920,32780,71001WWO
R72 12205 0015,7950,21950,29900,4860,21040,25900,71001WWO
R72 12205 0016,7950,23710,31660,2430,0,2430,71001WWO
R72 12205 0017,3080,0,3080,1760,0,1760,71001WWO
R72 12205 0018,6150,26490,32640,3900,32470,36370,71001WWO
R72 12205 0019,8250,27830,36080,5040,24550,29590,71001WWO
R72 12205 0020,8250,11370,19620,5040,9970,15010,71001WWO
R72 12205 0021,8250,13440,21690,2520,0,2520,71001WWO
R72 12205 0022,8250,18620,26870,5040,18280,23320,71001WWO
R72 12205 0023,8250,21430,29680,5040,25120,30160,71001WWO
R72 12205 0024,8250,16250,24500,5040,0,5040,71001WWO
R72 12205 0025,8250,0,8250,5040,0,5040,71001WWO
R72 12205 0026,8250,31150,39400,5040,37280,42320,71001WWO
R72 12205 0027,8250,20840,29090,5040,20580,25620,71001WWO
R72 12205 0028,4130,0,4130,2270,0,2270,71001WWO
R72 12205 0029,8250,17790,26040,5040,15180,20220,71001WWO
R72 12205 0030,8250,25720,33970,5040,30940,35980,71001WWO
R72 12205 0031,4130,0,4130,2270,0,2270,71001WWO
R72 12205 0032,8250,17130,25380,2520,0,2520,71001WWO
R72 12205 0033,8330,13280,21610,5130,7050,12180,71001WWO
R72 12205 0034,8330,27660,35990,5130,32950,38080,71001WWO
R72 12205 0035,8330,18480,26810,5130,21880,27010,71001WWO
R72 12205 0036,8330,25590,33920,5130,27890,33020,71001WWO
R72 12205 0037,8330,20080,28410,5130,21970,27100,71001WWO
R72 12205 0038,8330,19810,28140,5130,19690,24820,71001WWO
R72 12205 0039,4160,0,4160,2310,0,2310,71001WWO
R72 12205 0040,8330,20710,29040,5130,22080,27210,71001WWO
R72 12205 0041,8330,24220,32550,5130,26300,31430,71001WWO
R72 12205 0042,8330,24980,33310,5130,27030,32160,71001WWO
R72 12205 0043,8330,22690,31020,5130,24360,29490,71001WWO
R72 12205 0044,8330,24600,32930,5130,21410,26540,71001WWO
R72 12205 0045,8330,26500,34830,5130,27790,32920,71001WWO
R72 12205 0046,7220,26630,33850,4380,26560,30940,71001WWO
R72 12205 0047,7050,5410,12460,3900,0,3900,71001WWO
R72 12205 0048,3530,0,3530,1950,0,1950,71001WWO
R72 12205 0049,8330,13850,22180,5130,25160,30290,71001WWO
R72 12205 0050,8330,18390,26720,5130,19240,24370,71001WWO
R72 12205 0051,8330,14450,22780,5130,19100,24230,71001WWO
R72 12205 0052,8330,18080,26410,5130,17400,22530,71001WWO
R72 12205 0053,8330,22650,30980,5130,26600,31730,71001WWO
R72 12205 0054,8330,24740,33070,5130,20440,25570,71001WWO
R72 12205 0055,8330,25760,34090,5130,26930,32060,71001WWO
R72 12205 0056,8330,49760,58090,5130,30640,35770,71001WWO
R72 12205 0057,8330,23490,31820,5130,25610,30740,71001WWO
R72 12205 0058,8330,20910,29240,5130,21510,26640,71001WWO
R72 12205 0059,8330,24150,32480,5130,27240,32370,71001WWO
R72 12205 0060,8330,22680,31010,5130,19810,24940,71001WWO
R72 12205 0061,8330,36710,45040,5130,46330,51460,71001WWO
R72 12205 0062,8330,27880,36210,5130,32310,37440,71001WWO
R72 12205 0063,8330,25770,34100,5130,27590,32720,71001WWO
R72 12205 0064,8330,24780,33110,5130,27320,32450,71001WWO
R72 12205 0065,6970,24530,31500,4300,8820,13120,71001WWO
R72 12205 0068,7980,21630,29610,4780,8740,13520,71001WWO
R72 12206 0001,8330,20880,29210,5130,24930,30060,71001WWO
R72 12206 0002,8330,24000,32330,5130,25480,30610,71001WWO
R72 12206 0003,4160,0,4160,2310,0,2310,71001WWO
R72 12206 0004,8330,23130,31460,5130,27500,32630,71001WWO
R72 12206 0006,8330,21850,30180,5130,23480,28610,71001WWO
R72 12206 0009,8330,26610,34940,5130,24190,29320,71001WWO
R72 12206 0011,8330,25730,34060,5130,24560,29690,71001WWO
R72 12206 0013,6660,0,6660,4100,0,4100,71001WWO
R72 12206 0014,8330,23460,31790,5130,24810,29940,71001WWO
R72 12206 0015,8330,26670,35000,5130,28740,33870,71001WWO
R72 12206 0016,4160,0,4160,2310,0,2310,71001WWO
R72 12206 0017,8550,27940,36490,5300,30690,35990,71001WWO
R72 12206 0018,8550,22740,31290,5300,24520,29820,71001WWO
R72 12206 0019,8550,36280,44830,5300,40340,45640,71001WWO
R72 12206 0020,8550,34630,43180,5300,32660,37960,71001WWO
R72 12206 0021,8550,29510,38060,5300,34470,39770,71001WWO
R72 12206 0022,8550,27110,35660,5300,28000,33300,71001WWO
R72 12206 0023,8550,20610,29160,5300,23820,29120,71001WWO
R72 12206 0024,8550,19880,28430,5300,21240,26540,71001WWO
R72 12206 0025,8550,12570,21120,5300,20890,26190,71001WWO
R72 12206 0026,8550,19090,27640,5300,21490,26790,71001WWO
R72 12206 0027,8550,19860,28410,5300,21540,26840,71001WWO
R72 12206 0028,8550,10730,19280,5300,6760,12060,71001WWO
R72 12206 0029,8550,19940,28490,5300,6730,12030,71001WWO
R72 12206 0030,8550,23010,31560,5300,24910,30210,71001WWO
R72 12206 0031,8550,20750,29300,5300,20760,26060,71001WWO
R72 12206 0032,8550,27790,36340,5300,32700,38000,71001WWO
R72 12206 0033,8180,18270,26450,4990,23620,28610,71001WWO
R72 12206 0034,4090,0,4090,2240,0,2240,71001WWO
R72 12206 0035,8180,43920,52100,4990,39990,44980,71001WWO
R72 12206 0036,8180,22880,31060,4990,20860,25850,71001WWO
R72 12206 0037,8180,31310,39490,4990,34820,39810,71001WWO
R72 12206 0038,8180,21950,30130,4990,23760,28750,71001WWO
R72 12206 0039,8180,30090,38270,4990,27990,32980,71001WWO
R72 12206 0040,8180,20310,28490,4990,18590,23580,71001WWO
R72 12206 0041,8180,21050,29230,4990,22600,27590,71001WWO
R72 12206 0042,8180,22250,30430,4990,18010,23000,71001WWO
R72 12206 0043,8180,19070,27250,4990,19300,24290,71001WWO
R72 12206 0044,8180,14660,22840,4990,19340,24330,71001WWO
R72 12206 0045,8180,19390,27570,4990,23200,28190,71001WWO
R72 12206 0046,8180,30400,38580,4990,31860,36850,71001WWO
R72 12206 0047,8180,35520,43700,4990,37190,42180,71001WWO
R72 12206 0048,8180,32250,40430,4990,33460,38450,71001WWO
R72 12206 0049,7430,27320,34750,3410,0,3410,71001WWO
R72 12206 0050,7430,19630,27060,4550,19750,24300,71001WWO
R72 12206 0051,7430,32180,39610,4550,33530,38080,71001WWO
R72 12206 0052,7430,18530,25960,4550,22490,27040,71001WWO
R72 12206 0053,7430,24410,31840,4550,27060,31610,71001WWO
R72 12206 0054,7430,20270,27700,4550,22230,26780,71001WWO
R72 12206 0055,7430,20120,27550,4550,21640,26190,71001WWO
R72 12206 0056,7430,20500,27930,4550,19230,23780,71001WWO
R72 12206 0057,7430,24590,32020,4550,24350,28900,71001WWO
R72 12206 0058,7430,24000,31430,4550,28500,33050,71001WWO
R72 12206 0059,7430,31340,38770,4550,31590,36140,71001WWO
R72 12206 0060,7430,31910,39340,4550,32330,36880,71001WWO
R72 12206 0061,7430,10790,18220,4550,25980,30530,71001WWO
R72 12206 0062,7430,26800,34230,4550,28880,33430,71001WWO
R72 12206 0063,7430,24760,32190,4550,21840,26390,71001WWO
R72 12206 0064,7430,26980,34410,4550,26160,30710,71001WWO
R72 12207 0001,7480,23100,30580,4550,25150,29700,71001WWO
R72 12207 0002,6960,23300,30260,4280,23600,27880,71001WWO
R72 12207 0003,6960,24170,31130,4280,25420,29700,71001WWO
R72 12207 0004,6960,29900,36860,4280,27200,31480,71001WWO
R72 12207 0005,6960,13330,20290,4280,22760,27040,71001WWO
R72 12207 0006,6960,21900,28860,4280,25230,29510,71001WWO
R72 12207 0007,6960,30190,37150,4280,20000,24280,71001WWO
R72 12207 0008,6960,34850,41810,4280,25340,29620,71001WWO
R72 12207 0009,6960,43720,50680,4280,38960,43240,71001WWO
R72 12207 0010,6960,21010,27970,4280,20890,25170,71001WWO
R72 12207 0011,6960,21940,28900,4280,23550,27830,71001WWO
R72 12207 0012,6960,34400,41360,4280,37260,41540,71001WWO
R72 12207 0013,6960,37500,44460,4280,35870,40150,71001WWO
R72 12207 0014,6720,34890,41610,4180,38720,42900,71001WWO
R72 12207 0015,7480,37030,44510,4550,27320,31870,71001WWO
R72 12207 0016,6960,29950,36910,4280,30940,35220,71001WWO
R72 12207 0017,9330,27540,36870,5740,36630,42370,71001WWO
R72 12207 0018,9540,26890,36430,5880,35150,41030,71001WWO
R72 12207 0019,9330,21800,31130,5740,23830,29570,71001WWO
R72 12207 0020,9330,39410,48740,5740,42400,48140,71001WWO
R72 12207 0021,6880,6090,12970,4260,8420,12680,71001WWO
R72 12207 0022,3440,0,3440,1920,0,1920,71001WWO
R72 12207 0023,6880,0,6880,4260,0,4260,71001WWO
R72 12207 0024,6880,32600,39480,4260,27500,31760,71001WWO
R72 12207 0025,6880,41020,47900,4260,40810,45070,71001WWO
R72 12207 0026,6880,30210,37090,4260,31020,35280,71001WWO
R72 12207 0027,6880,33510,40390,4260,26380,30640,71001WWO
R72 12207 0028,6880,20820,27700,4260,28740,33000,71001WWO
R72 12207 0029,6880,32840,39720,4260,29640,33900,71001WWO
R72 12207 0030,6880,30230,37110,4260,30900,35160,71001WWO
R72 12207 0031,6880,28430,35310,4260,24940,29200,71001WWO
R72 12207 0032,6880,28510,35390,4260,24770,29030,71001WWO
R72 12207 0033,6880,35790,42670,4260,34760,39020,71001WWO
R72 12207 0034,6880,35230,42110,4260,38120,42380,71001WWO
R72 12207 0035,3440,0,3440,1920,0,1920,71001WWO
R72 12207 0036,7480,9040,16520,4570,0,4570,71001WWO
R72 12207 0037,8870,44360,53230,5410,11330,16740,71001WWO
R72 12207 0038,8160,32700,40860,4980,37550,42530,71001WWO
R72 12207 0039,8160,31160,39320,4980,29660,34640,71001WWO
R72 12207 0040,8160,43540,51700,4980,29270,34250,71001WWO
R72 12207 0041,4080,0,4080,2240,0,2240,71001WWO
R72 12207 0042,8160,38150,46310,4980,29330,34310,71001WWO
R72 12207 0043,8160,36180,44340,4980,28570,33550,71001WWO
R72 12207 0044,8160,30870,39030,4980,29700,34680,71001WWO
R72 12207 0045,8160,45480,53640,4980,39290,44270,71001WWO
R72 12207 0046,8160,41520,49680,4980,34980,39960,71001WWO
R72 12207 0047,8160,35390,43550,4980,33100,38080,71001WWO
R72 12207 0048,8160,27930,36090,4980,28440,33420,71001WWO
R72 12207 0049,8160,34870,43030,4980,34990,39970,71001WWO
R72 12207 0050,8160,29120,37280,4980,28940,33920,71001WWO
R72 12207 0051,8160,31970,40130,4980,32650,37630,71001WWO
R72 12207 0052,8160,47060,55220,4980,38600,43580,71001WWO
R72 12207 0053,8370,28760,37130,5130,28400,33530,71001WWO
R72 12207 0054,8480,42810,51290,5200,37760,42960,71001WWO
R72 12207 0055,5740,28270,34010,3750,32260,36010,71001WWO
R72 12207 0056,4080,0,4080,2250,0,2250,71001WWO
R72 12207 0057,8160,43450,51610,5000,42880,47880,71001WWO
R72 12207 0058,6240,28270,34510,3960,26250,30210,71001WWO
R72 12207 0059,8160,25140,33300,5000,22340,27340,71001WWO
R72 12207 0060,8160,27700,35860,5000,32730,37730,71001WWO
R72 12207 0061,8160,25840,34000,2500,0,2500,71001WWO
R72 12207 0062,4080,2690,6770,2500,3520,6020,71001WWO
R72 12207 0063,8160,38910,47070,5000,24400,29400,71001WWO
R72 12207 0064,8160,30820,38980,5000,25230,30230,71001WWO
R72 12207 0065,8160,30510,38670,5000,42770,47770,71001WWO
R72 12207 0066,8160,24890,33050,5000,22930,27930,71001WWO
R72 12207 0067,7140,23140,30280,4370,0,4370,71001WWO
R72 12207 0068,8060,41280,49340,4840,35260,40100,71001WWO
R72 12207 0069,11860,36920,48780,7340,41810,49150,71001WWO
R72 12207 0070,8160,20410,28570,5000,40270,45270,71001WWO
R72 12208 0001,6860,28270,35130,4220,7610,11830,71001WWO
R72 12208 0002,7140,8530,15670,4370,21230,25600,71001WWO
R72 12208 0003,7140,20810,27950,4370,18610,22980,71001WWO
R72 12208 0004,7140,25010,32150,4370,27160,31530,71001WWO
R72 12208 0005,7140,31660,38800,4370,9320,13690,71001WWO
R72 12208 0006,7140,24060,31200,4370,28160,32530,71001WWO
R72 12208 0007,7140,22960,30100,4370,25200,29570,71001WWO
R72 12208 0008,7140,18410,25550,4370,21800,26170,71001WWO
R72 12208 0009,7140,16240,23380,4370,19200,23570,71001WWO
R72 12208 0010,2020,17120,19140,4370,22610,26980,71001WWO
R72 12208 0011,1010,0,1010,2190,0,2190,71001WWO
R72 12208 0012,7140,20560,27700,4370,24770,29140,71001WWO
R72 12208 0013,3570,0,3570,1970,0,1970,71001WWO
R72 12208 0014,7140,17210,24350,4370,22940,27310,71001WWO
R72 12208 0015,7140,30550,37690,4370,29090,33460,71001WWO
R72 12208 0016,3570,0,3570,1970,0,1970,71001WWO
R72 12208 0017,7140,26490,33630,4370,24290,28660,71001WWO
R72 12208 0018,7140,21130,28270,4370,25880,30250,71001WWO
R72 12208 0019,8160,33050,41210,3750,0,3750,71001WWO
R72 12208 0020,8160,6350,14510,2500,0,2500,71001WWO
R72 12208 0021,8270,30280,38550,5070,24090,29160,71001WWO
R72 12208 0023,7070,22310,29380,4350,19200,23550,71001WWO
R72 12208 0024,7070,6110,13180,4350,5640,9990,71001WWO
R72 12208 0025,9300,33410,42710,5590,33950,39540,71001WWO
R72 12208 0027,4650,0,4650,2520,0,2520,71001WWO
R72 12208 0028,9300,12240,21540,5590,12940,18530,71001WWO
R72 12208 0037,9300,22100,31400,4200,0,4200,71001WWO
R72 12208 0038,9300,31190,40490,5590,31980,37570,71001WWO
R72 12208 0040,8160,48000,56160,5000,44120,49120,71001WWO
R72 12208 0041,8160,62470,70630,5000,53900,58900,71001WWO
R72 12208 0042,8160,27160,35320,5000,25810,30810,71001WWO
R72 12208 0043,3940,0,3940,2160,0,2160,71001WWO
R72 12208 0044,4000,0,4000,2190,0,2190,71001WWO
R72 12208 0045,7990,29050,37040,4860,29380,34240,71001WWO
R72 12208 0046,7990,31050,39040,4860,26660,31520,71001WWO
R72 12208 0047,7990,27710,35700,4860,21390,26250,71001WWO
R72 12208 0048,7990,30380,38370,4860,33010,37870,71001WWO
R72 12208 0049,7990,25520,33510,4860,28190,33050,71001WWO
R72 12208 0050,4000,0,4000,2190,0,2190,71001WWO
R72 12208 0051,7990,3710,11700,4860,2850,7710,71001WWO
R72 12208 0052,7990,20460,28450,4860,16610,21470,71001WWO
R72 12208 0053,7990,24150,32140,4860,6830,11690,71001WWO
R72 12208 0054,7990,18040,26030,4860,19700,24560,71001WWO
R72 12208 0055,7990,20690,28680,4860,22360,27220,71001WWO
R72 12208 0056,7990,28840,36830,4860,20410,25270,71001WWO
R72 12208 0057,7990,20750,28740,4860,22020,26880,71001WWO
R72 12208 0058,7990,19460,27450,4860,21010,25870,71001WWO
R72 12208 0059,7990,21170,29160,4860,22530,27390,71001WWO
R72 12208 0060,7990,16800,24790,4860,22110,26970,71001WWO
R72 12208 0061,7990,27060,35050,4860,27090,31950,71001WWO
R72 12208 0062,8280,23870,32150,5060,26460,31520,71001WWO
R72 12208 0063,8280,24230,32510,5060,24320,29380,71001WWO
R72 12208 0064,4140,0,4140,2280,0,2280,71001WWO
R72 12208 0065,8280,19180,27460,5060,20390,25450,71001WWO
R72 12208 0066,10250,3160,13410,6330,4130,10460,71001WWO
R72 12208 0068,10250,36130,46380,6330,36630,42960,71001WWO
R72 12208 0070,4140,0,4140,2280,0,2280,71001WWO
R72 12208 0071,8280,22990,31270,5060,25230,30290,71001WWO
R72 12208 0072,8280,26040,34320,5060,32500,37560,71001WWO
R72 12208 0073,8280,22340,30620,5060,27990,33050,71001WWO
R72 12208 0074,8280,23010,31290,5060,24650,29710,71001WWO
R72 12208 0075,8280,23180,31460,5060,26880,31940,71001WWO
R72 12208 0076,8280,24440,32720,5060,25410,30470,71001WWO
R72 12208 0077,8280,18740,27020,5060,21880,26940,71001WWO
R72 12208 0078,8280,20290,28570,5060,20550,25610,71001WWO
R72 12208 0079,8280,20520,28800,5060,22910,27970,71001WWO
R72 12208 0080,9050,20460,29510,5550,19550,25100,71001WWO
R72 12208 0081,7650,23650,31300,4690,27060,31750,71001WWO
R72 12208 0082,3830,2640,6470,2340,3470,5810,71001WWO
R72 12208 0083,7650,29800,37450,2340,0,2340,71001WWO
R72 12208 0084,5100,0,5100,2810,0,2810,71001WWO
R72 12208 0085,4190,0,4190,2310,0,2310,71001WWO
R72 12208 0086,8060,27140,35200,4930,36380,41310,71001WWO
R72 12208 0087,8060,21070,29130,4930,20740,25670,71001WWO
R72 12208 0088,4030,0,4030,2220,0,2220,71001WWO
R72 12209 0001,7750,26730,34480,4750,21300,26050,71001WWO
R72 12209 0005,7650,26560,34210,4690,27530,32220,71001WWO
R72 12209 0006,7730,19520,27250,4740,23210,27950,71001WWO
R72 12209 0007,7730,41040,48770,4720,40010,44730,71001WWO
R72 12209 0008,3860,0,3860,2130,0,2130,71001WWO
R72 12209 0009,3830,0,3830,2110,0,2110,71001WWO
R72 12209 0010,4490,0,4490,2480,0,2480,71001WWO
R72 12209 0011,3830,0,3830,2110,0,2110,71001WWO
R72 12209 0012,7650,25350,33000,4690,28230,32920,71001WWO
R72 12209 0013,3830,0,3830,2110,0,2110,71001WWO
R72 12209 0014,8440,11970,20410,5220,24130,29350,71001WWO
R72 12209 0015,4220,0,4220,2350,0,2350,71001WWO
R72 12209 0016,8440,27450,35890,5220,25180,30400,71001WWO
R72 12209 0017,10830,31360,42190,6900,31170,38070,71001WWO
R72 12209 0018,3020,0,3020,1590,0,1590,71001WWO
R72 12209 0019,8440,26830,35270,5220,24770,29990,71001WWO
R72 12209 0020,8440,25360,33800,5220,22850,28070,71001WWO
R72 12209 0021,8440,24470,32910,5220,21780,27000,71001WWO
R72 12209 0023,8440,24440,32880,5220,26250,31470,71001WWO
R72 12209 0024,8550,26270,34820,5300,3840,9140,71001WWO
R72 12209 0025,8890,29630,38520,5540,27610,33150,71001WWO
R72 12209 0026,8550,30740,39290,5300,26630,31930,71001WWO
R72 12209 0027,8550,29500,38050,5300,28300,33600,71001WWO
R72 12209 0029,8550,21830,30380,5300,27260,32560,71001WWO
R72 12209 0030,8550,21440,29990,5300,18960,24260,71001WWO
R72 12209 0031,8550,21230,29780,5300,19080,24380,71001WWO
R72 12209 0032,8550,19470,28020,5300,21630,26930,71001WWO
R72 12209 0033,8330,18050,26380,5130,21410,26540,71001WWO
R72 12209 0035,8330,20250,28580,5130,23970,29100,71001WWO
R72 12209 0037,4160,0,4160,2310,0,2310,71001WWO
R72 12209 0038,8850,3560,12410,5650,3110,8760,71001WWO
R72 12209 0039,8330,22490,30820,5130,24060,29190,71001WWO
R72 12209 0040,8330,18700,27030,5130,19970,25100,71001WWO
R72 12209 0041,8330,27710,36040,5130,26850,31980,71001WWO
R72 12209 0042,8210,16120,24330,2530,0,2530,71001WWO
R72 12209 0043,8730,26000,34730,5560,26580,32140,71001WWO
R72 12209 0044,8210,19270,27480,5050,19340,24390,71001WWO
R72 12209 0045,8210,23090,31300,5050,24870,29920,71001WWO
R72 12209 0046,8210,23680,31890,5050,31280,36330,71001WWO
R72 12209 0047,8210,850,9060,5050,960,6010,71001WWO
R72 12209 0050,8210,20500,28710,5050,20110,25160,71001WWO
R72 12209 0052,8210,15950,24160,5050,17490,22540,71001WWO
R72 12209 0053,8210,20960,29170,4550,0,4550,71001WWO
R72 12209 0054,4110,0,4110,2270,0,2270,71001WWO
R72 12209 0055,8210,29650,37860,5050,32030,37080,71001WWO
R72 12209 0056,11990,25410,37400,7600,9460,17060,71001WWO
R72 12209 0058,8210,27540,35750,5050,30150,35200,71001WWO
R72 12209 0059,4370,0,4370,2500,0,2500,71001WWO
R72 12209 0060,8730,43080,51810,5560,40150,45710,71001WWO
R72 12209 0061,3400,0,3400,1890,0,1890,71001WWO
R72 12209 0062,8850,39410,48260,5650,38940,44590,71001WWO
R72 12209 0063,8330,10220,18550,5130,28260,33390,71001WWO
R72 12209 0064,8330,11730,20060,5130,19910,25040,71001WWO
R72 12209 0065,8850,28170,37020,5650,26420,32070,71001WWO
R72 12209 0066,8330,22770,31100,5130,25210,30340,71001WWO
R72 12209 0067,8330,18000,26330,5130,22140,27270,71001WWO
R72 12209 0068,8330,18150,26480,5130,21590,26720,71001WWO
R72 12209 0069,8330,29220,37550,5130,29200,34330,71001WWO
R72 12209 0070,7140,30620,37760,4410,35310,39720,71001WWO
R72 12209 0071,2270,0,2270,1390,0,1390,71001WWO
R72 12210 0001,7850,41550,49400,4810,38270,43080,71001WWO
R72 12210 0002,7850,27940,35790,2410,0,2410,71001WWO
R72 12210 0003,7850,25400,33250,2410,0,2410,71001WWO
R72 12210 0011,7550,31040,38590,3470,0,3470,71001WWO
R72 12210 0014,8330,19450,27780,5130,23110,28240,71001WWO
R72 12210 0015,8330,25970,34300,5130,23780,28910,71001WWO
R72 12210 0016,8330,26750,35080,5130,27750,32880,71001WWO
R72 12210 0017,8330,27680,36010,5130,30740,35870,71001WWO
R72 12210 0018,8330,22450,30780,5130,25920,31050,71001WWO
R72 12210 0019,8330,23110,31440,5130,24480,29610,71001WWO
R72 12210 0020,8330,16990,25320,5130,17190,22320,71001WWO
R72 12210 0021,8330,18190,26520,5130,17550,22680,71001WWO
R72 12210 0022,8330,23180,31510,5130,24810,29940,71001WWO
R72 12210 0023,8210,20250,28460,5050,23770,28820,71001WWO
R72 12210 0024,8210,22390,30600,5050,23600,28650,71001WWO
R72 12210 0025,8210,18870,27080,5050,0,5050,71001WWO
R72 12210 0026,8210,20160,28370,5050,5800,10850,71001WWO
R72 12210 0027,8210,32410,40620,5050,30290,35340,71001WWO
R72 12210 0028,8290,28890,37180,5080,26100,31180,71001WWO
R72 12210 0029,8210,25520,33730,5050,27070,32120,71001WWO
R72 12210 0030,8210,19780,27990,5050,23740,28790,71001WWO
R72 12210 0031,4110,0,4110,2270,0,2270,71001WWO
R72 12210 0032,4110,0,4110,2270,0,2270,71001WWO
R72 12210 0033,8140,23460,31600,4970,24360,29330,71001WWO
R72 12210 0034,8210,29000,37210,5050,34550,39600,71001WWO
R72 12210 0035,8210,25200,33410,5050,24080,29130,71001WWO
R72 12210 0036,8210,22780,30990,5050,28690,33740,71001WWO
R72 12210 0037,8210,24090,32300,5050,22070,27120,71001WWO
R72 12210 0038,8140,24400,32540,4970,29860,34830,71001WWO
R72 12210 0039,8140,27160,35300,4970,33490,38460,71001WWO
R72 12210 0040,8140,5470,13610,4970,4310,9280,71001WWO
R72 12210 0041,8140,27850,35990,2480,0,2480,71001WWO
R72 12210 0042,8140,25490,33630,4970,28170,33140,71001WWO
R72 12210 0043,8250,8560,16810,5040,17510,22550,71001WWO
R72 12210 0044,8250,27370,35620,5040,0,5040,71001WWO
R72 12210 0045,8250,31890,40140,5040,41410,46450,71001WWO
R72 12210 0046,8250,29300,37550,5040,30570,35610,71001WWO
R72 12210 0047,8250,16000,24250,5040,20870,25910,71001WWO
R72 12210 0048,8250,0,8250,5040,0,5040,71001WWO
R72 12210 0049,8250,21690,29940,5040,23620,28660,71001WWO
R72 12210 0050,8250,22670,30920,5040,21450,26490,71001WWO
R72 12210 0051,8250,29900,38150,5040,32400,37440,71001WWO
R72 12210 0052,7840,2940,10780,2400,0,2400,71001WWO
R72 12210 0053,7840,18180,26020,4800,22740,27540,71001WWO
R72 12210 0054,7740,19640,27380,4730,23600,28330,71001WWO
R72 12210 0055,7740,16870,24610,4730,16740,21470,71001WWO
R72 12210 0056,7740,19680,27420,4730,23360,28090,71001WWO
R72 12210 0057,7740,20830,28570,4730,20270,25000,71001WWO
R72 12210 0058,7740,33390,41130,4730,30300,35030,71001WWO
R72 12210 0059,7740,28230,35970,4730,5470,10200,71001WWO
R72 12210 0060,7740,10440,18180,4730,5520,10250,71001WWO
R72 12210 0061,7740,26440,34180,4730,9310,14040,71001WWO
R72 12210 0062,7840,17880,25720,4800,16940,21740,71001WWO
R72 12210 0063,4880,0,4880,2700,0,2700,71001WWO
R72 12210 0065,9650,30320,39970,5940,32470,38410,71001WWO
R72 12210 0067,3920,0,3920,2160,0,2160,71001WWO
R72 12210 0068,7840,24130,31970,4800,34190,38990,71001WWO
R72 12210 0069,7840,21810,29650,4800,31590,36390,71001WWO
R72 12210 0070,7840,3760,11600,2400,0,2400,71001WWO
R72 12210 0071,2580,0,2580,1570,0,1570,71001WWO
R72 12211 0004,8160,24720,32880,4980,24680,29660,71001WWO
R72 12211 0005,8160,33460,41620,4980,34100,39080,71001WWO
R72 12211 0006,8160,2490,10650,4980,3270,8250,71001WWO
R72 12211 0007,8160,28580,36740,4980,35270,40250,71001WWO
R72 12211 0008,3520,1690,5210,2170,2260,4430,71001WWO
R72 12211 0009,7040,19280,26320,4340,22790,27130,71001WWO
R72 12211 0010,8840,18100,26940,5400,0,5400,71001WWO
R72 12211 0011,8320,22460,30780,5080,26800,31880,71001WWO
R72 12211 0012,4160,0,4160,2290,0,2290,71001WWO
R72 12211 0013,8320,22520,30840,5100,31430,36530,71001WWO
R72 12211 0014,7800,21220,29020,4780,20610,25390,71001WWO
R72 12211 0015,7700,20290,27990,4710,20950,25660,71001WWO
R72 12211 0016,7700,21470,29170,4710,22440,27150,71001WWO
R72 12211 0017,7700,31010,38710,4710,31430,36140,71001WWO
R72 12211 0018,3850,0,3850,2120,0,2120,71001WWO
R72 12211 0019,6860,14050,20910,3180,0,3180,71001WWO
R72 12211 0021,3260,10810,14070,2030,3420,5450,71001WWO
R72 12211 0022,9240,5790,15030,5490,5260,10750,71001WWO
R72 12211 0024,10710,12120,22830,6560,11540,18100,71001WWO
R72 12211 0025,7550,22340,29890,4630,4330,8960,71001WWO
R72 12211 0026,7960,3680,11640,2440,0,2440,71001WWO
R72 12211 0027,3980,0,3980,2190,0,2190,71001WWO
R72 12211 0028,8070,20430,28500,4910,25450,30360,71001WWO
R72 12211 0029,7960,19250,27210,4880,22660,27540,71001WWO
R72 12211 0030,3980,0,3980,2190,0,2190,71001WWO
R72 12211 0031,7960,20010,27970,4880,21620,26500,71001WWO
R72 12211 0032,7960,24720,32680,4880,28240,33120,71001WWO
R72 12211 0033,7960,23960,31920,4880,28050,32930,71001WWO
R72 12211 0034,3980,0,3980,2190,0,2190,71001WWO
R72 12211 0035,3980,0,3980,2190,0,2190,71001WWO
R72 12211 0036,7960,19920,27880,4860,23770,28630,71001WWO
R72 12211 0037,8070,13450,21520,4930,4790,9720,71001WWO
R72 12211 0038,4030,0,4030,2220,0,2220,71001WWO
R72 12211 0039,7980,20840,28820,4880,21620,26500,71001WWO
R72 12211 0040,8090,11370,19460,4940,3690,8630,71001WWO
R72 12211 0041,8090,21290,29380,4940,25240,30180,71001WWO
R72 12211 0042,8090,23420,31510,4940,23820,28760,71001WWO
R72 12211 0043,8090,15490,23580,4940,20630,25570,71001WWO
R72 12211 0044,4040,0,4040,2220,0,2220,71001WWO
R72 12211 0045,4040,0,4040,2220,0,2220,71001WWO
R72 12211 0046,8090,23000,31090,4940,22810,27750,71001WWO
R72 12211 0047,8090,24630,32720,4940,29400,34340,71001WWO
R72 12211 0048,8090,25080,33170,4940,25890,30830,71001WWO
R72 12211 0049,8090,21330,29420,4940,20710,25650,71001WWO
R72 12211 0050,8090,21980,30070,4940,25300,30240,71001WWO
R72 12211 0051,8090,26830,34920,4940,32030,36970,71001WWO
R72 12211 0052,4040,0,4040,2220,0,2220,71001WWO
R72 12211 0053,8090,17290,25380,4940,20900,25840,71001WWO
R72 12211 0055,5990,15330,21320,3820,18200,22020,71001WWO
R72 12301 0003,4420,0,4420,2440,0,2440,71001WWO
R72 12301 0004,4420,0,4420,2440,0,2440,71001WWO
R72 12301 0005,8840,23280,32120,5430,28990,34420,71001WWO
R72 12301 0006,8840,21720,30560,5430,28920,34350,71001WWO
R72 12301 0007,8840,30260,39100,5430,31080,36510,71001WWO
R72 12301 0008,8840,13090,21930,5430,14070,19500,71001WWO
R72 12301 0009,8840,19740,28580,5430,18810,24240,71001WWO
R72 12301 0010,8840,19870,28710,5430,23130,28560,71001WWO
R72 12301 0011,8840,24780,33620,5430,26690,32120,71001WWO
R72 12301 0012,8840,8380,17220,5430,14320,19750,71001WWO
R72 12301 0013,8840,13700,22540,5430,13580,19010,71001WWO
R72 12301 0014,9780,25260,35040,6010,53620,59630,71001WWO
R72 12301 0021,4200,0,4200,2320,0,2320,71001WWO
R72 12301 0022,8640,26640,35280,5300,28090,33390,71001WWO
R72 12301 0023,8800,15100,23900,5420,20810,26230,71001WWO
R72 12301 0025,9120,19060,28180,5680,19380,25060,71001WWO
R72 12301 0026,9200,16520,25720,5800,16170,21970,71001WWO
R72 12301 0027,9280,14590,23870,5940,13660,19600,71001WWO
R72 12301 0028,9440,6650,16090,6080,20580,26660,71001WWO
R72 12301 0029,4600,0,4600,2600,0,2600,71001WWO
R72 12301 0030,9300,28460,37760,5650,29410,35060,71001WWO
R72 12301 0031,8830,15180,24010,5360,25970,31330,71001WWO
R72 12301 0032,4690,0,4690,2590,0,2590,71001WWO
R72 12301 0033,8240,16170,24410,5060,19070,24130,71001WWO
R72 12301 0034,8240,15010,23250,5060,21800,26860,71001WWO
R72 12301 0035,8240,27090,35330,5060,28190,33250,71001WWO
R72 12301 0036,8240,23340,31580,5060,26140,31200,71001WWO
R72 12301 0037,8240,17600,25840,5060,20930,25990,71001WWO
R72 12301 0038,4720,0,4720,2760,0,2760,71001WWO
R72 12301 0039,9440,20560,30000,6060,17110,23170,71001WWO
R72 12301 0040,9280,15700,24980,5880,13810,19690,71001WWO
R72 12301 0041,9120,26850,35970,5700,25660,31360,71001WWO
R72 12301 0042,8880,17220,26100,5520,18490,24010,71001WWO
R72 12301 0043,8720,23790,32510,5340,11490,16830,71001WWO
R72 12301 0044,8400,26510,34910,5160,25680,30840,71001WWO
R72 12301 0045,9570,19530,29100,5850,21000,26850,71001WWO
R72 12301 0047,1860,0,1860,1140,0,1140,71001WWO
R72 12302 0001,9090,24420,33510,5550,23520,29070,71001WWO
R72 12302 0002,5710,0,5710,3260,0,3260,71001WWO
R72 12302 0003,10260,21350,31610,6320,22940,29260,71001WWO
R72 12302 0004,11330,19460,30790,6950,20060,27010,71001WWO
R72 12302 0005,8620,19680,28300,5170,23490,28660,71001WWO
R72 12302 0007,5470,0,5470,2880,0,2880,71001WWO
R72 12302 0008,9720,27750,37470,5760,22620,28380,71001WWO
R72 12302 0009,9680,20470,30150,5690,24620,30310,71001WWO
R72 12302 0010,11550,30590,42140,7120,33970,41090,71001WWO
R72 12302 0011,8580,35240,43820,5060,36120,41180,71001WWO
R72 12302 0012,8240,28450,36690,5060,0,5060,71001WWO
R72 12302 0013,8240,21060,29300,5060,19460,24520,71001WWO
R72 12302 0014,8240,21660,29900,5060,23080,28140,71001WWO
R72 12302 0015,8240,23880,32120,5060,21580,26640,71001WWO
R72 12302 0016,8240,36070,44310,5060,34600,39660,71001WWO
R72 12302 0017,8240,15530,23770,2530,0,2530,71001WWO
R72 12302 0018,4420,0,4420,2430,0,2430,71001WWO
R72 12302 0019,9570,38100,47670,5850,39780,45630,71001WWO
R72 12302 0020,8240,12420,20660,5060,17660,22720,71001WWO
R72 12302 0021,8240,21060,29300,5060,21860,26920,71001WWO
R72 12302 0022,4120,0,4120,2280,0,2280,71001WWO
R72 12302 0023,8240,13300,21540,5060,18880,23940,71001WWO
R72 12302 0024,8240,24360,32600,5060,27270,32330,71001WWO
R72 12302 0025,8000,21810,29810,4900,23550,28450,71001WWO
R72 12302 0026,8000,23120,31120,4900,21070,25970,71001WWO
R72 12302 0027,8000,21220,29220,4900,21780,26680,71001WWO
R72 12302 0028,7200,0,7200,4400,0,4400,71001WWO
R72 12302 0029,3300,0,3300,1830,0,1830,71001WWO
R72 12302 0030,4500,0,4500,2480,0,2480,71001WWO
R72 12302 0031,8000,27080,35080,4900,25710,30610,71001WWO
R72 12302 0032,8000,22150,30150,4900,24300,29200,71001WWO
R72 12302 0033,8000,20390,28390,4900,22390,27290,71001WWO
R72 12302 0034,8000,17140,25140,4900,18680,23580,71001WWO
R72 12302 0035,4000,0,4000,2210,0,2210,71001WWO
R72 12302 0036,4000,0,4000,2210,0,2210,71001WWO
R72 12302 0037,9400,31980,41380,5740,31410,37150,71001WWO
R72 12302 0038,4500,0,4500,2480,0,2480,71001WWO
R72 12302 0039,8000,13310,21310,4900,4190,9090,71001WWO
R72 12302 0040,8000,16640,24640,2450,0,2450,71001WWO
R72 12302 0041,8000,40960,48960,4900,41940,46840,71001WWO
R72 12302 0042,8000,34590,42590,4900,32110,37010,71001WWO
R72 12302 0043,8000,22780,30780,4900,25500,30400,71001WWO
R72 12302 0044,8000,21710,29710,4900,24960,29860,71001WWO
R72 12302 0045,8000,21430,29430,4900,23230,28130,71001WWO
R72 12302 0046,8000,32660,40660,4900,34830,39730,71001WWO
R72 12302 0047,8000,34990,42990,4900,29560,34460,71001WWO
R72 12302 0048,4200,0,4200,2310,0,2310,71001WWO
R72 12303 0001,9000,19970,28970,5500,26400,31900,71001WWO
R72 12303 0002,9000,21810,30810,5500,23340,28840,71001WWO
R72 12303 0003,8000,18930,26930,4900,21250,26150,71001WWO
R72 12303 0004,8000,16570,24570,4900,18420,23320,71001WWO
R72 12303 0005,8000,25900,33900,4900,24320,29220,71001WWO
R72 12303 0006,8000,20660,28660,4900,24960,29860,71001WWO
R72 12303 0007,8000,36820,44820,4900,37070,41970,71001WWO
R72 12303 0008,8000,30280,38280,4900,32270,37170,71001WWO
R72 12303 0009,8000,19300,27300,4900,18780,23680,71001WWO
R72 12303 0010,8000,32090,40090,4900,34650,39550,71001WWO
R72 12303 0011,8000,20260,28260,4900,23870,28770,71001WWO
R72 12303 0012,8000,21380,29380,4900,20690,25590,71001WWO
R72 12303 0013,8000,23650,31650,4900,25990,30890,71001WWO
R72 12303 0014,8000,25430,33430,4900,23710,28610,71001WWO
R72 12303 0015,8000,21890,29890,4900,26170,31070,71001WWO
R72 12303 0016,8000,24880,32880,4900,27070,31970,71001WWO
R72 12303 0017,8000,20360,28360,4900,19930,24830,71001WWO
R72 12303 0018,8000,5350,13350,4900,5260,10160,71001WWO
R72 12303 0019,8000,21350,29350,4900,21750,26650,71001WWO
R72 12303 0020,8000,21440,29440,4900,21270,26170,71001WWO
R72 12303 0021,9000,15130,24130,5500,24770,30270,71001WWO
R72 12303 0022,9000,23300,32300,5500,22470,27970,71001WWO
R72 12303 0023,8500,10960,19460,5200,23550,28750,71001WWO
R72 12303 0024,8000,20490,28490,4900,23050,27950,71001WWO
R72 12303 0025,8000,18630,26630,4900,18460,23360,71001WWO
R72 12303 0026,8000,4580,12580,2450,0,2450,71001WWO
R72 12303 0027,8000,19170,27170,4900,6110,11010,71001WWO
R72 12303 0028,8000,3810,11810,4900,2960,7860,71001WWO
R72 12303 0029,8000,12360,20360,4900,21260,26160,71001WWO
R72 12303 0030,8000,21280,29280,4900,19120,24020,71001WWO
R72 12303 0031,8000,3850,11850,4900,2990,7890,71001WWO
R72 12303 0032,4000,0,4000,2210,0,2210,71001WWO
R72 12303 0033,8000,22450,30450,4900,24740,29640,71001WWO
R72 12303 0034,8000,26400,34400,4900,26120,31020,71001WWO
R72 12303 0035,8000,6170,14170,4900,6310,11210,71001WWO
R72 12303 0036,8000,19460,27460,4900,23420,28320,71001WWO
R72 12303 0037,8000,18620,26620,4900,18160,23060,71001WWO
R72 12303 0038,8000,16360,24360,4900,19370,24270,71001WWO
R72 12303 0039,8000,19320,27320,4900,20470,25370,71001WWO
R72 12303 0040,8000,30310,38310,4900,33970,38870,71001WWO
R72 12303 0041,8000,20960,28960,4900,25600,30500,71001WWO
R72 12303 0042,8000,30630,38630,4900,31910,36810,71001WWO
R72 12303 0043,4500,0,4500,2480,0,2480,71001WWO
R72 12303 0044,4500,0,4500,2480,0,2480,71001WWO
R72 12303 0045,8500,26380,34880,5200,19180,24380,71001WWO
R72 12303 0046,4000,650,4650,2450,980,3430,71001WWO
R72 12303 0047,8000,10280,18280,4900,15240,20140,71001WWO
R72 12303 0048,8000,22560,30560,4900,24710,29610,71001WWO
R72 12303 0049,8000,20420,28420,4900,15140,20040,71001WWO
R72 12303 0050,4100,0,4100,2260,0,2260,71001WWO
R72 12303 0051,7800,18450,26250,4780,20720,25500,71001WWO
R72 12303 0052,8000,16500,24500,4900,19500,24400,71001WWO
R72 12303 0053,8000,16360,24360,2450,0,2450,71001WWO
R72 12303 0054,8000,19960,27960,2450,0,2450,71001WWO
R72 12303 0055,8000,30330,38330,4900,33480,38380,71001WWO
R72 12304 0008,8000,34820,42820,2450,17870,20320,71001WWO
R72 12304 0009,8000,21480,29480,2450,0,2450,71001WWO
R72 12304 0010,8000,20990,28990,4900,24770,29670,71001WWO
R72 12304 0011,8000,28720,36720,4900,35790,40690,71001WWO
R72 12304 0012,8000,23580,31580,4900,25030,29930,71001WWO
R72 12304 0013,8000,21730,29730,4900,22630,27530,71001WWO
R72 12304 0014,8000,24780,32780,4900,34150,39050,71001WWO
R72 12304 0015,8000,19240,27240,4900,18690,23590,71001WWO
R72 12304 0016,8000,20980,28980,4900,25190,30090,71001WWO
R72 12304 0017,4000,0,4000,2210,0,2210,71001WWO
R72 12304 0018,8000,10110,18110,4900,0,4900,71001WWO
R72 12304 0020,8000,20420,28420,4900,23240,28140,71001WWO
R72 12304 0021,8000,30920,38920,4900,36910,41810,71001WWO
R72 12304 0022,8000,16890,24890,4900,15600,20500,71001WWO
R72 12304 0023,8000,20450,28450,4900,5240,10140,71001WWO
R72 12304 0024,8000,21670,29670,4900,22180,27080,71001WWO
R72 12304 0025,8000,51780,59780,4900,57500,62400,71001WWO
R72 12304 0026,4000,0,4000,2210,0,2210,71001WWO
R72 12304 0027,8000,22600,30600,4900,23040,27940,71001WWO
R72 12304 0028,8000,24210,32210,4900,24620,29520,71001WWO
R72 12304 0029,8000,3380,11380,4900,2430,7330,71001WWO
R72 12304 0030,8000,16640,24640,4900,15110,20010,71001WWO
R72 12304 0031,8000,18920,26920,4900,21580,26480,71001WWO
R72 12304 0032,8000,28280,36280,4900,31190,36090,71001WWO
R72 12304 0033,8000,26130,34130,4900,31300,36200,71001WWO
R72 12304 0034,8000,31450,39450,4900,35920,40820,71001WWO
R72 12304 0037,9020,23870,32890,5610,24570,30180,71001WWO
R72 12304 0038,9020,18810,27830,5610,18570,24180,71001WWO
R72 12304 0039,9020,21270,30290,5610,21430,27040,71001WWO
R72 12304 0040,9240,35630,44870,5760,37620,43380,71001WWO
R72 12304 0041,4000,0,4000,2210,0,2210,71001WWO
R72 12304 0042,8000,19180,27180,4900,18440,23340,71001WWO
R72 12304 0043,8000,21230,29230,4900,21480,26380,71001WWO
R72 12304 0044,8000,22300,30300,4900,20410,25310,71001WWO
R72 12304 0045,8000,27780,35780,4900,26900,31800,71001WWO
R72 12304 0046,8000,21270,29270,4900,6340,11240,71001WWO
R72 12304 0047,8000,22090,30090,4900,26660,31560,71001WWO
R72 12304 0048,8000,16410,24410,4900,22460,27360,71001WWO
R72 12304 0049,8000,13500,21500,4900,17630,22530,71001WWO
R72 12304 0050,8000,23930,31930,1700,1000,2700,71001WWO
R72 12304 0051,8000,16630,24630,4900,16230,21130,71001WWO
R72 12304 0052,8000,20370,28370,4900,20680,25580,71001WWO
R72 12304 0053,8000,24070,32070,4900,29860,34760,71001WWO
R72 12304 0054,8000,22520,30520,4900,27240,32140,71001WWO
R72 12304 0055,8000,22630,30630,4900,27220,32120,71001WWO
R72 12304 0056,8000,30230,38230,4900,31060,35960,71001WWO
R72 12304 0057,8000,23480,31480,4900,23790,28690,71001WWO
R72 12304 0058,8000,25690,33690,4900,29070,33970,71001WWO
R72 12304 0059,8000,22050,30050,4900,20250,25150,71001WWO
R72 12304 0060,8000,20430,28430,4900,7950,12850,71001WWO
R72 12304 0061,8000,23950,31950,4900,23160,28060,71001WWO
R72 12304 0062,8000,23020,31020,4900,22190,27090,71001WWO
R72 12304 0063,8000,22100,30100,4900,6580,11480,71001WWO
R72 12304 0064,8000,21700,29700,4900,19790,24690,71001WWO
R72 12304 0065,8000,25070,33070,4900,25920,30820,71001WWO
R72 12304 0066,8000,25180,33180,4900,27680,32580,71001WWO
R72 12304 0067,8000,19910,27910,4900,17900,22800,71001WWO
R72 12304 0068,8000,17520,25520,4900,21230,26130,71001WWO
R72 12305 0001,9240,41540,50780,5760,48520,54280,71001WWO
R72 12305 0002,9020,14350,23370,5610,0,5610,71001WWO
R72 12305 0003,9020,21260,30280,5610,28430,34040,71001WWO
R72 12305 0005,9020,34890,43910,5610,36350,41960,71001WWO
R72 12305 0006,4620,0,4620,2590,0,2590,71001WWO
R72 12305 0007,8000,22650,30650,4900,27150,32050,71001WWO
R72 12305 0008,4000,0,4000,2210,0,2210,71001WWO
R72 12305 0009,8000,47700,55700,4900,60910,65810,71001WWO
R72 12305 0010,8000,34360,42360,4900,32840,37740,71001WWO
R72 12305 0011,8000,30940,38940,4900,32050,36950,71001WWO
R72 12305 0012,8000,28260,36260,4900,32240,37140,71001WWO
R72 12305 0013,8000,20360,28360,4900,18390,23290,71001WWO
R72 12305 0014,8000,4000,12000,4900,27900,32800,71001WWO
R72 12305 0015,8000,24140,32140,4900,29790,34690,71001WWO
R72 12305 0016,8000,18290,26290,4900,20130,25030,71001WWO
R72 12305 0017,8000,30080,38080,4900,36720,41620,71001WWO
R72 12305 0018,8000,20930,28930,4900,27860,32760,71001WWO
R72 12305 0019,8000,22220,30220,4900,23070,27970,71001WWO
R72 12305 0020,8000,18710,26710,4900,17800,22700,71001WWO
R72 12305 0021,8000,35100,43100,4900,38780,43680,71001WWO
R72 12305 0022,3000,0,3000,1670,0,1670,71001WWO
R72 12305 0023,10000,23130,33130,6100,7460,13560,71001WWO
R72 12305 0025,8000,29890,37890,4900,32790,37690,71001WWO
R72 12305 0026,8000,24350,32350,4900,31760,36660,71001WWO
R72 12305 0027,8000,20830,28830,4900,22850,27750,71001WWO
R72 12305 0028,8000,21690,29690,4900,24940,29840,71001WWO
R72 12305 0029,8000,24910,32910,4900,28420,33320,71001WWO
R72 12305 0030,8000,40680,48680,4900,42340,47240,71001WWO
R72 12305 0031,8000,30610,38610,4900,31550,36450,71001WWO
R72 12305 0032,8000,30840,38840,4900,30730,35630,71001WWO
R72 12305 0033,8000,23760,31760,4900,26580,31480,71001WWO
R72 12305 0035,9240,50050,59290,2880,0,2880,71001WWO
R72 12305 0036,9020,32210,41230,5610,34430,40040,71001WWO
R72 12305 0037,9020,36470,45490,5610,37080,42690,71001WWO
R72 12305 0038,9020,33870,42890,5610,28760,34370,71001WWO
R72 12305 0039,9020,29130,38150,5610,24590,30200,71001WWO
R72 12305 0040,9240,32500,41740,5760,8450,14210,71001WWO
R72 12305 0041,8000,23520,31520,4900,28060,32960,71001WWO
R72 12305 0042,8000,4930,12930,2450,0,2450,71001WWO
R72 12305 0043,8000,29570,37570,4900,37540,42440,71001WWO
R72 12305 0044,8000,16880,24880,4900,20210,25110,71001WWO
R72 12305 0045,4000,0,4000,2210,0,2210,71001WWO
R72 12305 0046,8000,29970,37970,4900,27900,32800,71001WWO
R72 12305 0047,8000,21980,29980,4900,19680,24580,71001WWO
R72 12305 0048,8000,29540,37540,4900,33190,38090,71001WWO
R72 12305 0049,8000,25220,33220,4900,27710,32610,71001WWO
R72 12305 0050,9000,24040,33040,5500,26970,32470,71001WWO
R72 12305 0052,9000,20250,29250,5500,17740,23240,71001WWO
R72 12305 0053,9000,24630,33630,5500,25950,31450,71001WWO
R72 12305 0055,8000,26890,34890,4900,24300,29200,71001WWO
R72 12305 0056,8000,27910,35910,4900,29840,34740,71001WWO
R72 12305 0057,8000,27640,35640,4900,25370,30270,71001WWO
R72 12305 0058,8000,28150,36150,4900,28340,33240,71001WWO
R72 12305 0059,8000,29700,37700,4900,30840,35740,71001WWO
R72 12305 0060,8000,45070,53070,4900,45900,50800,71001WWO
R72 12305 0061,8000,8540,16540,4900,1770,6670,71001WWO
R72 12305 0062,8000,35250,43250,4900,35690,40590,71001WWO
R72 12305 0063,8000,29460,37460,4900,34590,39490,71001WWO
R72 12305 0064,8000,31940,39940,4900,32030,36930,71001WWO
R72 12305 0065,8000,23590,31590,4900,20390,25290,71001WWO
R72 12305 0066,8000,26610,34610,4900,27910,32810,71001WWO
R72 12305 0067,8000,30520,38520,4900,32210,37110,71001WWO
R72 12305 0068,8000,23050,31050,4900,21000,25900,71001WWO
R72 12305 0069,8500,27350,35850,5200,23420,28620,71001WWO
R72 12305 0070,6100,19150,25250,3850,23930,27780,71001WWO
R72 12305 0071,6340,21030,27370,3940,21180,25120,71001WWO
R72 12305 0072,5800,25760,31560,3740,27120,30860,71001WWO
R72 12305 0073,3000,0,3000,1670,0,1670,71001WWO
R72 12305 0074,9000,31020,40020,5500,32910,38410,71001WWO
R72 12305 0077,6100,21340,27440,3850,17400,21250,71001WWO
R72 12305 0078,3000,0,3000,1670,0,1670,71001WWO
R72 12306 0001,9240,20130,29370,5760,24220,29980,71001WWO
R72 12306 0002,9020,27230,36250,5610,32080,37690,71001WWO
R72 12306 0003,9020,36770,45790,5610,12630,18240,71001WWO
R72 12306 0004,9020,25010,34030,5610,28260,33870,71001WWO
R72 12306 0005,9020,21880,30900,5610,3310,8920,71001WWO
R72 12306 0006,9240,17610,26850,5760,29090,34850,71001WWO
R72 12306 0007,8000,23460,31460,4900,21560,26460,71001WWO
R72 12306 0008,8000,25990,33990,4900,28380,33280,71001WWO
R72 12306 0009,8000,10380,18380,4900,20390,25290,71001WWO
R72 12306 0010,8000,27020,35020,4900,55140,60040,71001WWO
R72 12306 0011,3000,0,3000,1670,0,1670,71001WWO
R72 12306 0012,10000,3320,13320,6100,2640,8740,71001WWO
R72 12306 0013,8000,18650,26650,4900,22210,27110,71001WWO
R72 12306 0014,4000,0,4000,2210,0,2210,71001WWO
R72 12306 0015,4000,0,4000,2210,0,2210,71001WWO
R72 12306 0016,8000,24950,32950,4900,23840,28740,71001WWO
R72 12306 0017,8000,20840,28840,4900,22730,27630,71001WWO
R72 12306 0018,8000,33680,41680,4900,38940,43840,71001WWO
R72 12306 0019,4000,0,4000,2210,0,2210,71001WWO
R72 12306 0020,8000,17850,25850,4900,21480,26380,71001WWO
R72 12306 0021,8000,21740,29740,4900,19080,23980,71001WWO
R72 12306 0022,8000,23050,31050,4900,29150,34050,71001WWO
R72 12306 0023,8000,27040,35040,4900,33420,38320,71001WWO
R72 12306 0024,8000,26020,34020,4900,31340,36240,71001WWO
R72 12306 0025,8000,36920,44920,4900,43560,48460,71001WWO
R72 12306 0026,4000,0,4000,2210,0,2210,71001WWO
R72 12306 0027,4000,0,4000,2210,0,2210,71001WWO
R72 12306 0028,8000,21840,29840,4900,25180,30080,71001WWO
R72 12306 0029,8000,22890,30890,4900,24660,29560,71001WWO
R72 12306 0030,8000,20040,28040,4900,23470,28370,71001WWO
R72 12306 0031,8000,24640,32640,4900,26390,31290,71001WWO
R72 12306 0032,8000,21490,29490,4900,27090,31990,71001WWO
R72 12306 0033,8000,22960,30960,4900,27460,32360,71001WWO
R72 12306 0034,8000,26030,34030,4900,31100,36000,71001WWO
R72 12306 0035,4620,0,4620,2590,0,2590,71001WWO
R72 12306 0036,9240,21790,31030,5760,26370,32130,71001WWO
R72 12306 0037,9020,6720,15740,5610,5490,11100,71001WWO
R72 12306 0038,9020,29690,38710,5610,31230,36840,71001WWO
R72 12306 0039,7790,28110,35900,4770,33350,38120,71001WWO
R72 12306 0040,7980,22100,30080,4880,24150,29030,71001WWO
R72 12306 0041,8000,17320,25320,4900,20570,25470,71001WWO
R72 12306 0042,8000,27400,35400,4900,24850,29750,71001WWO
R72 12306 0043,8000,25170,33170,4900,20790,25690,71001WWO
R72 12306 0044,8000,19300,27300,4900,23330,28230,71001WWO
R72 12306 0045,8000,21520,29520,4900,4140,9040,71001WWO
R72 12306 0046,8000,23360,31360,4900,28770,33670,71001WWO
R72 12306 0047,8000,30530,38530,4900,32320,37220,71001WWO
R72 12306 0048,8000,24200,32200,4900,27740,32640,71001WWO
R72 12306 0049,8160,28360,36520,5020,34490,39510,71001WWO
R72 12306 0050,4000,0,4000,2210,0,2210,71001WWO
R72 12306 0051,8000,33080,41080,4900,34890,39790,71001WWO
R72 12306 0052,8000,25190,33190,4900,30370,35270,71001WWO
R72 12306 0053,4000,0,4000,2210,0,2210,71001WWO
R72 12306 0054,8000,33500,41500,4900,32090,36990,71001WWO
R72 12306 0055,4000,0,4000,2210,0,2210,71001WWO
R72 12306 0056,8000,23290,31290,4900,29330,34230,71001WWO
R72 12306 0057,8000,24230,32230,4900,28910,33810,71001WWO
R72 12306 0058,8000,24120,32120,4900,27610,32510,71001WWO
R72 12306 0059,8000,19650,27650,4900,22670,27570,71001WWO
R72 12306 0060,8000,19920,27920,4900,22450,27350,71001WWO
R72 12306 0061,8000,23470,31470,4900,27790,32690,71001WWO
R72 12306 0062,8000,22300,30300,4900,21040,25940,71001WWO
R72 12306 0063,8000,19860,27860,4900,24700,29600,71001WWO
R72 12306 0064,8000,20090,28090,4900,23960,28860,71001WWO
R72 12306 0065,8000,23110,31110,4900,27260,32160,71001WWO
R72 12306 0066,4000,0,4000,2210,0,2210,71001WWO
R72 12306 0067,8000,0,8000,4900,0,4900,71001WWO
R72 12306 0068,8000,11340,19340,2450,0,2450,71001WWO
R72 12306 0069,8500,18800,27300,5200,22680,27880,71001WWO
R72 12306 0070,5120,28840,33960,3490,9390,12880,71000WWO
R72 12306 0071,6800,18200,25000,4220,21190,25410,71001WWO
R72 12306 0074,7500,36870,44370,7500,40620,48120,71001WWO
R72 12307 0001,2590,0,2590,3060,0,3060,C5000000
R72 12307 0002,9020,33770,42790,5610,36140,41750,71001WWO
R72 12307 0003,4510,0,4510,2520,0,2520,71001WWO
R72 12307 0004,9020,27260,36280,5610,23920,29530,71001WWO
R72 12307 0005,9020,30410,39430,5610,32710,38320,71001WWO
R72 12307 0006,9240,15220,24460,5760,19370,25130,71001WWO
R72 12307 0007,8000,17930,25930,4900,20450,25350,71001WWO
R72 12307 0008,8000,19160,27160,4900,16660,21560,71001WWO
R72 12307 0009,8000,0,8000,4900,0,4900,71001WWO
R72 12307 0010,8000,33560,41560,4900,32410,37310,71001WWO
R72 12307 0011,4000,0,4000,2210,0,2210,71001WWO
R72 12307 0012,8000,24570,32570,4900,28950,33850,71001WWO
R72 12307 0013,8000,22750,30750,4900,31930,36830,71001WWO
R72 12307 0014,8000,32270,40270,4900,31140,36040,71001WWO
R72 12307 0015,4000,0,4000,2210,0,2210,71001WWO
R72 12307 0016,8000,25320,33320,4900,22870,27770,71001WWO
R72 12307 0017,8000,2250,10250,4900,0,4900,71001WWO
R72 12307 0018,8000,20670,28670,4900,22080,26980,71001WWO
R72 12307 0019,8000,21750,29750,4900,17470,22370,71001WWO
R72 12307 0020,8000,22390,30390,4900,24670,29570,71001WWO
R72 12307 0021,8000,23050,31050,4900,22860,27760,71001WWO
R72 12307 0022,8000,21510,29510,4900,22660,27560,71001WWO
R72 12307 0023,4000,0,4000,2210,0,2210,71001WWO
R72 12307 0024,8000,16540,24540,4900,15370,20270,71001WWO
R72 12307 0025,8000,31800,39800,4900,29660,34560,71001WWO
R72 12307 0026,8000,30270,38270,4900,27620,32520,71001WWO
R72 12307 0027,8000,23840,31840,4900,25330,30230,71001WWO
R72 12307 0028,8000,25630,33630,4900,24130,29030,71001WWO
R72 12307 0029,8000,33750,41750,4900,32800,37700,71001WWO
R72 12307 0030,8000,49720,57720,4900,49230,54130,71001WWO
R72 12307 0031,8000,36310,44310,4900,37250,42150,71001WWO
R72 12307 0032,8000,38720,46720,4900,24200,29100,71001WWO
R72 12307 0033,4000,0,4000,2210,0,2210,71001WWO
R72 12307 0034,8000,52280,60280,4900,44340,49240,71001WWO
R72 12307 0037,8800,28990,37790,5460,29230,34690,71001WWO
R72 12307 0038,8000,29550,37550,4900,28850,33750,71001WWO
R72 12307 0039,8000,34060,42060,4900,35950,40850,71001WWO
R72 12307 0040,8000,23510,31510,4900,25130,30030,71001WWO
R72 12307 0041,8000,23790,31790,4900,25100,30000,71001WWO
R72 12307 0042,8000,26190,34190,4900,29450,34350,71001WWO
R72 12307 0043,4000,0,4000,2210,0,2210,71001WWO
R72 12307 0044,8000,18290,26290,4900,19160,24060,71001WWO
R72 12307 0045,8000,26250,34250,4900,49320,54220,71001WWO
R72 12307 0046,8000,23720,31720,4900,25740,30640,71001WWO
R72 12307 0047,8000,28760,36760,4900,32910,37810,71001WWO
R72 12307 0048,8000,14340,22340,4900,15810,20710,71001WWO
R72 12307 0049,4000,630,4630,2450,830,3280,71001WWO
R72 12307 0050,12000,11700,23700,7300,4650,11950,71001WWO
R72 12308 0001,8800,21530,30330,5460,21560,27020,71001WWO
R72 12308 0002,12100,22340,34440,5790,0,5790,71001WWO
R72 12308 0004,8000,3160,11160,2450,4130,6580,71001WWO
R72 12308 0005,8000,15490,23490,4900,5280,10180,71001WWO
R72 12308 0006,4000,0,4000,2210,0,2210,71001WWO
R72 12308 0007,8000,19930,27930,4900,18730,23630,71001WWO
R72 12308 0008,8000,19870,27870,4900,26490,31390,71001WWO
R72 12308 0009,8000,23000,31000,4900,28840,33740,71001WWO
R72 12308 0010,8000,22770,30770,4900,22590,27490,71001WWO
R72 12308 0011,8000,23920,31920,4900,28010,32910,71001WWO
R72 12308 0012,8000,19800,27800,4900,23190,28090,71001WWO
R72 12308 0013,8000,18050,26050,4900,19220,24120,71001WWO
R72 12308 0014,8000,18120,26120,4900,21800,26700,71001WWO
R72 12308 0015,8000,27590,35590,4900,19170,24070,71001WWO
R72 12308 0016,8000,20260,28260,4900,23090,27990,71001WWO
R72 12308 0017,8000,22190,30190,4900,26500,31400,71001WWO
R72 12308 0024,7570,19330,26900,4590,19320,23910,71001WWO
R72 12308 0025,7570,21000,28570,4590,24700,29290,71001WWO
R72 12308 0026,7570,20340,27910,4590,20350,24940,71001WWO
R72 12308 0027,7570,20340,27910,4590,21880,26470,71001WWO
R72 12308 0028,7570,22470,30040,4590,26750,31340,71001WWO
R72 12311 0004,13120,30800,43920,10790,23950,34740,62000WES
R72 12311 0005,13120,31720,44840,10790,25370,36160,62000WES
R72 12311 0006,13120,32570,45690,10790,24010,34800,62000WES
R72 12311 0007,13120,35110,48230,10790,32200,42990,62000WES
R72 12311 0008,13120,28250,41370,10790,27840,38630,62000WES
R72 12311 0009,13120,32350,45470,10790,26230,37020,62000WES
R72 12311 0010,13120,32240,45360,10790,27840,38630,62000WES
R72 12311 0011,13120,33040,46160,10790,27560,38350,62000WES
R72 12311 0012,13120,33510,46630,10790,22210,33000,62000WES
R72 12311 0013,13120,33430,46550,10790,27140,37930,62000WES
R72 12311 0014,13120,34510,47630,10790,28320,39110,62000WES
R72 12311 0015,13120,34010,47130,10790,29490,40280,62000WES
R72 12311 0016,13120,23580,36700,10790,28580,39370,62000WES
R72 12311 0017,13120,35900,49020,10790,32640,43430,62000WES
R72 12311 0018,13120,29190,42310,10790,28140,38930,62000WES
R72 12311 0019,13120,23250,36370,10790,27940,38730,62000WES
R72 12311 0020,13120,25220,38340,10790,30220,41010,62000WES
R72 12311 0021,13120,33160,46280,10790,27520,38310,62000WES
R72 12311 0022,13120,23190,36310,10790,24360,35150,62000WES
R72 12311 0023,13120,32240,45360,10790,27840,38630,62000WES
R72 12311 0024,13120,32520,45640,10790,28350,39140,62000WES
R72 12311 0025,13120,21880,35000,10790,30190,40980,62000WES
R72 12311 0026,13120,32240,45360,10790,27840,38630,62000WES
R72 12311 0027,13120,34570,47690,10790,26520,37310,62000WES
R72 12311 0028,13120,31260,44380,10790,26860,37650,62000WES
R72 12311 0031,13650,37060,50710,12210,31320,43530,62000WES
R72 12311 0032,13160,34200,47360,11500,31720,43220,62000WES
R72 12312 0001,13120,33330,46450,10790,26530,37320,62000WES
R72 12312 0002,13120,35230,48350,10790,49830,60620,62000WES
R72 12312 0003,13120,32580,45700,10790,30300,41090,62000WES
R72 12312 0004,14920,23190,38110,12490,28950,41440,62000WES
R72 12312 0005,13100,37820,50920,10630,28850,39480,62000WES
R72 12312 0007,12130,34690,46820,9730,16190,25920,62000WES
R72 12312 0008,12130,30910,43040,9780,23770,33550,62000WES
R72 12312 0009,13240,28560,41800,8660,0,8660,62000WES
R72 12312 0010,14920,30180,45100,12490,42110,54600,62000WES
R72 12312 0011,13120,30840,43960,10790,22020,32810,62000WES
R72 12312 0012,13120,25420,38540,10790,19770,30560,62000WES
R72 12312 0013,13120,20790,33910,10790,22110,32900,62000WES
R72 12312 0014,13620,25370,38990,11140,36490,47630,62000WES
R72 12312 0015,13510,37340,50850,10910,28820,39730,62000WES
R72 12312 0016,14600,13400,28000,11910,35710,47620,62000WES
R72 12312 0017,16010,36130,52140,13040,24520,37560,62000WES
R72 12312 0018,12970,36280,49250,10510,42550,53060,62000WES
R72 12312 0019,12930,26470,39400,10160,34970,45130,62000WES
R72 12313 0006,13120,37320,50440,10800,28560,39360,62000WES
R72 12313 0007,13870,33350,47220,11640,41880,53520,62000WES
R72 12313 0008,14240,22290,36530,12230,30880,43110,62000WES
R72 12313 0009,14370,37320,51690,12540,32520,45060,62000WES
R72 12313 0010,14490,23070,37560,12590,38210,50800,62000WES
R72 12313 0011,15020,36380,51400,13160,53810,66970,62000WES
R72 12313 0012,18160,37470,55630,16540,31700,48240,62000WES
R72 12313 0013,15150,44450,59600,13300,59180,72480,62000WES
R72 12313 0014,14490,25980,40470,12590,32710,45300,62000WES
R72 12313 0015,14490,32240,46730,12590,28110,40700,62000WES
R72 12313 0016,14000,44320,58320,14000,23050,37050,62000WES
R72 12313 0017,15400,35210,50610,15400,41500,56900,62000WES
R72 12313 0018,15400,20130,35530,15400,24610,40010,62000WES
R72 12313 0019,15400,32390,47790,15400,34450,49850,62000WES
R72 12313 0020,15400,36930,52330,15400,39180,54580,62000WES
R72 12313 0021,14000,35100,49100,14000,32340,46340,62000WES
R72 12313 0022,13110,38000,51110,10810,38590,49400,62000WES
R72 12314 0001,14370,36600,50970,12540,30650,43190,62000WES
R72 12314 0002,14370,25220,39590,12540,31310,43850,62000WES
R72 12314 0003,14490,33700,48190,12640,34670,47310,62000WES
R72 12314 0004,14620,35320,49940,12950,44560,57510,62000WES
R72 12314 0005,14870,34870,49740,13510,27130,40640,62000WES
R72 12314 0006,15010,36750,51760,12390,33900,46290,62000WES
R72 12314 0007,13060,16940,30000,10690,36210,46900,62000WES
R72 12314 0009,12210,34900,47110,9810,32160,41970,62000WES
R72 12314 0010,11980,25270,37250,9610,37500,47110,62000WES
R72 12314 0011,11960,35250,47210,9540,32160,41700,62000WES
R72 12314 0012,12460,35380,47840,9950,33290,43240,62000WES
R72 12314 0013,12570,32880,45450,9950,34760,44710,62000WES
R72 12314 0014,14310,35010,49320,11600,32030,43630,62000WES
R72 12314 0015,13120,36520,49640,10800,30730,41530,62000WES
R72 12314 0016,13870,36880,50750,11670,49630,61300,62000WES
R72 12314 0017,14240,43280,57520,12230,37910,50140,62000WES
R72 12314 0018,14370,31380,45750,12490,43960,56450,62000WES
R72 12314 0019,14490,25010,39500,12640,30900,43540,62000WES
R72 12314 0020,17510,29300,46810,15910,29290,45200,62000WES
R72 12401 0001,8280,24760,33040,5000,24500,29500,71000WWO
R72 12401 0004,8740,23550,32290,5250,20700,25950,71000WWO
R72 12401 0005,8930,26440,35370,5470,7500,12970,71000WWO
R72 12401 0006,8930,20650,29580,5470,16110,21580,71000WWO
R72 12401 0007,8930,23020,31950,5470,0,5470,71000WWO
R72 12401 0008,8930,21550,30480,5470,15540,21010,71000WWO
R72 12401 0021,8400,21010,29410,5140,11210,16350,71000WWO
R72 12401 0022,8930,25710,34640,5470,23950,29420,71000WWO
R72 12401 0023,8930,23750,32680,5470,20830,26300,71000WWO
R72 12401 0024,8930,13660,22590,5470,18650,24120,71000WWO
R72 12401 0025,8930,27220,36150,5470,23610,29080,71000WWO
R72 12401 0026,8930,23120,32050,5470,20930,26400,71000WWO
R72 12401 0027,8930,21010,29940,4110,0,4110,71000WWO
R72 12401 0028,8930,26410,35340,5470,15390,20860,71000WWO
R72 12401 0029,8930,29110,38040,5470,14350,19820,71000WWO
R72 12401 0030,6030,31570,37600,3880,14560,18440,71000WWO
R72 12401 0031,8720,25910,34630,5340,20110,25450,71000WWO
R72 12401 0032,8720,23410,32130,5340,21820,27160,71000WWO
R72 12401 0033,8400,21020,29420,5140,16630,21770,71000WWO
R72 12401 0034,8400,18710,27110,5140,13910,19050,71000WWO
R72 12401 0035,8510,18400,26910,5210,8300,13510,71000WWO
R72 12401 0036,8400,20880,29280,5140,11090,16230,71000WWO
R72 12401 0037,8400,23200,31600,5140,20170,25310,71000WWO
R72 12401 0038,8400,18690,27090,5140,14050,19190,71000WWO
R72 12401 0039,8510,20890,29400,5210,16110,21320,71000WWO
R72 12401 0040,8400,22620,31020,5140,13870,19010,71000WWO
R72 12401 0041,8400,28050,36450,5140,21370,26510,71000WWO
R72 12401 0042,8400,22890,31290,5140,18600,23740,71000WWO
R72 12401 0044,8100,25660,33760,4900,12070,16970,71000WWO
R72 12401 0047,11830,51240,63070,6690,42730,49420,71000WWO
R72 12402 0001,3760,0,3760,2080,0,2080,71000WWO
R72 12402 0002,8240,31940,40180,5060,23920,28980,71000WWO
R72 12402 0003,8240,20140,28380,5060,9190,14250,71000WWO
R72 12402 0004,8240,24610,32850,5060,20320,25380,71000WWO
R72 12402 0005,8240,15490,23730,5060,15060,20120,71000WWO
R72 12402 0006,8240,17090,25330,5060,14200,19260,71000WWO
R72 12402 0007,8240,27910,36150,5060,22900,27960,71000WWO
R72 12402 0008,8240,18170,26410,5060,16790,21850,71000WWO
R72 12402 0009,8240,12990,21230,5060,3240,8300,71000WWO
R72 12402 0010,8240,15190,23430,5060,5690,10750,71000WWO
R72 12402 0011,8240,26250,34490,5060,13730,18790,71000WWO
R72 12402 0012,8240,27740,35980,5060,15790,20850,71000WWO
R72 12402 0013,7760,15970,23730,4760,6300,11060,71000WWO
R72 12402 0014,8250,20910,29160,5040,12430,17470,71000WWO
R72 12402 0015,8250,21010,29260,5040,18860,23900,71000WWO
R72 12402 0016,8250,21010,29260,5040,17750,22790,71000WWO
R72 12402 0017,8250,21120,29370,5040,18290,23330,71000WWO
R72 12402 0018,4120,0,4120,2270,0,2270,71000WWO
R72 12402 0019,8150,31590,39740,4990,6950,11940,71000WWO
R72 12402 0020,8420,21120,29540,5130,16950,22080,71000WWO
R72 12402 0021,10140,24010,34150,6290,9770,16060,71000WWO
R72 12402 0022,10900,34100,45000,6790,20020,26810,71000WWO
R72 12402 0023,8500,28800,37300,5200,24040,29240,71000WWO
R72 12402 0024,8570,30710,39280,5250,24540,29790,71000WWO
R72 12402 0025,8160,41290,49450,2250,0,2250,71000WWO
R72 12402 0026,8160,41290,49450,5000,38130,43130,71000WWO
R72 12402 0027,8160,23350,31510,5000,18440,23440,71000WWO
R72 12402 0028,8160,35200,43360,5000,26760,31760,71000WWO
R72 12402 0029,8160,21560,29720,5000,16000,21000,71000WWO
R72 12402 0030,8160,21730,29890,5000,16000,21000,71000WWO
R72 12402 0031,8160,23060,31220,5000,10860,15860,71000WWO
R72 12402 0036,8160,21010,29170,5000,17850,22850,71000WWO
R72 12402 0037,8160,22720,30880,5000,11580,16580,71000WWO
R72 12402 0039,8160,23210,31370,5000,21810,26810,71000WWO
R72 12402 0040,8160,21010,29170,5000,17750,22750,71000WWO
R72 12402 0041,12040,21010,33050,5000,19940,24940,71000WWO
R72 12402 0042,8350,21010,29360,2250,0,2250,71000WWO
R72 12402 0043,8960,33090,42050,5510,22660,28170,71000WWO
R72 12402 0045,9080,24370,33450,5560,21720,27280,71000WWO
R72 12402 0048,8160,47090,55250,5000,28520,33520,71000WWO
R72 12402 0049,8160,26670,34830,5000,16640,21640,71000WWO
R72 12402 0050,8160,24630,32790,5000,21070,26070,71000WWO
R72 12402 0051,8160,23360,31520,5000,20200,25200,71000WWO
R72 12402 0052,8160,23510,31670,5000,14990,19990,71000WWO
R72 12402 0055,9380,22150,31530,5850,6370,12220,71000WWO
R72 12402 0058,9270,24150,33420,5740,25280,31020,71000WWO
R72 12402 0059,7410,0,7410,4590,0,4590,71000WWO
R72 12402 0060,4850,0,4850,2710,0,2710,71000WWO
R72 12402 0061,8420,34500,42920,5130,25970,31100,71000WWO
R72 12402 0062,8420,9510,17930,5130,5680,10810,71000WWO
R72 12402 0066,8590,20180,28770,5270,15290,20560,71000WWO
R72 12402 0068,8500,24590,33090,5200,21780,26980,71000WWO
R72 12402 0071,8320,31720,40040,5100,19260,24360,71000WWO
R72 12402 0072,6660,0,6660,4080,0,4080,71000WWO
R72 12402 0076,9180,25960,35140,5630,22040,27670,71000WWO
R72 12403 0001,8640,9640,18280,5300,21480,26780,71000WWO
R72 12403 0002,8640,24780,33420,5300,19990,25290,71000WWO
R72 12403 0003,8640,25620,34260,5280,20330,25610,71000WWO
R72 12403 0004,8320,22010,30330,5080,19760,24840,71000WWO
R72 12403 0005,8550,23970,32520,5200,12930,18130,71000WWO
R72 12403 0006,8280,36750,45030,5080,28440,33520,71000WWO
R72 12403 0007,14280,27760,42040,8710,19070,27780,71000WWO
R72 12403 0008,16340,28410,44750,9880,21950,31830,71000WWO
R72 12403 0009,8480,10970,19450,5210,10690,15900,71000WWO
R72 12403 0010,8280,28030,36310,5080,0,5080,71000WWO
R72 12403 0011,8280,23880,32160,5080,4770,9850,71000WWO
R72 12403 0012,8280,18500,26780,5080,14130,19210,71000WWO
R72 12403 0013,8280,25970,34250,5080,9070,14150,71000WWO
R72 12403 0014,8480,21510,29990,5210,19680,24890,71000WWO
R72 12403 0015,9060,24070,33130,5570,19540,25110,71000WWO
R72 12403 0016,9060,25830,34890,5570,20980,26550,71000WWO
R72 12403 0017,9060,23120,32180,5570,18010,23580,71000WWO
R72 12403 0019,9060,30820,39880,5570,26650,32220,71000WWO
R72 12403 0020,9060,23110,32170,5570,10650,16220,71000WWO
R72 12403 0021,8720,28000,36720,5340,21290,26630,71000WWO
R72 12403 0022,7500,20300,27800,7500,10980,18480,71000WWO
R72 12403 0023,10060,25640,35700,5850,21070,26920,71000WWO
R72 12403 0024,8330,23260,31590,5070,17850,22920,71000WWO
R72 12403 0025,10380,23450,33830,6400,18400,24800,71000WWO
R72 12403 0026,9200,23110,32310,5650,11780,17430,71000WWO
R72 12403 0027,9680,28610,38290,5960,21180,27140,71000WWO
R72 12403 0028,9060,25440,34500,5570,19560,25130,71000WWO
R72 12403 0030,9060,25140,34200,5570,20440,26010,71000WWO
R72 12403 0031,9060,23110,32170,5570,17750,23320,71000WWO
R72 12403 0032,8240,33580,41820,5060,23790,28850,71000WWO
R72 12403 0033,8240,39840,48080,5060,30020,35080,71000WWO
R72 12403 0034,8480,24970,33450,5210,10740,15950,71000WWO
R72 12403 0035,8280,25290,33570,5080,18020,23100,71000WWO
R72 12403 0036,8280,26400,34680,5080,21070,26150,71000WWO
R72 12403 0037,8280,24940,33220,5080,12130,17210,71000WWO
R72 12403 0038,8280,26100,34380,5080,18890,23970,71000WWO
R72 12403 0039,8480,28300,36780,5210,21480,26690,71000WWO
R72 12403 0040,8240,3150,11390,5060,1870,6930,71000WWO
R72 12403 0041,8240,29620,37860,5060,21420,26480,71000WWO
R72 12403 0042,8240,28790,37030,5060,11170,16230,71000WWO
R72 12403 0043,8240,19270,27510,5060,12830,17890,71000WWO
R72 12403 0044,8240,22210,30450,5060,12530,17590,71000WWO
R72 12403 0045,8240,5730,13970,5060,3630,8690,71000WWO
R72 12403 0046,8240,19480,27720,5060,7870,12930,71000WWO
R72 12403 0047,8240,27440,35680,5060,18740,23800,71000WWO
R72 12403 0048,8240,31270,39510,5060,22600,27660,71000WWO
R72 12403 0049,8240,27000,35240,5060,22020,27080,71000WWO
R72 12403 0050,8240,30400,38640,5060,22550,27610,71000WWO
R72 12403 0051,8240,25040,33280,5060,17750,22810,71000WWO
R72 12403 0052,9060,29400,38460,5570,21620,27190,71000WWO
R72 12403 0053,9060,25340,34400,5570,54120,59690,71000WWO
R72 12403 0055,9060,27440,36500,5570,18830,24400,71000WWO
R72 12403 0056,9060,23380,32440,5570,17960,23530,71000WWO
R72 12403 0057,8240,25420,33660,5060,12340,17400,71000WWO
R72 12403 0058,8240,21370,29610,4550,0,4550,71000WWO
R72 12403 0059,8240,22380,30620,5060,7560,12620,71000WWO
R72 12403 0060,8240,22280,30520,5060,15760,20820,71000WWO
R72 12403 0061,8240,28890,37130,5060,23020,28080,71000WWO
R72 12403 0062,8240,23620,31860,5060,23780,28840,71000WWO
R72 12403 0063,8240,28720,36960,5060,23940,29000,71000WWO
R72 12403 0064,8480,0,8480,5210,0,5210,71000WWO
R72 12403 0065,8280,16050,24330,5080,13620,18700,71000WWO
R72 12403 0066,8280,18300,26580,5080,8300,13380,71000WWO
R72 12403 0067,7230,21330,28560,4440,9800,14240,71000WWO
R72 12403 0078,2500,0,2500,1360,0,1360,71000WWO
R72 12404 0001,3700,0,3700,2130,0,2130,72000RES
R72 12404 0002,2860,0,2860,1630,0,1630,72000RES
R72 12404 0003,7480,36330,43810,4780,21160,25940,72000RES
R72 12404 0011,7480,29680,37160,4780,14810,19590,72000RES
R72 12404 0012,7480,32870,40350,4780,13010,17790,72000RES
R72 12404 0025,7500,31830,39330,7500,48970,56470,71000WWO
R72 12404 0026,10300,27880,38180,6340,43970,50310,71000WWO
R72 12404 0030,2860,0,2860,1630,0,1630,72000RES
R72 12404 0047,7500,32870,40370,7500,59190,66690,71000WWO
R72 12404 0048,12980,25460,38440,12980,75270,88250,71000WWO
R72 12405 0001,6890,29380,36270,4400,21850,26250,72000RES
R72 12405 0002,6890,23100,29990,4400,18220,22620,72000RES
R72 12405 0004,6890,28770,35660,4400,19380,23780,72000RES
R72 12405 0005,6890,23190,30080,4400,11640,16040,72000RES
R72 12405 0006,7920,32110,40030,5350,27110,32460,72000RES
R72 12406 0012,8240,40720,48960,5060,29270,34330,71000WWO
R72 12406 0013,8240,22060,30300,5060,15160,20220,71000WWO
R72 12406 0014,8240,20750,28990,5060,10750,15810,71000WWO
R72 12406 0015,8240,23790,32030,5060,17520,22580,71000WWO
R72 12406 0016,8240,23790,32030,5060,17520,22580,71000WWO
R72 12406 0017,8240,22530,30770,5060,18000,23060,71000WWO
R72 12406 0018,8240,28010,36250,5060,23200,28260,71000WWO
R72 12406 0019,8240,33670,41910,5060,26530,31590,71000WWO
R72 12406 0020,10200,24570,34770,5900,18350,24250,71000WWO
R72 12406 0022,2230,0,2230,1390,0,1390,71000WWO
R72 12406 0023,9740,31720,41460,5750,22590,28340,71000WWO
R72 12406 0024,11130,31870,43000,6890,24550,31440,71000WWO
R72 12406 0026,8640,2470,11110,5300,11760,17060,71000WWO
R72 12406 0037,10150,32800,42950,6280,44330,50610,71000WWO
R72 12406 0038,8640,32250,40890,5300,39250,44550,71000WWO
R72 12406 0040,8240,19720,27960,5060,30450,35510,71000WWO
R72 12406 0041,8000,20280,28280,4900,11310,16210,71000WWO
R72 12406 0042,9440,34440,43880,4420,0,4420,71000WWO
R72 12406 0045,8240,32140,40380,5060,24830,29890,71000WWO
R72 12406 0046,9060,26660,35720,5570,20740,26310,71000WWO
R72 12406 0047,8150,33700,41850,4990,27230,32220,71000WWO
R72 12406 0049,7620,34220,41840,4320,25600,29920,71000WWO
R72 12406 0050,2740,0,2740,1540,0,1540,71000WWO
R72 12407 0021,8360,30490,38850,5130,19990,25120,71000WWO
R72 12407 0022,8360,19980,28340,2310,0,2310,71000WWO
R72 12407 0023,8360,26770,35130,5130,17400,22530,71000WWO
R72 12407 0024,8360,33340,41700,5130,25830,30960,71000WWO
R72 12407 0025,8570,34680,43250,5230,24190,29420,71000WWO
R72 12407 0026,8600,16440,25040,5240,7580,12820,71000WWO
R72 12407 0027,4230,0,4230,2310,0,2310,71000WWO
R72 12407 0028,9670,36890,46560,5950,28380,34330,71000WWO
R72 12407 0029,8940,26970,35910,5490,23270,28760,71000WWO
R72 12407 0030,8940,25680,34620,5490,12910,18400,71000WWO
R72 12407 0031,9460,20620,30080,5820,18420,24240,71000WWO
R72 12407 0032,8150,28620,36770,4990,23060,28050,71000WWO
R72 12407 0033,8150,30150,38300,4990,21160,26150,71000WWO
R72 12407 0034,8250,24490,32740,5040,17940,22980,71000WWO
R72 12407 0035,8050,27800,35850,4930,18400,23330,71000WWO
R72 12407 0036,8150,37690,45840,4990,18180,23170,71000WWO
R72 12407 0037,8150,24730,32880,4990,17950,22940,71000WWO
R72 12407 0038,8250,41030,49280,5040,25420,30460,71000WWO
R72 12407 0050,8240,27490,35730,5060,12980,18040,71000WWO
R72 12407 0051,8240,27170,35410,5060,19370,24430,71000WWO
R72 12407 0052,8250,22630,30880,5040,16770,21810,71000WWO
R72 12407 0053,8250,20170,28420,5040,12560,17600,71000WWO
R72 12407 0054,8160,26870,35030,2500,0,2500,71000WWO
R72 12407 0055,8160,27500,35660,5000,20530,25530,71000WWO
R72 12408 0001,8610,34650,43260,5270,23870,29140,71000WWO
R72 12408 0002,8610,25960,34570,5270,16080,21350,71000WWO
R72 12408 0003,8610,27950,36560,5270,17820,23090,71000WWO
R72 12408 0004,8610,20930,29540,5270,19260,24530,71000WWO
R72 12408 0005,8610,28240,36850,5270,20240,25510,71000WWO
R72 12408 0006,8610,27990,36600,5270,21170,26440,71000WWO
R72 12408 0007,8610,23610,32220,5270,17170,22440,71000WWO
R72 12408 0008,8320,25420,33740,5100,21710,26810,71000WWO
R72 12408 0009,8320,33630,41950,5100,15520,20620,71000WWO
R72 12408 0010,8320,32690,41010,5100,20980,26080,71000WWO
R72 12408 0011,8320,8490,16810,4590,0,4590,71000WWO
R72 12408 0012,8320,32580,40900,5100,21240,26340,71000WWO
R72 12408 0014,8110,35980,44090,4970,22400,27370,71000WWO
R72 12408 0015,8860,22690,31550,5420,5680,11100,71000WWO
R72 12408 0017,8610,23800,32410,5270,11240,16510,71000WWO
R72 12408 0018,8610,23470,32080,5270,18480,23750,71000WWO
R72 12408 0019,8610,25290,33900,5270,11910,17180,71000WWO
R72 12408 0021,8610,25930,34540,5270,22100,27370,71000WWO
R72 12409 0001,8110,37120,45230,5220,30750,35970,72000RES
R72 12409 0002,4210,0,4210,2440,0,2440,72000RES
R72 12409 0003,8420,43430,51850,5420,24880,30300,72000RES
R72 12409 0004,8500,37370,45870,5450,19660,25110,72000RES
R72 12409 0005,9160,38640,47800,6000,21690,27690,72000RES
R72 12409 0006,9160,40990,50150,6000,22320,28320,72000RES
R72 12409 0007,9160,37080,46240,6000,24380,30380,72000RES
R72 12409 0008,10410,35990,46400,6900,17100,24000,72000RES
R72 12409 0009,8580,40120,48700,5520,21990,27510,72000RES
R72 12409 0011,8280,42540,50820,5230,23160,28390,72000RES
R72 12409 0012,9860,47000,56860,6190,37280,43470,72000RES
R72 12409 0015,12390,42120,54510,8040,25400,33440,72000RES
R72 12409 0016,7080,29770,36850,4500,19210,23710,72000RES
R72 12409 0017,7380,39120,46500,4700,22850,27550,72000RES
R72 12409 0018,7870,38340,46210,5020,19190,24210,72000RES
R72 12409 0019,8190,45210,53400,5250,26340,31590,72000RES
R72 12409 0020,9030,42590,51620,7250,13620,20870,72000RES
R72 12409 0021,8430,52130,60560,5450,27100,32550,72000RES
R72 12409 0022,8430,38250,46680,5450,19210,24660,72000RES
R72 12409 0023,8430,39610,48040,5400,20210,25610,72000RES
R72 12409 0024,8350,43960,52310,5360,22470,27830,72000RES
R72 12409 0025,8270,39060,47330,5330,27950,33280,72000RES
R72 12409 0026,8270,41760,50030,5310,21970,27280,72000RES
R72 12409 0027,8270,39240,47510,5310,12330,17640,72000RES
R72 12409 0028,8330,43470,51800,5190,23170,28360,72000RES
R72 12409 0029,12040,42830,54870,7790,26550,34340,72000RES
R72 12409 0030,3380,0,3380,1940,0,1940,72000RES
R72 12409 0033,3380,0,3380,1940,0,1940,72000RES
R72 12409 0034,3380,0,3380,1940,0,1940,72000RES
R72 12410 0007,7830,29820,37650,5040,15450,20490,72000RES
R72 12410 0008,7830,32980,40810,5040,9060,14100,72000RES
R72 12410 0009,7830,26750,34580,5040,13060,18100,72000RES
R72 12410 0010,4160,0,4160,2430,0,2430,72000RES
R72 12410 0011,7580,15210,22790,4860,41600,46460,72000RES
R72 12410 0014,5330,3160,8490,0,0,0,72000RES
R72 12410 0015,7490,34230,41720,4800,19390,24190,72000RES
R72 12410 0016,7490,42250,49740,4800,20850,25650,72000RES
R72 12410 0019,7490,31110,38600,4800,19240,24040,72000RES
R72 12410 0020,7490,30110,37600,4800,19160,23960,72000RES
R72 12410 0021,7490,31250,38740,4800,10300,15100,72000RES
R72 12410 0022,7090,46590,53680,4530,33060,37590,72000RES
R72 12410 0023,3540,0,3540,2040,0,2040,72000RES
R72 12410 0024,7090,46590,53680,5660,14410,20070,72000RES
R72 12410 0025,7090,22940,30030,4530,1440,5970,72000RES
R72 12410 0030,3630,0,3630,2090,0,2090,72000RES
R72 12410 0031,7270,33400,40670,2330,0,2330,72000RES
R72 12410 0032,7190,47130,54320,4620,47750,52370,72000RES
R72 12410 0033,6890,29760,36650,4400,5000,9400,72000RES
R72 12410 0034,6890,24700,31590,4400,4250,8650,72000RES
R72 12410 0035,6890,23450,30340,4400,12170,16570,72000RES
R72 12410 0036,6890,30790,37680,4400,22560,26960,72000RES
R72 12410 0037,3440,0,3440,1980,0,1980,72000RES
R72 12410 0038,3440,0,3440,1980,0,1980,72000RES
R72 12410 0039,13010,35680,48690,8400,25220,33620,72000RES
R72 12410 0042,7620,29560,37180,4870,15270,20140,72000RES
R72 12410 0043,3400,0,3400,1940,0,1940,72000RES
R72 12410 0046,7220,31580,38800,4590,10310,14900,72000RES
R72 12410 0047,7620,26640,34260,4870,15040,19910,72000RES
R72 12410 0048,2660,0,2660,1530,0,1530,72000RES
R72 12410 0050,10330,35600,45930,4990,0,4990,72000RES
R72 12410 0052,7270,29410,36680,4650,17280,21930,72000RES
R72 12410 0053,3440,0,3440,1980,0,1980,72000RES
R72 12410 0054,3440,0,3440,1980,0,1980,72000RES
R72 12410 0057,7360,39750,47110,4700,26360,31060,72000RES
R72 12410 0058,3670,0,3670,2120,0,2120,72000RES
R72 12410 0059,3670,0,3670,2350,0,2350,72000RES
R72 12410 0060,7360,39880,47240,4700,24570,29270,72000RES
R72 12410 0061,7360,29590,36950,4700,15180,19880,72000RES
R72 12410 0062,7360,26370,33730,4700,14570,19270,72000RES
R72 12410 0063,7360,26110,33470,4700,7590,12290,72000RES
R72 12410 0064,3670,0,3670,2120,0,2120,72000RES
R72 12410 0065,7360,32700,40060,4700,22840,27540,72000RES
R72 12410 0066,4050,32220,36270,2640,11150,13790,72000RES
R72 12410 0067,3670,0,3670,2120,0,2120,72000RES
R72 12410 0068,7680,35140,42820,4930,18070,23000,72000RES
R72 12410 0069,7860,39520,47380,5030,7300,12330,72000RES
R72 12410 0070,3610,0,3610,2070,0,2070,72000RES
R72 12410 0071,7220,13680,20900,4590,8840,13430,72000RES
R72 12410 0072,3150,2120,5270,4610,0,4610,72000RES
R72 12410 0073,7220,26210,33430,4590,15840,20430,72000RES
R72 12410 0074,7220,12740,19960,4590,5770,10360,72000RES
R72 12410 0075,3850,0,3850,2210,0,2210,72000RES
R72 12410 0078,7430,2000,9430,4750,4470,9220,72000RES
R72 12410 0079,7430,28480,35910,4740,9130,13870,72000RES
R72 12410 0080,7430,27560,34990,4740,13050,17790,72000RES
R72 12410 0081,7430,35800,43230,4720,23780,28500,72000RES
R72 12410 0082,7360,27030,34390,4700,10960,15660,72000RES
R72 12410 0083,7360,27400,34760,4690,8780,13470,72000RES
R72 12410 0084,7360,26350,33710,4690,16130,20820,72000RES
R72 12410 0085,7290,28090,35380,4660,13710,18370,72000RES
R72 12410 0086,7290,31890,39180,4660,15370,20030,72000RES
R72 12410 0087,3640,0,3640,2100,0,2100,72000RES
R72 12410 0088,3640,0,3640,2100,0,2100,72000RES
R72 12410 0089,3640,0,3640,2100,0,2100,72000RES
R72 12410 0090,3640,0,3640,2100,0,2100,72000RES
R72 12410 0091,7290,21270,28560,4660,2320,6980,72000RES
R72 12410 0092,7290,24770,32060,4660,13340,18000,72000RES
R72 12410 0093,7290,24830,32120,4660,7830,12490,72000RES
R72 12410 0094,7290,31480,38770,4660,21670,26330,72000RES
R72 12410 0095,7290,22910,30200,4660,8240,12900,72000RES
R72 12410 0096,7290,19750,27040,4660,13390,18050,72000RES
R72 12410 0097,2820,0,2820,1590,0,1590,72000RES
R72 12410 0098,7290,28250,35540,4660,8640,13300,72000RES
R72 12410 0099,3640,0,3640,2100,0,2100,72000RES
R72 12410 0100,8030,38600,46630,5140,22290,27430,72000RES
R72 12410 0101,3240,0,3240,2070,0,2070,72000RES
R72 12410 0102,6550,21170,27720,4180,10220,14400,72000RES
R72 12410 0103,2820,0,2820,1590,0,1590,72000RES
R72 12410 0106,2830,0,2830,1630,0,1630,72000RES
R72 12410 0107,7650,26320,33970,4900,13420,18320,72000RES
R72 12410 0108,2660,0,2660,1620,0,1620,72000RES
R72 12410 0110,4990,0,4990,2880,0,2880,72000RES
R72 12410 0112,12990,33820,46810,8250,6040,14290,72000RES
R72 12410 0113,8420,31730,40150,5400,9660,15060,72000RES
R72 12410 0115,6890,11290,18180,2200,0,2200,72000RES
R72 12410 0116,6890,28890,35780,4400,16670,21070,72000RES
R72 12410 0117,6890,27590,34480,4400,13180,17580,72000RES
R72 12410 0118,6890,27860,34750,4400,13320,17720,72000RES
R72 12410 0119,4210,0,4210,2430,0,2430,72000RES
R72 12410 0120,8420,24910,33330,5400,4230,9630,72000RES
R72 12410 0121,6890,16910,23800,4400,11700,16100,72000RES
R72 12410 0122,6890,24430,31320,4400,7070,11470,72000RES
R72 12410 0123,9950,44130,54080,6400,26750,33150,72000RES
R72 12410 0124,5000,29410,34410,3960,30560,34520,72000RES
R72 12410 0125,7650,27580,35230,4900,8600,13500,72000RES
R72 12410 0126,7650,31050,38700,4900,10910,15810,72000RES
R72 12410 0127,8420,28850,37270,5400,14530,19930,72000RES
R72 12410 0128,8420,28720,37140,5400,9420,14820,72000RES
R72 12410 0129,8420,24440,32860,5400,8030,13430,72000RES
R72 12410 0130,6890,23690,30580,4400,15030,19430,72000RES
R72 12410 0131,6890,22520,29410,4400,8110,12510,72000RES
R72 12411 0003,7670,32870,40540,7240,0,7240,72001RES
R72 12411 0005,2570,0,2570,2230,0,2230,72001RES
R72 12411 0006,5100,27770,32870,4970,19800,24770,72001RES
R72 12411 0007,6900,36600,43500,6560,36510,43070,72001RES
R72 12411 0009,5100,37830,42930,4970,47790,52760,72001RES
R72 12411 0010,5100,22210,27310,4970,17460,22430,72001RES
R72 12411 0011,2570,0,2570,2230,0,2230,72001RES
R72 12411 0012,5100,25720,30820,4970,26210,31180,72001RES
R72 12411 0013,5100,24440,29540,4970,18260,23230,72001RES
R72 12411 0014,5100,31640,36740,4970,27080,32050,72001RES
R72 12411 0015,2570,6620,9190,2480,6460,8940,72001RES
R72 12411 0016,5100,23470,28570,4970,29130,34100,72001RES
R72 12411 0017,1940,0,1940,1710,0,1710,72001RES
R72 12411 0018,5100,26230,31330,4970,16810,21780,72001RES
R72 12411 0019,5100,25520,30620,4970,17820,22790,72001RES
R72 12411 0020,5100,19640,24740,4970,21380,26350,72001RES
R72 12411 0021,5100,25520,30620,4970,17820,22790,72001RES
R72 12411 0022,5100,28440,33540,4970,26020,30990,72001RES
R72 12411 0023,5100,9110,14210,4970,20600,25570,72001RES
R72 12411 0024,5870,29250,35120,5650,21680,27330,72001RES
R72 12411 0025,5100,20850,25950,4970,8490,13460,72001RES
R72 12411 0026,2570,0,2570,2230,0,2230,72001RES
R72 12411 0027,5100,33710,38810,4970,15180,20150,72001RES
R72 12411 0028,2570,0,2570,2230,0,2230,72001RES
R72 12411 0031,2570,0,2570,2230,0,2230,72001RES
R72 12411 0032,2570,0,2570,2230,0,2230,72001RES
R72 12411 0033,5100,22170,27270,4970,16230,21200,72001RES
R72 12411 0034,2570,0,2570,2230,0,2230,72001RES
R72 12411 0035,5100,24580,29680,4970,24430,29400,72001RES
R72 12411 0036,2570,2980,5550,2480,3900,6380,72001RES
R72 12411 0037,5100,25040,30140,4970,10640,15610,72001RES
R72 12411 0038,5100,36040,41140,4970,27710,32680,72001RES
R72 12411 0039,2570,23660,26230,2480,18930,21410,72001RES
R72 12411 0040,5100,26440,31540,4970,30920,35890,72001RES
R72 12411 0041,2570,0,2570,2230,0,2230,72001RES
R72 12411 0042,2570,0,2570,2230,0,2230,72001RES
R72 12411 0043,5100,21460,26560,4970,18190,23160,72001RES
R72 12411 0045,5100,3200,8300,4970,19470,24440,72001RES
R72 12411 0046,5100,25520,30620,4970,5370,10340,72001RES
R72 12411 0047,5100,27130,32230,4970,20710,25680,72001RES
R72 12411 0048,2570,0,2570,2230,0,2230,72001RES
R72 12411 0049,5100,24140,29240,4970,6800,11770,72001RES
R72 12411 0050,2570,0,2570,2230,0,2230,72001RES
R72 12411 0051,5200,6840,12040,2520,0,2520,72001RES
R72 12411 0052,5200,12760,17960,5040,12810,17850,72001RES
R72 12411 0053,5200,30350,35550,5040,34730,39770,72001RES
R72 12411 0054,5200,21650,26850,5040,21320,26360,72001RES
R72 12411 0055,5200,22200,27400,5040,20020,25060,72001RES
R72 12411 0056,5200,18270,23470,5040,18940,23980,72001RES
R72 12411 0057,5200,20050,25250,5040,4610,9650,72001RES
R72 12411 0058,2620,0,2620,2260,0,2260,72001RES
R72 12411 0059,5200,31600,36800,3400,37500,40900,72001RES
R72 12411 0060,5200,0,5200,3400,37500,40900,72001RES
R72 12411 0061,5200,25120,30320,5040,24100,29140,72001RES
R72 12411 0062,5200,21010,26210,5040,9100,14140,72001RES
R72 12411 0063,2620,0,2620,2260,0,2260,72001RES
R72 12411 0064,5530,28520,34050,5330,23660,28990,72001RES
R72 12411 0065,5200,25360,30560,5040,21880,26920,72001RES
R72 12411 0066,5200,20470,25670,5040,18340,23380,72001RES
R72 12411 0067,5200,20360,25560,5040,15890,20930,72001RES
R72 12411 0068,1570,0,1570,1510,0,1510,72001RES
R72 12411 0069,2620,27600,30220,2520,26670,29190,72001RES
R72 12411 0070,5200,26360,31560,5040,22060,27100,72001RES
R72 12411 0071,5200,24250,29450,5040,14300,19340,72001RES
R72 12411 0072,5200,22440,27640,5040,11240,16280,72001RES
R72 12411 0073,5200,29220,34420,5040,39000,44040,72001RES
R72 12411 0074,2620,2030,4650,2520,2690,5210,72001RES
R72 12411 0075,5200,21910,27110,5040,17140,22180,72001RES
R72 12411 0079,2740,0,2740,2360,0,2360,72001RES
R72 12411 0080,2740,0,2740,2360,0,2360,72001RES
R72 12411 0081,5580,2750,8330,0,0,0,72001RES
R72 12411 0084,2500,0,2500,2260,0,2260,72001RES
R72 12411 0088,5200,3230,8430,2260,0,2260,72001RES
R72 12411 0089,5200,13020,18220,2260,0,2260,72001RES
R72 12411 0090,5200,23830,29030,5040,4030,9070,72001RES
R72 12411 0091,5200,23710,28910,5040,11650,16690,72001RES
R72 12411 0092,2620,0,2620,2260,0,2260,72001RES
R72 12411 0093,5530,37300,42830,5330,35330,40660,72001RES
R72 12411 0094,2620,0,2620,2260,0,2260,72001RES
R72 12411 0095,2620,0,2620,2260,0,2260,72001RES
R72 12411 0096,5200,31600,36800,3400,37500,40900,72001RES
R72 12411 0097,5200,23750,28950,5040,13800,18840,72001RES
R72 12411 0098,5200,21720,26920,5040,6200,11240,72001RES
R72 12411 0099,5200,24910,30110,5040,25550,30590,72001RES
R72 12411 0100,5200,28210,33410,5040,0,5040,72001RES
R72 12411 0101,5200,27380,32580,5040,24290,29330,72001RES
R72 12411 0102,2620,510,3130,2520,1840,4360,72001RES
R72 12411 0103,5200,19400,24600,5040,20180,25220,72001RES
R72 12411 0104,5200,24770,29970,2520,0,2520,72001RES
R72 12411 0105,5200,26980,32180,5040,22870,27910,72001RES
R72 12411 0106,2620,0,2620,2260,0,2260,72001RES
R72 12411 0107,2620,0,2620,2260,0,2260,72001RES
R72 12411 0108,5200,26190,31390,5040,23940,28980,72001RES
R72 12411 0109,5200,27570,32770,2520,0,2520,72001RES
R72 12411 0110,5200,22920,28120,2520,0,2520,72001RES
R72 12411 0111,5200,31000,36200,5040,15610,20650,72001RES
R72 12411 0112,5200,31600,36800,3400,37500,40900,72001RES
R72 12411 0113,5200,21940,27140,5040,15490,20530,72001RES
R72 12411 0114,5200,31600,36800,3400,37500,40900,72001RES
R72 12411 0115,5200,31600,36800,3400,37500,40900,72001RES
R72 12411 0116,5200,25900,31100,0,0,0,72001RES
R72 12411 0117,5200,31600,36800,3400,37500,40900,72001RES
R72 12411 0118,5200,31600,36800,3400,37500,40900,72001RES
R72 12411 0119,5200,31600,36800,3400,37500,40900,72001RES
R72 12411 0120,5530,22710,28240,2400,0,2400,72001RES
R72 12411 0121,5200,22140,27340,5040,4150,9190,72001RES
R72 12411 0122,5200,28120,33320,5040,21070,26110,72001RES
R72 12411 0123,2620,0,2620,2260,0,2260,72001RES
R72 12411 0125,5200,31600,36800,3400,37500,40900,72001RES
R72 12411 0126,5200,31600,36800,3400,37500,40900,72001RES
R72 12411 0127,2620,0,2620,2260,0,2260,72001RES
R72 12411 0128,5200,12300,17500,2520,0,2520,72001RES
R72 12411 0129,2620,0,2620,2260,0,2260,72001RES
R72 12411 0136,2740,0,2740,2360,0,2360,72001RES
R72 12411 0137,5580,25860,31440,5370,17100,22470,72001RES
R72 12411 0139,5200,24040,29240,5040,20720,25760,72001RES
R72 12411 0140,5200,27150,32350,2520,0,2520,72001RES
R72 12411 0141,5200,29090,34290,5040,25460,30500,72001RES
R72 12411 0142,5200,31600,36800,3400,37500,40900,72001RES
R72 12411 0143,5200,17880,23080,5040,59950,64990,72001RES
R72 12411 0144,5200,31600,36800,3400,37500,40900,72001RES
R72 12411 0145,5200,17880,23080,5040,62120,67160,72001RES
R72 12411 0146,5200,17880,23080,5040,62120,67160,72001RES
R72 12411 0147,2620,40,2660,2520,50,2570,72001RES
R72 12411 0149,2780,0,2780,2400,0,2400,72001RES
R72 12411 0150,5200,20850,26050,5040,19600,24640,72001RES
R72 12411 0151,2620,0,2620,2260,0,2260,72001RES
R72 12411 0152,5200,26120,31320,5040,24310,29350,72001RES
R72 12411 0153,2620,0,2620,2260,0,2260,72001RES
R72 12411 0154,2620,0,2620,2260,0,2260,72001RES
R72 12411 0156,5200,25720,30920,5040,20870,25910,72001RES
R72 12411 0157,5200,17880,23080,5040,59780,64820,72001RES
R72 12411 0158,5200,31600,36800,3400,37500,40900,72001RES
R72 12411 0159,5200,26270,31470,5040,12290,17330,72001RES
R72 12411 0160,2620,0,2620,2260,0,2260,72001RES
R72 12411 0162,2620,0,2620,2260,0,2260,72001RES
R72 12411 0163,5200,18760,23960,5040,29530,34570,72001RES
R72 12411 0164,5200,21600,26800,5040,19860,24900,72001RES
R72 12411 0165,2620,0,2620,2260,0,2260,72001RES
R72 12411 0166,2620,0,2620,2260,0,2260,72001RES
R72 12411 0167,2620,0,2620,2260,0,2260,72001RES
R72 12411 0168,5200,42890,48090,5040,25640,30680,72001RES
R72 12411 0169,2620,0,2620,2260,0,2260,72001RES
R72 12411 0170,5200,31600,36800,3400,37500,40900,72001RES
R72 12411 0171,5200,20510,25710,5040,16940,21980,72001RES
R72 12411 0172,5200,31600,36800,3400,37500,40900,72001RES
R72 12411 0173,5200,31600,36800,3400,37500,40900,72001RES
R72 12411 0174,5200,23560,28760,5040,23500,28540,72001RES
R72 12411 0175,5200,23490,28690,5040,21530,26570,72001RES
R72 12411 0177,5200,22890,28090,5040,13100,18140,72001RES
R72 12411 0178,5200,31600,36800,3400,37500,40900,72001RES
R72 12411 0179,2620,0,2620,2260,0,2260,72001RES
R72 12411 0180,2780,0,2780,2400,0,2400,72001RES
R72 12411 0181,2620,0,2620,2260,0,2260,72001RES
R72 12411 0182,2620,0,2620,2260,0,2260,72001RES
R72 12411 0183,5200,21660,26860,5040,30280,35320,72001RES
R72 12411 0184,2620,0,2620,2260,0,2260,72001RES
R72 12411 0185,5200,31600,36800,3400,37500,40900,72001RES
R72 12411 0186,5200,31600,36800,3400,37500,40900,72001RES
R72 12411 0187,5200,16150,21350,2520,0,2520,72001RES
R72 12411 0188,5200,17760,22960,5040,14710,19750,72001RES
R72 12411 0189,5200,13860,19060,2520,0,2520,72001RES
R72 12411 0190,2620,0,2620,2260,0,2260,72001RES
R72 12411 0191,2620,0,2620,2260,0,2260,72001RES
R72 12411 0192,5510,30240,35750,5310,6910,12220,72001RES
R72 12411 0193,2780,0,2780,2390,0,2390,72001RES
R72 12411 0194,8430,34060,42490,7930,32960,40890,72001RES
R72 12411 0196,5510,22360,27870,5310,12280,17590,72001RES
R72 12411 0197,2940,0,2940,2530,0,2530,72001RES
R72 12411 0198,5350,20560,25910,5180,0,5180,72001RES
R72 12411 0199,5350,25790,31140,5170,33880,39050,72001RES
R72 12411 0200,2700,0,2700,2320,0,2320,72001RES
R72 12411 0201,5350,23440,28790,5170,19520,24690,72001RES
R72 12411 0202,5350,17730,23080,5170,59780,64950,72001RES
R72 12411 0203,5350,20340,25690,5170,15160,20330,72001RES
R72 12411 0204,5350,17730,23080,5170,60670,65840,72001RES
R72 12411 0205,5300,17780,23080,5150,60580,65730,72001RES
R72 12411 0206,5350,17730,23080,5170,60580,65750,72001RES
R72 12411 0207,2670,0,2670,2310,0,2310,72001RES
R72 12411 0208,5300,4260,9560,2310,0,2310,72001RES
R72 12411 0209,2840,0,2840,2450,0,2450,72001RES
R72 12411 0210,5300,31500,36800,3400,37500,40900,72001RES
R72 12411 0211,5300,2850,8150,2310,0,2310,72001RES
R72 12411 0212,2670,0,2670,2300,0,2300,72001RES
R72 12411 0213,5300,25840,31140,2300,0,2300,72001RES
R72 12411 0214,2670,0,2670,2300,0,2300,72001RES
R72 12411 0215,2670,0,2670,2300,0,2300,72001RES
R72 12411 0216,2650,0,2650,2290,0,2290,72001RES
R72 12411 0217,7900,36510,44410,7490,44350,51840,72001RES
R72 12411 0219,2650,0,2650,2290,0,2290,72001RES
R72 12411 0220,2650,0,2650,2290,0,2290,72001RES
R72 12411 0221,5250,27180,32430,5080,30410,35490,72001RES
R72 12411 0222,2650,0,2650,2280,0,2280,72001RES
R72 12411 0223,2650,0,2650,2280,0,2280,72001RES
R72 12411 0224,5250,22520,27770,5080,9070,14150,72001RES
R72 12411 0225,1940,0,1940,1710,0,1710,72001RES
R72 12411 0226,4060,0,4060,3520,0,3520,72001RES
R72 12411 0227,7780,23730,31510,7430,21720,29150,72001RES
R72 12411 0230,4790,25240,30030,4610,27240,31850,72001RES
R72 12411 0232,3060,0,3060,2510,0,2510,72001RES
R72 12411 0233,4790,27140,31930,4610,23950,28560,72001RES
R72 12411 0235,840,0,840,1330,0,1330,72001RES
R72 12412 0001,9320,27440,36760,6090,10890,16980,72000RES
R72 12412 0002,9320,7920,17240,6090,7790,13880,72000RES
R72 12412 0003,9320,35240,44560,6090,37480,43570,72000RES
R72 12412 0004,9320,3600,12920,6090,7650,13740,72000RES
R72 12412 0005,4670,0,4670,2740,0,2740,72000RES
R72 12412 0006,9230,30910,40140,6010,16420,22430,72000RES
R72 12412 0007,9230,30980,40210,6010,10470,16480,72000RES
R72 12412 0008,9230,28370,37600,6010,12510,18520,72000RES
R72 12412 0009,9230,28370,37600,6010,12510,18520,72000RES
R72 12412 0010,9230,28420,37650,6010,12640,18650,72000RES
R72 12412 0011,9230,30480,39710,6010,15820,21830,72000RES
R72 12412 0012,8910,29690,38600,5780,13820,19600,72000RES
R72 12412 0013,4460,2710,7170,2600,0,2600,72000RES
R72 12412 0014,10130,20160,30290,6630,15870,22500,72000RES
R72 12412 0015,5080,0,5080,2980,0,2980,72000RES
R72 12412 0016,9480,31410,40890,6180,17080,23260,72000RES
R72 12412 0017,9480,28900,38380,6180,8150,14330,72000RES
R72 12412 0018,9480,29080,38560,6180,13670,19850,72000RES
R72 12412 0019,9480,30650,40130,6180,15550,21730,72000RES
R72 12412 0020,9480,30990,40470,6180,15980,22160,72000RES
R72 12412 0021,9480,28370,37850,6180,12510,18690,72000RES
R72 12412 0022,10130,28240,38370,6630,12880,19510,72000RES
R72 12412 0023,10130,44620,54750,6630,31890,38520,72000RES
R72 12412 0024,9480,28370,37850,6180,12640,18820,72000RES
R72 12412 0025,9480,37130,46610,6180,27980,34160,72000RES
R72 12412 0026,9480,35560,45040,6180,16700,22880,72000RES
R72 12412 0027,9480,33070,42550,6180,26030,32210,72000RES
R72 12412 0028,9480,14060,23540,6180,12510,18690,72000RES
R72 12412 0029,9480,33810,43290,6180,18070,24250,72000RES
R72 12412 0030,10130,28790,38920,6630,14040,20670,72000RES
R72 12412 0031,8280,35090,43370,5230,13860,19090,72000RES
R72 12412 0032,8280,36480,44760,5200,20420,25620,72000RES
R72 12412 0033,8750,39860,48610,5650,23320,28970,72000RES
R72 12412 0034,8750,35580,44330,5650,28310,33960,72000RES
R72 12412 0035,8000,29270,37270,6400,19650,26050,72000RES
R72 12412 0036,8800,31590,40390,6400,18120,24520,72000RES
R72 12412 0037,8800,35830,44630,6400,22960,29360,72000RES
R72 12412 0038,8000,30380,38380,6400,18600,25000,72000RES
R72 12412 0041,14180,25290,39470,8910,8680,17590,72000RES
R72 12412 0042,5040,0,5040,3140,0,3140,72000RES
R72 12413 0001,8110,46500,54610,5190,29050,34240,72000RES
R72 12413 0002,8500,35490,43990,5450,20050,25500,72000RES
R72 12413 0003,8500,46070,54570,5450,34510,39960,72000RES
R72 12413 0004,8500,36390,44890,5450,20590,26040,72000RES
R72 12413 0005,8500,41080,49580,5450,28030,33480,72000RES
R72 12413 0006,8500,38910,47410,5450,24370,29820,72000RES
R72 12413 0007,8500,40540,49040,5450,13770,19220,72000RES
R72 12413 0008,8500,41360,49860,5450,22230,27680,72000RES
R72 12413 0009,8500,28620,37120,5450,27260,32710,72000RES
R72 12413 0010,9160,43050,52210,6000,26720,32720,72000RES
R72 12413 0011,9160,40280,49440,5980,23780,29760,72000RES
R72 12413 0012,9160,39850,49010,5980,22150,28130,72000RES
R72 12413 0013,9160,43000,52160,5980,23170,29150,72000RES
R72 12413 0014,9160,43240,52400,5980,29280,35260,72000RES
R72 12413 0015,9160,35780,44940,5980,24610,30590,72000RES
R72 12413 0016,9160,37170,46330,5980,13430,19410,72000RES
R72 12413 0017,9160,41850,51010,5980,14510,20490,72000RES
R72 12413 0018,8750,24610,33360,5720,19160,24880,72000RES
R72 12413 0019,2800,0,2800,1690,0,1690,72000RES
R72 12413 0021,8420,33490,41910,5400,20620,26020,72000RES
R72 12413 0022,7800,37270,45070,5000,20100,25100,72000RES
R72 12413 0023,8420,39850,48270,5400,19290,24690,72000RES
R72 12413 0024,8420,35640,44060,5400,15050,20450,72000RES
R72 12413 0025,8420,31830,40250,5400,22850,28250,72000RES
R72 12414 0009,6000,36050,42050,5970,36500,42470,72001RES
R72 12414 0010,6000,3160,9160,5970,4130,10100,72001RES
R72 12414 0011,4080,0,4080,3770,0,3770,72001RES
R72 12414 0012,3020,0,3020,2690,0,2690,72001RES
R72 12414 0013,2970,34030,37000,3460,24300,27760,72001RES
R72 12414 0014,3020,0,3020,2690,0,2690,72001RES
R72 12414 0019,3020,0,3020,2690,0,2690,72001RES
R72 12414 0020,6000,30180,36180,5970,15930,21900,72001RES
R72 12414 0021,2710,0,2710,2340,0,2340,72001RES
R72 12414 0022,2710,0,2710,2340,0,2340,72001RES
R72 12414 0023,5380,24620,30000,5210,23640,28850,72001RES
R72 12414 0024,2570,0,2570,2210,0,2210,72001RES
R72 12414 0025,5380,29350,34730,5210,5350,10560,72001RES
R72 12414 0026,2710,0,2710,2340,0,2340,72001RES
R72 12414 0027,2710,0,2710,2340,0,2340,72001RES
R72 12414 0028,2570,0,2570,2210,0,2210,72001RES
R72 12414 0029,5100,38680,43780,4930,68050,72980,72001RES
R72 12414 0030,2570,0,2570,2210,0,2210,72001RES
R72 12414 0031,2570,0,2570,2210,0,2210,72001RES
R72 12414 0032,2570,0,2570,2210,0,2210,72001RES
R72 12414 0033,2570,0,2570,2210,0,2210,72001RES
R72 12414 0034,2570,0,2570,2210,0,2210,72001RES
R72 12414 0035,2570,0,2570,2210,0,2210,72001RES
R72 12414 0036,2570,0,2570,2210,0,2210,72001RES
R72 12414 0037,2570,0,2570,2210,0,2210,72001RES
R72 12414 0038,2570,0,2570,2210,0,2210,72001RES
R72 12414 0039,7250,0,7250,10340,0,10340,72001RES
R72 12414 0042,5100,23400,28500,4930,29820,34750,72001RES
R72 12414 0045,1410,0,1410,2210,0,2210,72001RES
R72 12414 0046,1410,0,1410,2210,0,2210,72001RES
R72 12414 0047,2570,0,2570,2210,0,2210,72001RES
R72 12414 0048,1410,0,1410,2210,0,2210,72001RES
R72 12414 0049,4620,0,4620,5290,0,5290,72001RES
R72 12414 0053,3100,0,3100,3240,0,3240,72001RES
R72 12414 0055,2570,0,2570,2210,0,2210,72001RES
R72 12414 0057,2570,0,2570,2210,0,2210,72001RES
R72 12414 0058,1410,0,1410,2210,0,2210,72001RES
R72 12414 0059,2570,0,2570,2210,0,2210,72001RES
R72 12414 0060,2570,0,2570,2210,0,2210,72001RES
R72 12414 0061,2570,0,2570,2210,0,2210,72001RES
R72 12414 0062,2570,0,2570,2210,0,2210,72001RES
R72 12414 0063,2570,0,2570,2210,0,2210,72001RES
R72 12414 0064,2570,0,2570,2210,0,2210,72001RES
R72 12414 0065,2570,0,2570,2210,0,2210,72001RES
R72 12414 0066,3840,0,3840,3240,0,3240,72001RES
R72 12414 0067,2570,0,2570,2210,0,2210,72001RES
R72 12414 0069,1800,0,1800,1970,0,1970,72001RES
R72 12414 0070,2570,0,2570,2210,0,2210,72001RES
R72 12414 0071,2570,0,2570,2210,0,2210,72001RES
R72 12414 0072,1030,0,1030,4190,0,4190,72001RES
R72 12414 0073,1030,0,1030,1720,0,1720,72001RES
R72 12414 0074,1030,0,1030,1720,0,1720,72001RES
R72 12414 0075,1030,0,1030,1720,0,1720,72001RES
R72 12414 0076,1410,0,1410,2210,0,2210,72001RES
R72 12414 0077,1030,0,1030,1720,0,1720,72001RES
R72 12414 0078,1030,0,1030,1720,0,1720,72001RES
R72 12414 0079,1030,0,1030,1720,0,1720,72001RES
R72 12414 0080,1030,0,1030,1720,0,1720,72001RES
R72 12414 0081,2570,0,2570,2210,0,2210,72001RES
R72 12414 0083,2570,0,2570,2210,0,2210,72001RES
R72 12414 0084,2570,0,2570,2210,0,2210,72001RES
R72 12414 0085,2570,0,2570,2210,0,2210,72001RES
R72 12414 0087,2570,0,2570,2210,0,2210,72001RES
R72 12414 0088,2570,0,2570,2210,0,2210,72001RES
R72 12414 0089,5100,9990,15090,4930,8520,13450,72001RES
R72 12414 0090,2570,0,2570,2210,0,2210,72001RES
R72 12414 0091,2570,0,2570,2210,0,2210,72001RES
R72 12414 0092,2570,0,2570,2210,0,2210,72001RES
R72 12414 0093,2570,0,2570,2210,0,2210,72001RES
R72 12414 0094,2570,0,2570,2210,0,2210,72001RES
R72 12414 0095,2570,0,2570,2210,0,2210,72001RES
R72 12414 0097,2570,0,2570,2210,0,2210,72001RES
R72 12414 0098,2570,0,2570,2210,0,2210,72001RES
R72 12414 0099,2570,0,2570,2210,0,2210,72001RES
R72 12414 0100,1030,0,1030,1720,0,1720,72001RES
R72 12414 0101,3100,0,3100,3250,0,3250,72001RES
R72 12414 0105,2570,0,2570,2210,0,2210,72001RES
R72 12414 0107,2570,0,2570,2210,0,2210,72001RES
R72 12414 0109,2570,0,2570,2210,0,2210,72001RES
R72 12414 0110,6390,27000,33390,6050,17610,23660,72001RES
R72 12414 0113,2040,0,2040,2780,0,2780,72001RES
R72 12414 0115,6820,0,6820,4650,0,4650,72001RES
R72 12414 0120,2570,0,2570,2210,0,2210,72001RES
R72 12414 0129,5100,31700,36800,3400,37500,40900,72001RES
R72 12414 0131,5100,31700,36800,3400,37500,40900,72001RES
R72 12414 0132,2570,0,2570,2210,0,2210,72001RES
R72 12414 0133,5100,31700,36800,3400,37500,40900,72001RES
R72 12414 0135,5100,31700,36800,3400,37500,40900,72001RES
R72 12414 0137,2570,0,2570,2210,0,2210,72001RES
R72 12414 0138,7670,9370,17040,7160,28810,35970,72001RES
R72 12414 0139,2570,0,2570,2210,0,2210,72001RES
R72 12414 0141,5100,31700,36800,3400,37500,40900,72001RES
R72 12414 0142,5100,29820,34920,4930,25200,30130,72001RES
R72 12414 0143,5100,31700,36800,3400,37500,40900,72001RES
R72 12414 0144,5100,0,5100,4930,0,4930,72001RES
R72 12414 0145,2570,0,2570,2210,0,2210,72001RES
R72 12414 0146,7670,9370,17040,7160,35680,42840,72001RES
R72 12414 0147,2570,0,2570,2210,0,2210,72001RES
R72 12414 0149,6560,23480,30040,3160,0,3160,72001RES
R72 12414 0153,5050,25980,31030,4910,26210,31120,72001RES
R72 12414 0154,2570,0,2570,2210,0,2210,72001RES
R72 12414 0155,5050,27570,32620,4910,28490,33400,72001RES
R72 12414 0156,5740,25800,31540,5490,28150,33640,72001RES
R72 12414 0157,5050,26470,31520,4910,26210,31120,72001RES
R72 12414 0159,2550,0,2550,2210,0,2210,72001RES
R72 12414 0160,2570,0,2570,2210,0,2210,72001RES
R72 12414 0161,5050,19830,24880,4910,2920,7830,72001RES
R72 12414 0162,2570,0,2570,2210,0,2210,72001RES
R72 12414 0163,5050,11860,16910,4910,13880,18790,72001RES
R72 12414 0164,5100,11040,16140,2210,0,2210,72001RES
R72 12414 0165,5050,22600,27650,4910,17660,22570,72001RES
R72 12414 0169,2550,0,2550,2210,0,2210,72001RES
R72 12414 0170,5100,17980,23080,4930,58730,63660,72001RES
R72 12414 0172,5100,28980,34080,4930,23620,28550,72001RES
R72 12414 0173,5050,26970,32020,4910,27870,32780,72001RES
R72 12414 0174,5100,31700,36800,3400,37500,40900,72001RES
R72 12414 0175,5050,25270,30320,4910,28900,33810,72001RES
R72 12414 0176,5100,31700,36800,3400,37500,40900,72001RES
R72 12414 0177,1130,0,1130,1000,0,1000,72001RES
R72 12414 0179,5510,31290,36800,3400,37500,40900,72001RES
R72 12414 0181,5060,31740,36800,3400,37500,40900,72001RES
R72 12414 0182,2570,0,2570,2210,0,2210,72001RES
R72 12414 0183,2550,0,2550,2210,0,2210,72001RES
R72 12414 0184,2570,0,2570,2210,0,2210,72001RES
R72 12414 0185,2550,0,2550,2210,0,2210,72001RES
R72 12414 0186,5100,36960,42060,4930,18400,23330,72001RES
R72 12414 0187,2550,0,2550,2210,0,2210,72001RES
R72 12414 0188,2570,0,2570,2210,0,2210,72001RES
R72 12414 0189,3460,0,3460,2840,0,2840,72001RES
R72 12414 0191,970,0,970,1610,0,1610,72001RES
R72 12414 0194,3510,0,3510,3800,0,3800,72001RES
R72 12414 0195,5870,27720,33590,5600,34840,40440,72001RES
R72 12414 0196,7370,29160,36530,7510,36330,43840,72001RES
R72 12414 0197,4800,28300,33100,4660,31020,35680,72001RES
R72 12414 0198,7160,40060,47220,6750,47910,54660,72001RES
R72 12414 0199,6390,40410,46800,6080,37270,43350,72001RES
R72 12414 0200,6390,36790,43180,6080,63150,69230,72001RES
R72 12414 0201,6390,43970,50360,6080,57620,63700,72001RES
R72 12414 0202,6510,38690,45200,6190,48470,54660,72001RES
R72 12414 0203,7480,41750,49230,7030,55280,62310,72001RES
R72 12414 0205,6390,16940,23330,6050,54350,60400,72001RES
R72 12414 0206,7660,29140,36800,3400,37500,40900,72001RES
R72 12414 0207,7660,29140,36800,3400,37500,40900,72001RES
R72 12414 0208,0,0,0,1300,0,1300,72001RES
R72 12415 0001,8160,27140,35300,5280,20960,26240,72000RES
R72 12415 0002,8160,21180,29340,5280,14320,19600,72000RES
R72 12415 0003,7740,22860,30600,4980,19160,24140,72000RES
R72 12415 0006,8160,33770,41930,5280,19060,24340,72000RES
R72 12415 0007,4080,0,4080,2380,0,2380,72000RES
R72 12415 0009,4080,0,4080,2380,0,2380,72000RES
R72 12415 0010,8160,21600,29760,6600,2300,8900,72000RES
R72 12415 0011,8160,31000,39160,5280,17190,22470,72000RES
R72 12415 0012,7740,15010,22750,3740,0,3740,72000RES
R72 12415 0015,7730,24920,32650,3720,0,3720,72000RES
R72 12415 0016,7730,29040,36770,3720,0,3720,72000RES
R72 12415 0017,7730,30990,38720,3720,0,3720,72000RES
R72 12415 0018,8160,38280,46440,2380,0,2380,72000RES
R72 12415 0019,8160,39670,47830,5280,28690,33970,72000RES
R72 12415 0020,8160,25630,33790,5280,8320,13600,72000RES
R72 12415 0021,8160,32030,40190,5280,15300,20580,72000RES
R72 12415 0022,8160,35220,43380,5280,18480,23760,72000RES
R72 12415 0023,8160,39390,47550,5280,42530,47810,72000RES
R72 12415 0024,4080,0,4080,2380,0,2380,72000RES
R72 12415 0025,8160,16330,24490,5280,5510,10790,72000RES
R72 12415 0026,8160,39700,47860,5280,23710,28990,72000RES
R72 12415 0027,8160,25480,33640,5280,20070,25350,72000RES
R72 12415 0028,8160,33530,41690,5280,15540,20820,72000RES
R72 12415 0029,8160,12890,21050,5280,10750,16030,72000RES
R72 12415 0030,8160,37190,45350,3960,0,3960,72000RES
R72 12415 0031,7720,36860,44580,4950,27780,32730,72000RES
R72 12415 0032,7720,36730,44450,4950,18940,23890,72000RES
R72 12415 0033,7720,35950,43670,4950,9020,13970,72000RES
R72 12415 0034,7720,23120,30840,0,0,0,72000RES
R72 12415 0035,7720,32010,39730,4950,16420,21370,72000RES
R72 12415 0036,7720,33950,41670,4950,13010,17960,72000RES
R72 12415 0037,7720,19810,27530,4950,5290,10240,72000RES
R72 12415 0038,3860,0,3860,2230,0,2230,72000RES
R72 12415 0039,7720,47130,54850,4950,31560,36510,72000RES
R72 12415 0043,7330,7190,14520,4670,6840,11510,72000RES
R72 12415 0044,7500,38230,45730,4740,16850,21590,72000RES
R72 12415 0045,7500,40660,48160,4740,19690,24430,72000RES
R72 12415 0046,7720,23920,31640,4950,7330,12280,72000RES
R72 12415 0047,7720,36890,44610,4950,17770,22720,72000RES
R72 12415 0048,3860,0,3860,2230,0,2230,72000RES
R72 12415 0049,3860,0,3860,2230,0,2230,72000RES
R72 12415 0050,7720,37310,45030,4950,19950,24900,72000RES
R72 12415 0059,7720,47970,55690,5060,25460,30520,72000RES
R72 12415 0060,6860,29520,36380,4360,17510,21870,72000RES
R72 12501 0001,7680,26100,33780,4700,19480,24180,71000WWO
R72 12501 0002,7680,34840,42520,4700,25500,30200,71000WWO
R72 12501 0003,7680,25430,33110,4700,12320,17020,71000WWO
R72 12501 0004,7580,40750,48330,4640,32440,37080,71000WWO
R72 12501 0005,7580,28620,36200,4640,20140,24780,71000WWO
R72 12501 0006,7680,30450,38130,4700,21210,25910,71000WWO
R72 12501 0007,7680,33610,41290,4700,16010,20710,71000WWO
R72 12501 0008,7680,44200,51880,4700,5870,10570,71000WWO
R72 12501 0010,7680,29260,36940,4700,20630,25330,71000WWO
R72 12501 0011,7680,33290,40970,4700,26970,31670,71000WWO
R72 12501 0012,7580,33980,41560,4640,23500,28140,71000WWO
R72 12501 0013,7840,25160,33000,4800,18570,23370,71000WWO
R72 12501 0014,7840,29520,37360,4800,17330,22130,71000WWO
R72 12501 0015,7840,31430,39270,4800,19960,24760,71000WWO
R72 12501 0016,7840,18910,26750,4800,26040,30840,71000WWO
R72 12501 0017,7840,24180,32020,4800,15830,20630,71000WWO
R72 12501 0018,7840,25970,33810,4800,18150,22950,71000WWO
R72 12501 0019,7840,34500,42340,4800,23780,28580,71000WWO
R72 12501 0020,7840,35130,42970,4800,26360,31160,71000WWO
R72 12501 0021,7840,25160,33000,4800,18920,23720,71000WWO
R72 12501 0022,7840,24670,32510,4800,17680,22480,71000WWO
R72 12501 0023,8270,38850,47120,5070,32610,37680,71000WWO
R72 12501 0025,7840,28110,35950,4800,13010,17810,71000WWO
R72 12501 0026,7840,23050,30890,4800,10960,15760,71000WWO
R72 12501 0027,7840,21990,29830,4800,16520,21320,71000WWO
R72 12501 0028,7840,9710,17550,4800,28560,33360,71000WWO
R72 12501 0029,7840,39430,47270,4800,17460,22260,71000WWO
R72 12501 0030,7840,33240,41080,4800,24930,29730,71000WWO
R72 12501 0031,7840,11610,19450,4800,6540,11340,71000WWO
R72 12501 0032,7840,27130,34970,4800,14850,19650,71000WWO
R72 12501 0033,7840,23570,31410,4800,17310,22110,71000WWO
R72 12501 0034,7840,19360,27200,4800,13120,17920,71000WWO
R72 12501 0035,7840,25430,33270,4800,19690,24490,71000WWO
R72 12501 0036,7840,18310,26150,4800,15330,20130,71000WWO
R72 12501 0037,7740,18620,26360,4730,16330,21060,71000WWO
R72 12501 0038,7340,20640,27980,4500,11670,16170,71000WWO
R72 12501 0039,7630,26040,33670,4660,26810,31470,71000WWO
R72 12501 0040,3820,0,3820,2100,0,2100,71000WWO
R72 12501 0041,7740,17210,24950,4730,14550,19280,71000WWO
R72 12501 0042,3870,0,3870,2130,0,2130,71000WWO
R72 12501 0043,7740,34470,42210,4730,21730,26460,71000WWO
R72 12501 0044,7800,7570,15370,4780,4240,9020,71000WWO
R72 12501 0045,7900,24770,32670,4840,12570,17410,71000WWO
R72 12501 0046,7900,26220,34120,4840,13090,17930,71000WWO
R72 12501 0047,7900,39110,47010,4840,26280,31120,71000WWO
R72 12501 0048,7900,19030,26930,4840,10730,15570,71000WWO
R72 12501 0049,7900,20510,28410,4840,15770,20610,71000WWO
R72 12501 0050,7900,0,7900,4840,0,4840,71000WWO
R72 12501 0051,7800,25890,33690,4780,16690,21470,71000WWO
R72 12501 0052,8320,28690,37010,5100,13060,18160,71000WWO
R72 12501 0053,8320,0,8320,4590,0,4590,71000WWO
R72 12501 0054,13100,1860,14960,8090,1340,9430,71000WWO
R72 12501 0055,8590,31150,39740,5270,25210,30480,71000WWO
R72 12501 0056,8590,19330,27920,5270,4420,9690,71000WWO
R72 12501 0057,8590,21290,29880,5270,8040,13310,71000WWO
R72 12501 0058,8590,16370,24960,5270,8280,13550,71000WWO
R72 12502 0001,7580,26090,33670,2320,0,2320,71000WWO
R72 12502 0004,7470,47700,55170,4570,18750,23320,71000WWO
R72 12502 0007,7580,32020,39600,4640,12580,17220,71000WWO
R72 12502 0008,7580,28100,35680,4640,21390,26030,71000WWO
R72 12502 0009,3790,0,3790,2090,0,2090,71000WWO
R72 12502 0012,3840,0,3840,2110,0,2110,71000WWO
R72 12502 0013,7680,29420,37100,4700,37380,42080,71000WWO
R72 12502 0014,7740,34290,42030,4730,21470,26200,71000WWO
R72 12502 0015,7740,40920,48660,4730,24820,29550,71000WWO
R72 12502 0016,7740,26140,33880,4730,0,4730,71000WWO
R72 12502 0017,7630,30960,38590,4660,21160,25820,71000WWO
R72 12502 0018,7630,23160,30790,4660,22020,26680,71000WWO
R72 12502 0019,7630,26900,34530,4660,4110,8770,71000WWO
R72 12502 0020,7740,27430,35170,4730,20210,24940,71000WWO
R72 12502 0021,8140,19320,27460,4970,17100,22070,71000WWO
R72 12502 0022,8140,35120,43260,4970,24380,29350,71000WWO
R72 12502 0023,8140,32600,40740,4970,25240,30210,71000WWO
R72 12502 0024,8140,37540,45680,4970,40780,45750,71000WWO
R72 12502 0025,8140,27460,35600,4970,25570,30540,71000WWO
R72 12502 0026,8140,29080,37220,4970,18360,23330,71000WWO
R72 12502 0027,8140,33130,41270,4970,23180,28150,71000WWO
R72 12502 0028,8140,26490,34630,4970,13990,18960,71000WWO
R72 12502 0029,8140,54930,63070,4970,23310,28280,71000WWO
R72 12502 0030,8140,38660,46800,4970,28940,33910,71000WWO
R72 12502 0031,8140,22850,30990,4970,10800,15770,71000WWO
R72 12502 0032,8140,3930,12070,4970,4700,9670,71000WWO
R72 12502 0034,8210,18780,26990,5050,10920,15970,71000WWO
R72 12502 0035,7990,23690,31680,4900,15870,20770,71000WWO
R72 12502 0036,8440,44400,52840,5200,31780,36980,71000WWO
R72 12502 0037,8210,22490,30700,5050,20890,25940,71000WWO
R72 12502 0038,8210,26680,34890,5050,18230,23280,71000WWO
R72 12502 0039,8210,22480,30690,5050,15420,20470,71000WWO
R72 12502 0040,8210,20910,29120,5050,15800,20850,71000WWO
R72 12502 0041,8210,33140,41350,5050,28650,33700,71000WWO
R72 12502 0042,8210,33880,42090,5050,9960,15010,71000WWO
R72 12502 0043,8210,28580,36790,2530,0,2530,71000WWO
R72 12502 0044,8210,30250,38460,5050,0,5050,71000WWO
R72 12502 0045,1950,0,1950,1190,0,1190,71000WWO
R72 12502 0046,7800,25650,33450,4780,12950,17730,71000WWO
R72 12502 0048,7700,23640,31340,4710,21080,25790,71000WWO
R72 12502 0049,3850,0,3850,2120,0,2120,71000WWO
R72 12502 0050,7700,30810,38510,4710,32640,37350,71000WWO
R72 12502 0054,8320,34210,42530,5100,23060,28160,71000WWO
R72 12502 0057,6870,0,6870,4210,0,4210,71000WWO
R72 12502 0058,8590,22240,30830,5270,18720,23990,71000WWO
R72 12502 0059,8590,27700,36290,5270,18950,24220,71000WWO
R72 12502 0060,8590,22660,31250,5270,19470,24740,71000WWO
R72 12502 0064,7380,39900,47280,4500,5240,9740,71000WWO
R72 12503 0001,7730,32580,40310,2360,0,2360,71000WWO
R72 12503 0002,7730,36080,43810,4720,15870,20590,71000WWO
R72 12503 0003,7730,26530,34260,4720,18270,22990,71000WWO
R72 12503 0004,3860,0,3860,2130,0,2130,71000WWO
R72 12503 0005,7830,39470,47300,4790,29120,33910,71000WWO
R72 12503 0006,7680,24820,32500,4700,16760,21460,71000WWO
R72 12503 0007,7580,23540,31120,4640,18290,22930,71000WWO
R72 12503 0008,7580,36300,43880,4640,25480,30120,71000WWO
R72 12503 0009,7580,33600,41180,4640,22310,26950,71000WWO
R72 12503 0010,3790,0,3790,2090,0,2090,71000WWO
R72 12503 0011,7580,17050,24630,4640,25820,30460,71000WWO
R72 12503 0012,7580,24590,32170,4640,11480,16120,71000WWO
R72 12503 0013,11210,26040,37250,6830,20970,27800,71000WWO
R72 12503 0015,8210,30400,38610,5050,5550,10600,71000WWO
R72 12503 0016,8210,29350,37560,5050,15660,20710,71000WWO
R72 12503 0017,8210,28630,36840,5050,14360,19410,71000WWO
R72 12503 0018,8210,34530,42740,5050,16810,21860,71000WWO
R72 12503 0019,8210,27950,36160,5050,21520,26570,71000WWO
R72 12503 0020,8210,29250,37460,5050,11170,16220,71000WWO
R72 12503 0021,8210,23950,32160,5050,18170,23220,71000WWO
R72 12503 0022,8210,26460,34670,5050,13510,18560,71000WWO
R72 12503 0023,4110,0,4110,2270,0,2270,71000WWO
R72 12503 0024,8210,30560,38770,5050,13670,18720,71000WWO
R72 12503 0025,8770,35980,44750,2710,0,2710,71000WWO
R72 12503 0026,4110,0,4110,2270,0,2270,71000WWO
R72 12503 0027,7700,44130,51830,4710,29420,34130,71000WWO
R72 12503 0028,4620,0,4620,5130,0,5130,71000WWO
R72 12503 0029,8210,21600,29810,5050,15110,20160,71000WWO
R72 12503 0030,8210,22520,30730,5050,13210,18260,71000WWO
R72 12503 0031,8210,30870,39080,5050,13790,18840,71000WWO
R72 12503 0032,8210,31910,40120,5050,25010,30060,71000WWO
R72 12503 0033,8210,44950,53160,5050,31970,37020,71000WWO
R72 12503 0034,5050,0,5050,2850,0,2850,71000WWO
R72 12503 0036,10100,22400,32500,6330,11370,17700,71000WWO
R72 12503 0037,8210,33380,41590,5050,16890,21940,71000WWO
R72 12503 0038,8210,18740,26950,5050,14070,19120,71000WWO
R72 12503 0039,8580,30680,39260,5360,19400,24760,71000WWO
R72 12503 0040,4290,0,4290,2410,0,2410,71000WWO
R72 12503 0041,13340,28270,41610,5440,10210,15650,71000WWO
R72 12503 0042,8470,19560,28030,5270,13360,18630,71000WWO
R72 12503 0043,8580,29730,38310,5360,20800,26160,71000WWO
R72 12503 0044,8580,23310,31890,5360,27800,33160,71000WWO
R72 12503 0045,4290,0,4290,2410,0,2410,71000WWO
R72 12503 0048,8580,18610,27190,5360,4000,9360,71000WWO
R72 12503 0049,8580,32160,40740,5360,24100,29460,71000WWO
R72 12503 0050,8580,34420,43000,5360,24160,29520,71000WWO
R72 12503 0051,7730,25660,33390,4720,13220,17940,71000WWO
R72 12503 0052,7730,27870,35600,4720,20750,25470,71000WWO
R72 12503 0053,7730,26000,33730,2360,0,2360,71000WWO
R72 12503 0056,7900,37650,45550,4840,32510,37350,71000WWO
R72 12503 0057,3120,0,3120,1910,0,1910,71000WWO
R72 12503 0058,7800,32650,40450,4780,21140,25920,71000WWO
R72 12503 0059,7800,19670,27470,4780,16260,21040,71000WWO
R72 12503 0060,7800,27210,35010,4780,14700,19480,71000WWO
R72 12503 0061,7800,6120,13920,2390,0,2390,71000WWO
R72 12503 0062,7800,30830,38630,4780,0,4780,71000WWO
R72 12503 0063,7800,34310,42110,4780,31720,36500,71000WWO
R72 12503 0064,7900,29280,37180,4840,26090,30930,71000WWO
R72 12504 0003,8100,29550,37650,4950,13380,18330,71000WWO
R72 12504 0004,6100,0,6100,3420,0,3420,71000WWO
R72 12504 0005,8210,30150,38360,5020,28490,33510,71000WWO
R72 12504 0006,8100,39440,47540,4950,21510,26460,71000WWO
R72 12504 0007,4050,0,4050,2230,0,2230,71000WWO
R72 12504 0008,8100,28490,36590,4950,26170,31120,71000WWO
R72 12504 0009,9180,31770,40950,5670,19050,24720,71000WWO
R72 12504 0010,10040,24730,34770,6240,14230,20470,71000WWO
R72 12504 0011,10040,63280,73320,6240,27270,33510,71000WWO
R72 12504 0012,8100,18760,26860,4970,8730,13700,71000WWO
R72 12504 0013,8100,1940,10040,4970,2550,7520,71000WWO
R72 12504 0014,8100,20010,28110,4970,13730,18700,71000WWO
R72 12504 0015,8100,30450,38550,4970,25180,30150,71000WWO
R72 12504 0016,11880,43420,55300,7440,25950,33390,71000WWO
R72 12504 0017,8100,24220,32320,4970,12020,16990,71000WWO
R72 12504 0020,10680,27200,37880,6650,15430,22080,71000WWO
R72 12504 0021,10680,22460,33140,6650,16070,22720,71000WWO
R72 12504 0022,10140,27830,37970,6290,20210,26500,71000WWO
R72 12504 0023,11010,33980,44990,6860,18320,25180,71000WWO
R72 12504 0024,8500,22140,30640,2600,0,2600,71000WWO
R72 12504 0025,8280,27840,36120,5060,25400,30460,71000WWO
R72 12504 0026,4030,0,4030,2210,0,2210,71000WWO
R72 12504 0027,8070,25920,33990,4910,18000,22910,71000WWO
R72 12504 0028,2620,0,2620,1380,0,1380,71000WWO
R72 12504 0029,8180,23980,32160,5000,21260,26260,71000WWO
R72 12504 0030,4090,0,4090,2250,0,2250,71000WWO
R72 12504 0031,8180,25990,34170,5000,12090,17090,71000WWO
R72 12504 0032,8180,27260,35440,5000,13280,18280,71000WWO
R72 12504 0033,8180,29410,37590,5000,15730,20730,71000WWO
R72 12504 0034,8280,27080,35360,5070,20560,25630,71000WWO
R72 12504 0035,8070,28300,36370,4930,11760,16690,71000WWO
R72 12504 0036,8210,26090,34300,4550,0,4550,71000WWO
R72 12504 0037,8330,24110,32440,5130,21220,26350,71000WWO
R72 12504 0038,8880,33620,42500,5500,19620,25120,71000WWO
R72 12504 0041,8180,22100,30280,5000,9050,14050,71000WWO
R72 12504 0042,8500,26230,34730,5220,12230,17450,71000WWO
R72 12504 0043,8180,0,8180,5000,0,5000,71000WWO
R72 12504 0044,8100,21090,29190,4950,12160,17110,71000WWO
R72 12504 0045,4050,0,4050,2230,0,2230,71000WWO
R72 12504 0046,10680,28620,39300,6650,0,6650,71000WWO
R72 12504 0047,10680,35450,46130,6650,25430,32080,71000WWO
R72 12504 0048,10680,28730,39410,6650,19900,26550,71000WWO
R72 12504 0050,8070,25110,33180,4930,20810,25740,71000WWO
R72 12505 0006,8900,22510,31410,5450,13220,18670,71000WWO
R72 12505 0007,8420,43050,51470,5160,33660,38820,71000WWO
R72 12505 0008,8100,27150,35250,4950,14570,19520,71000WWO
R72 12505 0010,8210,26500,34710,5020,11770,16790,71000WWO
R72 12505 0011,8210,25280,33490,5020,12960,17980,71000WWO
R72 12505 0012,8210,27920,36130,5020,16220,21240,71000WWO
R72 12505 0013,8210,21570,29780,3770,0,3770,71000WWO
R72 12505 0014,8210,22970,31180,5020,12410,17430,71000WWO
R72 12505 0015,8210,18350,26560,5020,5930,10950,71000WWO
R72 12505 0016,8210,19410,27620,5020,15520,20540,71000WWO
R72 12505 0017,4100,28860,32960,2510,0,2510,71000WWO
R72 12505 0018,9480,24830,34310,5840,19680,25520,71000WWO
R72 12505 0019,9050,22090,31140,5550,17750,23300,71000WWO
R72 12505 0021,8180,27140,35320,4990,13540,18530,71000WWO
R72 12505 0022,8180,24270,32450,4990,10510,15500,71000WWO
R72 12505 0023,8180,21100,29280,4990,14250,19240,71000WWO
R72 12505 0024,4330,0,4330,2410,0,2410,71000WWO
R72 12505 0025,8330,22320,30650,5130,9270,14400,71000WWO
R72 12505 0026,8330,29060,37390,5130,24310,29440,71000WWO
R72 12505 0027,8330,23840,32170,5130,12780,17910,71000WWO
R72 12505 0028,12860,45460,58320,8080,37370,45450,71000WWO
R72 12505 0030,8280,25640,33920,3810,0,3810,71000WWO
R72 12505 0031,8180,23520,31700,5000,10780,15780,71000WWO
R72 12505 0032,8280,24440,32720,5070,19470,24540,71000WWO
R72 12505 0033,8280,31300,39580,5070,14730,19800,71000WWO
R72 12505 0034,11230,32450,43680,7000,13560,20560,71000WWO
R72 12505 0035,640,0,640,380,0,380,71000WWO
R72 12505 0036,4090,0,4090,2250,0,2250,71000WWO
R72 12505 0037,8180,35230,43410,5000,18220,23220,71000WWO
R72 12505 0038,4090,0,4090,2250,0,2250,71000WWO
R72 12505 0039,8440,33030,41470,5200,14560,19760,71000WWO
R72 12505 0040,8440,26160,34600,5200,12870,18070,71000WWO
R72 12505 0041,8440,23630,32070,5200,11170,16370,71000WWO
R72 12505 0042,8440,29550,37990,5200,16970,22170,71000WWO
R72 12505 0043,9920,22190,32110,5780,17050,22830,71000WWO
R72 12505 0044,8720,22410,31130,5360,10290,15650,71000WWO
R72 12505 0045,10140,82760,92900,6290,50840,57130,71000WWO
R72 12505 0046,10140,28820,38960,6290,21190,27480,71000WWO
R72 12505 0047,4090,0,4090,2250,0,2250,71000WWO
R72 12505 0048,8500,23300,31800,5220,6270,11490,71000WWO
R72 12505 0049,11660,19000,30660,7290,7970,15260,71000WWO
R72 12505 0050,8440,28310,36750,5200,21990,27190,71000WWO
R72 12505 0051,8440,35510,43950,5200,27420,32620,71000WWO
R72 12505 0052,8440,33560,42000,5200,40720,45920,71000WWO
R72 12505 0053,8440,36500,44940,5200,16880,22080,71000WWO
R72 12505 0058,8100,23880,31980,4950,12580,17530,71000WWO
R72 12505 0059,8180,18280,26460,5000,16580,21580,71000WWO
R72 12505 0060,11110,51340,62450,4930,50980,55910,71000WWO
R72 12505 0061,8180,23390,31570,4990,8990,13980,71000WWO
R72 12505 0062,8180,21370,29550,4990,8640,13630,71000WWO
R72 12505 0065,9050,22610,31660,5550,9400,14950,71000WWO
R72 12505 0066,9050,24790,33840,5550,19360,24910,71000WWO
R72 12505 0068,9050,26720,35770,5550,11760,17310,71000WWO
R72 12506 0001,8060,25690,33750,4930,12790,17720,71000WWO
R72 12506 0002,8060,32080,40140,4930,16950,21880,71000WWO
R72 12506 0003,7950,28830,36780,4860,7910,12770,71000WWO
R72 12506 0004,7950,24910,32860,4860,18800,23660,71000WWO
R72 12506 0005,7950,28160,36110,4860,14720,19580,71000WWO
R72 12506 0006,7950,24760,32710,4860,10970,15830,71000WWO
R72 12506 0007,8060,23350,31410,4930,11190,16120,71000WWO
R72 12506 0008,8060,24880,32940,4930,25650,30580,71000WWO
R72 12506 0011,8060,29880,37940,4930,24000,28930,71000WWO
R72 12506 0012,4030,0,4030,2220,0,2220,71000WWO
R72 12506 0013,8060,41550,49610,4930,26420,31350,71000WWO
R72 12506 0015,8060,21300,29360,4930,15740,20670,71000WWO
R72 12506 0020,7950,28990,36940,4860,13050,17910,71000WWO
R72 12506 0021,7950,21850,29800,4860,21030,25890,71000WWO
R72 12506 0022,7950,29770,37720,4860,22000,26860,71000WWO
R72 12506 0023,7950,37360,45310,4860,12130,16990,71000WWO
R72 12506 0025,8060,18620,26680,4930,6820,11750,71000WWO
R72 12506 0026,8060,31490,39550,4930,23460,28390,71000WWO
R72 12506 0027,8060,25790,33850,4930,10160,15090,71000WWO
R72 12506 0028,8060,24100,32160,4930,9240,14170,71000WWO
R72 12506 0029,8060,39640,47700,4930,17710,22640,71000WWO
R72 12506 0030,4030,0,4030,2220,0,2220,71000WWO
R72 12506 0031,8060,40930,48990,4930,18170,23100,71000WWO
R72 12506 0032,8060,56230,64290,4930,0,4930,71000WWO
R72 12506 0033,8060,32010,40070,4930,25380,30310,71000WWO
R72 12506 0034,7950,38960,46910,4860,17950,22810,71000WWO
R72 12506 0035,4030,0,4030,2220,0,2220,71000WWO
R72 12506 0036,8060,33600,41660,4930,17000,21930,71000WWO
R72 12506 0037,8060,31050,39110,4930,21440,26370,71000WWO
R72 12506 0038,9010,22770,31780,5540,9890,15430,71000WWO
R72 12506 0039,7950,38860,46810,4860,22560,27420,71000WWO
R72 12506 0040,7950,35070,43020,4860,24450,29310,71000WWO
R72 12506 0041,7950,46340,54290,4860,29990,34850,71000WWO
R72 12506 0042,7950,41220,49170,4860,25780,30640,71000WWO
R72 12506 0043,7950,35680,43630,4860,24800,29660,71000WWO
R72 12506 0044,3980,0,3980,2190,0,2190,71000WWO
R72 12506 0045,10070,25120,35190,6210,16790,23000,71000WWO
R72 12506 0046,7950,50550,58500,4860,32780,37640,71000WWO
R72 12506 0047,2010,0,2010,1230,0,1230,71000WWO
R72 12506 0048,7840,32790,40630,4800,36170,40970,71000WWO
R72 12506 0049,8160,42190,50350,5000,27080,32080,71000WWO
R72 12506 0050,8060,23690,31750,4930,10910,15840,71000WWO
R72 12506 0051,8060,18790,26850,4930,6750,11680,71000WWO
R72 12506 0052,8060,45430,53490,4930,18110,23040,71000WWO
R72 12506 0053,8060,29960,38020,4930,21720,26650,71000WWO
R72 12507 0001,8060,34630,42690,4930,22440,27370,71000WWO
R72 12507 0002,4030,0,4030,2220,0,2220,71000WWO
R72 12507 0003,8060,24160,32220,4930,14770,19700,71000WWO
R72 12507 0004,8060,33250,41310,4930,15970,20900,71000WWO
R72 12507 0005,8060,33100,41160,4930,21650,26580,71000WWO
R72 12507 0006,8060,40720,48780,4930,35100,40030,71000WWO
R72 12507 0007,8060,29140,37200,4930,21580,26510,71000WWO
R72 12507 0008,8060,35050,43110,4930,25570,30500,71000WWO
R72 12507 0009,3980,0,3980,2190,0,2190,71000WWO
R72 12507 0010,7950,25020,32970,4860,16560,21420,71000WWO
R72 12507 0011,7950,28880,36830,4860,20780,25640,71000WWO
R72 12507 0012,3980,0,3980,2190,0,2190,71000WWO
R72 12507 0013,7950,31490,39440,4860,15910,20770,71000WWO
R72 12507 0015,3980,0,3980,2190,0,2190,71000WWO
R72 12507 0016,7950,32260,40210,4860,12210,17070,71000WWO
R72 12507 0017,8060,19870,27930,4930,9010,13940,71000WWO
R72 12507 0018,8060,23680,31740,4930,21570,26500,71000WWO
R72 12507 0019,4030,0,4030,2220,0,2220,71000WWO
R72 12507 0020,8060,18880,26940,4930,2530,7460,71000WWO
R72 12507 0021,8060,39400,47460,4930,26880,31810,71000WWO
R72 12507 0022,8060,6520,14580,4930,6700,11630,71000WWO
R72 12507 0023,8060,26380,34440,4930,15090,20020,71000WWO
R72 12507 0024,8060,13980,22040,4930,12470,17400,71000WWO
R72 12507 0025,7740,32260,40000,4730,21430,26160,71000WWO
R72 12507 0026,7740,27860,35600,4730,5340,10070,71000WWO
R72 12507 0027,7740,29270,37010,4730,22570,27300,71000WWO
R72 12507 0028,12320,23950,36270,4990,11280,16270,71000WWO
R72 12507 0029,3940,0,3940,2160,0,2160,71000WWO
R72 12507 0030,7670,17420,25090,4680,4160,8840,71000WWO
R72 12507 0033,6830,36620,43450,4150,15580,19730,71000WWO
R72 12507 0034,8420,19350,27770,5170,11850,17020,71000WWO
R72 12507 0035,9350,41330,50680,5730,34950,40680,71000WWO
R72 12507 0036,7800,56550,64350,4780,0,4780,71000WWO
R72 12507 0037,7800,29690,37490,4780,21230,26010,71000WWO
R72 12507 0038,7800,27800,35600,4780,19230,24010,71000WWO
R72 12507 0039,7800,21270,29070,4780,13440,18220,71000WWO
R72 12507 0040,8090,37540,45630,4940,28520,33460,71000WWO
R72 12507 0041,8090,22620,30710,4940,16940,21880,71000WWO
R72 12507 0042,8090,43400,51490,4940,18140,23080,71000WWO
R72 12507 0044,7800,41490,49290,4780,29630,34410,71000WWO
R72 12507 0045,3900,0,3900,2150,0,2150,71000WWO
R72 12507 0047,8220,34710,42930,5040,25880,30920,71000WWO
R72 12507 0048,9450,28640,38090,5800,28390,34190,71000WWO
R72 12508 0001,7800,23320,31120,4780,14370,19150,71000WWO
R72 12508 0002,7800,19780,27580,4780,15340,20120,71000WWO
R72 12508 0003,7800,25940,33740,4780,19710,24490,71000WWO
R72 12508 0004,7700,25430,33130,4710,13020,17730,71000WWO
R72 12508 0005,7700,42760,50460,4710,22730,27440,71000WWO
R72 12508 0006,2810,0,2810,1530,0,1530,71000WWO
R72 12508 0007,8840,30060,38900,5430,25860,31290,71000WWO
R72 12508 0008,8840,29790,38630,5430,15380,20810,71000WWO
R72 12508 0009,7800,23670,31470,4780,19080,23860,71000WWO
R72 12508 0010,7700,35620,43320,4710,22110,26820,71000WWO
R72 12508 0011,7700,34660,42360,4710,26400,31110,71000WWO
R72 12508 0012,3850,0,3850,2120,0,2120,71000WWO
R72 12508 0013,7700,17980,25680,4710,13010,17720,71000WWO
R72 12508 0014,7700,27200,34900,4710,10140,14850,71000WWO
R72 12508 0015,3690,0,3690,2030,0,2030,71000WWO
R72 12508 0016,15730,22880,38610,10340,16250,26590,71000WWO
R72 12508 0019,8320,5030,13350,5140,9720,14860,71000WWO
R72 12508 0020,4030,0,4030,2220,0,2220,71000WWO
R72 12508 0021,9010,21910,30920,5760,18680,24440,71000WWO
R72 12508 0022,9010,27010,36020,5760,19990,25750,71000WWO
R72 12508 0023,9010,29190,38200,5760,22420,28180,71000WWO
R72 12508 0024,4500,0,4500,2590,0,2590,71000WWO
R72 12508 0025,8550,43080,51630,5280,17170,22450,71000WWO
R72 12508 0026,4270,0,4270,2370,0,2370,71000WWO
R72 12508 0027,8660,20980,29640,5350,10480,15830,71000WWO
R72 12508 0028,8550,19680,28230,5280,4880,10160,71000WWO
R72 12508 0029,8470,32070,40540,5180,15820,21000,71000WWO
R72 12508 0030,8470,20960,29430,5180,11060,16240,71000WWO
R72 12508 0031,8470,32110,40580,5180,19290,24470,71000WWO
R72 12508 0032,8470,25390,33860,5180,21920,27100,71000WWO
R72 12508 0033,7800,30980,38780,4780,21290,26070,71000WWO
R72 12508 0034,7800,20940,28740,4780,17060,21840,71000WWO
R72 12508 0035,7800,23030,30830,4780,14110,18890,71000WWO
R72 12508 0038,3850,0,3850,2120,0,2120,71000WWO
R72 12508 0039,7700,21070,28770,4710,20310,25020,71000WWO
R72 12508 0040,7800,28620,36420,4780,20350,25130,71000WWO
R72 12508 0041,7800,37760,45560,4780,30900,35680,71000WWO
R72 12508 0042,7900,27730,35630,4840,12610,17450,71000WWO
R72 12508 0043,7800,16520,24320,4780,10920,15700,71000WWO
R72 12508 0044,7800,10160,17960,2150,0,2150,71000WWO
R72 12508 0045,7800,27220,35020,4780,13980,18760,71000WWO
R72 12508 0046,7800,29890,37690,4780,20160,24940,71000WWO
R72 12508 0047,7800,41630,49430,4780,29130,33910,71000WWO
R72 12508 0048,7800,25620,33420,4780,5250,10030,71000WWO
R72 12508 0049,7800,27970,35770,4780,21460,26240,71000WWO
R72 12508 0050,7900,36570,44470,4840,27430,32270,71000WWO
R72 12508 0051,7900,37170,45070,4840,27500,32340,71000WWO
R72 12508 0057,7450,30030,37480,4570,19110,23680,71000WWO
R72 12509 0001,3900,0,3900,2150,0,2150,71000WWO
R72 12509 0002,7900,45590,53490,4840,31640,36480,71000WWO
R72 12509 0003,3950,0,3950,2180,0,2180,71000WWO
R72 12509 0004,7900,52570,60470,4840,15570,20410,71000WWO
R72 12509 0005,3950,0,3950,2180,0,2180,71000WWO
R72 12509 0006,7900,27380,35280,4840,16210,21050,71000WWO
R72 12509 0007,7900,29530,37430,4840,17950,22790,71000WWO
R72 12509 0008,3900,0,3900,2150,0,2150,71000WWO
R72 12509 0009,3900,0,3900,2150,0,2150,71000WWO
R72 12509 0010,7900,32500,40400,4840,22920,27760,71000WWO
R72 12509 0011,7900,27520,35420,4840,12420,17260,71000WWO
R72 12509 0012,7900,17910,25810,4840,8230,13070,71000WWO
R72 12509 0013,7900,6570,14470,2180,0,2180,71000WWO
R72 12509 0014,7900,24550,32450,4840,12860,17700,71000WWO
R72 12509 0015,7900,33430,41330,4840,24670,29510,71000WWO
R72 12509 0016,3900,0,3900,2150,0,2150,71000WWO
R72 12509 0017,8160,30370,38530,5000,14720,19720,71000WWO
R72 12509 0018,8160,28530,36690,5000,16450,21450,71000WWO
R72 12509 0019,4080,0,4080,2250,0,2250,71000WWO
R72 12509 0020,8160,25730,33890,5000,21780,26780,71000WWO
R72 12509 0021,4080,0,4080,2250,0,2250,71000WWO
R72 12509 0022,8160,30410,38570,5000,13230,18230,71000WWO
R72 12509 0023,8160,23840,32000,5000,22400,27400,71000WWO
R72 12509 0024,8160,4090,12250,5000,3090,8090,71000WWO
R72 12509 0025,8160,29890,38050,5000,21610,26610,71000WWO
R72 12509 0026,8160,25000,33160,5000,12190,17190,71000WWO
R72 12509 0027,8160,33840,42000,5000,18680,23680,71000WWO
R72 12509 0028,4080,0,4080,2250,0,2250,71000WWO
R72 12509 0029,8160,32450,40610,5000,11570,16570,71000WWO
R72 12509 0030,8160,22600,30760,5000,16590,21590,71000WWO
R72 12509 0031,8160,25330,33490,5000,18150,23150,71000WWO
R72 12509 0032,8160,26500,34660,5000,21800,26800,71000WWO
R72 12509 0036,3950,0,3950,2180,0,2180,71000WWO
R72 12509 0037,3950,0,3950,2180,0,2180,71000WWO
R72 12509 0038,7900,18640,26540,4840,16260,21100,71000WWO
R72 12509 0039,7900,29960,37860,4840,20730,25570,71000WWO
R72 12509 0040,7800,23290,31090,4780,9260,14040,71000WWO
R72 12509 0041,7800,41370,49170,4780,16720,21500,71000WWO
R72 12509 0042,7900,23930,31830,4840,8630,13470,71000WWO
R72 12509 0043,7900,34110,42010,4840,26830,31670,71000WWO
R72 12509 0044,7900,23620,31520,4840,2850,7690,71000WWO
R72 12509 0045,7900,29440,37340,4840,20290,25130,71000WWO
R72 12509 0046,7900,32790,40690,4840,13860,18700,71000WWO
R72 12601 0001,8010,19650,27660,4920,12130,17050,71000WWO
R72 12601 0002,4120,0,4120,2270,0,2270,71000WWO
R72 12601 0003,8010,20050,28060,4920,13820,18740,71000WWO
R72 12601 0005,8110,24910,33020,4990,12020,17010,71000WWO
R72 12601 0006,8110,23530,31640,4990,17830,22820,71000WWO
R72 12601 0007,9570,28640,38210,5910,20520,26430,71000WWO
R72 12601 0008,4060,0,4060,2250,0,2250,71000WWO
R72 12601 0009,8850,15950,24800,5460,11000,16460,71000WWO
R72 12601 0010,4380,0,4380,2440,0,2440,71000WWO
R72 12601 0011,7770,21430,29200,4750,19540,24290,71000WWO
R72 12601 0012,8770,26380,35150,5410,14420,19830,71000WWO
R72 12601 0013,8690,25460,34150,5330,19940,25270,71000WWO
R72 12601 0014,8690,28330,37020,4030,0,4030,71000WWO
R72 12601 0015,8690,23060,31750,5330,18000,23330,71000WWO
R72 12601 0016,8610,25230,33840,5310,22400,27710,71000WWO
R72 12601 0017,8610,22430,31040,5290,16240,21530,71000WWO
R72 12601 0018,8610,21500,30110,5270,17440,22710,71000WWO
R72 12601 0019,8210,23630,31840,5040,18890,23930,71000WWO
R72 12601 0020,8530,26640,35170,5230,25030,30260,71000WWO
R72 12601 0021,8530,26060,34590,5230,14220,19450,71000WWO
R72 12601 0022,8530,30100,38630,5230,15300,20530,71000WWO
R72 12601 0023,8530,35090,43620,5230,27120,32350,71000WWO
R72 12601 0024,8530,38690,47220,5230,27940,33170,71000WWO
R72 12601 0025,8530,25090,33620,5230,21450,26680,71000WWO
R72 12601 0026,8530,21090,29620,5230,13620,18850,71000WWO
R72 12601 0027,4270,0,4270,2350,0,2350,71000WWO
R72 12601 0028,8530,28780,37310,5230,21960,27190,71000WWO
R72 12601 0029,8530,28760,37290,5230,22850,28080,71000WWO
R72 12601 0030,8530,31640,40170,5230,16380,21610,71000WWO
R72 12601 0031,4270,0,4270,2350,0,2350,71000WWO
R72 12601 0032,8530,33880,42410,5230,29390,34620,71000WWO
R72 12601 0033,8480,28150,36630,5200,15280,20480,71000WWO
R72 12601 0034,8480,24930,33410,5200,24910,30110,71000WWO
R72 12601 0035,8480,33020,41500,5200,25520,30720,71000WWO
R72 12601 0036,8690,23250,31940,5340,9450,14790,71000WWO
R72 12601 0040,6720,28620,35340,4150,6130,10280,71000WWO
R72 12601 0043,3210,0,3210,1810,0,1810,71000WWO
R72 12601 0046,6720,28780,35500,4150,20040,24190,71000WWO
R72 12601 0048,7740,32950,40690,4730,34140,38870,71000WWO
R72 12601 0049,9010,32130,41140,5540,27630,33170,71000WWO
R72 12601 0050,8690,31080,39770,5340,9410,14750,71000WWO
R72 12601 0051,8690,31880,40570,5340,28560,33900,71000WWO
R72 12601 0052,3900,0,3900,2140,0,2140,71000WWO
R72 12601 0053,7800,29580,37380,4780,14600,19380,71000WWO
R72 12601 0054,7800,26970,34770,4780,22950,27730,71000WWO
R72 12601 0055,3900,0,3900,2150,0,2150,71000WWO
R72 12601 0056,7800,1810,9610,4780,0,4780,71000WWO
R72 12601 0057,3900,0,3900,2150,0,2150,71000WWO
R72 12601 0059,7800,24240,32040,4780,20470,25250,71000WWO
R72 12601 0060,7800,29660,37460,4780,13730,18510,71000WWO
R72 12601 0061,7800,26100,33900,4780,8020,12800,71000WWO
R72 12601 0063,7800,22920,30720,4780,12300,17080,71000WWO
R72 12601 0064,7800,28290,36090,4780,16160,20940,71000WWO
R72 12601 0065,7800,31010,38810,4780,16770,21550,71000WWO
R72 12601 0067,7800,29840,37640,4780,14200,18980,71000WWO
R72 12601 0068,7800,27060,34860,4780,0,4780,71000WWO
R72 12601 0070,7800,24240,32040,4780,0,4780,71000WWO
R72 12601 0071,3900,0,3900,2150,0,2150,71000WWO
R72 12601 0072,7800,29200,37000,4780,22800,27580,71000WWO
R72 12601 0073,7800,19100,26900,4780,12470,17250,71000WWO
R72 12601 0074,3900,0,3900,2140,0,2140,71000WWO
R72 12601 0076,8740,27390,36130,5390,20590,25980,71000WWO
R72 12601 0077,8400,28550,36950,5160,12540,17700,71000WWO
R72 12601 0081,4370,0,4370,2420,0,2420,71000WWO
R72 12601 0082,8740,25690,34430,5390,7000,12390,71000WWO
R72 12601 0083,4370,0,4370,2420,0,2420,71000WWO
R72 12601 0084,8740,30680,39420,5390,22100,27490,71000WWO
R72 12601 0086,8740,27750,36490,5390,5170,10560,71000WWO
R72 12602 0001,7810,28350,36160,4760,21560,26320,71000WWO
R72 12602 0002,7810,14250,22060,4760,17130,21890,71000WWO
R72 12602 0003,7810,10020,17830,4760,44440,49200,71000WWO
R72 12602 0004,7810,20280,28090,4760,14750,19510,71000WWO
R72 12602 0005,3910,0,3910,2140,0,2140,71000WWO
R72 12602 0006,7810,28940,36750,4760,22320,27080,71000WWO
R72 12602 0007,3910,0,3910,2140,0,2140,71000WWO
R72 12602 0008,3870,0,3870,2130,0,2130,71000WWO
R72 12602 0009,7740,32990,40730,4740,30470,35210,71000WWO
R72 12602 0010,7740,40140,47880,4740,30190,34930,71000WWO
R72 12602 0011,7740,35040,42780,4740,20260,25000,71000WWO
R72 12602 0012,3870,0,3870,2130,0,2130,71000WWO
R72 12602 0013,7740,24480,32220,4740,18230,22970,71000WWO
R72 12602 0014,9960,38500,48460,6150,20420,26570,71000WWO
R72 12602 0015,3900,0,3900,2150,0,2150,71000WWO
R72 12602 0016,3950,0,3950,2180,0,2180,71000WWO
R72 12602 0017,7900,32270,40170,4840,4330,9170,71000WWO
R72 12602 0018,6860,25760,32620,4190,17670,21860,71000WWO
R72 12602 0019,8630,4220,12850,5300,11780,17080,71000WWO
R72 12602 0020,4320,0,4320,2380,0,2380,71000WWO
R72 12602 0021,9260,22840,32100,5690,20620,26310,71000WWO
R72 12602 0023,8840,40930,49770,2710,0,2710,71000WWO
R72 12602 0024,9880,17810,27690,6080,13240,19320,71000WWO
R72 12602 0027,8240,26950,35190,5040,24120,29160,71000WWO
R72 12602 0028,8240,26720,34960,5040,15010,20050,71000WWO
R72 12602 0029,8240,31310,39550,5040,24700,29740,71000WWO
R72 12602 0030,8240,29260,37500,5040,20380,25420,71000WWO
R72 12602 0031,8240,35540,43780,5040,26440,31480,71000WWO
R72 12602 0032,8240,23740,31980,5040,18780,23820,71000WWO
R72 12602 0033,8240,23490,31730,5040,16380,21420,71000WWO
R72 12602 0034,8240,25900,34140,5040,21830,26870,71000WWO
R72 12602 0035,8240,24270,32510,5040,18410,23450,71000WWO
R72 12602 0038,7600,19160,26760,4640,12750,17390,71000WWO
R72 12602 0040,7600,18310,25910,4640,12830,17470,71000WWO
R72 12602 0041,7600,16680,24280,4640,7760,12400,71000WWO
R72 12602 0043,7600,20540,28140,4640,13880,18520,71000WWO
R72 12602 0044,7600,20940,28540,4640,12670,17310,71000WWO
R72 12602 0045,7520,21650,29170,4620,14900,19520,71000WWO
R72 12602 0046,7520,22270,29790,4620,3050,7670,71000WWO
R72 12602 0048,7600,26290,33890,4640,9320,13960,71000WWO
R72 12602 0050,7600,22050,29650,4640,17660,22300,71000WWO
R72 12602 0052,7600,30330,37930,4640,15610,20250,71000WWO
R72 12602 0053,7600,28960,36560,4640,21780,26420,71000WWO
R72 12602 0055,7600,28500,36100,4640,17930,22570,71000WWO
R72 12602 0057,7600,25480,33080,4640,18700,23340,71000WWO
R72 12602 0059,7600,25360,32960,4640,18430,23070,71000WWO
R72 12602 0060,7600,20370,27970,4640,14300,18940,71000WWO
R72 12602 0063,7600,24520,32120,4640,17260,21900,71000WWO
R72 12602 0066,7600,26170,33770,4640,19470,24110,71000WWO
R72 12602 0069,3800,0,3800,2090,0,2090,71000WWO
R72 12602 0072,8010,38550,46560,4920,25980,30900,71000WWO
R72 12602 0073,4120,0,4120,2270,0,2270,71000WWO
R72 12602 0074,8010,45580,53590,4920,41200,46120,71000WWO
R72 12602 0075,4000,0,4000,2220,0,2220,71000WWO
R72 12602 0076,8530,22150,30680,5230,13540,18770,71000WWO
R72 12602 0077,8530,26760,35290,5230,20630,25860,71000WWO
R72 12602 0078,8530,17770,26300,5230,5010,10240,71000WWO
R72 12602 0079,8530,28280,36810,5230,20710,25940,71000WWO
R72 12602 0080,8530,24040,32570,5230,14890,20120,71000WWO
R72 12602 0081,8530,20840,29370,5230,9370,14600,71000WWO
R72 12602 0082,8530,29130,37660,5230,21690,26920,71000WWO
R72 12602 0083,8530,24040,32570,5230,11630,16860,71000WWO
R72 12602 0084,8530,25290,33820,5230,20100,25330,71000WWO
R72 12602 0085,8530,24430,32960,5230,11590,16820,71000WWO
R72 12602 0086,8530,28890,37420,5230,18670,23900,71000WWO
R72 12602 0087,8530,30060,38590,5230,24640,29870,71000WWO
R72 12602 0088,2380,0,2380,1500,0,1500,71000WWO
R72 12602 0089,6800,28970,35770,4200,21830,26030,71000WWO
R72 12602 0091,7600,25560,33160,4640,22670,27310,71000WWO
R72 12602 0094,8240,28440,36680,5040,25000,30040,71000WWO
R72 12602 0097,7600,18830,26430,4640,12940,17580,71000WWO
R72 12602 0099,7600,22790,30390,4640,17910,22550,71000WWO
R72 12602 0101,7600,18040,25640,4640,12850,17490,71000WWO
R72 12602 0103,7600,20540,28140,4640,21330,25970,71000WWO
R72 12602 0105,7600,14850,22450,4640,20400,25040,71000WWO
R72 12603 0001,7840,31550,39390,4800,16240,21040,71000WWO
R72 12603 0002,7740,34250,41990,4730,15880,20610,71000WWO
R72 12603 0003,7740,44150,51890,4730,33280,38010,71000WWO
R72 12603 0004,7740,29610,37350,4730,23070,27800,71000WWO
R72 12603 0005,7740,27020,34760,4730,17730,22460,71000WWO
R72 12603 0006,7740,34750,42490,4730,26240,30970,71000WWO
R72 12603 0007,7740,24860,32600,4730,21080,25810,71000WWO
R72 12603 0008,7740,20570,28310,4730,8660,13390,71000WWO
R72 12603 0009,7740,13000,20740,4730,4540,9270,71000WWO
R72 12603 0010,7740,25080,32820,4730,4320,9050,71000WWO
R72 12603 0011,7740,23640,31380,4730,10340,15070,71000WWO
R72 12603 0012,7740,23630,31370,4730,12470,17200,71000WWO
R72 12603 0013,5800,28160,33960,3550,22180,25730,71000WWO
R72 12603 0014,7740,31020,38760,4730,18880,23610,71000WWO
R72 12603 0015,8030,32390,40420,4890,24800,29690,71000WWO
R72 12603 0016,4020,0,4020,2200,0,2200,71000WWO
R72 12603 0017,4020,27610,31630,4890,10010,14900,71000WWO
R72 12603 0018,8030,34980,43010,4890,9600,14490,71000WWO
R72 12603 0019,7920,6400,14320,4820,14020,18840,71000WWO
R72 12603 0020,4180,0,4180,2300,0,2300,71000WWO
R72 12603 0021,7920,22990,30910,4820,21300,26120,71000WWO
R72 12603 0022,8030,24430,32460,4890,19180,24070,71000WWO
R72 12603 0023,8030,24900,32930,4890,19840,24730,71000WWO
R72 12603 0024,8030,23770,31800,4890,18960,23850,71000WWO
R72 12603 0025,8030,14010,22040,4890,9190,14080,71000WWO
R72 12603 0026,8030,28960,36990,4890,14040,18930,71000WWO
R72 12603 0027,8030,27890,35920,4890,3430,8320,71000WWO
R72 12603 0028,8140,41570,49710,4970,30290,35260,71000WWO
R72 12603 0029,8210,19790,28000,5050,8910,13960,71000WWO
R72 12603 0030,8100,14710,22810,4980,11010,15990,71000WWO
R72 12603 0032,8100,21840,29940,4980,10870,15850,71000WWO
R72 12603 0033,8100,29900,38000,4980,14640,19620,71000WWO
R72 12603 0034,8100,16590,24690,4980,13940,18920,71000WWO
R72 12603 0035,8100,27170,35270,4980,19100,24080,71000WWO
R72 12603 0036,8100,26030,34130,4980,4990,9970,71000WWO
R72 12603 0037,8100,24630,32730,4980,16780,21760,71000WWO
R72 12603 0038,8100,20710,28810,4980,9200,14180,71000WWO
R72 12603 0039,8100,21380,29480,4980,4970,9950,71000WWO
R72 12603 0040,8100,24090,32190,4980,17100,22080,71000WWO
R72 12603 0041,8100,16200,24300,4980,18090,23070,71000WWO
R72 12603 0042,8100,28780,36880,4980,17970,22950,71000WWO
R72 12603 0043,7800,26760,34560,4780,21490,26270,71000WWO
R72 12603 0044,7800,23180,30980,4780,11910,16690,71000WWO
R72 12603 0045,7700,24240,31940,4710,19100,23810,71000WWO
R72 12603 0046,7700,29400,37100,4710,16160,20870,71000WWO
R72 12603 0047,7700,23840,31540,4710,21780,26490,71000WWO
R72 12603 0048,7700,31750,39450,4710,22740,27450,71000WWO
R72 12603 0049,7800,31900,39700,4780,14620,19400,71000WWO
R72 12603 0050,7800,33690,41490,4780,17500,22280,71000WWO
R72 12603 0051,7800,26710,34510,4780,12910,17690,71000WWO
R72 12603 0052,7800,26340,34140,4780,8430,13210,71000WWO
R72 12603 0053,7900,21900,29800,4840,4550,9390,71000WWO
R72 12603 0054,7900,24600,32500,4840,17930,22770,71000WWO
R72 12603 0055,7900,25320,33220,4840,18460,23300,71000WWO
R72 12604 0001,7740,25330,33070,4730,18490,23220,71000WWO
R72 12604 0002,7740,22860,30600,4730,11220,15950,71000WWO
R72 12604 0003,3870,0,3870,2130,0,2130,71000WWO
R72 12604 0004,7740,23750,31490,4730,18170,22900,71000WWO
R72 12604 0005,7740,26450,34190,4730,16670,21400,71000WWO
R72 12604 0006,3870,0,3870,2130,0,2130,71000WWO
R72 12604 0007,7810,20220,28030,4780,16310,21090,71000WWO
R72 12604 0008,7740,6600,14340,4730,280,5010,71000WWO
R72 12604 0009,3870,0,3870,2130,0,2130,71000WWO
R72 12604 0010,7740,23050,30790,4730,11520,16250,71000WWO
R72 12604 0011,7740,26740,34480,4730,19230,23960,71000WWO
R72 12604 0012,3870,0,3870,2130,0,2130,71000WWO
R72 12604 0013,3870,0,3870,2130,0,2130,71000WWO
R72 12604 0014,7840,21030,28870,4800,9370,14170,71000WWO
R72 12604 0015,7840,21090,28930,4800,17510,22310,71000WWO
R72 12604 0016,7740,11880,19620,4730,6960,11690,71000WWO
R72 12604 0017,7740,14920,22660,4730,8010,12740,71000WWO
R72 12604 0018,3870,0,3870,2130,0,2130,71000WWO
R72 12604 0019,7740,29230,36970,4730,22030,26760,71000WWO
R72 12604 0020,7740,12470,20210,4730,8890,13620,71000WWO
R72 12604 0021,3870,0,3870,2130,0,2130,71000WWO
R72 12604 0022,7740,21090,28830,4730,12170,16900,71000WWO
R72 12604 0024,7740,22750,30490,4730,10620,15350,71000WWO
R72 12604 0025,3020,0,3020,1640,0,1640,71000WWO
R72 12604 0026,7740,29120,36860,4730,17750,22480,71000WWO
R72 12604 0027,7740,19790,27530,4730,14070,18800,71000WWO
R72 12604 0028,7740,19120,26860,4730,9390,14120,71000WWO
R72 12604 0029,7740,31600,39340,4730,30010,34740,71000WWO
R72 12604 0030,7740,22010,29750,4730,19460,24190,71000WWO
R72 12604 0031,7740,28400,36140,4730,23580,28310,71000WWO
R72 12604 0032,7740,21090,28830,4730,17010,21740,71000WWO
R72 12604 0033,7740,16950,24690,4730,13930,18660,71000WWO
R72 12604 0034,7740,18630,26370,4730,14070,18800,71000WWO
R72 12604 0035,7740,19370,27110,4730,14410,19140,71000WWO
R72 12604 0036,7740,25060,32800,4730,15110,19840,71000WWO
R72 12604 0037,7740,17330,25070,4730,16990,21720,71000WWO
R72 12604 0038,7740,20480,28220,2130,0,2130,71000WWO
R72 12604 0039,7740,25440,33180,4730,6870,11600,71000WWO
R72 12604 0042,7840,20870,28710,4800,19070,23870,71000WWO
R72 12604 0043,7900,30020,37920,4840,17410,22250,71000WWO
R72 12604 0044,7900,29900,37800,4840,15120,19960,71000WWO
R72 12604 0045,7900,36450,44350,4840,26140,30980,71000WWO
R72 12604 0046,7800,8790,16590,4780,5090,9870,71000WWO
R72 12604 0047,3900,0,3900,2150,0,2150,71000WWO
R72 12604 0048,7900,38290,46190,4840,28870,33710,71000WWO
R72 12604 0049,7900,32560,40460,4840,24390,29230,71000WWO
R72 12604 0050,3950,0,3950,2180,0,2180,71000WWO
R72 12604 0052,7900,49400,57300,4840,48900,53740,71000WWO
R72 12604 0053,7900,35630,43530,4840,16380,21220,71000WWO
R72 12604 0054,7800,5580,13380,4780,0,4780,71000WWO
R72 12604 0055,3020,0,3020,1640,0,1640,71000WWO
R72 12605 0001,8640,36200,44840,5300,28310,33610,71000WWO
R72 12605 0002,8640,16820,25460,5300,10860,16160,71000WWO
R72 12605 0003,8640,23130,31770,5300,19380,24680,71000WWO
R72 12605 0004,9860,31130,40990,6050,24990,31040,71000WWO
R72 12605 0005,8480,32630,41110,5180,25350,30530,71000WWO
R72 12605 0006,8480,39680,48160,5180,34010,39190,71000WWO
R72 12605 0007,8560,15670,24230,5260,16710,21970,71000WWO
R72 12605 0008,8480,20740,29220,5180,9270,14450,71000WWO
R72 12605 0009,8480,21730,30210,5180,12990,18170,71000WWO
R72 12605 0010,8480,26170,34650,5180,15350,20530,71000WWO
R72 12605 0011,8480,18620,27100,5180,15320,20500,71000WWO
R72 12605 0012,8480,23800,32280,5180,16930,22110,71000WWO
R72 12605 0013,8480,23210,31690,5180,16540,21720,71000WWO
R72 12605 0014,8480,19860,28340,5180,19030,24210,71000WWO
R72 12605 0015,8640,24510,33150,5300,8940,14240,71000WWO
R72 12605 0016,8640,17560,26200,5300,21330,26630,71000WWO
R72 12605 0017,8640,31590,40230,5300,27290,32590,71000WWO
R72 12605 0018,8640,29230,37870,5300,23980,29280,71000WWO
R72 12605 0019,8640,25180,33820,5300,19590,24890,71000WWO
R72 12605 0020,8640,28210,36850,5300,24340,29640,71000WWO
R72 12605 0021,8640,26670,35310,5300,15920,21220,71000WWO
R72 12605 0022,8400,24150,32550,5140,19870,25010,71000WWO
R72 12605 0023,8400,34000,42400,5140,17770,22910,71000WWO
R72 12605 0024,8400,27650,36050,5140,22770,27910,71000WWO
R72 12605 0025,8400,24370,32770,5140,19440,24580,71000WWO
R72 12605 0026,8400,26820,35220,5140,19310,24450,71000WWO
R72 12605 0027,8400,21220,29620,5140,11900,17040,71000WWO
R72 12605 0028,8400,31340,39740,5140,15220,20360,71000WWO
R72 12605 0029,8400,26010,34410,5140,20090,25230,71000WWO
R72 12605 0030,8080,24150,32230,4940,20320,25260,71000WWO
R72 12605 0031,8400,13200,21600,5140,9770,14910,71000WWO
R72 12605 0032,9770,32540,42310,6000,25610,31610,71000WWO
R72 12605 0033,9770,22070,31840,5400,0,5400,71000WWO
R72 12605 0034,8400,22310,30710,5140,19030,24170,71000WWO
R72 12605 0035,8400,36550,44950,5140,23570,28710,71000WWO
R72 12605 0036,8400,27000,35400,5140,19400,24540,71000WWO
R72 12605 0037,8400,25730,34130,5140,18620,23760,71000WWO
R72 12605 0039,8400,20480,28880,5140,16480,21620,71000WWO
R72 12605 0040,8400,23650,32050,5140,20430,25570,71000WWO
R72 12605 0041,8400,24900,33300,5140,30750,35890,71000WWO
R72 12605 0042,8400,18450,26850,5140,17220,22360,71000WWO
R72 12605 0043,8400,21740,30140,5140,10760,15900,71000WWO
R72 12606 0001,8640,22350,30990,5300,13450,18750,71000WWO
R72 12606 0003,8420,29140,37560,5160,26670,31830,71000WWO
R72 12606 0004,8640,21580,30220,5300,14120,19420,71000WWO
R72 12606 0005,8640,13710,22350,5300,10800,16100,71000WWO
R72 12606 0006,8640,28090,36730,5300,16150,21450,71000WWO
R72 12606 0007,8640,34110,42750,5300,10870,16170,71000WWO
R72 12606 0008,8320,23670,31990,5100,13910,19010,71000WWO
R72 12606 0009,8320,32580,40900,5100,27140,32240,71000WWO
R72 12606 0010,8320,35250,43570,5100,26950,32050,71000WWO
R72 12606 0011,8320,27250,35570,5100,22360,27460,71000WWO
R72 12606 0012,8320,19470,27790,5100,18430,23530,71000WWO
R72 12606 0013,8320,27680,36000,5100,10200,15300,71000WWO
R72 12606 0014,8220,28890,37110,5040,23660,28700,71000WWO
R72 12606 0015,8420,31240,39660,5170,22120,27290,71000WWO
R72 12606 0016,8320,23660,31980,5100,21660,26760,71000WWO
R72 12606 0017,8320,24330,32650,5100,19190,24290,71000WWO
R72 12606 0018,9670,26290,35960,5950,24980,30930,71000WWO
R72 12606 0019,9670,29470,39140,5950,24480,30430,71000WWO
R72 12606 0020,8320,23290,31610,5100,20300,25400,71000WWO
R72 12606 0021,8320,25260,33580,5100,20130,25230,71000WWO
R72 12606 0022,8320,25710,34030,5100,19670,24770,71000WWO
R72 12606 0023,8320,28060,36380,5100,25560,30660,71000WWO
R72 12606 0024,8320,35740,44060,5100,34980,40080,71000WWO
R72 12606 0025,8320,28940,37260,5100,25560,30660,71000WWO
R72 12606 0026,8320,24730,33050,5100,15060,20160,71000WWO
R72 12606 0027,8320,7670,15990,5100,5750,10850,71000WWO
R72 12606 0028,8320,30010,38330,5100,25390,30490,71000WWO
R72 12606 0029,4160,0,4160,2300,0,2300,71000WWO
R72 12606 0030,9290,21790,31080,5720,15600,21320,71000WWO
R72 12606 0031,8640,34770,43410,5300,31720,37020,71000WWO
R72 12606 0032,8640,21610,30250,5300,21430,26730,71000WWO
R72 12606 0033,8640,22840,31480,5300,23460,28760,71000WWO
R72 12606 0034,8480,21940,30420,5180,23470,28650,71000WWO
R72 12606 0035,8480,34640,43120,5180,4470,9650,71000WWO
R72 12606 0037,8480,12170,20650,5180,19820,25000,71000WWO
R72 12606 0038,8480,29020,37500,5180,23510,28690,71000WWO
R72 12606 0039,8480,27020,35500,5180,21800,26980,71000WWO
R72 12606 0040,12720,34850,47570,7860,26560,34420,71000WWO
R72 12606 0042,8480,23970,32450,5180,13510,18690,71000WWO
R72 12606 0043,8480,28130,36610,5180,25830,31010,71000WWO
R72 12606 0044,9860,40810,50670,6050,23930,29980,71000WWO
R72 12606 0046,8420,18080,26500,5160,10850,16010,71000WWO
R72 12607 0008,8640,35360,44000,5280,27080,32360,71000WWO
R72 12607 0009,9180,25010,34190,5630,17700,23330,71000WWO
R72 12607 0010,9180,24640,33820,5630,18340,23970,71000WWO
R72 12607 0011,9180,38810,47990,5630,17890,23520,71000WWO
R72 12607 0012,9180,23660,32840,5630,9200,14830,71000WWO
R72 12607 0013,9180,23660,32840,5630,17160,22790,71000WWO
R72 12607 0015,9180,28960,38140,5630,20970,26600,71000WWO
R72 12607 0016,9180,23590,32770,5630,17300,22930,71000WWO
R72 12607 0017,9500,23590,33090,5840,17110,22950,71000WWO
R72 12607 0018,9500,30830,40330,5840,23220,29060,71000WWO
R72 12607 0020,9500,38550,48050,5840,31680,37520,71000WWO
R72 12607 0022,9500,23560,33060,5840,17130,22970,71000WWO
R72 12607 0023,8640,21160,29800,5280,9430,14710,71000WWO
R72 12607 0026,9720,24770,34490,5980,17900,23880,71000WWO
R72 12607 0027,9720,29150,38870,5980,15010,20990,71000WWO
R72 12607 0028,9720,30020,39740,5980,22400,28380,71000WWO
R72 12607 0030,9720,27140,36860,5980,12140,18120,71000WWO
R72 12607 0031,8720,19430,28150,5340,8210,13550,71000WWO
R72 12607 0032,4400,2400,6800,2720,3120,5840,71000WWO
R72 12607 0033,4480,0,4480,2490,0,2490,71000WWO
R72 12607 0034,9970,40000,49970,6220,21330,27550,71000WWO
R72 12607 0035,9270,31020,40290,5740,23230,28970,71000WWO
R72 12607 0036,10260,25510,35770,6350,18930,25280,71000WWO
R72 12607 0037,9400,26180,35580,5790,19600,25390,71000WWO
R72 12607 0038,8160,37110,45270,4980,17800,22780,71000WWO
R72 12607 0039,8160,27020,35180,4980,6650,11630,71000WWO
R72 12607 0040,8570,25500,34070,5230,13010,18240,71000WWO
R72 12607 0041,8060,22120,30180,4920,11800,16720,71000WWO
R72 12607 0042,8160,31980,40140,5000,16380,21380,71000WWO
R72 12607 0043,8160,22270,30430,5000,12060,17060,71000WWO
R72 12607 0044,8160,21610,29770,5000,10980,15980,71000WWO
R72 12607 0045,8160,19630,27790,5000,17510,22510,71000WWO
R72 12607 0046,8160,26450,34610,5000,13830,18830,71000WWO
R72 12607 0047,8160,32380,40540,5000,19510,24510,71000WWO
R72 12607 0050,9500,23590,33090,5840,17110,22950,71000WWO
R72 12608 0002,9880,32270,42150,6200,13870,20070,71000WWO
R72 12608 0003,8990,19590,28580,5580,12930,18510,71000WWO
R72 12608 0004,9480,25860,35340,5800,21680,27480,71000WWO
R72 12608 0006,9370,37780,47150,5740,17050,22790,71000WWO
R72 12608 0007,7730,28660,36390,4720,18850,23570,71000WWO
R72 12608 0008,8960,31910,40870,5480,12600,18080,71000WWO
R72 12608 0009,4120,0,4120,2270,0,2270,71000WWO
R72 12608 0010,8240,22910,31150,5040,18490,23530,71000WWO
R72 12608 0011,8240,26440,34680,5040,18830,23870,71000WWO
R72 12608 0012,4120,0,4120,2270,0,2270,71000WWO
R72 12608 0013,8240,30020,38260,5040,12160,17200,71000WWO
R72 12608 0014,8640,31120,39760,5300,22680,27980,71000WWO
R72 12608 0015,8750,23490,32240,5370,18050,23420,71000WWO
R72 12608 0016,8750,33620,42370,5370,21630,27000,71000WWO
R72 12608 0017,8750,28180,36930,5370,18280,23650,71000WWO
R72 12608 0018,8750,35370,44120,5370,25290,30660,71000WWO
R72 12608 0019,4370,0,4370,2420,0,2420,71000WWO
R72 12609 0001,8550,27900,36450,5230,13370,18600,71000WWO
R72 12609 0002,8550,24320,32870,5230,8120,13350,71000WWO
R72 12609 0003,8550,28000,36550,5230,22040,27270,71000WWO
R72 12609 0004,4270,0,4270,2350,0,2350,71000WWO
R72 12609 0005,8550,22660,31210,5230,5980,11210,71000WWO
R72 12609 0006,8550,38010,46560,5230,27300,32530,71000WWO
R72 12609 0007,8930,28870,37800,5470,20220,25690,71000WWO
R72 12609 0008,9010,20960,29970,5520,9540,15060,71000WWO
R72 12609 0009,9010,26910,35920,5540,13720,19260,71000WWO
R72 12609 0010,9100,24330,33430,2510,0,2510,71000WWO
R72 12609 0011,3400,0,3400,1850,0,1850,71000WWO
R72 12609 0012,9180,23440,32620,5670,10400,16070,71000WWO
R72 12609 0013,4630,0,4630,1430,0,1430,71000WWO
R72 12609 0014,9350,63420,72770,5760,54450,60210,71000WWO
R72 12609 0016,8990,18820,27810,5550,12450,18000,71000WWO
R72 12609 0017,9810,22610,32420,6050,16190,22240,71000WWO
R72 12609 0018,9900,20200,30100,6130,15930,22060,71000WWO
R72 12609 0019,9810,24710,34520,6080,9980,16060,71000WWO
R72 12609 0020,9720,23530,33250,6000,17600,23600,71000WWO
R72 12609 0022,9720,28600,38320,5980,20600,26580,71000WWO
R72 12609 0024,9960,9640,19600,6120,9650,15770,71000WWO
R72 12609 0026,9450,26870,36320,5800,19100,24900,71000WWO
R72 12609 0027,8300,31700,40000,5060,15780,20840,71000WWO
R72 12609 0028,8690,19240,27930,5310,9730,15040,71000WWO
R72 12609 0029,8450,28420,36870,5170,13020,18190,71000WWO
R72 12609 0030,8450,28120,36570,5170,20410,25580,71000WWO
R72 12609 0031,9020,24850,33870,5300,18040,23340,71000WWO
R72 12609 0033,8340,28130,36470,5100,14160,19260,71000WWO
R72 12609 0034,4270,0,4270,2350,0,2350,71000WWO
R72 12609 0035,9480,25330,34810,5800,19450,25250,71000WWO
R72 12609 0037,9060,30190,39250,5550,15620,21170,71000WWO
R72 12609 0038,9060,27900,36960,5550,20430,25980,71000WWO
R72 12609 0039,8890,24460,33350,5430,18600,24030,71000WWO
R72 12609 0041,8340,26350,34690,5100,17870,22970,71000WWO
R72 12609 0042,8340,25280,33620,5100,10030,15130,71000WWO
R72 12609 0043,10510,26910,37420,6440,12010,18450,71000WWO
R72 12609 0044,8240,21940,30180,5040,19600,24640,71000WWO
R72 12609 0045,8240,20600,28840,5040,8630,13670,71000WWO
R72 12609 0046,8240,19100,27340,5040,28870,33910,71000WWO
R72 12609 0047,8240,27170,35410,5040,11960,17000,71000WWO
R72 12609 0048,8240,24230,32470,5040,15970,21010,71000WWO
R72 12609 0049,8240,24400,32640,2520,0,2520,71000WWO
R72 12609 0050,8240,18380,26620,2520,0,2520,71000WWO
R72 12609 0051,8240,14970,23210,2520,0,2520,71000WWO
R72 12609 0052,8240,22950,31190,5040,9740,14780,71000WWO
R72 12609 0053,8240,23520,31760,5040,19580,24620,71000WWO
R72 12609 0054,8240,18780,27020,5040,8780,13820,71000WWO
R72 12609 0055,9240,30400,39640,6110,16230,22340,72000RES
R72 12609 0056,8550,26720,35270,5620,16160,21780,72000RES
R72 12609 0058,8740,25670,34410,5720,9010,14730,72000RES
R72 12609 0059,8750,30840,39590,5660,15400,21060,72000RES
R72 12609 0060,11160,39660,50820,7020,30160,37180,72000RES
R72 12609 0066,9060,24860,33920,5550,18600,24150,71000WWO
R72 12609 0072,10180,25470,35650,6310,18460,24770,71000WWO
R72 12609 0075,3370,0,3370,1840,0,1840,71000WWO
R72 12609 0076,7800,27470,35270,5000,14160,19160,72000RES
R72 12609 0077,8840,27520,36360,5220,19020,24240,71000WWO
R72 12610 0001,7880,30770,38650,5060,17090,22150,72000RES
R72 12610 0002,8410,39250,47660,5460,23280,28740,72000RES
R72 12610 0003,4360,0,4360,2580,0,2580,72000RES
R72 12610 0004,9010,40860,49870,6150,13570,19720,72000RES
R72 12610 0005,9740,37140,46880,6670,33510,40180,72000RES
R72 12610 0007,9320,48950,58270,6170,39100,45270,72000RES
R72 12610 0008,4670,0,4670,2740,0,2740,72000RES
R72 12610 0009,9070,69060,78130,5850,53090,58940,72000RES
R72 12610 0010,4580,0,4580,2660,0,2660,72000RES
R72 12610 0011,14180,52650,66830,9350,29690,39040,72000RES
R72 12610 0013,7780,38690,46470,4980,22010,26990,72000RES
R72 12610 0014,9070,36510,45580,5900,20050,25950,72000RES
R72 12610 0015,8420,34880,43300,5420,17330,22750,72000RES
R72 12610 0016,8640,34760,43400,5620,18520,24140,72000RES
R72 12610 0017,9130,36500,45630,6160,17750,23910,72000RES
R72 12610 0018,9700,38560,48260,6290,12990,19280,72000RES
R72 12610 0019,10250,44100,54350,6600,24090,30690,72000RES
R72 12610 0020,3280,0,3280,1860,0,1860,72000RES
R72 12610 0021,9230,37080,46310,6160,27390,33550,72000RES
R72 12610 0022,4740,0,4740,2940,0,2940,72000RES
R72 12610 0023,9180,56620,65800,6350,39570,45920,72000RES
R72 12610 0024,9640,34700,44340,6780,21510,28290,72000RES
R72 12610 0025,9400,34000,43400,6370,41170,47540,72000RES
R72 12610 0026,9070,35530,44600,5930,0,5930,72000RES
R72 12610 0027,8420,35270,43690,2720,0,2720,72000RES
R72 12610 0028,8320,36540,44860,5300,15460,20760,72000RES
R72 12610 0029,8000,43770,51770,6400,27080,33480,72000RES
R72 12610 0030,4100,0,4100,2300,0,2300,72000RES
R72 12610 0032,7720,34260,41980,4950,23300,28250,72000RES
R72 12610 0033,9660,44260,53920,6000,27570,33570,72000RES
R72 12610 0037,6400,0,6400,5120,0,5120,72000RES
R72 12610 0038,8420,37840,46260,5400,19810,25210,72000RES
R72 12610 0039,8420,37120,45540,5400,20670,26070,72000RES
R72 12610 0040,10560,23690,34250,6800,26270,33070,72000RES
R72 12610 0042,7810,29330,37140,4930,19870,24800,72000RES
R72 12610 0045,6480,33720,40200,4140,19910,24050,72000RES
R72 12610 0048,8000,39610,47610,6400,29600,36000,72000RES
R72 12701 0001,7650,36850,44500,4900,20520,25420,72000RES
R72 12701 0002,3440,0,3440,1980,0,1980,72000RES
R72 12701 0003,3440,11630,15070,2200,7800,10000,72000RES
R72 12701 0004,6890,50900,57790,4400,26410,30810,72000RES
R72 12701 0005,6890,25740,32630,4400,13560,17960,72000RES
R72 12701 0006,8420,34720,43140,5400,19290,24690,72000RES
R72 12701 0008,8340,30230,38570,5350,18300,23650,72000RES
R72 12701 0009,7850,38280,46130,5030,71470,76500,72000RES
R72 12701 0010,9640,34810,44450,6720,86160,92880,72000RES
R72 12701 0011,8110,45960,54070,5100,15280,20380,72000RES
R72 12701 0012,6750,36900,43650,4320,21200,25520,72000RES
R72 12701 0013,8480,36230,44710,5520,16070,21590,72000RES
R72 12701 0015,8850,39970,48820,6000,21200,27200,72000RES
R72 12701 0016,7800,38190,45990,5000,7980,12980,72000RES
R72 12701 0018,7800,34080,41880,5000,5070,10070,72000RES
R72 12701 0019,7800,31060,38860,2500,0,2500,72000RES
R72 12701 0021,10140,44870,55010,6560,34120,40680,72000RES
R72 12701 0022,8420,38500,46920,5400,23800,29200,72000RES
R72 12701 0023,7650,33910,41560,4900,16160,21060,72000RES
R72 12701 0024,7650,25920,33570,4900,18910,23810,72000RES
R72 12701 0026,7650,36590,44240,4900,17860,22760,72000RES
R72 12701 0027,7650,31800,39450,4900,11730,16630,72000RES
R72 12701 0028,7650,39050,46700,4900,11720,16620,72000RES
R72 12701 0030,7650,32100,39750,4900,9300,14200,72000RES
R72 12701 0031,570,0,570,360,0,360,72000RES
R72 12701 0032,6890,39430,46320,4400,20760,25160,72000RES
R72 12701 0033,8140,40940,49080,5120,23950,29070,72000RES
R72 12701 0035,8570,29280,37850,5500,33850,39350,72000RES
R72 12701 0036,3440,0,3440,1980,0,1980,72000RES
R72 12701 0037,6890,29010,35900,4400,18370,22770,72000RES
R72 12701 0038,3440,0,3440,1980,0,1980,72000RES
R72 12701 0039,6890,21190,28080,4400,14490,18890,72000RES
R72 12701 0040,3440,0,3440,1980,0,1980,72000RES
R72 12701 0041,6890,27650,34540,0,0,0,72000RES
R72 12701 0043,6890,29940,36830,4400,19590,23990,72000RES
R72 12701 0044,6890,24160,31050,4400,13600,18000,72000RES
R72 12701 0045,6890,11030,17920,4400,7100,11500,72000RES
R72 12701 0046,7270,21780,29050,4650,11100,15750,72000RES
R72 12701 0047,7650,23640,31290,4900,9330,14230,72000RES
R72 12701 0048,9570,41800,51370,6230,22490,28720,72000RES
R72 12701 0049,4420,0,4420,2560,0,2560,72000RES
R72 12701 0050,7550,28900,36450,4810,16200,21010,72000RES
R72 12701 0051,7470,27840,35310,4790,67700,72490,72000RES
R72 12701 0052,2660,0,2660,1530,0,1530,72000RES
R72 12701 0053,7050,35980,43030,4490,16600,21090,72000RES
R72 12701 0056,7650,37160,44810,4900,32930,37830,72000RES
R72 12701 0058,2790,0,2790,1570,0,1570,72000RES
R72 12701 0059,7800,34450,42250,5000,3560,8560,72000RES
R72 12701 0067,7700,34540,42240,4940,17000,21940,72000RES
R72 12702 0004,8690,5190,13880,5310,7110,12420,71000WWO
R72 12702 0007,8160,34460,42620,4980,21640,26620,71000WWO
R72 12702 0009,4170,0,4170,2300,0,2300,71000WWO
R72 12702 0010,8340,26400,34740,5100,20700,25800,71000WWO
R72 12702 0011,8340,19410,27750,5100,8850,13950,71000WWO
R72 12702 0012,8340,15630,23970,5100,0,5100,71000WWO
R72 12702 0013,8340,18470,26810,5100,15600,20700,71000WWO
R72 12702 0014,8340,30220,38560,5100,26400,31500,71000WWO
R72 12702 0015,8340,18640,26980,5100,8570,13670,71000WWO
R72 12702 0016,4170,0,4170,2300,0,2300,71000WWO
R72 12702 0017,5460,0,5460,3010,0,3010,71000WWO
R72 12702 0018,10920,34090,45010,6690,14730,21420,71000WWO
R72 12702 0019,8340,18840,27180,5100,10230,15330,71000WWO
R72 12702 0020,8340,20070,28410,5100,0,5100,71000WWO
R72 12702 0021,8340,21120,29460,5100,11080,16180,71000WWO
R72 12702 0022,8340,19860,28200,5100,10930,16030,71000WWO
R72 12702 0023,8340,18600,26940,5100,15540,20640,71000WWO
R72 12702 0025,8340,17320,25660,5100,12740,17840,71000WWO
R72 12702 0026,8340,24080,32420,5100,15400,20500,71000WWO
R72 12702 0027,8340,23840,32180,5100,18430,23530,71000WWO
R72 12702 0028,8240,21330,29570,5040,15410,20450,71000WWO
R72 12702 0032,8450,25490,33940,5170,16580,21750,71000WWO
R72 12702 0033,6810,27500,34310,4220,14960,19180,71000WWO
R72 12702 0034,6890,30710,37600,4240,11900,16140,71000WWO
R72 12702 0035,8240,21670,29910,5040,14930,19970,71000WWO
R72 12702 0036,8340,20320,28660,5100,14130,19230,71000WWO
R72 12702 0037,8340,17710,26050,5100,12040,17140,71000WWO
R72 12702 0038,8340,18260,26600,5100,0,5100,71000WWO
R72 12702 0039,8340,13640,21980,5100,10320,15420,71000WWO
R72 12702 0040,8340,25760,34100,5100,18720,23820,71000WWO
R72 12702 0041,8340,25760,34100,5100,16620,21720,71000WWO
R72 12702 0042,8340,17460,25800,5100,13490,18590,71000WWO
R72 12702 0043,8340,17510,25850,5100,0,5100,71000WWO
R72 12702 0044,8340,28790,37130,5100,21600,26700,71000WWO
R72 12702 0045,10920,17870,28790,6690,16030,22720,71000WWO
R72 12702 0046,10920,18610,29530,6690,9890,16580,71000WWO
R72 12702 0048,8340,12170,20510,5100,0,5100,71000WWO
R72 12702 0049,6670,0,6670,4080,0,4080,71000WWO
R72 12702 0050,4170,2640,6810,2300,0,2300,71000WWO
R72 12702 0051,8340,30870,39210,5100,22200,27300,71000WWO
R72 12702 0052,8340,24460,32800,5100,23520,28620,71000WWO
R72 12702 0053,8340,26570,34910,5100,19730,24830,71000WWO
R72 12702 0054,8340,13440,21780,5100,20810,25910,71000WWO
R72 12702 0055,8340,25750,34090,5100,16340,21440,71000WWO
R72 12702 0056,4120,0,4120,2270,0,2270,71000WWO
R72 12702 0057,6290,0,6290,3480,0,3480,71000WWO
R72 12702 0059,4380,0,4380,2410,0,2410,71000WWO
R72 12702 0060,8480,27160,35640,5200,19860,25060,71000WWO
R72 12702 0061,8590,21140,29730,5270,9510,14780,71000WWO
R72 12702 0062,8590,23080,31670,5270,17770,23040,71000WWO
R72 12702 0063,8590,18520,27110,5270,5770,11040,71000WWO
R72 12702 0064,8590,9820,18410,2630,10900,13530,71000WWO
R72 12702 0065,8590,24960,33550,5270,20600,25870,71000WWO
R72 12702 0066,8590,23110,31700,5270,16090,21360,71000WWO
R72 12702 0067,8590,21800,30390,5270,16470,21740,71000WWO
R72 12702 0068,8590,22250,30840,5270,10030,15300,71000WWO
R72 12702 0069,8590,17270,25860,5270,13800,19070,71000WWO
R72 12702 0070,11240,30900,42140,6960,23860,30820,71000WWO
R72 12702 0071,7310,23180,30490,4460,10980,15440,71000WWO
R72 12703 0001,2580,0,2580,1410,0,1410,71000WWO
R72 12703 0002,4380,0,4380,2410,0,2410,71000WWO
R72 12703 0003,8760,25740,34500,5360,13750,19110,71000WWO
R72 12703 0004,3500,0,3500,2140,0,2140,71000WWO
R72 12703 0006,7500,27810,35310,7500,22240,29740,71000WWO
R72 12703 0008,4120,0,4120,2270,0,2270,71000WWO
R72 12703 0009,8240,33550,41790,5040,20170,25210,71000WWO
R72 12703 0010,8240,20810,29050,2520,0,2520,71000WWO
R72 12703 0011,8240,24660,32900,5040,17030,22070,71000WWO
R72 12703 0012,8240,19800,28040,5040,0,5040,71000WWO
R72 12703 0013,4120,0,4120,2270,0,2270,71000WWO
R72 12703 0014,10820,25010,35830,6630,18120,24750,71000WWO
R72 12703 0015,10820,25690,36510,6630,16780,23410,71000WWO
R72 12703 0016,8240,21330,29570,5040,7830,12870,71000WWO
R72 12703 0017,8240,32100,40340,5040,23970,29010,71000WWO
R72 12703 0018,8240,29060,37300,5040,19200,24240,71000WWO
R72 12703 0019,8240,18990,27230,5040,20210,25250,71000WWO
R72 12703 0020,8240,22060,30300,5040,14520,19560,71000WWO
R72 12703 0021,8240,3560,11800,2270,0,2270,71000WWO
R72 12703 0022,8240,20320,28560,5040,9470,14510,71000WWO
R72 12703 0023,9270,35150,44420,5680,26740,32420,71000WWO
R72 12703 0025,10400,19300,29700,6370,21290,27660,71000WWO
R72 12703 0026,8340,15680,24020,5100,17450,22550,71000WWO
R72 12703 0027,8340,27590,35930,5100,27550,32650,71000WWO
R72 12703 0028,8030,37620,45650,4910,31630,36540,71000WWO
R72 12703 0029,4170,0,4170,2300,0,2300,71000WWO
R72 12703 0030,4170,0,4170,2300,0,2300,71000WWO
R72 12703 0031,8340,24320,32660,5100,17790,22890,71000WWO
R72 12703 0032,8340,20460,28800,5100,13870,18970,71000WWO
R72 12703 0033,8340,27690,36030,5100,11530,16630,71000WWO
R72 12703 0034,8340,21060,29400,5100,18530,23630,71000WWO
R72 12703 0035,8340,23690,32030,5100,11510,16610,71000WWO
R72 12703 0036,10920,27180,38100,6690,20920,27610,71000WWO
R72 12703 0037,11340,17420,28760,7020,21840,28860,71000WWO
R72 12703 0038,8480,17230,25710,5200,15830,21030,71000WWO
R72 12703 0039,4240,0,4240,2340,0,2340,71000WWO
R72 12703 0040,8480,25480,33960,5200,12500,17700,71000WWO
R72 12703 0041,8480,15830,24310,5200,7370,12570,71000WWO
R72 12703 0042,8480,23440,31920,5200,16370,21570,71000WWO
R72 12703 0043,8480,26230,34710,5200,19520,24720,71000WWO
R72 12703 0044,4240,0,4240,2340,0,2340,71000WWO
R72 12703 0045,8690,14630,23320,5340,9020,14360,71000WWO
R72 12703 0046,8480,24110,32590,5200,14350,19550,71000WWO
R72 12703 0047,10600,21960,32560,6550,16470,23020,71000WWO
R72 12703 0048,3180,0,3180,1730,0,1730,71000WWO
R72 12703 0049,8160,27510,35670,5000,21270,26270,71000WWO
R72 12703 0050,8990,24610,33600,5510,20270,25780,71000WWO
R72 12703 0051,4490,0,4490,2490,0,2490,71000WWO
R72 12703 0053,8990,22670,31660,5540,15640,21180,71000WWO
R72 12703 0054,9070,22220,31290,5560,15370,20930,71000WWO
R72 12703 0055,9070,31800,40870,5560,22360,27920,71000WWO
R72 12703 0056,9070,22160,31230,5580,15260,20840,71000WWO
R72 12703 0057,9290,23950,33240,5740,17720,23460,71000WWO
R72 12703 0058,9370,26180,35550,5810,18820,24630,71000WWO
R72 12703 0059,9550,46790,56340,5970,37380,43350,71000WWO
R72 12703 0060,7730,25970,33700,4720,17430,22150,71000WWO
R72 12703 0063,10300,27270,37570,6310,12000,18310,71000WWO
R72 12704 0001,7500,22330,29830,7500,16950,24450,71000WWO
R72 12704 0002,7500,21890,29390,7500,14530,22030,71000WWO
R72 12704 0003,7500,37400,44900,7500,27040,34540,71000WWO
R72 12704 0004,8500,35970,44470,5220,34020,39240,71000WWO
R72 12704 0005,8990,16320,25310,5510,26400,31910,71000WWO
R72 12704 0006,9070,33990,43060,5580,25970,31550,71000WWO
R72 12704 0007,9070,11560,20630,2780,0,2780,71000WWO
R72 12704 0008,9070,26860,35930,5560,22360,27920,71000WWO
R72 12704 0009,4490,0,4490,2490,0,2490,71000WWO
R72 12704 0010,9100,28520,37620,5610,22600,28210,71000WWO
R72 12704 0011,8990,22370,31360,5540,17980,23520,71000WWO
R72 12704 0012,8990,22160,31150,5510,16620,22130,71000WWO
R72 12704 0013,8990,21980,30970,5510,16510,22020,71000WWO
R72 12704 0014,8220,20670,28890,5040,18400,23440,71000WWO
R72 12704 0015,8370,18740,27110,5020,9200,14220,71000WWO
R72 12704 0016,5770,56570,62340,3740,31030,34770,71000WWO
R72 12704 0017,7500,35820,43320,7500,15140,22640,71000WWO
R72 12704 0018,4200,0,4200,4200,0,4200,71000WWO
R72 12704 0019,8640,21470,30110,5300,31230,36530,71000WWO
R72 12704 0020,2500,0,2500,3750,0,3750,71000WWO
R72 12704 0021,10360,26010,36370,6410,21730,28140,71000WWO
R72 12704 0023,8720,18850,27570,5340,7670,13010,71000WWO
R72 12704 0024,8720,19970,28690,5340,13380,18720,71000WWO
R72 12704 0027,8720,24740,33460,5340,13670,19010,71000WWO
R72 12704 0028,8720,21580,30300,5340,9630,14970,71000WWO
R72 12704 0029,8720,26580,35300,5340,13610,18950,71000WWO
R72 12704 0030,8720,19870,28590,5340,8580,13920,71000WWO
R72 12704 0031,8720,23430,32150,5340,11730,17070,71000WWO
R72 12704 0032,8340,21060,29400,5100,14680,19780,71000WWO
R72 12704 0033,8720,26430,35150,5360,19870,25230,71000WWO
R72 12704 0034,8720,14410,23130,5360,11400,16760,71000WWO
R72 12704 0035,8720,25250,33970,5360,19660,25020,71000WWO
R72 12704 0036,8720,25420,34140,5360,25150,30510,71000WWO
R72 12704 0037,8720,22880,31600,5360,3070,8430,71000WWO
R72 12704 0038,8720,19630,28350,5380,5360,10740,71000WWO
R72 12704 0039,8720,27430,36150,5380,8040,13420,71000WWO
R72 12704 0040,3850,0,3850,2110,0,2110,71000WWO
R72 12704 0041,8160,23800,31960,5000,18860,23860,71000WWO
R72 12704 0042,8160,22950,31110,5000,10150,15150,71000WWO
R72 12704 0043,8160,26600,34760,5000,23500,28500,71000WWO
R72 12704 0044,8160,28340,36500,5000,22660,27660,71000WWO
R72 12704 0045,8160,25880,34040,5000,12530,17530,71000WWO
R72 12704 0046,8160,23350,31510,5000,18260,23260,71000WWO
R72 12704 0047,8000,20240,28240,4900,19070,23970,71000WWO
R72 12704 0048,7550,23400,30950,2070,0,2070,71000WWO
R72 12704 0049,4160,0,4160,2300,0,2300,71000WWO
R72 12704 0050,8320,27210,35530,5100,18840,23940,71000WWO
R72 12704 0051,8320,22950,31270,5100,17970,23070,71000WWO
R72 12704 0052,8320,20980,29300,5100,15530,20630,71000WWO
R72 12704 0053,8320,11110,19430,5100,11460,16560,71000WWO
R72 12704 0054,8320,20070,28390,5100,9770,14870,71000WWO
R72 12704 0055,4160,0,4160,2300,0,2300,71000WWO
R72 12704 0056,8320,28950,37270,5100,22340,27440,71000WWO
R72 12704 0057,8320,23000,31320,5100,6160,11260,71000WWO
R72 12704 0058,8320,29440,37760,5100,9520,14620,71000WWO
R72 12704 0059,8320,30560,38880,5100,21610,26710,71000WWO
R72 12704 0060,8320,19430,27750,5100,5300,10400,71000WWO
R72 12704 0061,7500,34620,42120,7500,27590,35090,71000WWO
R72 12705 0001,8320,32250,40570,5100,25460,30560,71000WWO
R72 12705 0002,8320,40250,48570,5100,26420,31520,71000WWO
R72 12705 0003,8320,37380,45700,5100,15490,20590,71000WWO
R72 12705 0004,8320,30230,38550,5100,23950,29050,71000WWO
R72 12705 0005,8320,34140,42460,5100,21490,26590,71000WWO
R72 12705 0006,8320,23460,31780,5100,16800,21900,71000WWO
R72 12705 0007,8320,25990,34310,5100,18900,24000,71000WWO
R72 12705 0008,8320,30800,39120,5100,21820,26920,71000WWO
R72 12705 0009,8320,31800,40120,5100,12990,18090,71000WWO
R72 12705 0010,8320,27750,36070,5100,13520,18620,71000WWO
R72 12705 0011,8320,22730,31050,5100,18350,23450,71000WWO
R72 12705 0012,8320,24980,33300,5100,21410,26510,71000WWO
R72 12705 0013,8480,28110,36590,5200,20050,25250,71000WWO
R72 12705 0014,8480,22450,30930,5200,20740,25940,71000WWO
R72 12705 0015,8480,36580,45060,5200,22050,27250,71000WWO
R72 12705 0016,8480,23480,31960,5200,14550,19750,71000WWO
R72 12705 0017,8480,29010,37490,5200,23850,29050,71000WWO
R72 12705 0018,8480,21400,29880,5200,9590,14790,71000WWO
R72 12705 0019,8480,25320,33800,2600,0,2600,71000WWO
R72 12705 0020,8480,20090,28570,5200,14990,20190,71000WWO
R72 12705 0021,8480,23010,31490,5200,20040,25240,71000WWO
R72 12705 0022,7950,26140,34090,4860,18450,23310,71000WWO
R72 12705 0023,7950,22760,30710,4860,11750,16610,71000WWO
R72 12705 0024,7950,43320,51270,4860,19360,24220,71000WWO
R72 12705 0025,7950,23240,31190,4860,17470,22330,71000WWO
R72 12705 0026,8480,31110,39590,5200,11770,16970,71000WWO
R72 12705 0027,8480,33180,41660,5200,15150,20350,71000WWO
R72 12705 0028,8480,29890,38370,5200,22690,27890,71000WWO
R72 12705 0029,8480,17610,26090,5200,17050,22250,71000WWO
R72 12705 0030,8480,19880,28360,2340,0,2340,71000WWO
R72 12705 0031,8480,25110,33590,5200,3670,8870,71000WWO
R72 12705 0032,8480,33000,41480,5200,16660,21860,71000WWO
R72 12705 0033,8480,22090,30570,5200,9760,14960,71000WWO
R72 12705 0034,8480,33570,42050,5200,23900,29100,71000WWO
R72 12705 0035,8400,41850,50250,5140,34860,40000,71000WWO
R72 12705 0036,8400,24310,32710,5140,18580,23720,71000WWO
R72 12705 0037,8400,22500,30900,5140,10960,16100,71000WWO
R72 12705 0038,8400,23920,32320,5140,12630,17770,71000WWO
R72 12705 0039,8400,19820,28220,5140,4380,9520,71000WWO
R72 12705 0040,8400,21140,29540,5140,9350,14490,71000WWO
R72 12705 0041,8400,22040,30440,5140,16440,21580,71000WWO
R72 12705 0042,8400,30880,39280,5140,23960,29100,71000WWO
R72 12705 0043,8400,22980,31380,5140,17440,22580,71000WWO
R72 12705 0044,7880,16010,23890,4810,14950,19760,71000WWO
R72 12705 0045,7880,18880,26760,4810,15060,19870,71000WWO
R72 12705 0046,7880,23870,31750,4810,17460,22270,71000WWO
R72 12705 0047,7880,26210,34090,4810,20830,25640,71000WWO
R72 12705 0048,8400,29160,37560,5140,24020,29160,71000WWO
R72 12705 0049,8400,22470,30870,5140,20170,25310,71000WWO
R72 12705 0050,8400,28070,36470,5140,14350,19490,71000WWO
R72 12705 0051,8400,21230,29630,5140,8570,13710,71000WWO
R72 12705 0052,8400,23350,31750,5140,15990,21130,71000WWO
R72 12705 0053,8400,24440,32840,5140,17230,22370,71000WWO
R72 12705 0054,8400,15380,23780,2570,0,2570,71000WWO
R72 12705 0055,8400,21270,29670,5140,7080,12220,71000WWO
R72 12705 0056,8400,35840,44240,5140,12490,17630,71000WWO
R72 12706 0004,8880,22350,31230,5500,13320,18820,71000WWO
R72 12706 0005,8880,22580,31460,5500,13900,19400,71000WWO
R72 12706 0006,8880,14530,23410,5500,7970,13470,71000WWO
R72 12706 0007,8880,18140,27020,5500,7120,12620,71000WWO
R72 12706 0008,8880,5500,14380,5500,4090,9590,71000WWO
R72 12706 0010,8160,29630,37790,5000,21840,26840,71000WWO
R72 12706 0011,8880,22850,31730,5500,27530,33030,71000WWO
R72 12706 0012,13320,26140,39460,8500,22390,30890,71000WWO
R72 12706 0014,8880,55500,64380,5500,29500,35000,71000WWO
R72 12706 0015,8880,28820,37700,5500,19640,25140,71000WWO
R72 12706 0017,8880,3470,12350,4950,0,4950,71000WWO
R72 12706 0018,6560,15480,22040,4100,10310,14410,71000WWO
R72 12706 0019,6560,24600,31160,2050,0,2050,71000WWO
R72 12706 0020,9120,32230,41350,5680,15310,20990,71000WWO
R72 12706 0021,8720,21790,30510,5360,11590,16950,71000WWO
R72 12706 0023,4960,17000,21960,3080,2430,5510,71000WWO
R72 12706 0026,9590,30240,39830,5900,24260,30160,71000WWO
R72 12706 0027,8320,22530,30850,5100,17410,22510,71000WWO
R72 12706 0028,8320,33280,41600,5100,29130,34230,71000WWO
R72 12706 0030,8160,26090,34250,5020,18250,23270,71000WWO
R72 12706 0031,8160,21350,29510,5000,14630,19630,71000WWO
R72 12706 0032,8160,26910,35070,5000,14040,19040,71000WWO
R72 12706 0033,8160,16910,25070,5000,16940,21940,71000WWO
R72 12706 0034,8160,22260,30420,5000,9020,14020,71000WWO
R72 12706 0035,8160,28930,37090,5000,13880,18880,71000WWO
R72 12706 0036,8160,27380,35540,5000,19600,24600,71000WWO
R72 12706 0037,8160,18370,26530,5000,11950,16950,71000WWO
R72 12706 0038,4080,0,4080,2250,0,2250,71000WWO
R72 12706 0039,8160,26080,34240,5000,18870,23870,71000WWO
R72 12706 0040,8160,18870,27030,5000,18420,23420,71000WWO
R72 12706 0041,4080,0,4080,2250,0,2250,71000WWO
R72 12706 0042,8160,31220,39380,5000,25440,30440,71000WWO
R72 12706 0043,8160,23080,31240,5000,17920,22920,71000WWO
R72 12706 0045,3240,0,3240,1840,0,1840,71000WWO
R72 12706 0046,6160,22860,29020,3940,10300,14240,71000WWO
R72 12706 0047,7200,28330,35530,4400,7140,11540,71000WWO
R72 12706 0048,5680,11330,17010,1870,0,1870,71000WWO
R72 12706 0049,7670,12500,20170,4290,0,4290,71000WWO
R72 12707 0002,7950,17480,25430,4860,10250,15110,71000WWO
R72 12707 0003,7950,18760,26710,4860,9490,14350,71000WWO
R72 12707 0004,7950,25400,33350,4860,13370,18230,71000WWO
R72 12707 0005,7950,25210,33160,4860,19270,24130,71000WWO
R72 12707 0007,7950,19080,27030,4860,11680,16540,71000WWO
R72 12707 0008,1990,0,1990,1220,0,1220,71000WWO
R72 12707 0009,3980,24700,28680,2430,17740,20170,71000WWO
R72 12707 0010,7950,23010,30960,4860,12190,17050,71000WWO
R72 12707 0011,7950,21880,29830,4860,12070,16930,71000WWO
R72 12707 0012,7950,23200,31150,4860,13260,18120,71000WWO
R72 12707 0013,7950,44120,52070,2430,0,2430,71000WWO
R72 12707 0014,7950,31840,39790,4860,28090,32950,71000WWO
R72 12707 0015,7950,18960,26910,4860,0,4860,71000WWO
R72 12707 0016,7950,30050,38000,4860,24340,29200,71000WWO
R72 12707 0017,7950,11300,19250,4860,17170,22030,71000WWO
R72 12707 0018,3980,0,3980,2190,0,2190,71000WWO
R72 12707 0019,7950,14500,22450,4860,5660,10520,71000WWO
R72 12707 0020,7950,18180,26130,4860,0,4860,71000WWO
R72 12707 0021,7950,19550,27500,4860,13160,18020,71000WWO
R72 12707 0022,3980,0,3980,2190,0,2190,71000WWO
R72 12707 0023,7950,22150,30100,4860,17810,22670,71000WWO
R72 12707 0024,7950,21610,29560,4860,14930,19790,71000WWO
R72 12707 0025,7950,20210,28160,4860,9310,14170,71000WWO
R72 12707 0026,7950,18860,26810,4860,8540,13400,71000WWO
R72 12707 0027,7950,22200,30150,4860,17330,22190,71000WWO
R72 12707 0028,7950,27920,35870,4860,20370,25230,71000WWO
R72 12707 0029,7950,23630,31580,4860,13610,18470,71000WWO
R72 12707 0030,7950,18940,26890,4860,11790,16650,71000WWO
R72 12707 0031,7950,18640,26590,4860,10050,14910,71000WWO
R72 12707 0032,7950,16900,24850,4860,8960,13820,71000WWO
R72 12707 0033,7950,24620,32570,4860,13620,18480,71000WWO
R72 12707 0034,7950,26570,34520,4860,13260,18120,71000WWO
R72 12707 0035,7950,21920,29870,4860,11850,16710,71000WWO
R72 12707 0036,7950,21920,29870,4860,11990,16850,71000WWO
R72 12707 0037,7950,24010,31960,4860,20410,25270,71000WWO
R72 12707 0038,7950,23090,31040,4860,10000,14860,71000WWO
R72 12707 0039,7950,17380,25330,4860,13220,18080,71000WWO
R72 12707 0040,7950,16570,24520,4860,8540,13400,71000WWO
R72 12707 0041,7950,25040,32990,4860,21810,26670,71000WWO
R72 12707 0042,7950,25340,33290,4860,13420,18280,71000WWO
R72 12707 0043,5930,20290,26220,3810,8080,11890,71000WWO
R72 12707 0044,5930,25470,31400,3810,12810,16620,71000WWO
R72 12707 0045,3980,0,3980,2190,0,2190,71000WWO
R72 12707 0046,7950,30810,38760,4860,18320,23180,71000WWO
R72 12707 0047,7950,20660,28610,2430,0,2430,71000WWO
R72 12707 0048,7950,22350,30300,4860,17170,22030,71000WWO
R72 12707 0049,7950,21680,29630,4860,6230,11090,71000WWO
R72 12707 0050,7950,5850,13800,4860,5730,10590,71000WWO
R72 12707 0051,3980,0,3980,2190,0,2190,71000WWO
R72 12707 0052,7950,26090,34040,4860,20820,25680,71000WWO
R72 12707 0053,7950,22790,30740,4860,15380,20240,71000WWO
R72 12707 0054,7950,21980,29930,4860,15290,20150,71000WWO
R72 12707 0055,7950,19750,27700,4860,8140,13000,71000WWO
R72 12707 0056,7950,38060,46010,4860,29520,34380,71000WWO
R72 12707 0057,7950,28060,36010,4860,21960,26820,71000WWO
R72 12707 0058,7950,21350,29300,4860,6090,10950,71000WWO
R72 12707 0059,7950,2050,10000,4860,1660,6520,71000WWO
R72 12707 0060,7950,19920,27870,4860,13620,18480,71000WWO
R72 12707 0061,9860,32170,42030,6080,8860,14940,71000WWO
R72 12707 0063,9860,31400,41260,6080,26060,32140,71000WWO
R72 12707 0064,7950,7740,15690,4860,15890,20750,71000WWO
R72 12707 0065,7950,21880,29830,4860,2750,7610,71000WWO
R72 12707 0066,7950,23950,31900,4860,11000,15860,71000WWO
R72 12707 0067,7600,22440,30040,4600,10580,15180,71000WWO
R72 12708 0001,8330,24160,32490,5130,17310,22440,71000WWO
R72 12708 0002,8330,31250,39580,5130,25720,30850,71000WWO
R72 12708 0003,8330,26510,34840,5130,19720,24850,71000WWO
R72 12708 0004,8330,23150,31480,5130,18730,23860,71000WWO
R72 12708 0005,8330,14920,23250,5130,9640,14770,71000WWO
R72 12708 0006,4160,0,4160,2310,0,2310,71000WWO
R72 12708 0008,8330,6090,14420,5130,3200,8330,71000WWO
R72 12708 0009,2080,3510,5590,5130,6670,11800,71000WWO
R72 12708 0010,3330,0,3330,2050,0,2050,71000WWO
R72 12708 0011,8330,23510,31840,5130,15960,21090,71000WWO
R72 12708 0012,8330,24290,32620,5130,17800,22930,71000WWO
R72 12708 0013,8330,28010,36340,5130,13260,18390,71000WWO
R72 12708 0014,8330,37100,45430,5130,23830,28960,71000WWO
R72 12708 0015,8330,37100,45430,5130,23830,28960,71000WWO
R72 12708 0016,8330,37100,45430,5130,23830,28960,71000WWO
R72 12708 0017,8330,28690,37020,5130,16940,22070,71000WWO
R72 12708 0018,8330,25220,33550,5130,22350,27480,71000WWO
R72 12708 0020,8330,21300,29630,5130,16810,21940,71000WWO
R72 12708 0021,8330,23250,31580,5130,18250,23380,71000WWO
R72 12708 0022,8330,28680,37010,5130,12150,17280,71000WWO
R72 12708 0023,8250,37520,45770,5040,7970,13010,71000WWO
R72 12708 0024,8250,24260,32510,5040,20520,25560,71000WWO
R72 12708 0025,8180,31750,39930,5000,10270,15270,71000WWO
R72 12708 0026,8250,28130,36380,5040,17760,22800,71000WWO
R72 12708 0027,8250,33130,41380,5040,23730,28770,71000WWO
R72 12708 0028,8250,34020,42270,5040,25770,30810,71000WWO
R72 12708 0029,8250,5680,13930,5060,17760,22820,71000WWO
R72 12708 0030,8250,33510,41760,5040,24530,29570,71000WWO
R72 12708 0032,8250,26560,34810,5040,21670,26710,71000WWO
R72 12708 0034,8250,9380,17630,5040,20230,25270,71000WWO
R72 12708 0035,8250,24390,32640,5040,0,5040,71000WWO
R72 12708 0036,4130,0,4130,2270,0,2270,71000WWO
R72 12708 0037,8250,33410,41660,5040,28030,33070,71000WWO
R72 12708 0038,8250,22510,30760,5040,20160,25200,71000WWO
R72 12708 0039,8250,36850,45100,5040,0,5040,71000WWO
R72 12708 0041,8250,31930,40180,5040,13510,18550,71000WWO
R72 12708 0042,8250,25150,33400,5040,9250,14290,71000WWO
R72 12708 0043,8250,27440,35690,5040,23290,28330,71000WWO
R72 12708 0044,8250,19080,27330,5040,14150,19190,71000WWO
R72 12708 0046,7950,31410,39360,4860,21460,26320,71000WWO
R72 12708 0047,7950,11360,19310,2190,0,2190,71000WWO
R72 12708 0048,7950,25740,33690,4860,7080,11940,71000WWO
R72 12708 0049,7950,31410,39360,4860,22440,27300,71000WWO
R72 12708 0050,7950,33420,41370,4860,11280,16140,71000WWO
R72 12708 0051,7950,25010,32960,4860,13080,17940,71000WWO
R72 12708 0052,7950,21550,29500,4860,15810,20670,71000WWO
R72 12708 0053,7950,28090,36040,4860,22380,27240,71000WWO
R72 12708 0055,7950,32910,40860,4860,26970,31830,71000WWO
R72 12708 0056,7950,20680,28630,4860,18930,23790,71000WWO
R72 12708 0057,7950,26810,34760,4860,20450,25310,71000WWO
R72 12708 0058,7950,32610,40560,4860,24450,29310,71000WWO
R72 12708 0059,7950,34490,42440,4860,22400,27260,71000WWO
R72 12708 0060,7950,34530,42480,4860,15310,20170,71000WWO
R72 12708 0061,3980,0,3980,2190,0,2190,71000WWO
R72 12708 0062,7950,26070,34020,4860,21840,26700,71000WWO
R72 12708 0063,7950,28820,36770,4860,23310,28170,71000WWO
R72 12708 0064,7950,31530,39480,4860,28860,33720,71000WWO
R72 12708 0065,7950,35160,43110,4860,16960,21820,71000WWO
R72 12708 0066,3980,0,3980,2190,0,2190,71000WWO
R72 12709 0001,8180,18260,26440,4990,10660,15650,71000WWO
R72 12709 0002,8180,29010,37190,4990,15710,20700,71000WWO
R72 12709 0006,8180,20170,28350,4990,17750,22740,71000WWO
R72 12709 0007,8100,25810,33910,4950,15530,20480,71000WWO
R72 12709 0008,8100,16970,25070,4970,8680,13650,71000WWO
R72 12709 0009,8100,17190,25290,4950,8770,13720,71000WWO
R72 12709 0010,2630,0,2630,610,0,610,71000WWO
R72 12709 0011,8100,25290,33390,4950,12420,17370,71000WWO
R72 12709 0013,8100,13310,21410,4950,6440,11390,71000WWO
R72 12709 0014,8100,23060,31160,4950,9910,14860,71000WWO
R72 12709 0015,8100,15220,23320,4930,5530,10460,71000WWO
R72 12709 0017,8100,27320,35420,4930,24860,29790,71000WWO
R72 12709 0019,8100,38870,46970,4930,17300,22230,71000WWO
R72 12709 0020,8100,29190,37290,4930,26960,31890,71000WWO
R72 12709 0021,8100,16880,24980,4930,8530,13460,71000WWO
R72 12709 0022,8100,19270,27370,4930,17330,22260,71000WWO
R72 12709 0023,8240,27340,35580,5040,23250,28290,71000WWO
R72 12709 0026,8240,21970,30210,5040,12950,17990,71000WWO
R72 12709 0029,8240,2610,10850,5040,3420,8460,71000WWO
R72 12709 0032,4170,0,4170,2300,0,2300,71000WWO
R72 12709 0033,8340,30720,39060,5100,15850,20950,71000WWO
R72 12709 0034,8340,2490,10830,5100,3270,8370,71000WWO
R72 12709 0035,8340,20150,28490,5100,18000,23100,71000WWO
R72 12709 0036,8340,25770,34110,5100,15970,21070,71000WWO
R72 12709 0037,4170,1870,6040,2300,0,2300,71000WWO
R72 12709 0038,8340,26590,34930,5100,16540,21640,71000WWO
R72 12709 0039,8340,18980,27320,5100,16260,21360,71000WWO
R72 12709 0040,8340,21550,29890,5100,12900,18000,71000WWO
R72 12709 0041,8340,19520,27860,5100,17490,22590,71000WWO
R72 12709 0042,8340,15520,23860,5100,10220,15320,71000WWO
R72 12709 0043,8340,21910,30250,5100,14150,19250,71000WWO
R72 12709 0044,8340,17760,26100,5100,13800,18900,71000WWO
R72 12709 0045,3490,0,3490,1930,0,1930,71000WWO
R72 12709 0046,4100,0,4100,2260,0,2260,71000WWO
R72 12709 0048,7600,23930,31530,4640,22690,27330,71000WWO
R72 12709 0051,7600,19940,27540,4640,11870,16510,71000WWO
R72 12709 0054,7600,22880,30480,4640,35020,39660,71000WWO
R72 12709 0057,7600,19870,27470,4640,20580,25220,71000WWO
R72 12709 0060,7600,21020,28620,2320,0,2320,71000WWO
R72 12709 0063,7600,22310,29910,4640,12590,17230,71000WWO
R72 12709 0066,8080,22440,30520,4910,15860,20770,71000WWO
R72 12709 0067,7600,19250,26850,4640,12210,16850,71000WWO
R72 12709 0069,7600,25580,33180,4640,17370,22010,71000WWO
R72 12709 0071,7600,19210,26810,4640,16380,21020,71000WWO
R72 12709 0073,7600,17760,25360,4640,8970,13610,71000WWO
R72 12709 0074,7600,21960,29560,4640,37350,41990,71000WWO
R72 12709 0075,7600,18960,26560,4640,17050,21690,71000WWO
R72 12709 0076,7600,22450,30050,4640,22470,27110,71000WWO
R72 12709 0077,7600,21850,29450,4640,20920,25560,71000WWO
R72 12709 0078,7600,18000,25600,4640,17460,22100,71000WWO
R72 12709 0079,7600,21240,28840,4640,13430,18070,71000WWO
R72 12709 0081,7600,19750,27350,4640,17600,22240,71000WWO
R72 12709 0083,8080,19350,27430,4910,17400,22310,71000WWO
R72 12709 0084,7600,19300,26900,4640,17360,22000,71000WWO
R72 12709 0085,7600,15580,23180,4640,11880,16520,71000WWO
R72 12709 0087,7600,20670,28270,4640,12020,16660,71000WWO
R72 12709 0089,7510,15370,22880,4590,11500,16090,71000WWO
R72 12709 0090,8840,31600,40440,5340,22620,27960,71000WWO
R72 12709 0091,8840,26800,35640,5340,14710,20050,71000WWO
R72 12709 0092,8840,27310,36150,5340,60500,65840,71000WWO
R72 12709 0093,8840,21920,30760,5340,18630,23970,71000WWO
R72 12709 0094,8840,22350,31190,5340,20060,25400,71000WWO
R72 12709 0095,8840,28070,36910,5340,22840,28180,71000WWO
R72 12709 0096,8740,20570,29310,5260,12210,17470,71000WWO
R72 12709 0099,8790,28210,37000,5370,18230,23600,71000WWO
R72 12709 0100,8280,19480,27760,5080,11080,16160,71000WWO
R72 12709 0101,8590,20480,29070,5270,11590,16860,71000WWO
R72 12709 0107,390,0,390,260,0,260,71000WWO
R72 12710 0001,7950,31720,39670,4870,22610,27480,71000WWO
R72 12710 0002,8040,27420,35460,4890,15350,20240,71000WWO
R72 12710 0004,8020,39850,47870,4900,28520,33420,71000WWO
R72 12710 0005,8000,31830,39830,4880,27620,32500,71000WWO
R72 12710 0010,4030,0,4030,2230,0,2230,71000WWO
R72 12710 0011,8030,34890,42920,4910,21500,26410,71000WWO
R72 12710 0012,8030,28300,36330,4930,12850,17780,71000WWO
R72 12710 0013,8010,0,8010,4910,0,4910,71000WWO
R72 12710 0014,8010,30810,38820,4920,16980,21900,71000WWO
R72 12710 0016,8160,32060,40220,4980,13170,18150,71000WWO
R72 12710 0019,8240,38360,46600,5050,10150,15200,71000WWO
R72 12710 0020,8320,47080,55400,5090,10900,15990,71000WWO
R72 12710 0021,8320,30780,39100,5090,15980,21070,71000WWO
R72 12710 0022,8320,29860,38180,5070,14020,19090,71000WWO
R72 12710 0024,8320,38020,46340,5070,28270,33340,71000WWO
R72 12710 0025,8320,23130,31450,5070,0,5070,71000WWO
R72 12710 0026,8320,34880,43200,5070,15760,20830,71000WWO
R72 12710 0027,8320,34350,42670,5070,26340,31410,71000WWO
R72 12710 0028,8320,27810,36130,5070,22170,27240,71000WWO
R72 12710 0029,8240,22340,30580,5050,4070,9120,71000WWO
R72 12710 0030,8240,38710,46950,5050,25250,30300,71000WWO
R72 12710 0031,8240,41530,49770,5050,22570,27620,71000WWO
R72 12710 0032,8240,33170,41410,5050,13370,18420,71000WWO
R72 12710 0033,8240,30980,39220,5050,13580,18630,71000WWO
R72 12710 0036,8240,38300,46540,5030,24310,29340,71000WWO
R72 12710 0037,8240,32680,40920,5030,14600,19630,71000WWO
R72 12710 0038,8240,30990,39230,5030,17650,22680,71000WWO
R72 12710 0039,8240,21550,29790,5030,15010,20040,71000WWO
R72 12710 0040,5240,0,5240,2930,0,2930,71000WWO
R72 12710 0044,7470,0,7470,4320,0,4320,71000WWO
R72 12711 0001,7600,31410,39010,4660,14650,19310,71000WWO
R72 12711 0002,7700,30170,37870,4720,29480,34200,71000WWO
R72 12711 0003,3080,0,3080,1890,0,1890,71000WWO
R72 12711 0004,7700,26730,34430,4720,22650,27370,71000WWO
R72 12711 0005,3850,0,3850,2120,0,2120,71000WWO
R72 12711 0006,7700,33640,41340,4720,20590,25310,71000WWO
R72 12711 0007,7600,42970,50570,4660,27830,32490,71000WWO
R72 12711 0008,7700,35650,43350,4720,24160,28880,71000WWO
R72 12711 0009,7700,37280,44980,4720,27570,32290,71000WWO
R72 12711 0010,3080,0,3080,1890,0,1890,71000WWO
R72 12711 0011,7700,28840,36540,4720,6370,11090,71000WWO
R72 12711 0012,7700,11300,19000,4720,25170,29890,71000WWO
R72 12711 0013,7700,29660,37360,4720,14500,19220,71000WWO
R72 12711 0014,7700,33380,41080,4720,16900,21620,71000WWO
R72 12711 0015,7600,28290,35890,4660,14550,19210,71000WWO
R72 12711 0016,7700,31620,39320,4720,6720,11440,71000WWO
R72 12711 0017,7700,23210,30910,4720,8520,13240,71000WWO
R72 12711 0018,7800,32140,39940,4780,14750,19530,71000WWO
R72 12711 0020,7800,29210,37010,4780,16510,21290,71000WWO
R72 12711 0021,7800,8130,15930,4780,14390,19170,71000WWO
R72 12711 0022,7800,34320,42120,4780,17250,22030,71000WWO
R72 12711 0023,7800,29350,37150,4780,23970,28750,71000WWO
R72 12711 0024,7700,28810,36510,4720,26380,31100,71000WWO
R72 12711 0025,7700,33600,41300,4720,13700,18420,71000WWO
R72 12711 0026,3850,0,3850,2120,0,2120,71000WWO
R72 12711 0027,3850,0,3850,2120,0,2120,71000WWO
R72 12711 0028,3850,0,3850,2120,0,2120,71000WWO
R72 12711 0029,7700,30760,38460,4720,28860,33580,71000WWO
R72 12711 0030,7700,33990,41690,4720,28490,33210,71000WWO
R72 12711 0033,7700,31310,39010,4720,23920,28640,71000WWO
R72 12711 0034,7700,25770,33470,4720,8320,13040,71000WWO
R72 12711 0035,7700,44640,52340,4720,27820,32540,71000WWO
R72 12711 0036,7700,33350,41050,4720,28030,32750,71000WWO
R72 12711 0037,7700,40300,48000,4720,27630,32350,71000WWO
R72 12711 0038,7700,36150,43850,4720,29280,34000,71000WWO
R72 12711 0039,7700,35310,43010,4720,27790,32510,71000WWO
R72 12711 0040,7600,34950,42550,4660,21690,26350,71000WWO
R72 12711 0041,8620,38670,47290,5350,17500,22850,71000WWO
R72 12711 0042,8620,38970,47590,5350,23840,29190,71000WWO
R72 12711 0043,8620,31380,40000,5350,16470,21820,71000WWO
R72 12711 0044,8620,41640,50260,5350,16590,21940,71000WWO
R72 12711 0045,8620,38920,47540,5350,24140,29490,71000WWO
R72 12711 0047,8620,37530,46150,5350,25570,30920,71000WWO
R72 12711 0048,8620,25920,34540,5350,15120,20470,71000WWO
R72 12711 0049,8620,25980,34600,5350,11710,17060,71000WWO
R72 12711 0050,8620,28280,36900,5350,14420,19770,71000WWO
R72 12711 0051,8620,31280,39900,5350,14300,19650,71000WWO
R72 12711 0052,8620,35750,44370,2410,0,2410,71000WWO
R72 12711 0057,8620,31290,39910,5350,6840,12190,71000WWO
R72 12711 0058,8740,35820,44560,5430,14710,20140,71000WWO
R72 12711 0059,4370,0,4370,2440,0,2440,71000WWO
R72 12711 0060,8620,34710,43330,5350,24250,29600,71000WWO
R72 12711 0061,11540,43850,55390,7350,22800,30150,71000WWO
R72 12711 0062,10700,33940,44640,6520,17040,23560,71000WWO
R72 12711 0063,5550,0,5550,3040,0,3040,71000WWO
R72 12802 0001,10230,17890,28120,5710,0,5710,71000WWO
R72 12802 0002,8800,32530,41330,5400,20000,25400,71000WWO
R72 12802 0003,4400,0,4400,2430,0,2430,71000WWO
R72 12802 0004,3300,0,3300,2030,0,2030,71000WWO
R72 12802 0005,8800,33760,42560,5400,24610,30010,71000WWO
R72 12802 0006,4400,0,4400,2430,0,2430,71000WWO
R72 12802 0007,8800,29790,38590,5400,3920,9320,71000WWO
R72 12802 0008,8800,36880,45680,5400,27190,32590,71000WWO
R72 12802 0009,8800,22790,31590,4050,0,4050,71000WWO
R72 12802 0010,8800,21000,29800,5400,14060,19460,71000WWO
R72 12802 0011,4400,0,4400,2430,0,2430,71000WWO
R72 12802 0012,8800,19660,28460,5400,16780,22180,71000WWO
R72 12802 0013,8800,24740,33540,5400,24940,30340,71000WWO
R72 12802 0014,8800,22750,31550,5400,20490,25890,71000WWO
R72 12802 0015,8800,22600,31400,5400,16810,22210,71000WWO
R72 12802 0016,8800,18580,27380,5400,13580,18980,71000WWO
R72 12802 0017,8800,31180,39980,5400,23810,29210,71000WWO
R72 12802 0018,8800,20560,29360,5400,65430,70830,71000WWO
R72 12802 0019,4400,0,4400,2430,0,2430,71000WWO
R72 12802 0020,8800,25240,34040,5400,17640,23040,71000WWO
R72 12802 0021,8800,22450,31250,4860,0,4860,71000WWO
R72 12802 0022,8800,22230,31030,5400,13420,18820,71000WWO
R72 12802 0023,8800,23320,32120,5400,15280,20680,71000WWO
R72 12802 0024,8800,30000,38800,5400,16710,22110,71000WWO
R72 12802 0025,8800,25580,34380,5400,11530,16930,71000WWO
R72 12802 0026,8800,22740,31540,5400,8660,14060,71000WWO
R72 12802 0027,8800,7960,16760,5400,0,5400,71000WWO
R72 12802 0028,8800,2060,10860,2700,0,2700,71000WWO
R72 12802 0029,8800,29550,38350,5400,14080,19480,71000WWO
R72 12802 0030,8800,15920,24720,5400,16070,21470,71000WWO
R72 12802 0031,8640,22780,31420,5320,12590,17910,71000WWO
R72 12802 0032,10450,21110,31560,6490,13670,20160,71000WWO
R72 12802 0033,8800,17020,25820,5400,7840,13240,71000WWO
R72 12802 0034,8800,38260,47060,5400,29230,34630,71000WWO
R72 12802 0035,4400,0,4400,2430,0,2430,71000WWO
R72 12802 0036,8800,29940,38740,5400,20850,26250,71000WWO
R72 12802 0037,8800,15980,24780,4860,0,4860,71000WWO
R72 12802 0038,8800,3630,12430,2700,0,2700,71000WWO
R72 12802 0039,4400,0,4400,2430,0,2430,71000WWO
R72 12802 0040,8800,31150,39950,5400,22730,28130,71000WWO
R72 12802 0041,4400,0,4400,2430,0,2430,71000WWO
R72 12802 0042,8800,45550,54350,5400,31590,36990,71000WWO
R72 12802 0043,4400,0,4400,2430,0,2430,71000WWO
R72 12802 0044,4400,0,4400,2430,0,2430,71000WWO
R72 12802 0045,4400,0,4400,5400,0,5400,71000WWO
R72 12802 0047,8800,0,8800,5440,0,5440,71000WWO
R72 12803 0004,8940,17450,26390,5500,3540,9040,71000WWO
R72 12803 0005,8940,21280,30220,5480,14150,19630,71000WWO
R72 12803 0006,8860,14670,23530,5460,16030,21490,71000WWO
R72 12803 0008,8800,27530,36330,5400,12990,18390,71000WWO
R72 12803 0009,8800,20800,29600,5400,4770,10170,71000WWO
R72 12803 0010,8800,30620,39420,5400,14750,20150,71000WWO
R72 12803 0011,8800,29000,37800,5400,26730,32130,71000WWO
R72 12803 0012,8800,35980,44780,5400,25980,31380,71000WWO
R72 12803 0021,8800,14270,23070,5400,3020,8420,71000WWO
R72 12803 0022,4400,0,4400,2430,0,2430,71000WWO
R72 12803 0023,8800,2890,11690,5400,11250,16650,71000WWO
R72 12803 0024,8800,23540,32340,5400,19100,24500,71000WWO
R72 12803 0025,8800,29940,38740,5400,24410,29810,71000WWO
R72 12803 0026,8800,27730,36530,5400,17460,22860,71000WWO
R72 12803 0027,8800,24670,33470,5400,20290,25690,71000WWO
R72 12803 0028,8800,33350,42150,5400,15750,21150,71000WWO
R72 12803 0029,4400,0,4400,2430,0,2430,71000WWO
R72 12803 0030,8800,28200,37000,5400,14780,20180,71000WWO
R72 12803 0031,8800,32430,41230,5400,24160,29560,71000WWO
R72 12803 0032,8800,26860,35660,5400,16140,21540,71000WWO
R72 12803 0033,8800,23650,32450,5400,13970,19370,71000WWO
R72 12803 0034,8800,16610,25410,5400,3560,8960,71000WWO
R72 12803 0035,8800,24370,33170,5400,6290,11690,71000WWO
R72 12803 0036,4400,0,4400,2430,0,2430,71000WWO
R72 12803 0037,8800,20900,29700,5400,3040,8440,71000WWO
R72 12804 0002,8640,22040,30680,5300,16650,21950,71000WWO
R72 12804 0003,8640,20260,28900,5300,14730,20030,71000WWO
R72 12804 0004,8640,26160,34800,5300,12990,18290,71000WWO
R72 12804 0005,8640,21780,30420,5300,14630,19930,71000WWO
R72 12804 0006,8640,35990,44630,5300,11890,17190,71000WWO
R72 12804 0007,8640,38600,47240,5300,22950,28250,71000WWO
R72 12804 0008,8640,31040,39680,5300,12820,18120,71000WWO
R72 12804 0017,8800,21650,30450,5400,27940,33340,71000WWO
R72 12804 0020,8800,36990,45790,2700,0,2700,71000WWO
R72 12804 0021,4400,0,4400,2430,0,2430,71000WWO
R72 12804 0022,3630,0,3630,1970,0,1970,71000WWO
R72 12804 0023,10050,19670,29720,4420,5360,9780,71000WWO
R72 12804 0024,5920,0,5920,3370,0,3370,71000WWO
R72 12804 0025,4400,0,4400,2430,0,2430,71000WWO
R72 12804 0028,8800,18090,26890,5400,16950,22350,71000WWO
R72 12804 0029,8800,20010,28810,5400,9940,15340,71000WWO
R72 12804 0030,8800,19220,28020,5400,7920,13320,71000WWO
R72 12804 0031,9520,23770,33290,5940,19950,25890,71000WWO
R72 12804 0033,9860,18610,28470,6170,8040,14210,71000WWO
R72 12804 0034,11310,28870,40180,7170,17560,24730,71000WWO
R72 12804 0036,9520,34880,44400,5940,23970,29910,71000WWO
R72 12804 0037,8960,21810,30770,5560,12860,18420,71000WWO
R72 12804 0039,8960,20810,29770,5560,12050,17610,71000WWO
R72 12804 0040,4480,0,4480,2500,0,2500,71000WWO
R72 12804 0042,8180,31570,39750,5020,20830,25850,71000WWO
R72 12804 0044,13430,27330,40760,8620,28020,36640,71000WWO
R72 12804 0046,8990,29460,38450,5580,26770,32350,71000WWO
R72 12804 0047,11110,24560,35670,7010,15980,22990,71000WWO
R72 12804 0048,12650,35350,48000,8050,21710,29760,71000WWO
R72 12804 0049,9410,35110,44520,5870,25530,31400,71000WWO
R72 12804 0051,9300,20730,30030,5790,15900,21690,71000WWO
R72 12804 0052,9740,19930,29670,6100,14490,20590,71000WWO
R72 12805 0001,6840,25410,32250,4330,14410,18740,72000RES
R72 12805 0002,6840,36650,43490,4330,24320,28650,72000RES
R72 12805 0012,10610,29070,39680,6560,34290,40850,71000WWO
R72 12805 0013,7880,24300,32180,4830,13080,17910,71000WWO
R72 12805 0015,7370,23310,30680,2230,0,2230,71000WWO
R72 12805 0016,3910,0,3910,2140,0,2140,71000WWO
R72 12805 0017,7350,20250,27600,4500,11380,15880,71000WWO
R72 12805 0018,6300,0,6300,3520,0,3520,71000WWO
R72 12805 0020,4310,0,4310,2380,0,2380,71000WWO
R72 12805 0021,11110,47670,58780,6920,44360,51280,71000WWO
R72 12805 0022,11110,36560,47670,6920,41610,48530,71000WWO
R72 12805 0023,11110,61370,72480,6920,25420,32340,71000WWO
R72 12805 0025,7150,12730,19880,4310,6930,11240,71000WWO
R72 12805 0026,9570,21940,31510,5910,12670,18580,71000WWO
R72 12805 0027,9900,5070,14970,6130,0,6130,71000WWO
R72 12805 0028,11110,24900,36010,6920,11710,18630,71000WWO
R72 12805 0029,11110,18850,29960,6920,16820,23740,71000WWO
R72 12805 0031,11110,24470,35580,6920,17640,24560,71000WWO
R72 12805 0032,11110,56570,67680,6920,36640,43560,71000WWO
R72 12805 0033,11110,31740,42850,6920,24820,31740,71000WWO
R72 12805 0034,1200,0,1200,340,0,340,71000WWO
R72 12805 0035,11110,16070,27180,6920,21060,27980,71000WWO
R72 12805 0036,11110,56570,67680,6920,33970,40890,71000WWO
R72 12805 0041,11110,25220,36330,3120,0,3120,71000WWO
R72 12805 0044,14310,24340,38650,9180,11910,21090,71000WWO
R72 12806 0011,3730,0,3730,2050,0,2050,71000WWO
R72 12806 0012,9450,3530,12980,2910,0,2910,71000WWO
R72 12806 0017,5300,0,5300,2950,0,2950,71000WWO
R72 12806 0018,4250,0,4250,2350,0,2350,71000WWO
R72 12806 0019,4400,0,4400,2430,0,2430,71000WWO
R72 12806 0020,13420,8090,21510,3800,0,3800,71000WWO
R72 12806 0023,11110,36950,48060,6920,18110,25030,71000WWO
R72 12806 0024,5560,0,5560,3120,0,3120,71000WWO
R72 12806 0025,5450,0,5450,3050,0,3050,71000WWO
R72 12806 0026,5500,0,5500,3090,0,3090,71000WWO
R72 12806 0027,4950,0,4950,2760,0,2760,71000WWO
R72 12806 0028,9240,23600,32840,5690,12940,18630,71000WWO
R72 12806 0030,3740,0,3740,2040,0,2040,71000WWO
R72 12806 0031,1570,0,1570,930,0,930,71000WWO
R72 12806 0032,14190,20990,35180,8950,17870,26820,71000WWO
R72 12806 0033,11110,19580,30690,6920,14970,21890,71000WWO
R72 12806 0034,7810,38340,46150,4750,7820,12570,71000WWO
R72 12806 0035,7810,20960,28770,4750,13840,18590,71000WWO
R72 12806 0038,9570,29480,39050,5910,14110,20020,71000WWO
R72 12806 0040,9570,23500,33070,5910,24030,29940,71000WWO
R72 12807 0001,5560,0,5560,3120,0,3120,71000WWO
R72 12807 0003,11110,30590,41700,6920,25080,32000,71000WWO
R72 12807 0004,5560,0,5560,3120,0,3120,71000WWO
R72 12807 0005,12320,45660,57980,7720,20610,28330,71000WWO
R72 12807 0006,9900,15050,24950,6130,16560,22690,71000WWO
R72 12807 0007,7810,14590,22400,4750,10390,15140,71000WWO
R72 12807 0008,3910,27020,30930,4750,12500,17250,71000WWO
R72 12807 0009,1400,0,1400,820,0,820,71000WWO
R72 12807 0010,9900,26890,36790,6130,11160,17290,71000WWO
R72 12807 0011,3910,0,3910,2140,0,2140,71000WWO
R72 12807 0013,9020,26730,35750,2500,0,2500,71000WWO
R72 12807 0014,8250,50730,58980,5040,30740,35780,71000WWO
R72 12807 0018,9020,45050,54070,5550,30370,35920,71000WWO
R72 12807 0019,11330,44230,55560,7070,34170,41240,71000WWO
R72 12807 0020,11330,31170,42500,7070,21060,28130,71000WWO
R72 12807 0021,11330,36780,48110,7070,18300,25370,71000WWO
R72 12807 0022,9020,16610,25630,5550,14910,20460,71000WWO
R72 12807 0023,9130,16610,25740,5620,7330,12950,71000WWO
R72 12807 0024,8360,22010,30370,5110,9830,14940,71000WWO
R72 12807 0025,9900,20730,30630,6130,16460,22590,71000WWO
R72 12807 0027,10560,18060,28620,6560,15070,21630,71000WWO
R72 12807 0028,11660,18170,29830,7290,16240,23530,71000WWO
R72 12807 0029,11110,39680,50790,6920,25830,32750,71000WWO
R72 12807 0030,11110,30540,41650,6920,20600,27520,71000WWO
R72 12807 0031,11110,20610,31720,6920,16160,23080,71000WWO
R72 12807 0032,12100,35250,47350,7580,33540,41120,71000WWO
R72 12807 0033,10120,42450,52570,6270,44180,50450,71000WWO
R72 12807 0034,10670,49460,60130,6630,37110,43740,71000WWO
R72 12807 0035,11110,38930,50040,6920,29830,36750,71000WWO
R72 12807 0036,8580,38580,47160,5260,28060,33320,71000WWO
R72 12807 0037,7260,26250,33510,4390,22670,27060,71000WWO
R72 12807 0038,9020,23820,32840,5550,19160,24710,71000WWO
R72 12807 0039,9020,30680,39700,5550,23720,29270,71000WWO
R72 12807 0041,9020,26770,35790,5550,21350,26900,71000WWO
R72 12807 0042,7480,22630,30110,4530,3800,8330,71000WWO
R72 12807 0043,8250,38670,46920,5040,24680,29720,71000WWO
R72 12807 0044,11330,3250,14580,7070,4250,11320,71000WWO
R72 12807 0045,11330,29920,41250,7070,22680,29750,71000WWO
R72 12807 0046,11330,32000,43330,7070,15430,22500,71000WWO
R72 12807 0047,11330,25460,36790,7070,20220,27290,71000WWO
R72 12807 0050,9020,18420,27440,5550,13590,19140,71000WWO
R72 12807 0054,2480,1650,4130,1290,0,1290,71000WWO
R72 12807 0055,4700,25020,29720,2760,22640,25400,71000WWO
R72 12808 0001,11110,46290,57400,6920,26250,33170,71000WWO
R72 12808 0002,8800,19220,28020,5400,0,5400,71000WWO
R72 12808 0003,8800,16830,25630,5400,12740,18140,71000WWO
R72 12808 0005,8800,25580,34380,2700,0,2700,71000WWO
R72 12808 0006,580,0,580,330,0,330,71000WWO
R72 12808 0007,11110,21920,33030,6920,23650,30570,71000WWO
R72 12808 0008,11110,24930,36040,6920,12680,19600,71000WWO
R72 12808 0009,9900,34720,44620,6130,28430,34560,71000WWO
R72 12808 0010,8360,24690,33050,5110,19040,24150,71000WWO
R72 12808 0012,8360,26190,34550,5110,18250,23360,71000WWO
R72 12808 0013,10010,14200,24210,6200,22620,28820,71000WWO
R72 12808 0014,11110,28040,39150,6920,22270,29190,71000WWO
R72 12808 0015,11110,20680,31790,6920,16220,23140,71000WWO
R72 12808 0016,11110,27840,38950,6920,10300,17220,71000WWO
R72 12808 0017,11110,21690,32800,6920,14190,21110,71000WWO
R72 12808 0018,9460,24910,34370,5840,19100,24940,71000WWO
R72 12808 0020,10560,34180,44740,6560,25420,31980,71000WWO
R72 12808 0021,8210,48660,56870,5020,35080,40100,71000WWO
R72 12808 0025,4590,0,4590,2540,0,2540,71000WWO
R72 12808 0026,9500,56440,65940,5860,37490,43350,71000WWO
R72 12808 0028,9330,0,9330,5830,0,5830,71000WWO
R72 12808 0029,11660,28960,40620,7290,24200,31490,71000WWO
R72 12808 0030,4020,0,4020,2200,0,2200,71000WWO
R72 12808 0031,4020,0,4020,2200,0,2200,71000WWO
R72 12808 0032,8690,20380,29070,4000,0,4000,71000WWO
R72 12808 0034,10340,36770,47110,6420,22790,29210,71000WWO
R72 12808 0035,3910,0,3910,2150,0,2150,71000WWO
R72 12808 0036,9240,7080,16320,2560,0,2560,71000WWO
R72 12808 0037,3360,0,3360,1810,0,1810,71000WWO
R72 12808 0038,6600,22670,29270,3950,16510,20460,71000WWO
R72 12808 0039,11110,25670,36780,6920,19640,26560,71000WWO
R72 12808 0040,11110,23650,34760,6230,0,6230,71000WWO
R72 12808 0041,4440,0,4440,2770,0,2770,71000WWO
R72 12808 0042,10780,16430,27210,6710,13880,20590,71000WWO
R72 12808 0046,4320,0,4320,2390,0,2390,71000WWO
R72 12808 0051,8910,54430,63340,5470,39830,45300,71000WWO
R72 12808 0052,9460,25410,34870,5840,19610,25450,71000WWO
R72 12808 0054,9460,18180,27640,5840,13390,19230,71000WWO
R72 12808 0055,8690,20300,28990,5330,13510,18840,71000WWO
R72 12808 0056,8800,33880,42680,5400,26770,32170,71000WWO
R72 12809 0022,3240,0,3240,2390,0,2390,82000ARL
R72 12809 0023,3360,0,3360,2480,0,2480,82000ARL
R72 12809 0034,3240,0,3240,2390,0,2390,82000ARL
R72 12810 0006,7560,16560,24120,4600,2820,7420,71000WWO
R72 12810 0007,7560,38880,46440,4600,28430,33030,71000WWO
R72 12810 0013,9180,3660,12840,2830,0,2830,71000WWO
R72 12810 0014,6560,0,6560,2690,0,2690,82000ARL
R72 12810 0016,8210,63600,71810,5020,35620,40640,71000WWO
R72 12810 0020,8210,31400,39610,5020,23830,28850,71000WWO
R72 12810 0023,6480,24240,30720,5300,22340,27640,82000ARL
R72 12810 0024,6480,25910,32390,5300,17940,23240,82000ARL
R72 12810 0032,6480,56900,63380,5300,68150,73450,82000ARL
R72 12810 0033,6160,41960,48120,5020,35290,40310,82000ARL
R72 12810 0034,6800,35670,42470,5580,40460,46040,82000ARL
R72 12810 0036,6480,48250,54730,5300,49420,54720,82000ARL
R72 12901 0001,7420,39380,46800,4740,23190,27930,72000RES
R72 12901 0002,6980,34440,41420,4460,20160,24620,72000RES
R72 12901 0003,7250,37890,45140,4600,27020,31620,72000RES
R72 12901 0004,7200,29530,36730,4620,18430,23050,72000RES
R72 12901 0005,7430,41920,49350,4740,24370,29110,72000RES
R72 12901 0006,7580,36170,43750,4860,25360,30220,72000RES
R72 12901 0007,7650,39830,47480,4920,20910,25830,72000RES
R72 12901 0008,7650,37460,45110,4900,25910,30810,72000RES
R72 12901 0014,8250,34710,42960,5320,26560,31880,72000RES
R72 12901 0015,8480,34150,42630,5500,22140,27640,72000RES
R72 12901 0016,8330,53900,62230,5400,36560,41960,72000RES
R72 12901 0017,8330,34370,42700,5400,24490,29890,72000RES
R72 12901 0018,8330,33730,42060,5400,31510,36910,72000RES
R72 12901 0019,7580,39580,47160,4860,23930,28790,72000RES
R72 12901 0020,8350,38140,46490,5370,24870,30240,72000RES
R72 12901 0021,8980,39040,48020,5920,22570,28490,72000RES
R72 12901 0022,8980,31180,40160,5920,20510,26430,72000RES
R72 12901 0023,8980,37020,46000,5920,19060,24980,72000RES
R72 12901 0024,8350,34690,43040,5370,20760,26130,72000RES
R72 12901 0025,8000,42120,50120,6400,32690,39090,72000RES
R72 12901 0026,8000,50050,58050,6400,33820,40220,72000RES
R72 12901 0027,8000,46480,54480,6400,33640,40040,72000RES
R72 12901 0028,9400,36250,45650,6320,25700,32020,72000RES
R72 12901 0029,9400,32660,42060,6320,20330,26650,72000RES
R72 12901 0030,9400,38250,47650,6320,29190,35510,72000RES
R72 12901 0031,9400,36750,46150,6290,20820,27110,72000RES
R72 12901 0032,9400,38830,48230,6290,26160,32450,72000RES
R72 12901 0033,9400,35920,45320,6250,26500,32750,72000RES
R72 12901 0034,9320,38300,47620,6180,26360,32540,72000RES
R72 12901 0035,9240,32910,42150,6080,24740,30820,72000RES
R72 12901 0036,9070,34360,43430,5940,22510,28450,72000RES
R72 12901 0037,8910,29380,38290,5800,22890,28690,72000RES
R72 12901 0038,7570,36150,43720,4850,11190,16040,72000RES
R72 12901 0039,7650,36560,44210,4900,21830,26730,72000RES
R72 12901 0040,7650,36110,43760,4900,29840,34740,72000RES
R72 12901 0041,8110,31360,39470,5200,20100,25300,72000RES
R72 12901 0042,8000,24680,32680,6400,13350,19750,72000RES
R72 12901 0043,7940,27510,35450,5100,19870,24970,72000RES
R72 12902 0002,8640,35660,44300,5550,26190,31740,72000RES
R72 12902 0003,9400,43560,52960,6340,32780,39120,72000RES
R72 12902 0004,9400,34170,43570,6340,20630,26970,72000RES
R72 12902 0005,9400,37590,46990,6320,26100,32420,72000RES
R72 12902 0006,9400,36760,46160,6320,25180,31500,72000RES
R72 12902 0007,8730,46880,55610,5630,29840,35470,72000RES
R72 12902 0008,8730,44250,52980,5600,26470,32070,72000RES
R72 12902 0009,9320,42030,51350,6130,29190,35320,72000RES
R72 12902 0010,8730,36240,44970,7030,28980,36010,72000RES
R72 12902 0011,10000,44980,54980,6940,21680,28620,72000RES
R72 12903 0001,8190,32060,40250,5260,21040,26300,72000RES
R72 12903 0002,7020,36890,43910,4480,23900,28380,72000RES
R72 12903 0003,3500,0,3500,2020,0,2020,72000RES
R72 12903 0004,7020,37060,44080,4480,22850,27330,72000RES
R72 12903 0005,7020,32950,39970,4480,14890,19370,72000RES
R72 12903 0006,8190,23010,31200,5260,7800,13060,72000RES
R72 12903 0007,7160,38000,45160,4560,12480,17040,72000RES
R72 12903 0008,7160,45130,52290,4560,26690,31250,72000RES
R72 12903 0009,3570,0,3570,2050,0,2050,72000RES
R72 12903 0010,7160,40940,48100,4560,26930,31490,72000RES
R72 12903 0011,7160,24680,31840,4560,11770,16330,72000RES
R72 12903 0012,7160,35430,42590,4560,19570,24130,72000RES
R72 12903 0013,7160,36540,43700,4560,27260,31820,72000RES
R72 12903 0014,7020,16030,23050,4460,12590,17050,72000RES
R72 12903 0015,7020,17820,24840,4480,12530,17010,72000RES
R72 12903 0016,7020,36860,43880,4500,16560,21060,72000RES
R72 12903 0017,7090,35720,42810,4510,16390,20900,72000RES
R72 12903 0018,7090,24370,31460,4530,10660,15190,72000RES
R72 12903 0019,7160,26810,33970,4540,12560,17100,72000RES
R72 12903 0020,7160,26390,33550,4540,13300,17840,72000RES
R72 12903 0021,7020,37840,44860,4500,11820,16320,72000RES
R72 12903 0022,7020,26960,33980,4500,16450,20950,72000RES
R72 12903 0023,7020,27130,34150,4500,16140,20640,72000RES
R72 12903 0024,7020,24470,31490,4500,10590,15090,72000RES
R72 12903 0025,7020,18010,25030,4500,10640,15140,72000RES
R72 12903 0026,7020,25560,32580,4500,12470,16970,72000RES
R72 12903 0027,7020,29960,36980,4500,12630,17130,72000RES
R72 12903 0028,11500,32380,43880,7550,12930,20480,72000RES
R72 12903 0030,7290,32290,39580,4640,20210,24850,72000RES
R72 12903 0031,7290,24420,31710,4640,12590,17230,72000RES
R72 12903 0032,7290,32320,39610,4640,21620,26260,72000RES
R72 12903 0033,4130,0,4130,2390,0,2390,72000RES
R72 12903 0034,7020,35650,42670,4500,18210,22710,72000RES
R72 12903 0035,7020,37210,44230,4500,20130,24630,72000RES
R72 12903 0036,7020,29530,36550,4500,18670,23170,72000RES
R72 12903 0037,7020,20370,27390,4500,13130,17630,72000RES
R72 12903 0038,7020,26030,33050,4500,16970,21470,72000RES
R72 12903 0039,7020,34140,41160,4500,10430,14930,72000RES
R72 12903 0040,7020,26350,33370,4500,13570,18070,72000RES
R72 12904 0001,6750,31970,38720,4340,9430,13770,72000RES
R72 12904 0002,6750,40170,46920,4340,21230,25570,72000RES
R72 12904 0004,7110,28610,35720,4530,18150,22680,72000RES
R72 12904 0005,7250,28680,35930,4630,20170,24800,72000RES
R72 12904 0006,7530,34870,42400,4830,9150,13980,72000RES
R72 12904 0007,6980,37610,44590,4490,24670,29160,72000RES
R72 12904 0008,7360,32180,39540,4700,20400,25100,72000RES
R72 12904 0009,7430,41500,48930,4770,24330,29100,72000RES
R72 12904 0010,7430,22000,29430,4770,15930,20700,72000RES
R72 12904 0011,3710,0,3710,2120,0,2120,72000RES
R72 12904 0012,7220,22090,29310,4590,10880,15470,72000RES
R72 12904 0013,7340,19940,27280,4700,17000,21700,72000RES
R72 12904 0014,7500,40920,48420,4820,22530,27350,72000RES
R72 12904 0015,6890,35580,42470,4420,17560,21980,72000RES
R72 12904 0016,6890,44860,51750,4420,21130,25550,72000RES
R72 12904 0017,6890,32450,39340,4420,23400,27820,72000RES
R72 12904 0018,3440,0,3440,1990,0,1990,72000RES
R72 12904 0019,6890,29810,36700,4420,24850,29270,72000RES
R72 12904 0020,6890,35700,42590,4420,27240,31660,72000RES
R72 12904 0021,7290,29290,36580,4640,18230,22870,72000RES
R72 12904 0022,7290,36410,43700,4640,22450,27090,72000RES
R72 12904 0023,3590,0,3590,2050,0,2050,72000RES
R72 12904 0024,7110,28630,35740,4500,16190,20690,72000RES
R72 12904 0025,7050,29530,36580,4490,17260,21750,72000RES
R72 12904 0026,7930,37400,45330,5110,22720,27830,72000RES
R72 12904 0027,8990,31480,40470,5830,17410,23240,72000RES
R72 12904 0028,6950,23780,30730,4420,17700,22120,72000RES
R72 12904 0029,7130,35880,43010,4530,24310,28840,72000RES
R72 12904 0030,3500,0,3500,2020,0,2020,72000RES
R72 12904 0031,7050,35290,42340,4510,19530,24040,72000RES
R72 12904 0034,3730,0,3730,2110,0,2110,72000RES
R72 12904 0035,7250,26740,33990,4620,5510,10130,72000RES
R72 12904 0036,7060,27400,34460,4510,15550,20060,72000RES
R72 12904 0037,6980,27390,34370,4450,10650,15100,72000RES
R72 12904 0038,3560,0,3560,2040,0,2040,72000RES
R72 12904 0039,7050,32290,39340,4510,17810,22320,72000RES
R72 12904 0040,6960,33740,40700,4430,16110,20540,72000RES
R72 12904 0041,3510,0,3510,2020,0,2020,72000RES
R72 12904 0042,7100,22210,29310,4550,16000,20550,72000RES
R72 12904 0043,7020,35260,42280,4500,19950,24450,72000RES
R72 12904 0044,2660,0,2660,1530,0,1530,72000RES
R72 12904 0045,8420,25120,33540,5400,16190,21590,72000RES
R72 12904 0047,6890,26580,33470,4400,4500,8900,72000RES
R72 12904 0048,6890,30510,37400,4400,29100,33500,72000RES
R72 12904 0049,6890,27370,34260,4400,16040,20440,72000RES
R72 12904 0050,7050,33110,40160,4510,14830,19340,72000RES
R72 12904 0051,7500,29760,37260,4800,13200,18000,72000RES
R72 12904 0052,7800,35100,42900,4860,25900,30760,72000RES
R72 12905 0001,5100,22170,27270,4950,16340,21290,72001RES
R72 12905 0002,5100,22020,27120,4950,16210,21160,72001RES
R72 12905 0003,2570,0,2570,2220,0,2220,72001RES
R72 12905 0004,5100,23470,28570,4950,10960,15910,72001RES
R72 12905 0005,5100,22280,27380,4950,5320,10270,72001RES
R72 12905 0006,5100,24040,29140,4950,8290,13240,72001RES
R72 12905 0007,5100,24490,29590,4950,8560,13510,72001RES
R72 12905 0008,2570,0,2570,2220,0,2220,72001RES
R72 12905 0009,5100,25060,30160,4950,20330,25280,72001RES
R72 12905 0010,5100,22020,27120,4950,15950,20900,72001RES
R72 12905 0012,6060,35720,41780,5790,30250,36040,72001RES
R72 12905 0013,5200,19870,25070,5040,14830,19870,72001RES
R72 12905 0014,5200,25810,31010,5040,18970,24010,72001RES
R72 12905 0015,990,0,990,1630,0,1630,72001RES
R72 12905 0016,6510,10270,16780,6210,2540,8750,72001RES
R72 12905 0017,5660,34590,40250,5450,34210,39660,72001RES
R72 12905 0018,2620,0,2620,2520,950,3470,72001RES
R72 12905 0019,5590,27480,33070,5390,26490,31880,72001RES
R72 12905 0020,5200,2760,7960,2260,0,2260,72001RES
R72 12905 0021,5200,28520,33720,5040,31200,36240,72001RES
R72 12905 0022,5200,44070,49270,5040,34060,39100,72001RES
R72 12905 0023,5200,27480,32680,5040,32760,37800,72001RES
R72 12905 0024,5200,27510,32710,5040,51570,56610,72001RES
R72 12905 0025,2620,0,2620,2260,0,2260,72001RES
R72 12905 0026,5200,23220,28420,5040,12080,17120,72001RES
R72 12905 0027,5200,20190,25390,5040,9800,14840,72001RES
R72 12905 0028,5200,28120,33320,5040,22990,28030,72001RES
R72 12905 0029,5200,23550,28750,5040,14090,19130,72001RES
R72 12905 0030,5200,22750,27950,5040,18960,24000,72001RES
R72 12905 0031,5200,23010,28210,5040,20210,25250,72001RES
R72 12905 0032,5200,22020,27220,5040,9570,14610,72001RES
R72 12905 0033,5200,24040,29240,5040,21360,26400,72001RES
R72 12905 0034,5200,24090,29290,5040,14150,19190,72001RES
R72 12905 0035,5200,25110,30310,5040,14140,19180,72001RES
R72 12905 0036,5200,25050,30250,5040,19500,24540,72001RES
R72 12905 0037,5200,27490,32690,5040,21060,26100,72001RES
R72 12905 0038,5200,27170,32370,5040,12800,17840,72001RES
R72 12905 0039,5200,27510,32710,2520,0,2520,72001RES
R72 12905 0040,2620,0,2620,2260,0,2260,72001RES
R72 12905 0041,5200,32400,37600,5040,43130,48170,72001RES
R72 12905 0042,6180,25130,31310,5920,28150,34070,72001RES
R72 12906 0001,5200,31540,36740,5040,24000,29040,72001RES
R72 12906 0002,2620,0,2620,2260,0,2260,72001RES
R72 12906 0003,2620,0,2620,2260,0,2260,72001RES
R72 12906 0004,5200,32180,37380,5040,22790,27830,72001RES
R72 12906 0005,5200,32400,37600,5040,23950,28990,72001RES
R72 12906 0006,5200,29140,34340,5040,26190,31230,72001RES
R72 12906 0007,5200,36600,41800,5040,32450,37490,72001RES
R72 12906 0008,5520,29420,34940,5340,22990,28330,72001RES
R72 12906 0009,5350,10220,15570,5180,20770,25950,72001RES
R72 12906 0010,5300,24640,29940,5130,20830,25960,72001RES
R72 12906 0011,5250,25050,30300,5090,10330,15420,72001RES
R72 12906 0012,5200,25100,30300,5060,11860,16920,72001RES
R72 12906 0013,990,0,990,1630,0,1630,72001RES
R72 12906 0014,5200,29370,34570,5040,20950,25990,72001RES
R72 12906 0015,2850,0,2850,2470,0,2470,72001RES
R72 12906 0016,2850,0,2850,2470,0,2470,72001RES
R72 12906 0017,2850,7110,9960,2750,7450,10200,72001RES
R72 12906 0018,5650,26530,32180,5490,24440,29930,72001RES
R72 12906 0019,5650,31290,36940,5490,38550,44040,72001RES
R72 12906 0020,6360,23120,29480,6190,10020,16210,72001RES
R72 12906 0021,6310,40320,46630,6170,55310,61480,72001RES
R72 12906 0022,7010,28590,35600,6800,21080,27880,72001RES
R72 12906 0023,6820,28160,34980,6590,20670,27260,72001RES
R72 12906 0025,2700,0,2700,2320,0,2320,72001RES
R72 12906 0026,5270,26410,31680,5100,26510,31610,72001RES
R72 12906 0027,3130,0,3130,2540,0,2540,72001RES
R72 12906 0028,5200,19980,25180,4910,35540,40450,72001RES
R72 12906 0029,5170,26270,31440,4900,28220,33120,72001RES
R72 12906 0030,5120,42140,47260,4910,41610,46520,72001RES
R72 12906 0031,4850,20830,25680,4720,17430,22150,72001RES
R72 12906 0032,4900,9830,14730,4790,29590,34380,72001RES
R72 12906 0033,5000,25740,30740,4860,20500,25360,72001RES
R72 12906 0034,5050,24810,29860,4900,10250,15150,72001RES
R72 12906 0035,130,0,130,200,0,200,72001RES
R72 12906 0036,5100,25080,30180,4950,15480,20430,72001RES
R72 12906 0037,5100,20310,25410,4950,16200,21150,72001RES
R72 12906 0039,990,0,990,1630,0,1630,72001RES
R72 12906 0040,5180,23090,28270,5020,15850,20870,72001RES
R72 12907 0001,10350,40340,50690,6360,23670,30030,72000RES
R72 12907 0003,6620,36050,42670,4260,17790,22050,72000RES
R72 12907 0004,6910,39110,46020,4440,25380,29820,72000RES
R72 12907 0005,7640,37200,44840,4880,18230,23110,72000RES
R72 12907 0006,8390,36100,44490,5440,22110,27550,72000RES
R72 12907 0007,9000,35120,44120,6220,15910,22130,72000RES
R72 12907 0008,8210,36390,44600,5510,17140,22650,72000RES
R72 12907 0009,7310,36310,43620,4680,16820,21500,72000RES
R72 12907 0010,8000,40820,48820,6400,23870,30270,72000RES
R72 12907 0012,3240,0,3240,1870,0,1870,72000RES
R72 12907 0013,3670,0,3670,2130,0,2130,72000RES
R72 12907 0014,10710,39990,50700,6900,41170,48070,72000RES
R72 12907 0015,3440,0,3440,1980,0,1980,72000RES
R72 12907 0016,6890,32980,39870,4420,21030,25450,72000RES
R72 12907 0017,6890,34780,41670,4420,16130,20550,72000RES
R72 12907 0018,6960,36690,43650,4430,18660,23090,72000RES
R72 12907 0019,6760,37080,43840,4340,19030,23370,72000RES
R72 12907 0020,6840,27640,34480,4390,15970,20360,72000RES
R72 12907 0021,6690,38910,45600,4280,23830,28110,72000RES
R72 12907 0022,6690,39210,45900,4300,21830,26130,72000RES
R72 12907 0023,3420,0,3420,1970,0,1970,72000RES
R72 12907 0024,6700,36710,43410,4280,26450,30730,72000RES
R72 12907 0025,7990,26060,34050,5000,4870,9870,72000RES
R72 12907 0026,3400,0,3400,1960,0,1960,72000RES
R72 12907 0027,6890,26990,33880,4420,14270,18690,72000RES
R72 12907 0028,6890,27050,33940,4420,2340,6760,72000RES
R72 12907 0029,6890,26760,33650,4420,11850,16270,72000RES
R72 12907 0030,6890,39950,46840,4420,20610,25030,72000RES
R72 12907 0031,7020,40450,47470,4480,21540,26020,72000RES
R72 12907 0032,7020,32570,39590,4480,16050,20530,72000RES
R72 12907 0033,7020,36070,43090,4480,24080,28560,72000RES
R72 12907 0034,7020,45290,52310,4480,28950,33430,72000RES
R72 12907 0035,7020,34050,41070,4480,25410,29890,72000RES
R72 12907 0036,3940,0,3940,2260,0,2260,72000RES
R72 12907 0037,7180,32220,39400,4600,13830,18430,72000RES
R72 12907 0038,7110,33410,40520,4550,25970,30520,72000RES
R72 12907 0039,3790,0,3790,2180,0,2180,72000RES
R72 12907 0040,7720,28030,35750,4930,20950,25880,72000RES
R72 12907 0042,7780,27000,34780,4990,13960,18950,72000RES
R72 12907 0043,8990,34030,43020,5810,22730,28540,72000RES
R72 12907 0044,7190,24080,31270,4600,9340,13940,72000RES
R72 12907 0045,6890,30090,36980,4400,14120,18520,72000RES
R72 12907 0046,6890,33710,40600,4400,20230,24630,72000RES
R72 12908 0001,7410,26470,33880,4740,15400,20140,72000RES
R72 12908 0002,7020,37320,44340,4480,15230,19710,72000RES
R72 12908 0003,7020,24710,31730,4480,16140,20620,72000RES
R72 12908 0004,7020,31480,38500,4480,27620,32100,72000RES
R72 12908 0005,7020,37880,44900,4480,20720,25200,72000RES
R72 12908 0006,7020,36850,43870,4480,21020,25500,72000RES
R72 12908 0007,6890,37850,44740,4400,13460,17860,72000RES
R72 12908 0008,6680,31510,38190,4270,22190,26460,72000RES
R72 12908 0009,7200,43790,50990,4580,25600,30180,72000RES
R72 12908 0010,7060,31460,38520,4520,24440,28960,72000RES
R72 12908 0011,7630,31270,38900,4860,22630,27490,72000RES
R72 12908 0012,8000,54560,62560,6400,29220,35620,72000RES
R72 12908 0014,4680,0,4680,2980,0,2980,72000RES
R72 12908 0015,8280,28540,36820,5470,11960,17430,72000RES
R72 12908 0016,7920,32200,40120,5090,11780,16870,72000RES
R72 12908 0017,7160,34850,42010,4540,18450,22990,72000RES
R72 12908 0022,0,9100,9100,0,0,0,72000RES
R72 12908 0023,3670,0,3670,2120,0,2120,72000RES
R72 12908 0024,6890,41930,48820,4420,0,4420,72000RES
R72 12908 0025,6890,35470,42360,4420,25660,30080,72000RES
R72 12908 0026,6890,32680,39570,4420,20450,24870,72000RES
R72 12908 0027,3440,0,3440,1990,0,1990,72000RES
R72 12908 0028,6890,38150,45040,4420,26570,30990,72000RES
R72 12908 0029,6890,36520,43410,4420,20040,24460,72000RES
R72 12908 0030,6890,37640,44530,4420,21810,26230,72000RES
R72 12908 0031,6890,24410,31300,4420,8800,13220,72000RES
R72 12908 0032,6890,28770,35660,4420,39360,43780,72000RES
R72 12908 0033,7500,38360,45860,4820,21600,26420,72000RES
R72 12908 0034,8000,48690,56690,6400,33250,39650,72000RES
R72 12908 0035,3590,0,3590,2040,0,2040,72000RES
R72 12908 0036,6840,22600,29440,4400,11450,15850,72000RES
R72 12908 0037,6820,30770,37590,4370,15920,20290,72000RES
R72 12908 0038,6890,26620,33510,4420,9290,13710,72000RES
R72 12908 0039,7650,15430,23080,4920,11780,16700,72000RES
R72 12908 0040,7800,34840,42640,5020,21070,26090,72000RES
R72 12908 0041,7800,27700,35500,5020,5570,10590,72000RES
R72 12908 0042,7270,24120,31390,0,0,0,72000RES
R72 12908 0043,7200,34210,41410,4600,21180,25780,72000RES
R72 12908 0044,6680,42400,49080,4270,25090,29360,72000RES
R72 12908 0045,3340,0,3340,1930,0,1930,72000RES
R72 12908 0046,6840,25910,32750,4360,6970,11330,72000RES
R72 12908 0048,8030,38510,46540,5150,21070,26220,72000RES
R72 12908 0049,7090,30600,37690,4530,20560,25090,72000RES
R72 12908 0050,7160,48420,55580,4560,33010,37570,72000RES
R72 12908 0051,7350,27600,34950,4720,12270,16990,72000RES
R72 12908 0052,7050,36780,43830,4480,20630,25110,72000RES
R72 12908 0053,8000,40190,48190,6400,11110,17510,72000RES
R72 12908 0054,7100,25480,32580,4520,12450,16970,72000RES
R72 12908 0055,6960,24530,31490,4470,6350,10820,72000RES
R72 12908 0056,7500,36340,43840,4790,28850,33640,72000RES
R72 12908 0057,5870,27280,33150,3430,3890,7320,72000RES
R72 12908 0058,2930,0,2930,1910,0,1910,72000RES
R72 12908 0059,7500,39200,46700,4790,26170,30960,72000RES
R72 12908 0060,8110,37030,45140,5190,24200,29390,72000RES
R72 12908 0061,6820,30690,37510,4350,19640,23990,72000RES
R72 12908 0062,6950,41790,48740,4430,19130,23560,72000RES
R72 12908 0063,7090,29270,36360,4530,20550,25080,72000RES
R72 12908 0067,1120,0,1120,750,0,750,72000RES
R72 12909 0001,7500,13980,21480,4800,40680,45480,72000RES
R72 12909 0002,3440,0,3440,1980,9220,11200,72000RES
R72 12909 0003,6890,36300,43190,4400,16840,21240,72000RES
R72 12909 0004,6890,20090,26980,4400,9230,13630,72000RES
R72 12909 0005,7650,29610,37260,4900,11640,16540,72000RES
R72 12909 0007,7650,32720,40370,4900,15100,20000,72000RES
R72 12909 0009,7650,36020,43670,4900,24900,29800,72000RES
R72 12909 0010,7650,36270,43920,4900,17750,22650,72000RES
R72 12909 0011,7650,32490,40140,4900,21160,26060,72000RES
R72 12909 0012,7650,25850,33500,4900,22780,27680,72000RES
R72 12909 0014,6890,32670,39560,4400,17850,22250,72000RES
R72 12909 0015,3440,0,3440,1980,0,1980,72000RES
R72 12909 0016,7960,8350,16310,5100,5610,10710,72000RES
R72 12909 0017,3540,0,3540,2040,0,2040,72000RES
R72 12909 0018,7090,39820,46910,4510,27210,31720,72000RES
R72 12909 0019,7480,23980,31460,4780,13640,18420,72000RES
R72 12909 0020,6890,28470,35360,4400,15340,19740,72000RES
R72 12909 0021,6890,39950,46840,4400,24230,28630,72000RES
R72 12909 0022,6890,35560,42450,4400,23970,28370,72000RES
R72 12909 0023,9950,42660,52610,6400,23650,30050,72000RES
R72 12909 0025,6890,21930,28820,4400,6200,10600,72000RES
R72 12909 0026,6890,25880,32770,4400,18740,23140,72000RES
R72 12909 0027,6890,29480,36370,4400,22940,27340,72000RES
R72 12909 0028,6890,39950,46840,4400,17830,22230,72000RES
R72 12909 0029,6890,26920,33810,4400,17480,21880,72000RES
R72 12909 0030,6890,34210,41100,4400,16500,20900,72000RES
R72 12909 0031,6890,32900,39790,4400,23290,27690,72000RES
R72 12909 0032,7500,45560,53060,4800,32930,37730,72000RES
R72 12909 0033,7880,37590,45470,5050,26730,31780,72000RES
R72 12909 0034,7730,32620,40350,4950,31000,35950,72000RES
R72 12909 0036,7730,34760,42490,4950,15760,20710,72000RES
R72 12909 0037,7730,32620,40350,4950,22280,27230,72000RES
R72 12909 0038,7730,25410,33140,4950,23420,28370,72000RES
R72 12909 0039,7340,28090,35430,4700,12800,17500,72000RES
R72 12909 0040,7340,30280,37620,4700,9740,14440,72000RES
R72 12909 0041,7800,4980,12780,2500,0,2500,72000RES
R72 12909 0042,7650,43380,51030,4900,28890,33790,72000RES
R72 12909 0044,7880,26010,33890,5050,24220,29270,72000RES
R72 12909 0046,7880,37630,45510,5050,26200,31250,72000RES
R72 12909 0048,7880,43540,51420,5050,30920,35970,72000RES
R72 12909 0049,3860,0,3860,2230,0,2230,72000RES
R72 12909 0050,7500,34710,42210,4820,25570,30390,72000RES
R72 12909 0051,8110,40090,48200,5180,24940,30120,72000RES
R72 12909 0052,7800,38060,45860,4980,22540,27520,72000RES
R72 12909 0053,7740,38440,46180,4960,21450,26410,72000RES
R72 12909 0054,7990,38920,46910,5140,23710,28850,72000RES
R72 12909 0055,9000,26190,35190,6280,19500,25780,72000RES
R72 12909 0056,8630,23750,32380,5700,22600,28300,72000RES
R72 12909 0064,7650,32370,40020,4900,22560,27460,72000RES
R72 12909 0068,570,0,570,360,0,360,72000RES
R72 12910 0001,7650,48740,56390,4900,21960,26860,72000RES
R72 12910 0002,6890,28450,35340,4400,19760,24160,72000RES
R72 12910 0003,3440,0,3440,1980,0,1980,72000RES
R72 12910 0004,6890,24230,31120,4400,15440,19840,72000RES
R72 12910 0005,6890,27840,34730,4400,17050,21450,72000RES
R72 12910 0006,6890,33390,40280,4400,21120,25520,72000RES
R72 12910 0007,6890,33170,40060,4400,19140,23540,72000RES
R72 12910 0008,6890,30200,37090,4400,13410,17810,72000RES
R72 12910 0009,6890,39850,46740,4400,6010,10410,72000RES
R72 12910 0010,6890,32880,39770,4400,16110,20510,72000RES
R72 12910 0011,7650,27530,35180,4900,8840,13740,72000RES
R72 12910 0012,7650,26520,34170,4900,10900,15800,72000RES
R72 12910 0013,6890,35480,42370,4400,29520,33920,72000RES
R72 12910 0014,6890,33200,40090,4400,16340,20740,72000RES
R72 12910 0015,6890,19090,25980,4400,9440,13840,72000RES
R72 12910 0016,6890,34930,41820,4400,20390,24790,72000RES
R72 12910 0017,6890,27800,34690,4400,22270,26670,72000RES
R72 12910 0018,6890,36510,43400,4400,20220,24620,72000RES
R72 12910 0019,6890,27830,34720,4400,17290,21690,72000RES
R72 12910 0020,6890,43540,50430,4400,31790,36190,72000RES
R72 12910 0021,3050,0,3050,1760,0,1760,72000RES
R72 12910 0022,7650,38320,45970,4900,28270,33170,72000RES
R72 12910 0024,6890,32190,39080,4400,17670,22070,72000RES
R72 12910 0025,6890,28270,35160,4400,8740,13140,72000RES
R72 12910 0026,3440,0,3440,1980,0,1980,72000RES
R72 12910 0028,7500,7060,14560,4800,7790,12590,72000RES
R72 12910 0029,7500,37510,45010,4800,20050,24850,72000RES
R72 12910 0030,3440,0,3440,1980,0,1980,72000RES
R72 12910 0031,6890,17940,24830,4400,2450,6850,72000RES
R72 12910 0032,6890,31740,38630,4400,17350,21750,72000RES
R72 12910 0033,6890,29130,36020,4400,19240,23640,72000RES
R72 12910 0034,8190,31920,40110,5250,23100,28350,72000RES
R72 12910 0043,11700,36570,48270,7600,17530,25130,72000RES
R72 12910 0045,3440,0,3440,1990,0,1990,72000RES
R72 12910 0046,3400,0,3400,1970,0,1970,72000RES
R72 12910 0047,7020,9200,16220,2250,0,2250,72000RES
R72 12910 0049,570,0,570,360,0,360,72000RES
R72 12911 0001,5130,0,5130,3050,0,3050,72000RES
R72 12911 0002,4670,0,4670,2750,0,2750,72000RES
R72 12911 0003,9240,47220,56460,6050,47520,53570,72000RES
R72 12911 0004,9030,37510,46540,5800,18820,24620,72000RES
R72 12911 0005,8420,40260,48680,5400,26800,32200,72000RES
R72 12911 0006,8420,41950,50370,5400,27780,33180,72000RES
R72 12911 0007,8420,43780,52200,5400,22780,28180,72000RES
R72 12911 0008,9330,28660,37990,6000,21450,27450,72000RES
R72 12911 0009,7900,20240,28140,5080,13600,18680,72000RES
R72 12911 0010,8230,27150,35380,5360,14730,20090,72000RES
R72 12911 0011,8310,42360,50670,5380,25470,30850,72000RES
R72 12911 0012,4150,0,4150,2420,0,2420,72000RES
R72 12911 0013,8230,4070,12300,5340,2970,8310,72000RES
R72 12911 0014,8160,34470,42630,5260,12260,17520,72000RES
R72 12911 0015,8010,22910,30920,5150,19290,24440,72000RES
R72 12911 0016,7940,29180,37120,5100,21240,26340,72000RES
R72 12911 0017,8590,33020,41610,5530,17080,22610,72000RES
R72 12911 0018,3820,0,3820,2200,0,2200,72000RES
R72 12911 0019,8190,30900,39090,5240,18690,23930,72000RES
R72 12911 0020,8510,38350,46860,5500,17500,23000,72000RES
R72 12911 0021,8260,40870,49130,5320,23020,28340,72000RES
R72 12911 0022,8180,37270,45450,5240,24030,29270,72000RES
R72 12911 0023,8100,43830,51930,5220,25680,30900,72000RES
R72 12911 0024,8180,42320,50500,5240,26670,31910,72000RES
R72 12911 0025,8250,38950,47200,5300,24590,29890,72000RES
R72 12911 0026,4120,0,4120,2410,0,2410,72000RES
R72 12911 0027,7500,27550,35050,4820,7630,12450,72000RES
R72 12911 0028,7500,37400,44900,4780,23680,28460,72000RES
R72 12911 0029,7350,34180,41530,4720,22250,26970,72000RES
R72 12911 0030,7350,29140,36490,4700,23680,28380,72000RES
R72 12911 0031,7420,46740,54160,4740,34700,39440,72000RES
R72 12911 0032,7420,53810,61230,4740,32490,37230,72000RES
R72 12911 0033,3790,0,3790,2180,0,2180,72000RES
R72 12911 0034,7500,39510,47010,4800,23740,28540,72000RES
R72 12911 0035,7650,38230,45880,4880,22050,26930,72000RES
R72 12911 0036,10660,5980,16640,6710,23300,30010,72000RES
R72 12911 0037,8780,21370,30150,5590,9030,14620,72000RES
R72 12912 0003,6950,36320,43270,4430,20680,25110,72000RES
R72 12912 0004,6830,32670,39500,4380,17700,22080,72000RES
R72 12912 0005,6890,27140,34030,4400,18930,23330,72000RES
R72 12912 0006,6890,35750,42640,4400,11070,15470,72000RES
R72 12912 0007,6950,43730,50680,4450,29170,33620,72000RES
R72 12912 0008,7160,37410,44570,4560,19930,24490,72000RES
R72 12912 0009,7160,39510,46670,4540,22280,26820,72000RES
R72 12912 0010,7160,38010,45170,4560,21830,26390,72000RES
R72 12912 0011,7340,45280,52620,4700,19760,24460,72000RES
R72 12912 0012,6890,43870,50760,4400,29590,33990,72000RES
R72 12912 0013,6890,35450,42340,4400,16790,21190,72000RES
R72 12912 0014,6890,38940,45830,4400,18330,22730,72000RES
R72 12912 0015,6890,37490,44380,5500,15870,21370,72000RES
R72 12912 0016,7340,39030,46370,4630,24220,28850,72000RES
R72 12912 0018,7230,35660,42890,4610,19320,23930,72000RES
R72 12912 0019,7100,34610,41710,4520,16630,21150,72000RES
R72 12912 0020,7730,35070,42800,4950,16890,21840,72000RES
R72 12912 0021,7580,34080,41660,4870,15200,20070,72000RES
R72 12912 0022,7580,37390,44970,4850,23730,28580,72000RES
R72 12912 0023,7880,37110,44990,5070,20400,25470,72000RES
R72 12912 0024,2880,0,2880,1720,0,1720,72000RES
R72 12912 0027,4930,41940,46870,3440,27770,31210,72000RES
R72 12912 0028,200,0,200,160,0,160,72000RES
R72 12913 0001,7650,39180,46830,7130,42370,49500,72001RES
R72 12913 0002,7900,42560,50460,7340,56460,63800,72001RES
R72 12913 0003,7710,34470,42180,7180,37900,45080,72001RES
R72 12913 0004,7710,36990,44700,7180,39050,46230,72001RES
R72 12913 0005,7770,37650,45420,7240,45560,52800,72001RES
R72 12913 0006,7710,38040,45750,7180,41280,48460,72001RES
R72 12913 0007,7710,39970,47680,7180,43540,50720,72001RES
R72 12913 0008,8150,42270,50420,7560,48910,56470,72001RES
R72 12913 0009,7990,43770,51760,7400,45140,52540,72001RES
R72 12913 0010,7740,41810,49550,7190,45940,53130,72001RES
R72 12913 0011,7490,43190,50680,6980,48460,55440,72001RES
R72 12913 0012,7490,38810,46300,6980,48930,55910,72001RES
R72 12913 0013,7370,34870,42240,6880,38930,45810,72001RES
R72 12913 0014,7060,38400,45460,6620,41720,48340,72001RES
R72 12913 0015,7370,38990,46360,6880,41840,48720,72001RES
R72 12913 0016,7060,37350,44410,6620,41330,47950,72001RES
R72 12913 0017,7370,40120,47490,6880,43050,49930,72001RES
R72 12914 0001,7730,37190,44920,7260,24050,31310,72001RES
R72 12914 0002,6510,33370,39880,6190,29740,35930,72001RES
R72 12914 0003,6450,31840,38290,6130,26540,32670,72001RES
R72 12914 0004,6450,32920,39370,6130,29130,35260,72001RES
R72 12914 0005,6450,36110,42560,6130,30710,36840,72001RES
R72 12914 0006,6450,37400,43850,6130,31440,37570,72001RES
R72 12914 0007,6450,26910,33360,6130,29560,35690,72001RES
R72 12914 0008,6450,32610,39060,6130,24960,31090,72001RES
R72 12914 0009,6450,33150,39600,6130,28330,34460,72001RES
R72 12914 0010,6450,35220,41670,6130,32180,38310,72001RES
R72 12914 0011,7500,28090,35590,6750,29720,36470,72001RES
R72 12914 0012,6690,34480,41170,6090,30280,36370,72001RES
R72 12914 0013,7500,34200,41700,6750,30440,37190,72001RES
R72 12914 0014,7500,35330,42830,6750,29700,36450,72001RES
R72 12914 0015,7500,36690,44190,6750,30040,36790,72001RES
R72 12914 0016,7170,33090,40260,6860,24350,31210,72001RES
R72 12914 0017,8120,36510,44630,7740,37980,45720,72001RES
R72 12914 0018,6900,33180,40080,6530,24320,30850,72001RES
R72 12914 0019,6960,33160,40120,6580,24720,31300,72001RES
R72 12914 0020,6770,32560,39330,6410,23900,30310,72001RES
R72 12914 0021,6580,31870,38450,6240,24460,30700,72001RES
R72 12914 0022,6580,37290,43870,6240,31310,37550,72001RES
R72 12914 0023,7350,32470,39820,6920,23460,30380,72001RES
R72 12914 0024,7350,32470,39820,6920,23460,30380,72001RES
R72 12914 0025,6580,32050,38630,6240,23690,29930,72001RES
R72 12914 0026,6580,32050,38630,6240,23460,29700,72001RES
R72 12914 0027,6770,36940,43710,6410,35270,41680,72001RES
R72 12914 0028,7090,35930,43020,6650,30400,37050,72001RES
R72 12914 0029,6450,37350,43800,6100,33990,40090,72001RES
R72 12914 0030,6450,32610,39060,6130,24850,30980,72001RES
R72 12914 0031,6770,33380,40150,6410,28530,34940,72001RES
R72 12915 0001,7060,38020,45080,6620,40770,47390,72001RES
R72 12915 0002,6440,32650,39090,6090,25290,31380,72001RES
R72 12915 0003,6440,33300,39740,6090,29040,35130,72001RES
R72 12915 0004,6440,32800,39240,6090,31740,37830,72001RES
R72 12915 0005,6440,44900,51340,6090,44850,50940,72001RES
R72 12915 0006,6450,33440,39890,6100,24460,30560,72001RES
R72 12915 0007,6440,32050,38490,6090,23790,29880,72001RES
R72 12915 0008,6440,30330,36770,6090,25220,31310,72001RES
R72 12915 0009,6440,33760,40200,6090,26810,32900,72001RES
R72 12915 0010,6510,30450,36960,6090,26210,32300,72001RES
R72 12915 0011,6610,32050,38660,6130,23460,29590,72001RES
R72 12916 0001,7880,38080,45960,5060,17100,22160,72000RES
R72 12916 0002,7880,37200,45080,5060,18740,23800,72000RES
R72 12916 0003,7880,45940,53820,5060,24320,29380,72000RES
R72 12916 0004,7880,30750,38630,5060,16090,21150,72000RES
R72 12916 0005,7880,31370,39250,5060,10250,15310,72000RES
R72 12916 0006,7880,31410,39290,5060,18850,23910,72000RES
R72 12916 0007,7880,49950,57830,5060,23700,28760,72000RES
R72 12916 0008,11690,38200,49890,7600,14810,22410,72000RES
R72 12916 0009,8420,41030,49450,5400,25630,31030,72000RES
R72 12916 0010,8030,32310,40340,5150,18570,23720,72000RES
R72 12916 0011,10170,42930,53100,6550,15060,21610,72000RES
R72 12916 0012,3260,0,3260,1850,0,1850,72000RES
R72 12916 0013,9480,36830,46310,8520,17380,25900,72000RES
R72 12917 0001,8630,35810,44440,5520,20790,26310,72000RES
R72 12917 0002,8250,34900,43150,5280,16980,22260,72000RES
R72 12917 0003,8250,35620,43870,5280,21850,27130,72000RES
R72 12917 0004,8630,42510,51140,5520,21240,26760,72000RES
R72 13001 0001,10090,42630,52720,7110,28440,35550,72000RES
R72 13001 0002,3320,0,3320,1910,0,1910,72000RES
R72 13001 0003,3480,0,3480,2000,0,2000,72000RES
R72 13001 0004,6960,36210,43170,4470,19980,24450,72000RES
R72 13001 0005,8120,27840,35960,5500,24130,29630,72000RES
R72 13001 0006,8160,40410,48570,5410,25770,31180,72000RES
R72 13001 0007,8210,78010,86220,5490,45610,51100,72000RES
R72 13001 0008,7940,31840,39780,5170,23810,28980,72000RES
R72 13001 0009,9160,34640,43800,5950,23480,29430,72000RES
R72 13001 0010,7020,34800,41820,4460,23770,28230,72000RES
R72 13001 0011,7020,33250,40270,4460,21820,26280,72000RES
R72 13001 0012,8030,36830,44860,5160,25660,30820,72000RES
R72 13001 0013,7630,28440,36070,4900,10810,15710,72000RES
R72 13001 0014,7700,33440,41140,4990,10610,15600,72000RES
R72 13001 0015,6950,27010,33960,4430,10920,15350,72000RES
R72 13001 0016,3500,0,3500,2020,0,2020,72000RES
R72 13001 0017,7090,33260,40350,4510,26820,31330,72000RES
R72 13001 0018,3540,0,3540,2040,0,2040,72000RES
R72 13001 0019,7700,26390,34090,4960,16170,21130,72000RES
R72 13001 0020,7700,31430,39130,4960,18800,23760,72000RES
R72 13001 0021,7700,25190,32890,4960,11670,16630,72000RES
R72 13001 0022,8480,36630,45110,5450,18010,23460,72000RES
R72 13001 0023,2780,0,2780,1780,0,1780,72000RES
R72 13001 0024,7040,31020,38060,4520,14750,19270,72000RES
R72 13001 0025,7040,26690,33730,4480,10530,15010,72000RES
R72 13001 0026,7040,37520,44560,4480,23820,28300,72000RES
R72 13001 0027,7040,26850,33890,4500,16850,21350,72000RES
R72 13001 0028,7110,34970,42080,4550,9670,14220,72000RES
R72 13001 0029,8900,34040,42940,5770,22860,28630,72000RES
R72 13001 0030,7480,25690,33170,4790,9810,14600,72000RES
R72 13001 0031,7480,24190,31670,4780,9130,13910,72000RES
R72 13001 0032,7410,31530,38940,4760,15790,20550,72000RES
R72 13001 0033,8510,35250,43760,5460,24620,30080,72000RES
R72 13001 0034,6810,23600,30410,4370,0,4370,72000RES
R72 13001 0035,6880,24190,31070,4400,13380,17780,72000RES
R72 13001 0036,3470,0,3470,1990,0,1990,72000RES
R72 13001 0037,6940,34470,41410,4430,66780,71210,72000RES
R72 13001 0038,6940,32170,39110,4430,9630,14060,72000RES
R72 13001 0039,6880,25320,32200,4400,14570,18970,72000RES
R72 13001 0040,6960,25480,32440,4470,9480,13950,72000RES
R72 13002 0001,7160,27030,34190,4560,5070,9630,72000RES
R72 13002 0002,7160,25260,32420,4540,11040,15580,72000RES
R72 13002 0003,7460,34120,41580,4760,21510,26270,72000RES
R72 13002 0004,7460,22620,30080,4770,10410,15180,72000RES
R72 13002 0005,7380,33960,41340,4720,15690,20410,72000RES
R72 13002 0006,7010,31600,38610,4470,21820,26290,72000RES
R72 13002 0007,7330,26940,34270,4710,15950,20660,72000RES
R72 13002 0009,8420,29650,38070,5410,19890,25300,72000RES
R72 13002 0010,7290,26870,34160,4640,18170,22810,72000RES
R72 13002 0011,7290,40230,47520,4620,30180,34800,72000RES
R72 13002 0012,7290,31400,38690,4620,21410,26030,72000RES
R72 13002 0013,7290,31940,39230,4640,20300,24940,72000RES
R72 13002 0014,9070,41190,50260,5870,22980,28850,72000RES
R72 13002 0015,7130,34740,41870,4510,13010,17520,72000RES
R72 13002 0016,7130,34190,41320,4510,9830,14340,72000RES
R72 13002 0017,7130,32230,39360,4530,16080,20610,72000RES
R72 13002 0018,7060,28940,36000,4500,8170,12670,72000RES
R72 13002 0019,6980,30270,37250,4440,7170,11610,72000RES
R72 13002 0020,7050,21520,28570,2010,0,2010,72000RES
R72 13002 0021,3520,0,3520,2010,0,2010,72000RES
R72 13002 0022,7290,38820,46110,4640,31700,36340,72000RES
R72 13002 0023,3640,0,3640,2080,0,2080,72000RES
R72 13002 0024,7920,29840,37760,5100,18280,23380,72000RES
R72 13002 0025,7430,34010,41440,4750,11920,16670,72000RES
R72 13002 0026,7430,28320,35750,4750,15720,20470,72000RES
R72 13002 0027,7430,28770,36200,4770,19460,24230,72000RES
R72 13002 0028,7490,25510,33000,4820,9490,14310,72000RES
R72 13002 0029,7630,30260,37890,4900,15200,20100,72000RES
R72 13002 0030,7760,27140,34900,5010,18460,23470,72000RES
R72 13002 0031,3910,0,3910,2310,0,2310,72000RES
R72 13002 0032,3980,0,3980,2380,0,2380,72000RES
R72 13002 0033,4010,0,4010,2410,0,2410,72000RES
R72 13002 0034,8500,26730,35230,5470,17380,22850,72000RES
R72 13002 0035,7290,30950,38240,4660,4680,9340,72000RES
R72 13002 0036,7490,18070,25560,4800,13370,18170,72000RES
R72 13002 0037,7630,34130,41760,4930,21300,26230,72000RES
R72 13002 0038,7430,37870,45300,4740,25730,30470,72000RES
R72 13002 0039,6820,37430,44250,4370,21700,26070,72000RES
R72 13002 0040,6890,35560,42450,4420,18660,23080,72000RES
R72 13002 0041,7800,42590,50390,4980,18450,23430,72000RES
R72 13002 0042,7700,32150,39850,4940,21980,26920,72000RES
R72 13002 0043,7430,38050,45480,4750,20400,25150,72000RES
R72 13002 0044,7430,41000,48430,4750,22280,27030,72000RES
R72 13002 0045,7430,31700,39130,4750,21790,26540,72000RES
R72 13002 0046,7430,37920,45350,4750,28260,33010,72000RES
R72 13002 0047,10730,45310,56040,7100,27220,34320,72000RES
R72 13002 0049,7430,41000,48430,4750,22600,27350,72000RES
R72 13002 0050,7430,35760,43190,4750,17710,22460,72000RES
R72 13002 0051,7430,27170,34600,4750,21730,26480,72000RES
R72 13002 0052,3960,0,3960,2300,0,2300,72000RES
R72 13003 0001,7920,47200,55120,5100,31990,37090,72000RES
R72 13003 0002,7430,33420,40850,4750,22930,27680,72000RES
R72 13003 0003,10730,42230,52960,7100,27190,34290,72000RES
R72 13003 0005,7430,35260,42690,4750,28580,33330,72000RES
R72 13003 0006,7430,31770,39200,4750,11940,16690,72000RES
R72 13003 0007,7430,28660,36090,4750,23520,28270,72000RES
R72 13003 0008,3710,0,3710,2140,0,2140,72000RES
R72 13003 0009,7430,35320,42750,4750,16380,21130,72000RES
R72 13003 0010,7430,26640,34070,4750,10590,15340,72000RES
R72 13003 0011,7920,32320,40240,0,0,0,72000RES
R72 13003 0012,7570,22190,29760,0,0,0,72000RES
R72 13003 0013,7020,28990,36010,4480,18970,23450,72000RES
R72 13003 0014,8580,36610,45190,5520,24490,30010,72000RES
R72 13003 0015,8580,22030,30610,5520,15700,21220,72000RES
R72 13003 0017,7020,36990,44010,4480,18800,23280,72000RES
R72 13003 0018,7570,30730,38300,4840,20950,25790,72000RES
R72 13003 0019,8000,37060,45060,5160,38170,43330,72000RES
R72 13003 0020,7430,38040,45470,4750,20060,24810,72000RES
R72 13003 0021,7430,40970,48400,4750,22370,27120,72000RES
R72 13003 0022,7430,22430,29860,4750,9190,13940,72000RES
R72 13003 0023,7430,30390,37820,4750,21590,26340,72000RES
R72 13003 0024,7430,39330,46760,4750,20750,25500,72000RES
R72 13003 0025,7430,21710,29140,4750,10620,15370,72000RES
R72 13003 0026,7430,24270,31700,4750,14740,19490,72000RES
R72 13003 0027,7430,31920,39350,4750,18680,23430,72000RES
R72 13003 0028,6950,45710,52660,4430,29860,34290,72000RES
R72 13003 0029,7920,35840,43760,5100,32260,37360,72000RES
R72 13003 0030,540,0,540,320,0,320,72000RES
R72 13003 0031,7430,35070,42500,4750,25230,29980,72000RES
R72 13003 0032,7430,25780,33210,4750,16600,21350,72000RES
R72 13003 0033,7430,27600,35030,4750,17020,21770,72000RES
R72 13003 0034,7430,22150,29580,4750,23860,28610,72000RES
R72 13003 0035,7430,37720,45150,5940,35900,41840,72000RES
R72 13003 0036,7430,50220,57650,4750,26860,31610,72000RES
R72 13003 0037,7430,35360,42790,4750,0,4750,72000RES
R72 13003 0038,7430,29840,37270,4750,20610,25360,72000RES
R72 13003 0039,7430,38750,46180,4750,19650,24400,72000RES
R72 13003 0040,8000,25570,33570,5160,14100,19260,72000RES
R72 13003 0041,7570,45510,53080,4840,32590,37430,72000RES
R72 13003 0042,7020,27860,34880,4480,6970,11450,72000RES
R72 13003 0043,7020,27860,34880,4480,15800,20280,72000RES
R72 13003 0044,7020,33410,40430,4480,20020,24500,72000RES
R72 13003 0045,7020,38660,45680,4480,13300,17780,72000RES
R72 13003 0046,7020,32710,39730,4480,19710,24190,72000RES
R72 13003 0047,7020,36790,43810,4480,17940,22420,72000RES
R72 13003 0048,8090,48330,56420,5220,34470,39690,72000RES
R72 13003 0049,7430,33360,40790,4750,23940,28690,72000RES
R72 13003 0050,7430,31570,39000,4750,19940,24690,72000RES
R72 13003 0051,3710,0,3710,2140,0,2140,72000RES
R72 13003 0052,9080,38960,48040,5930,23290,29220,72000RES
R72 13003 0054,9080,46430,55510,5930,24460,30390,72000RES
R72 13003 0055,3710,0,3710,2140,0,2140,72000RES
R72 13003 0056,3710,0,3710,2140,0,2140,72000RES
R72 13003 0057,3710,0,3710,2140,0,2140,72000RES
R72 13003 0058,7920,37490,45410,5100,21620,26720,72000RES
R72 13003 0061,7670,31960,39630,4930,16370,21300,72000RES
R72 13004 0001,7270,36670,43940,4650,26710,31360,72000RES
R72 13004 0002,6890,29150,36040,4400,11290,15690,72000RES
R72 13004 0003,6890,28800,35690,4400,24750,29150,72000RES
R72 13004 0004,6890,35320,42210,4400,20290,24690,72000RES
R72 13004 0005,3440,0,3440,1980,0,1980,72000RES
R72 13004 0006,6890,25730,32620,4400,9410,13810,72000RES
R72 13004 0007,6890,33110,40000,4400,23170,27570,72000RES
R72 13004 0008,6890,40050,46940,4400,22250,26650,72000RES
R72 13004 0009,6890,35890,42780,4400,26060,30460,72000RES
R72 13004 0010,3440,0,3440,1990,0,1990,72000RES
R72 13004 0011,6950,42690,49640,4450,30310,34760,72000RES
R72 13004 0012,7090,27360,34450,4510,10640,15150,72000RES
R72 13004 0013,7220,27110,34330,4590,10560,15150,72000RES
R72 13004 0014,7360,29170,36530,2350,0,2350,72000RES
R72 13004 0015,7560,35320,42880,4830,22830,27660,72000RES
R72 13004 0016,7700,41010,48710,4990,29290,34280,72000RES
R72 13004 0017,7830,49510,57340,5150,26020,31170,72000RES
R72 13004 0018,8490,32610,41100,5450,20080,25530,72000RES
R72 13004 0019,7650,33020,40670,4900,30530,35430,72000RES
R72 13004 0020,3440,0,3440,1980,0,1980,72000RES
R72 13004 0021,6890,36760,43650,4400,20930,25330,72000RES
R72 13004 0022,3440,0,3440,1980,0,1980,72000RES
R72 13004 0023,6890,38870,45760,4400,20780,25180,72000RES
R72 13004 0024,3440,0,3440,1980,0,1980,72000RES
R72 13004 0025,6890,37460,44350,4400,33060,37460,72000RES
R72 13004 0026,6890,27750,34640,4400,26300,30700,72000RES
R72 13004 0027,6890,32010,38900,4400,27170,31570,72000RES
R72 13004 0028,2660,0,2660,1530,0,1530,72000RES
R72 13004 0029,8420,33350,41770,5400,17260,22660,72000RES
R72 13004 0030,6890,30550,37440,4400,20130,24530,72000RES
R72 13004 0031,6890,34660,41550,4400,21790,26190,72000RES
R72 13004 0032,6890,33650,40540,4400,28740,33140,72000RES
R72 13004 0033,7270,33940,41210,4650,28910,33560,72000RES
R72 13004 0034,8270,49260,57530,5310,33320,38630,72000RES
R72 13004 0035,7090,36250,43340,4530,21290,25820,72000RES
R72 13004 0036,7160,31930,39090,4580,17070,21650,72000RES
R72 13004 0037,7610,47340,54950,4850,26570,31420,72000RES
R72 13004 0038,8110,31840,39950,5210,24390,29600,72000RES
R72 13004 0039,7020,39220,46240,4480,27050,31530,72000RES
R72 13004 0040,7020,34040,41060,4480,28900,33380,72000RES
R72 13004 0041,7020,36760,43780,5600,8400,14000,72000RES
R72 13004 0042,7020,37810,44830,4480,21970,26450,72000RES
R72 13004 0043,7020,27690,34710,4480,15620,20100,72000RES
R72 13004 0044,7020,34230,41250,4480,19670,24150,72000RES
R72 13004 0045,7020,27140,34160,4480,29250,33730,72000RES
R72 13004 0046,7020,32410,39430,4480,17410,21890,72000RES
R72 13004 0047,7020,32690,39710,4480,30680,35160,72000RES
R72 13004 0048,7020,33120,40140,4480,12820,17300,72000RES
R72 13004 0049,7100,23830,30930,4530,18090,22620,72000RES
R72 13004 0050,7020,22580,29600,4480,11730,16210,72000RES
R72 13004 0051,7020,33460,40480,4480,25550,30030,72000RES
R72 13004 0054,7630,41340,48970,4860,13280,18140,72000RES
R72 13004 0055,6890,34840,41730,4400,19410,23810,72000RES
R72 13004 0056,7160,39690,46850,4580,26990,31570,72000RES
R72 13004 0057,7360,32360,39720,4670,16320,20990,72000RES
R72 13004 0058,6720,34500,41220,4240,24280,28520,72000RES
R72 13004 0059,7440,33550,40990,4750,25390,30140,72000RES
R72 13004 0060,7440,29190,36630,4800,23630,28430,72000RES
R72 13004 0061,7760,44160,51920,5020,28890,33910,72000RES
R72 13004 0062,7760,32470,40230,5060,16090,21150,72000RES
R72 13004 0063,7760,32510,40270,5070,22020,27090,72000RES
R72 13004 0064,7830,35020,42850,5100,15210,20310,72000RES
R72 13004 0065,7830,36270,44100,5140,16720,21860,72000RES
R72 13004 0066,7900,39140,47040,5170,22230,27400,72000RES
R72 13004 0067,8160,38810,46970,5410,27060,32470,72000RES
R72 13005 0001,7760,38260,46020,5010,37920,42930,72000RES
R72 13005 0002,7630,27920,35550,4930,19900,24830,72000RES
R72 13005 0003,8030,30700,38730,5140,22980,28120,72000RES
R72 13005 0004,7360,25420,32780,4690,17690,22380,72000RES
R72 13005 0005,7630,28800,36430,4930,14310,19240,72000RES
R72 13005 0006,7830,33350,41180,5120,14010,19130,72000RES
R72 13005 0007,7970,35900,43870,5310,14380,19690,72000RES
R72 13005 0008,8100,30800,38900,5470,24050,29520,72000RES
R72 13005 0009,8240,41680,49920,5630,23210,28840,72000RES
R72 13005 0010,7290,29780,37070,4640,11870,16510,72000RES
R72 13005 0011,7430,37590,45020,4720,13800,18520,72000RES
R72 13005 0012,7490,32400,39890,4800,11490,16290,72000RES
R72 13005 0013,9580,38770,48350,6310,10730,17040,72000RES
R72 13005 0014,7660,27910,35570,4980,21390,26370,72000RES
R72 13005 0015,3790,0,3790,2220,0,2220,72000RES
R72 13005 0016,7760,36660,44420,5060,26420,31480,72000RES
R72 13005 0017,7830,33900,41730,5100,25640,30740,72000RES
R72 13005 0018,8110,33030,41140,5200,34330,39530,72000RES
R72 13005 0019,6890,26240,33130,4400,17940,22340,72000RES
R72 13005 0020,6890,32880,39770,4400,21970,26370,72000RES
R72 13005 0021,6890,33380,40270,4400,22110,26510,72000RES
R72 13005 0022,8240,35110,43350,5680,20390,26070,72000RES
R72 13005 0023,8240,30370,38610,5680,15980,21660,72000RES
R72 13005 0024,8240,28970,37210,5680,12490,18170,72000RES
R72 13005 0025,10920,22240,33160,7380,13660,21040,72000RES
R72 13005 0026,8420,33960,42380,5400,27690,33090,72000RES
R72 13005 0028,11020,41550,52570,7100,16860,23960,72000RES
R72 13005 0030,8030,32710,40740,5160,4540,9700,72000RES
R72 13005 0031,7020,46450,53470,4480,22610,27090,72000RES
R72 13005 0032,7020,33630,40650,4480,29550,34030,72000RES
R72 13005 0033,6860,21310,28170,4380,32420,36800,72000RES
R72 13005 0034,7250,24070,31320,4640,25930,30570,72000RES
R72 13005 0035,7020,32890,39910,4480,22950,27430,72000RES
R72 13005 0036,8580,45600,54180,5520,30780,36300,72000RES
R72 13005 0038,9200,27060,36260,5940,20870,26810,72000RES
R72 13005 0039,7020,32240,39260,4480,14670,19150,72000RES
R72 13005 0040,7020,35710,42730,4480,28780,33260,72000RES
R72 13005 0041,10770,45620,56390,7160,24850,32010,72000RES
R72 13005 0044,6890,53500,60390,4400,23490,27890,72000RES
R72 13005 0045,6890,33450,40340,4400,13760,18160,72000RES
R72 13005 0046,8570,38820,47390,5500,22150,27650,72000RES
R72 13005 0050,6820,26780,33600,4350,13410,17760,72000RES
R72 13005 0051,3750,0,3750,2150,0,2150,72000RES
R72 13006 0001,6890,43400,50290,4420,25550,29970,72000RES
R72 13006 0002,6950,40260,47210,4430,21150,25580,72000RES
R72 13006 0003,7020,40440,47460,4460,25270,29730,72000RES
R72 13006 0004,10240,32070,42310,6620,22080,28700,72000RES
R72 13006 0006,8640,42610,51250,5550,28910,34460,72000RES
R72 13006 0007,6950,36620,43570,4450,23630,28080,72000RES
R72 13006 0008,2750,0,2750,1570,0,1570,72000RES
R72 13006 0009,7330,35460,42790,4690,27430,32120,72000RES
R72 13006 0010,9070,46030,55100,5870,28010,33880,72000RES
R72 13006 0011,3570,0,3570,2050,0,2050,72000RES
R72 13006 0012,3500,0,3500,2020,0,2020,72000RES
R72 13006 0013,3790,0,3790,2180,0,2180,72000RES
R72 13006 0014,7590,29160,36750,4840,21200,26040,72000RES
R72 13006 0015,7160,27580,34740,4560,14650,19210,72000RES
R72 13006 0016,7110,17820,24930,4550,12590,17140,72000RES
R72 13006 0017,7040,36880,43920,4480,20480,24960,72000RES
R72 13006 0018,7040,37830,44870,4480,14030,18510,72000RES
R72 13006 0019,9150,44810,53960,5900,23950,29850,72000RES
R72 13006 0021,8490,41900,50390,5450,33520,38970,72000RES
R72 13006 0024,2670,0,2670,1520,0,1520,72000RES
R72 13007 0001,8110,34670,42780,5210,21980,27190,72000RES
R72 13007 0002,7410,43410,50820,4740,29640,34380,72000RES
R72 13007 0003,7410,31050,38460,4740,19360,24100,72000RES
R72 13007 0004,3700,0,3700,2130,0,2130,72000RES
R72 13007 0005,8420,41520,49940,5420,26290,31710,72000RES
R72 13007 0006,6980,36080,43060,4460,17240,21700,72000RES
R72 13007 0007,6980,38150,45130,4450,20400,24850,72000RES
R72 13007 0008,6980,29280,36260,4480,19930,24410,72000RES
R72 13007 0009,7110,36640,43750,4550,20630,25180,72000RES
R72 13007 0010,7320,33280,40600,4670,19670,24340,72000RES
R72 13007 0011,7220,31940,39160,4590,22350,26940,72000RES
R72 13007 0012,7430,37210,44640,4720,19500,24220,72000RES
R72 13007 0013,7290,31880,39170,4640,22070,26710,72000RES
R72 13007 0014,7160,27050,34210,4580,15100,19680,72000RES
R72 13007 0015,7090,38050,45140,4530,20610,25140,72000RES
R72 13007 0016,1750,0,1750,1120,0,1120,72000RES
R72 13007 0017,6890,28220,35110,4420,22400,26820,72000RES
R72 13007 0018,7880,38250,46130,5030,17190,22220,72000RES
R72 13007 0019,6890,36270,43160,4400,19610,24010,72000RES
R72 13007 0020,6890,18400,25290,4400,16140,20540,72000RES
R72 13007 0021,6890,18990,25880,4400,13130,17530,72000RES
R72 13007 0022,6890,37550,44440,4400,24060,28460,72000RES
R72 13007 0023,6890,45670,52560,4400,32270,36670,72000RES
R72 13007 0024,6890,35340,42230,4400,14150,18550,72000RES
R72 13007 0025,6890,29530,36420,4400,22170,26570,72000RES
R72 13007 0026,7220,29970,37190,4610,21660,26270,72000RES
R72 13007 0027,7090,36820,43910,4530,15680,20210,72000RES
R72 13007 0028,7020,33540,40560,4460,22800,27260,72000RES
R72 13007 0029,3440,0,3440,1990,0,1990,72000RES
R72 13007 0030,6890,24880,31770,4400,21590,25990,72000RES
R72 13007 0031,6890,33360,40250,4400,25120,29520,72000RES
R72 13007 0032,6890,37110,44000,4400,20610,25010,72000RES
R72 13007 0033,7910,43910,51820,5080,37610,42690,72000RES
R72 13007 0034,7490,37500,44990,4800,12670,17470,72000RES
R72 13007 0035,7490,41030,48520,4800,24600,29400,72000RES
R72 13007 0036,7430,36480,43910,4750,23340,28090,72000RES
R72 13007 0037,7360,39460,46820,4700,22700,27400,72000RES
R72 13007 0038,7700,42780,50480,4900,13590,18490,72000RES
R72 13007 0040,7290,36400,43690,4660,17360,22020,72000RES
R72 13007 0041,7430,34010,41440,4750,15090,19840,72000RES
R72 13007 0042,8820,39800,48620,5770,15190,20960,72000RES
R72 13007 0043,3450,0,3450,1990,0,1990,72000RES
R72 13007 0044,7210,39260,46470,4570,27350,31920,72000RES
R72 13007 0045,7190,25280,32470,4560,15750,20310,72000RES
R72 13007 0046,3590,0,3590,2060,0,2060,72000RES
R72 13007 0047,7190,37670,44860,4570,35440,40010,72000RES
R72 13007 0048,7190,35440,42630,4560,18330,22890,72000RES
R72 13007 0049,7130,39950,47080,4530,20240,24770,72000RES
R72 13007 0050,7060,32150,39210,4480,16940,21420,72000RES
R72 13007 0051,6930,35580,42510,4410,27440,31850,72000RES
R72 13007 0052,8110,37760,45870,5200,5600,10800,72000RES
R72 13008 0001,7290,29160,36450,4660,22120,26780,72000RES
R72 13008 0002,7430,34350,41780,4720,15910,20630,72000RES
R72 13008 0003,9160,38600,47760,6020,23930,29950,72000RES
R72 13008 0004,10170,25500,35670,6740,24590,31330,72000RES
R72 13008 0006,8670,30660,39330,5630,13820,19450,72000RES
R72 13008 0007,7190,41520,48710,4590,29910,34500,72000RES
R72 13008 0008,7190,22060,29250,4590,28010,32600,72000RES
R72 13008 0009,7130,34690,41820,4540,13880,18420,72000RES
R72 13008 0010,7130,22530,29660,4530,15940,20470,72000RES
R72 13008 0011,7130,37770,44900,4540,21780,26320,72000RES
R72 13008 0012,7050,28630,35680,4490,12190,16680,72000RES
R72 13008 0013,7080,43030,50110,4510,24600,29110,72000RES
R72 13008 0014,8350,35370,43720,5360,22330,27690,72000RES
R72 13008 0015,8050,36210,44260,5320,28180,33500,72000RES
R72 13008 0016,6090,2640,8730,3740,3470,7210,72000RES
R72 13008 0017,7760,27890,35650,5040,21220,26260,72000RES
R72 13008 0018,7630,32560,40190,4930,31240,36170,72000RES
R72 13008 0019,7560,25650,33210,4830,21530,26360,72000RES
R72 13008 0020,8640,30560,39200,5550,25200,30750,72000RES
R72 13008 0021,7040,38990,46030,4500,28160,32660,72000RES
R72 13008 0022,7040,35830,42870,4520,14870,19390,72000RES
R72 13008 0023,7110,36220,43330,4550,14180,18730,72000RES
R72 13008 0024,7310,43150,50460,4650,33120,37770,72000RES
R72 13008 0025,3760,0,3760,2150,0,2150,72000RES
R72 13008 0026,7380,33400,40780,4720,12310,17030,72000RES
R72 13008 0027,7040,23510,30550,4500,18150,22650,72000RES
R72 13008 0028,6830,39330,46160,4370,12570,16940,72000RES
R72 13008 0029,7340,39250,46590,4710,37930,42640,72000RES
R72 13008 0030,7480,35990,43470,4780,25730,30510,72000RES
R72 13008 0031,7130,33190,40320,4540,21920,26460,72000RES
R72 13008 0032,7050,35660,42710,4520,22430,26950,72000RES
R72 13008 0033,7050,37860,44910,4500,27350,31850,72000RES
R72 13008 0034,7050,43730,50780,4500,22830,27330,72000RES
R72 13008 0035,7050,30060,37110,4500,18740,23240,72000RES
R72 13008 0036,7050,45070,52120,4500,15320,19820,72000RES
R72 13008 0037,7880,35840,43720,5050,27520,32570,72000RES
R72 13008 0038,6890,29580,36470,4400,22600,27000,72000RES
R72 13008 0039,6890,42970,49860,4400,26260,30660,72000RES
R72 13008 0040,6890,34030,40920,4400,40450,44850,72000RES
R72 13008 0041,6890,35660,42550,4400,23960,28360,72000RES
R72 13008 0042,6890,27370,34260,4400,15190,19590,72000RES
R72 13008 0043,8030,30060,38090,5150,21250,26400,72000RES
R72 13008 0044,8260,39540,47800,5300,12240,17540,72000RES
R72 13008 0045,6890,27240,34130,4400,24950,29350,72000RES
R72 13008 0046,6890,32280,39170,4400,17760,22160,72000RES
R72 13008 0047,2660,0,2660,1530,0,1530,72000RES
R72 13008 0048,8720,32750,41470,5770,21680,27450,72000RES
R72 13008 0049,3770,0,3770,2170,0,2170,72000RES
R72 13008 0050,7360,37600,44960,4700,19160,23860,72000RES
R72 13008 0051,3030,0,3030,1700,0,1700,72000RES
R72 13008 0054,1330,0,1330,850,0,850,72000RES
R72 13009 0001,3410,0,3410,1950,0,1950,72000RES
R72 13009 0002,3150,0,3150,1820,0,1820,72000RES
R72 13009 0003,3410,0,3410,1950,0,1950,72000RES
R72 13009 0004,3530,0,3530,2020,0,2020,72000RES
R72 13009 0005,8100,42970,51070,5090,16040,21130,72000RES
R72 13009 0007,9240,42410,51650,5710,31690,37400,72000RES
R72 13009 0009,7490,36080,43570,4800,26530,31330,72000RES
R72 13009 0010,3740,0,3740,2160,0,2160,72000RES
R72 13009 0011,7490,31240,38730,4800,10470,15270,72000RES
R72 13009 0013,7490,10710,18200,4800,13760,18560,72000RES
R72 13009 0014,4730,25890,30620,3020,23370,26390,72000RES
R72 13009 0015,9150,36190,45340,6460,8170,14630,72000RES
R72 13009 0016,7890,30780,38670,7370,33220,40590,72000RES
R72 13009 0017,7160,40580,47740,4560,23060,27620,72000RES
R72 13009 0018,7160,39040,46200,4560,13480,18040,72000RES
R72 13009 0019,8000,36610,44610,6400,16580,22980,72000RES
R72 13009 0020,8000,42250,50250,6400,23080,29480,72000RES
R72 13009 0021,6750,27280,34030,4320,8990,13310,72000RES
R72 13009 0022,6750,26450,33200,4320,15370,19690,72000RES
R72 13009 0023,9750,38830,48580,6240,9370,15610,72000RES
R72 13009 0025,7200,33140,40340,4600,20190,24790,72000RES
R72 13009 0026,7500,34920,42420,4820,31860,36680,72000RES
R72 13009 0027,6950,38780,45730,4430,33820,38250,72000RES
R72 13009 0028,3520,0,3520,2030,0,2030,72000RES
R72 13009 0029,7880,38550,46430,5070,33220,38290,72000RES
R72 13009 0030,7480,50530,58010,4790,16830,21620,72000RES
R72 13009 0031,7220,38210,45430,4610,10120,14730,72000RES
R72 13009 0032,7360,33800,41160,4670,17570,22240,72000RES
R72 13009 0033,7430,37320,44750,4720,33780,38500,72000RES
R72 13009 0034,7430,37480,44910,4770,21160,25930,72000RES
R72 13009 0035,620,0,620,380,0,380,72000RES
R72 13009 0036,9320,29790,39110,6140,15330,21470,72000RES
R72 13009 0037,7850,40630,48480,5090,25470,30560,72000RES
R72 13009 0038,8320,12560,20880,5620,8540,14160,72000RES
R72 13009 0039,8780,38910,47690,5900,21570,27470,72000RES
R72 13009 0040,6950,9610,16560,4450,23310,27760,72000RES
R72 13009 0041,6890,55270,62160,4400,38750,43150,72000RES
R72 13009 0042,2500,18010,20510,4400,11670,16070,72000RES
R72 13009 0043,6890,24670,31560,4400,18530,22930,72000RES
R72 13009 0044,3440,0,3440,1980,0,1980,72000RES
R72 13009 0045,3440,0,3440,1980,0,1980,72000RES
R72 13009 0046,8000,43050,51050,6400,48960,55360,72000RES
R72 13009 0047,7050,46300,53350,4500,28750,33250,72000RES
R72 13009 0048,7130,40890,48020,4540,23210,27750,72000RES
R72 13009 0049,7200,38060,45260,4580,15460,20040,72000RES
R72 13009 0050,7350,37770,45120,4720,32040,36760,72000RES
R72 13009 0051,7580,44810,52390,4840,18500,23340,72000RES
R72 13009 0052,3860,0,3860,2230,0,2230,72000RES
R72 13009 0053,8000,42490,50490,6400,24490,30890,72000RES
R72 13009 0055,7730,44110,51840,4930,29850,34780,72000RES
R72 13009 0057,7590,41010,48600,4790,28110,32900,72000RES
R72 13009 0060,3040,0,3040,1710,0,1710,72000RES
R72 13009 0071,4550,0,4550,3640,0,3640,72000RES
R72 13101 0007,6270,33610,39880,2560,0,2560,82000ARL
R72 13101 0008,3170,0,3170,2330,0,2330,82000ARL
R72 13101 0009,3170,0,3170,2330,0,2330,82000ARL
R72 13101 0010,6350,17590,23940,2590,0,2590,82000ARL
R72 13101 0011,9410,30030,39440,7870,40120,47990,82000ARL
R72 13101 0013,3170,0,3170,2330,0,2330,82000ARL
R72 13101 0015,6350,820,7170,5180,1080,6260,82000ARL
R72 13101 0016,6350,29160,35510,5180,40780,45960,82000ARL
R72 13101 0017,3170,0,3170,2330,0,2330,82000ARL
R72 13101 0018,3170,0,3170,2330,0,2330,82000ARL
R72 13101 0020,6180,5990,12170,4910,1090,6000,82000ARL
R72 13101 0022,1080,0,1080,2370,0,2370,82000ARL
R72 13101 0024,6440,16560,23000,5260,1440,6700,82000ARL
R72 13101 0025,3220,0,3220,2360,0,2360,82000ARL
R72 13101 0026,3220,0,3220,2360,0,2360,82000ARL
R72 13101 0027,3220,0,3220,2360,0,2360,82000ARL
R72 13101 0028,6440,19450,25890,5260,23280,28540,82000ARL
R72 13101 0029,6440,46670,53110,5260,50090,55350,82000ARL
R72 13101 0030,6190,39180,45370,5040,51020,56060,82000ARL
R72 13101 0039,6960,30930,37890,5380,36400,41780,82000ARL
R72 13102 0001,6110,34390,40500,4970,27270,32240,82000ARL
R72 13102 0002,3220,0,3220,2360,0,2360,82000ARL
R72 13102 0003,6440,34270,40710,5260,41790,47050,82000ARL
R72 13102 0004,2420,0,2420,1740,0,1740,82000ARL
R72 13102 0005,3220,0,3220,2360,0,2360,82000ARL
R72 13102 0006,3220,0,3220,2360,0,2360,82000ARL
R72 13102 0007,3220,0,3220,2360,0,2360,82000ARL
R72 13102 0008,6440,23050,29490,5260,27750,33010,82000ARL
R72 13102 0009,6440,20330,26770,5260,29050,34310,82000ARL
R72 13102 0011,6440,22610,29050,5260,32860,38120,82000ARL
R72 13102 0012,6190,44930,51120,5040,49880,54920,82000ARL
R72 13102 0013,3090,0,3090,2270,0,2270,82000ARL
R72 13102 0014,6190,23430,29620,5040,24480,29520,82000ARL
R72 13102 0015,6190,29760,35950,2270,0,2270,82000ARL
R72 13102 0017,6190,19990,26180,5040,31240,36280,82000ARL
R72 13102 0018,6190,13000,19190,2520,0,2520,82000ARL
R72 13102 0019,3090,0,3090,2270,0,2270,82000ARL
R72 13102 0020,7670,27110,34780,6340,19630,25970,82000ARL
R72 13102 0021,7760,37250,45010,3210,42680,45890,82000ARL
R72 13102 0023,6520,32860,39380,2400,0,2400,82000ARL
R72 13102 0024,6190,1300,7490,2270,0,2270,82000ARL
R72 13102 0025,6190,3250,9440,5040,4250,9290,82000ARL
R72 13102 0026,6190,9200,15390,5040,14320,19360,82000ARL
R72 13102 0030,7670,34190,41860,6340,38530,44870,82000ARL
R72 13102 0031,6190,5920,12110,5040,31900,36940,82000ARL
R72 13102 0032,3090,0,3090,2270,0,2270,82000ARL
R72 13102 0033,6190,23960,30150,5040,35430,40470,82000ARL
R72 13102 0034,7840,9940,17780,6490,0,6490,82000ARL
R72 13102 0035,6350,35270,41620,5180,49790,54970,82000ARL
R72 13102 0040,9240,19720,28960,7720,36980,44700,82000ARL
R72 13102 0042,3130,0,3130,2300,0,2300,82000ARL
R72 13102 0043,6270,28990,35260,2300,0,2300,82000ARL
R72 13102 0044,6270,26370,32640,5110,2850,7960,82000ARL
R72 13102 0045,6780,28270,35050,5830,22750,28580,82000ARL
R72 13102 0048,3130,0,3130,2300,0,2300,82000ARL
R72 13102 0049,3170,0,3170,2330,0,2330,82000ARL
R72 13102 0051,2420,0,2420,1740,0,1740,82000ARL
R72 13103 0016,3240,0,3240,2390,0,2390,82000ARL
R72 13103 0017,6480,22410,28890,5300,33490,38790,82000ARL
R72 13103 0018,7290,28240,35530,6000,34030,40030,82000ARL
R72 13103 0023,7430,21530,28960,6130,9800,15930,82000ARL
R72 13103 0024,7430,15140,22570,6130,17330,23460,82000ARL
R72 13103 0025,7430,14810,22240,6130,18740,24870,82000ARL
R72 13103 0027,7430,17540,24970,6130,26120,32250,82000ARL
R72 13103 0028,7430,13070,20500,6130,24410,30540,82000ARL
R72 13103 0029,7430,10940,18370,6130,20030,26160,82000ARL
R72 13104 0001,2990,0,2990,2200,0,2200,82000ARL
R72 13104 0002,2980,0,2980,2180,0,2180,82000ARL
R72 13104 0005,6190,27610,33800,5040,49190,54230,82000ARL
R72 13104 0006,6190,2690,8880,5040,3520,8560,82000ARL
R72 13104 0007,3090,0,3090,2270,0,2270,82000ARL
R72 13104 0008,6130,32880,39010,5020,44470,49490,82000ARL
R72 13104 0009,6190,17600,23790,5040,26170,31210,82000ARL
R72 13104 0010,3170,0,3170,2330,0,2330,82000ARL
R72 13104 0012,670,0,670,540,0,540,82000ARL
R72 13104 0013,670,0,670,540,0,540,82000ARL
R72 13104 0015,7130,3160,10290,5750,0,5750,82000ARL
R72 13104 0025,3060,0,3060,2250,0,2250,82000ARL
R72 13104 0066,4470,17850,22320,3670,24700,28370,82000ARL
R72 13104 0070,1190,0,1190,2150,0,2150,82000ARL
R72 13104 0071,4900,27250,32150,4020,22740,26760,82000ARL
R72 13104 0072,3120,0,3120,2280,0,2280,82000ARL
R72 13105 0001,5470,32390,37860,3350,0,3350,82000ARL
R72 13105 0003,6190,21370,27560,5040,33990,39030,82000ARL
R72 13105 0059,1460,0,1460,1220,0,1220,82000ARL
R72 13107 0001,3650,0,3650,2700,0,2700,82000ARL
R72 13107 0002,4060,0,4060,3020,0,3020,82000ARL
R72 13107 0003,9000,42270,51270,7380,50800,58180,82000ARL
R72 13107 0004,3920,0,3920,3040,0,3040,82000ARL
R72 13107 0005,4060,0,4060,3260,0,3260,82000ARL
R72 13107 0006,4060,0,4060,3260,0,3260,82000ARL
R72 13107 0007,8100,0,8100,3260,0,3260,82000ARL
R72 13107 0008,3860,0,3860,2860,0,2860,82000ARL
R72 13107 0009,1220,0,1220,1050,0,1050,82000ARL
R72 13107 0010,1300,0,1300,1150,0,1150,82000ARL
R72 13107 0011,4100,0,4100,2890,0,2890,82000ARL
R72 13107 0013,3330,0,3330,2480,0,2480,82000ARL
R72 13107 0014,6660,9900,16560,5500,16820,22320,82000ARL
R72 13107 0015,3330,0,3330,2480,0,2480,82000ARL
R72 13107 0016,3330,0,3330,2480,0,2480,82000ARL
R72 13107 0017,6660,29280,35940,5500,33690,39190,82000ARL
R72 13107 0018,6660,12260,18920,2480,0,2480,82000ARL
R72 13107 0020,3300,0,3300,2320,0,2320,82000ARL
R72 13107 0024,6720,3940,10660,2490,0,2490,82000ARL
R72 13107 0025,3360,0,3360,2490,0,2490,82000ARL
R72 13107 0027,3360,0,3360,2490,0,2490,82000ARL
R72 13107 0028,3360,0,3360,2490,0,2490,82000ARL
R72 13107 0029,6720,14860,21580,5540,980,6520,82000ARL
R72 13107 0030,3620,0,3620,2700,0,2700,82000ARL
R72 13107 0032,6660,20420,27080,5520,1350,6870,82000ARL
R72 13107 0033,3330,0,3330,2480,0,2480,82000ARL
R72 13107 0034,6660,16580,23240,5520,27210,32730,82000ARL
R72 13107 0035,3330,0,3330,2480,0,2480,82000ARL
R72 13107 0036,910,0,910,330,0,330,82000ARL
R72 13107 0037,3450,0,3450,2590,0,2590,82000ARL
R72 13107 0038,2640,0,2640,1930,0,1930,82000ARL
R72 13107 0039,3530,0,3530,2560,0,2560,82000ARL
R72 13107 0040,1200,0,1200,1200,0,1200,82000ARL
R72 13107 0042,6150,10700,16850,4900,17770,22670,82000ARL
R72 13107 0044,3240,0,3240,2360,0,2360,82000ARL
R72 13107 0046,3640,0,3640,2660,0,2660,82000ARL
R72 13107 0048,2290,0,2290,1670,0,1670,82000ARL
R72 13107 0051,6810,15030,21840,2660,0,2660,82000ARL
R72 13107 0054,5580,5250,10830,4560,3900,8460,82000ARL
R72 13107 0055,1900,0,1900,1510,0,1510,82000ARL
R72 13107 0056,4920,12150,17070,4100,13460,17560,82000ARL
R72 13107 0058,2460,0,2460,1850,0,1850,82000ARL
R72 13107 0060,2900,0,2900,2070,0,2070,82000ARL
R72 13107 0061,2760,0,2760,2030,0,2030,82000ARL
R72 13108 0005,3450,0,3450,2610,0,2610,82000ARL
R72 13108 0006,3480,0,3480,2660,0,2660,82000ARL
R72 13108 0007,6960,3800,10760,5920,14370,20290,82000ARL
R72 13108 0008,2640,0,2640,1940,0,1940,82000ARL
R72 13108 0017,6720,14140,20860,5540,56520,62060,82000ARL
R72 13108 0018,3360,0,3360,2490,0,2490,82000ARL
R72 13108 0019,3360,0,3360,2490,0,2490,82000ARL
R72 13108 0021,3360,0,3360,2490,0,2490,82000ARL
R72 13108 0046,4920,18190,23110,4100,33190,37290,82000ARL
R72 13201 0001,3250,0,3250,2410,0,2410,82000ARL
R72 13201 0002,3330,0,3330,2480,0,2480,82000ARL
R72 13201 0003,6660,37560,44220,5500,41110,46610,82000ARL
R72 13201 0004,3330,0,3330,2480,0,2480,82000ARL
R72 13201 0005,6660,26110,32770,5500,56610,62110,82000ARL
R72 13201 0006,3330,0,3330,2480,0,2480,82000ARL
R72 13201 0007,3330,0,3330,2480,0,2480,82000ARL
R72 13201 0008,3330,0,3330,2480,0,2480,82000ARL
R72 13201 0009,3330,0,3330,2480,0,2480,82000ARL
R72 13201 0029,6660,0,6660,5500,0,5500,82000ARL
R72 13201 0030,3540,0,3540,2640,0,2640,82000ARL
R72 13201 0034,3330,0,3330,2480,0,2480,82000ARL
R72 13201 0035,3330,0,3330,2480,0,2480,82000ARL
R72 13201 0036,3330,0,3330,2480,0,2480,82000ARL
R72 13201 0037,3600,0,3600,2480,0,2480,82000ARL
R72 13201 0038,3600,0,3600,2480,0,2480,82000ARL
R72 13201 0039,6660,29650,36310,5500,15570,21070,82000ARL
R72 13201 0040,7490,31790,39280,6250,32030,38280,82000ARL
R72 13201 0041,8110,27560,35670,6660,24560,31220,82000ARL
R72 13201 0045,1080,0,1080,1960,0,1960,82000ARL
R72 13201 0046,3270,0,3270,2420,0,2420,82000ARL
R72 13201 0055,6720,6060,12780,4990,0,4990,82000ARL
R72 13201 0056,6720,31780,38500,5540,11670,17210,82000ARL
R72 13201 0057,3360,0,3360,2490,0,2490,82000ARL
R72 13201 0058,3360,0,3360,2490,0,2490,82000ARL
R72 13201 0059,3360,0,3360,2490,0,2490,82000ARL
R72 13201 0060,3360,0,3360,2490,0,2490,82000ARL
R72 13201 0063,6720,39130,45850,5540,57100,62640,82000ARL
R72 13201 0064,3360,0,3360,2490,0,2490,82000ARL
R72 13201 0065,3490,0,3490,2600,0,2600,82000ARL
R72 13202 0003,3360,0,3360,2490,0,2490,82000ARL
R72 13202 0004,3270,0,3270,2400,0,2400,82000ARL
R72 13202 0005,3360,0,3360,2490,0,2490,82000ARL
R72 13202 0006,3360,0,3360,2490,0,2490,82000ARL
R72 13202 0007,3360,0,3360,2490,0,2490,82000ARL
R72 13202 0008,3360,0,3360,2490,0,2490,82000ARL
R72 13202 0012,3360,0,3360,2490,0,2490,82000ARL
R72 13202 0013,6720,24260,30980,5540,35060,40600,82000ARL
R72 13202 0014,3360,0,3360,2490,0,2490,82000ARL
R72 13202 0015,5240,0,5240,4310,0,4310,82000ARL
R72 13202 0016,7310,30220,37530,6070,8630,14700,82000ARL
R72 13202 0018,3490,0,3490,2600,0,2600,82000ARL
R72 13202 0019,2090,0,2090,1730,0,1730,82000ARL
R72 13202 0020,6970,27000,33970,5770,26830,32600,82000ARL
R72 13202 0021,3490,0,3490,2600,0,2600,82000ARL
R72 13202 0022,3490,0,3490,2600,0,2600,82000ARL
R72 13202 0023,3490,0,3490,2600,0,2600,82000ARL
R72 13202 0029,0,0,0,2480,0,2480,82000ARL
R72 13202 0033,5580,0,5580,4610,0,4610,82000ARL
R72 13202 0034,7080,0,7080,5480,0,5480,82000ARL
R72 13202 0038,3300,0,3300,2430,0,2430,82000ARL
R72 13203 0003,4850,0,4850,3640,0,3640,82000ARL
R72 13204 0002,9700,27830,37530,8010,35130,43140,82000ARL
R72 13204 0003,4190,0,4190,3370,0,3370,82000ARL
R72 13204 0005,2440,0,2440,1810,0,1810,82000ARL
R72 13204 0006,1580,0,1580,670,0,670,82000ARL
R72 13204 0007,3660,0,3660,2900,0,2900,82000ARL
R72 13204 0008,2730,0,2730,2010,0,2010,82000ARL
R72 13204 0009,1800,0,1800,680,0,680,82000ARL
R72 13204 0010,2850,0,2850,2090,0,2090,82000ARL
R72 13204 0011,2580,0,2580,1920,0,1920,82000ARL
R72 13204 0012,1680,0,1680,550,0,550,82000ARL
R72 13204 0013,4940,0,4940,3680,0,3680,82000ARL
R72 13204 0024,3330,0,3330,2480,0,2480,82000ARL
R72 13204 0025,6660,23280,29940,5500,24980,30480,82000ARL
R72 13204 0026,3330,0,3330,2480,0,2480,82000ARL
R72 13204 0027,6660,14910,21570,5500,21950,27450,82000ARL
R72 13204 0028,3330,0,3330,2480,0,2480,82000ARL
R72 13204 0029,6660,25620,32280,5500,6560,12060,82000ARL
R72 13204 0030,6660,15660,22320,2750,0,2750,82000ARL
R72 13204 0031,7410,32500,39910,6180,5980,12160,82000ARL
R72 13204 0033,3120,0,3120,2300,0,2300,82000ARL
R72 13204 0035,3270,0,3270,2420,0,2420,82000ARL
R72 13204 0036,3480,0,3480,2660,0,2660,82000ARL
R72 13204 0037,3570,0,3570,2820,0,2820,82000ARL
R72 13204 0040,3720,0,3720,3000,0,3000,82000ARL
R72 13204 0041,5590,0,5590,3850,0,3850,82000ARL
R72 13204 0049,1320,0,1320,430,0,430,82000ARL
R72 13205 0053,5770,12510,18280,3520,0,3520,82000LAK
R72 13205 0054,2880,0,2880,1610,0,1610,82000LAK
R72 13205 0056,5770,8430,14200,3520,2740,6260,82000LAK
R72 13205 0057,5770,27260,33030,3520,23500,27020,82000LAK
R72 13205 0058,2880,0,2880,1610,0,1610,82000LAK
R72 13205 0059,5770,38180,43950,3520,970,4490,82000LAK
R72 13205 0060,5770,18930,24700,3520,25480,29000,82000LAK
R72 13206 0049,2950,0,2950,1650,0,1650,82000LAK
R72 13206 0050,2950,0,2950,1650,0,1650,82000LAK
R72 13206 0051,5910,25660,31570,5310,28940,34250,82001LAK
R72 13206 0052,5910,23400,29310,5310,12750,18060,82001LAK
R72 13206 0053,2950,0,2950,1650,0,1650,82000LAK
R72 13206 0054,5910,9140,15050,5310,21050,26360,82001LAK
R72 13206 0055,5910,5560,11470,5310,13960,19270,82001LAK
R72 13206 0056,2950,0,2950,1650,0,1650,82000LAK
R72 13206 0057,5910,3210,9120,820,0,820,82000LAK
R72 13206 0058,5910,4350,10260,5310,2240,7550,82001LAK
R72 13206 0059,2950,0,2950,1650,0,1650,82000LAK
R72 13206 0060,5910,4420,10330,5310,1830,7140,82001LAK
R72 13206 0061,2110,0,2110,1260,0,1260,82000LAK
R72 13206 0062,4830,1700,6530,4530,16520,21050,82001LAK
R72 13206 0063,1790,0,1790,1150,0,1150,82000LAK
R72 13206 0064,2950,0,2950,1650,0,1650,82000LAK
R72 13206 0065,2950,0,2950,1650,0,1650,82000LAK
R72 13206 0066,2950,0,2950,1650,0,1650,82000LAK
R72 13206 0067,2950,0,2950,1650,0,1650,82000LAK
R72 13206 0068,2950,0,2950,1650,0,1650,82000LAK
R72 13206 0069,2950,0,2950,1650,0,1650,82000LAK
R72 13206 0070,2950,0,2950,1650,0,1650,82000LAK
R72 13206 0071,2950,0,2950,1650,0,1650,82000LAK
R72 13206 0072,5910,8850,14760,5310,6490,11800,82001LAK
R72 13206 0073,2950,0,2950,1650,0,1650,82000LAK
R72 13206 0074,2950,0,2950,1650,0,1650,82000LAK
R72 13206 0075,5910,2640,8550,3610,0,3610,82000LAK
R72 13206 0076,2110,0,2110,1260,0,1260,82000LAK
R72 13207 0011,4020,0,4020,2200,0,2200,82000LAK
R72 13207 0019,7280,22570,29850,3300,0,3300,82000LAK
R72 13207 0051,2950,0,2950,1650,0,1650,82000LAK
R72 13207 0052,4730,0,4730,2880,0,2880,82000LAK
R72 13207 0075,2950,0,2950,1650,0,1650,82000LAK
R72 13207 0076,4730,0,4730,2880,0,2880,82000LAK
R72 13208 0007,6060,7140,13200,2450,0,2450,82001LAK
R72 13208 0008,7660,21540,29200,5440,28900,34340,82001LAK
R72 13208 0009,8450,36200,44650,6230,28750,34980,82001LAK
R72 13208 0010,8380,38120,46500,6170,40060,46230,82001LAK
R72 13208 0012,8580,43570,52150,6370,47920,54290,82001LAK
R72 13208 0015,10140,70130,80270,7980,87020,95000,82001LAK
R72 13208 0016,10010,64730,74740,7850,57750,65600,82001LAK
R72 13208 0017,10010,42310,52320,7850,59840,67690,82001LAK
R72 13208 0018,10270,46850,57120,8110,58790,66900,82001LAK
R72 13208 0029,1550,48720,50270,5590,55750,61340,82001LAK
R72 13208 0030,1680,0,1680,2610,0,2610,82001LAK
R72 13208 0031,8080,41570,49650,5800,54370,60170,82001LAK
R72 13208 0032,1680,0,1680,2610,0,2610,82001LAK
R72 13208 0045,8020,22980,31000,5740,26960,32700,82001LAK
R72 13208 0046,8160,27010,35170,5890,20150,26040,82001LAK
R72 13208 0047,8160,32050,40210,5890,10120,16010,82001LAK
R72 13208 0048,8160,28350,36510,5890,5780,11670,82001LAK
R72 13208 0049,8160,25610,33770,5890,5590,11480,82001LAK
R72 13208 0050,8160,22880,31040,5890,0,5890,82001LAK
R72 13208 0051,4150,0,4150,2650,0,2650,82001LAK
R72 13208 0054,8310,19900,28210,5980,31950,37930,82001LAK
R72 13208 0055,7270,34610,41880,5240,35580,40820,82001LAK
R72 13208 0056,9080,29170,38250,6830,14110,20940,82001LAK
R72 13208 0057,3840,0,3840,2310,0,2310,82001LAK
R72 13208 0058,8170,27370,35540,5830,10020,15850,82001LAK
R72 13208 0059,8310,25990,34300,5980,46070,52050,82001LAK
R72 13208 0060,8310,28120,36430,5940,33510,39450,82001LAK
R72 13209 0002,2210,0,2210,1470,0,1470,82001LAK
R72 13209 0003,2550,0,2550,1720,0,1720,82001LAK
R72 13209 0004,7450,12230,19680,0,0,0,82001LAK
R72 13209 0005,7450,24280,31730,5280,27160,32440,82001LAK
R72 13209 0006,2990,0,2990,0,0,0,C5000000
R72 13209 0007,7700,0,7700,6780,0,6780,82001LAK
R72 13209 0008,9440,37680,47120,3600,0,3600,82001LAK
R72 13209 0014,10840,47680,58520,8630,51980,60610,82001LAK
R72 13209 0015,9880,67290,77170,7690,63710,71400,82001LAK
R72 13209 0018,10840,51170,62010,8630,59380,68010,82001LAK
R72 13211 0001,9610,39070,48680,9520,37220,46740,82001PIN
R72 13211 0002,8430,45930,54360,8260,66230,74490,82001PIN
R72 13211 0003,4280,0,4280,3720,0,3720,82001PIN
R72 13211 0004,8430,38180,46610,8260,37110,45370,82001PIN
R72 13211 0005,8430,27450,35880,8260,22170,30430,82001PIN
R72 13211 0006,8430,30390,38820,8260,24310,32570,82001PIN
R72 13211 0008,8150,24570,32720,7970,17380,25350,82001PIN
R72 13211 0009,8430,24570,33000,6580,0,6580,82001PIN
R72 13211 0010,8430,30930,39360,8260,33920,42180,82001PIN
R72 13211 0012,10900,32750,43650,10940,39510,50450,82001PIN
R72 13211 0015,4070,0,4070,3540,0,3540,82001PIN
R72 13211 0016,8000,34870,42870,7860,35100,42960,82001PIN
R72 13211 0017,8150,43330,51480,7970,45000,52970,82001PIN
R72 13211 0018,4140,0,4140,3580,0,3580,82001PIN
R72 13211 0019,9610,30450,40060,9520,25460,34980,82001PIN
R72 13211 0020,4260,0,4260,3690,0,3690,82001PIN
R72 13211 0023,3570,0,3570,3220,0,3220,82001PIN
R72 13211 0024,9200,28620,37820,9060,25820,34880,82001PIN
R72 13211 0025,9130,35790,44920,8990,29370,38360,82001PIN
R72 13211 0026,9130,31880,41010,8990,28900,37890,82001PIN
R72 13211 0027,4180,0,4180,3600,0,3600,82001PIN
R72 13211 0028,8230,44590,52820,8010,47290,55300,82001PIN
R72 13211 0029,4180,0,4180,3600,0,3600,82001PIN
R72 13211 0030,4180,0,4180,3600,0,3600,82001PIN
R72 13211 0031,11000,41420,52420,11020,29760,40780,82001PIN
R72 13211 0033,11550,45850,57400,11630,44220,55850,82001PIN
R72 13211 0035,9750,31880,41630,9670,30280,39950,82001PIN
R72 13211 0037,8030,13260,21290,9300,22480,31780,82001PIN
R72 13211 0038,9530,32820,42350,9450,29650,39100,82001PIN
R72 13211 0039,8150,26030,34180,7970,20020,27990,82001PIN
R72 13211 0040,9510,0,9510,6380,0,6380,82001PIN
R72 13211 0041,4140,0,4140,3580,0,3580,82001PIN
R72 13211 0042,10700,46100,56800,10730,42670,53400,82001PIN
R72 13211 0044,16190,51550,67740,15910,47240,63150,82001PIN
R72 13211 0046,8150,35580,43730,7970,30630,38600,82001PIN
R72 13211 0047,8430,32080,40510,8260,24090,32350,82001PIN
R72 13211 0049,4240,0,4240,3690,0,3690,82001PIN
R72 13211 0050,11290,33100,44390,11020,38710,49730,82001PIN
R72 13211 0051,4560,0,4560,4070,0,4070,82001PIN
R72 13211 0052,8680,40170,48850,8570,41310,49880,82001PIN
R72 13211 0053,3500,0,3500,2930,0,2930,82001PIN
R72 13211 0055,8230,37210,45440,8010,33480,41490,82001PIN
R72 13211 0056,4150,0,4150,3570,0,3570,82001PIN
R72 13211 0057,7030,29030,36060,7160,2370,9530,82001PIN
R72 13211 0058,7030,29080,36110,7160,24100,31260,82001PIN
R72 13211 0059,7030,30960,37990,7160,23940,31100,82001PIN
R72 13211 0060,7030,27250,34280,7160,22590,29750,82001PIN
R72 13211 0061,8230,46670,54900,8010,46020,54030,82001PIN
R72 13211 0062,8230,27810,36040,8010,20890,28900,82001PIN
R72 13211 0063,8150,42900,51050,7990,52650,60640,82001PIN
R72 13211 0064,4480,0,4480,3930,0,3930,82001PIN
R72 13211 0065,5490,0,5490,4940,0,4940,82001PIN
R72 13211 0066,9180,26540,35720,9110,20520,29630,82001PIN
R72 13211 0068,3640,0,3640,3090,0,3090,82001PIN
R72 13211 0069,8150,48790,56940,7990,56220,64210,82001PIN
R72 13211 0070,10900,40180,51080,10980,32980,43960,82001PIN
R72 13211 0074,8220,35970,44190,8060,16150,24210,82001PIN
R72 13211 0075,4140,0,4140,3590,0,3590,82001PIN
R72 13211 0076,8840,24780,33620,8740,20520,29260,82001PIN
R72 13211 0077,13350,47250,60600,13430,81120,94550,82001PIN
R72 13211 0079,8290,51020,59310,8140,43890,52030,82001PIN
R72 13211 0080,9530,47570,57100,9450,42740,52190,82001PIN
R72 13211 0083,8840,30290,39130,8680,29310,37990,82001PIN
R72 13211 0084,4100,0,4100,3570,0,3570,82001PIN
R72 13211 0085,4100,0,4100,3570,0,3570,82001PIN
R72 13211 0086,4140,0,4140,3590,0,3590,82001PIN
R72 13211 0087,4140,0,4140,3590,0,3590,82001PIN
R72 13211 0088,8080,29350,37430,7880,22260,30140,82001PIN
R72 13211 0089,8000,25280,33280,6250,0,6250,82001PIN
R72 13211 0090,3370,0,3370,2870,0,2870,82001PIN
R72 13211 0091,10900,26640,37540,12040,0,12040,82001PIN
R72 13211 0092,4260,0,4260,3720,0,3720,82001PIN
R72 13211 0098,8920,26320,35240,8760,20930,29690,82001PIN
R72 13211 0099,8920,29770,38690,8760,31040,39800,82001PIN
R72 13211 0100,8920,27860,36780,8760,20510,29270,82001PIN
R72 13211 0102,8920,30900,39820,8760,25750,34510,82001PIN
R72 13211 0103,8920,27760,36680,6130,15100,21230,82001PIN
R72 13211 0105,7850,35430,43280,8110,32180,40290,82001PIN
R72 13211 0106,8430,32950,41380,8450,31410,39860,82001PIN
R72 13211 0107,9050,32190,41240,8930,32380,41310,82001PIN
R72 13211 0108,4480,0,4480,3920,0,3920,82001PIN
R72 13211 0109,3500,0,3500,2930,0,2930,82001PIN
R72 13211 0110,9530,25610,35140,9480,16540,26020,82001PIN
R72 13211 0111,8840,45420,54260,8710,53280,61990,82001PIN
R72 13211 0112,4480,0,4480,3920,0,3920,82001PIN
R72 13211 0113,9010,26300,35310,8940,25780,34720,82001PIN
R72 13211 0114,8810,23040,31850,8720,17770,26490,82001PIN
R72 13211 0115,8810,35140,43950,8720,29840,38560,82001PIN
R72 13211 0116,8810,28340,37150,8720,21380,30100,82001PIN
R72 13211 0117,8810,26750,35560,8720,26850,35570,82001PIN
R72 13211 0118,8810,22240,31050,8720,22410,31130,82001PIN
R72 13211 0119,8810,34590,43400,8720,33640,42360,82001PIN
R72 13211 0120,8810,24860,33670,8720,20320,29040,82001PIN
R72 13211 0121,8810,26150,34960,8720,23510,32230,82001PIN
R72 13211 0122,8810,26880,35690,8720,22860,31580,82001PIN
R72 13211 0123,8810,25280,34090,8720,22140,30860,82001PIN
R72 13211 0124,8810,16400,25210,8720,21120,29840,82001PIN
R72 13211 0125,8810,34230,43040,8720,32280,41000,82001PIN
R72 13211 0126,8810,28030,36840,8720,20410,29130,82001PIN
R72 13211 0127,8810,32100,40910,8720,26360,35080,82001PIN
R72 13211 0128,8810,26530,35340,6090,16680,22770,82001PIN
R72 13211 0129,8810,21270,30080,8720,23880,32600,82001PIN
R72 13211 0130,8810,20100,28910,8720,20040,28760,82001PIN
R72 13211 0131,4660,0,4660,4120,0,4120,82001PIN
R72 13211 0132,8220,31410,39630,8240,26030,34270,82001PIN
R72 13211 0133,8430,38730,47160,8450,29120,37570,82001PIN
R72 13211 0134,8240,29970,38210,8260,30980,39240,82001PIN
R72 13211 0135,8240,37090,45330,8260,33600,41860,82001PIN
R72 13211 0136,8170,29940,38110,8200,20100,28300,82001PIN
R72 13211 0137,9010,27410,36420,8940,13320,22260,82001PIN
R72 13211 0138,8810,32690,41500,8720,29630,38350,82001PIN
R72 13211 0139,8810,29900,38710,8720,28440,37160,82001PIN
R72 13211 0140,8810,28400,37210,8720,24960,33680,82001PIN
R72 13211 0141,8810,35730,44540,8720,41250,49970,82001PIN
R72 13211 0142,9220,30790,40010,9150,30730,39880,82001PIN
R72 13211 0143,8380,27610,35990,8510,26070,34580,82001PIN
R72 13211 0144,8560,36430,44990,8610,31210,39820,82001PIN
R72 13211 0145,8380,29660,38040,8510,22810,31320,82001PIN
R72 13211 0146,9180,34070,43250,9140,35290,44430,82001PIN
R72 13211 0147,10020,38940,48960,10290,38150,48440,82001PIN
R72 13211 0148,10200,35050,45250,10780,24640,35420,82001PIN
R72 13211 0149,10260,22390,32650,8060,23950,32010,82001PIN
R72 13211 0150,10020,33980,44000,10260,29620,39880,82001PIN
R72 13211 0151,9720,32230,41950,9890,28840,38730,82001PIN
R72 13211 0152,9140,27710,36850,9050,26180,35230,82001PIN
R72 13211 0153,9700,34310,44010,9640,25140,34780,82001PIN
R72 13211 0154,10250,37290,47540,10320,41750,52070,82001PIN
R72 13211 0155,9460,39590,49050,9400,38840,48240,82001PIN
R72 13211 0156,9460,29080,38540,9400,29400,38800,82001PIN
R72 13211 0157,9460,30230,39690,9400,24470,33870,82001PIN
R72 13211 0158,9460,32240,41700,9400,27690,37090,82001PIN
R72 13211 0159,9460,29250,38710,9400,24720,34120,82001PIN
R72 13211 0160,9240,25480,34720,4610,0,4610,82001PIN
R72 13211 0161,8720,36650,45370,8700,40660,49360,82001PIN
R72 13211 0162,8530,34030,42560,8500,32640,41140,82001PIN
R72 13211 0163,8660,30120,38780,8550,27270,35820,82001PIN
R72 13211 0164,8880,38510,47390,8800,34040,42840,82001PIN
R72 13211 0165,8550,31770,40320,8520,30810,39330,82001PIN
R72 13211 0166,8400,29240,37640,8370,24440,32810,82001PIN
R72 13211 0167,8400,26670,35070,8370,20090,28460,82001PIN
R72 13211 0168,8400,26170,34570,8370,16490,24860,82001PIN
R72 13211 0169,8070,32290,40360,8100,26590,34690,82001PIN
R72 13211 0170,8150,26360,34510,8200,23270,31470,82001PIN
R72 13211 0171,8560,26510,35070,8610,20560,29170,82001PIN
R72 13211 0172,8450,24140,32590,8480,22650,31130,82001PIN
R72 13211 0173,8400,23650,32050,8370,20840,29210,82001PIN
R72 13211 0174,8400,34530,42930,8370,36840,45210,82001PIN
R72 13211 0175,8400,26060,34460,8370,24100,32470,82001PIN
R72 13211 0176,8400,27960,36360,8370,25230,33600,82001PIN
R72 13211 0177,8400,30760,39160,8370,26820,35190,82001PIN
R72 13211 0178,8400,29040,37440,8370,24770,33140,82001PIN
R72 13211 0179,8400,32140,40540,8370,36590,44960,82001PIN
R72 13211 0180,8730,23050,31780,8670,18660,27330,82001PIN
R72 13211 0181,9310,23040,32350,9260,0,9260,82001PIN
R72 13211 0182,9060,23050,32110,8910,19750,28660,82001PIN
R72 13211 0192,2960,0,2960,2410,0,2410,82001PIN
R72 13211 0193,0,0,0,0,0,0,99999999
R72 13211 0194,0,0,0,0,0,0,99999999
R72 13211 0195,0,0,0,0,0,0,99999999
R72 13211 0196,0,0,0,0,0,0,99999999
R72 13211 0197,0,0,0,0,0,0,99999999
R72 13211 0199,0,0,0,0,0,0,99999999
R72 13211 0201,0,0,0,0,0,0,99999999
R72 13211 0202,0,0,0,0,0,0,82001PIN
R72 13212 0003,8020,50740,58760,5700,43660,49360,82002PIN
R72 13212 0004,4080,0,4080,2560,0,2560,82002PIN
R72 13212 0005,7740,48970,56710,5470,59780,65250,82002PIN
R72 13212 0006,3750,0,3750,2350,0,2350,82002PIN
R72 13212 0007,6280,0,6280,9220,0,9220,82002PIN
R72 13212 0008,8220,31790,40010,8020,29180,37200,82001PIN
R72 13212 0009,3910,0,3910,3340,0,3340,82001PIN
R72 13212 0010,3360,0,3360,2810,0,2810,82001PIN
R72 13212 0011,7740,20390,28130,7500,19460,26960,82001PIN
R72 13212 0012,3360,0,3360,2810,0,2810,82001PIN
R72 13213 0005,7630,36770,44400,5500,56870,62370,82001HIG
R72 13213 0006,3880,0,3880,2480,0,2480,82001HIG
R72 13213 0007,6670,0,6670,4020,0,4020,82001HIG
R72 13213 0008,4130,0,4130,2700,0,2700,82001HIG
R72 13213 0009,3880,0,3880,2480,0,2480,82001HIG
R72 13213 0010,3880,0,3880,2480,0,2480,82001HIG
R72 13213 0011,7630,3580,11210,2480,0,2480,82001HIG
R72 13213 0012,2990,0,2990,1690,0,1690,82001HIG
R72 13213 0024,3960,0,3960,2560,0,2560,82001HIG
R72 13213 0025,4140,0,4140,2630,0,2630,82001HIG
R72 13213 0026,4140,0,4140,2630,0,2630,82001HIG
R72 13213 0027,4140,0,4140,2630,0,2630,82001HIG
R72 13213 0028,4140,0,4140,2630,0,2630,82001HIG
R72 13213 0029,4140,0,4140,2630,0,2630,82001HIG
R72 13213 0030,4140,0,4140,2630,0,2630,82001HIG
R72 13213 0031,8150,26140,34290,2920,0,2920,82001HIG
R72 13213 0034,8020,22480,30500,5850,8470,14320,82001HIG
R72 13213 0035,4150,0,4150,2700,0,2700,82001HIG
R72 13213 0036,8410,25200,33610,6150,14540,20690,82001HIG
R72 13213 0037,8840,24400,33240,6600,8200,14800,82001HIG
R72 13213 0038,3110,0,3110,2190,0,2190,82001HIG
R72 13213 0039,4140,0,4140,2630,0,2630,82001HIG
R72 13213 0040,4140,0,4140,2630,0,2630,82001HIG
R72 13213 0041,4140,0,4140,2630,0,2630,82001HIG
R72 13213 0042,4140,0,4140,2630,0,2630,82001HIG
R72 13213 0043,8150,25850,34000,5840,12260,18100,82001HIG
R72 13213 0047,4260,0,4260,2740,0,2740,82001HIG
R72 13213 0048,4370,0,4370,2840,0,2840,82001HIG
R72 13213 0049,2260,0,2260,1560,0,1560,82001HIG
R72 13213 0050,3950,0,3950,2520,0,2520,82001HIG
R72 13213 0051,3950,0,3950,2520,0,2520,82001HIG
R72 13213 0052,3950,0,3950,2520,0,2520,82001HIG
R72 13213 0053,7780,17070,24850,5600,17630,23230,82001HIG
R72 13213 0054,5110,0,5110,3570,0,3570,82001HIG
R72 13213 0056,4220,0,4220,2700,0,2700,82001HIG
R72 13213 0057,7150,0,7150,4990,0,4990,82001HIG
R72 13213 0058,4100,0,4100,2670,0,2670,82001HIG
R72 13213 0059,3880,0,3880,2480,0,2480,82001HIG
R72 13213 0060,3880,0,3880,2480,0,2480,82001HIG
R72 13213 0063,3880,0,3880,2480,0,2480,82001HIG
R72 13213 0064,8140,28350,36490,6000,20520,26520,82001HIG
R72 13213 0069,3880,0,3880,2480,0,2480,82001HIG
R72 13213 0070,3880,0,3880,2480,0,2480,82001HIG
R72 13213 0071,3970,0,3970,2560,0,2560,82001HIG
R72 13213 0072,3180,0,3180,2570,0,2570,82001HIG
R72 13213 0075,3180,0,3180,2570,0,2570,82001HIG
R72 13213 0076,6360,38170,44530,5700,29850,35550,82001HIG
R72 13213 0077,6360,49980,56340,5700,44300,50000,82001HIG
R72 13213 0078,3180,0,3180,2570,0,2570,82001HIG
R72 13213 0079,3180,0,3180,2570,0,2570,82001HIG
R72 13213 0080,3180,0,3180,2570,0,2570,82001HIG
R72 13213 0084,7260,29050,36310,7000,7390,14390,82001HIG
R72 13213 0085,10890,23040,33930,9350,9990,19340,82001HIG
R72 13213 0089,2310,0,2310,1960,0,1960,82001HIG
R72 13214 0002,800,0,800,800,0,800,82001LAK
R72 13214 0004,5490,0,5490,3940,0,3940,82001LAK
R72 13214 0006,17680,44430,62110,13200,63620,76820,82001LAK
R72 13214 0008,9730,50230,59960,7540,64880,72420,82001LAK
R72 13214 0012,10760,52620,63380,8540,60550,69090,82001LAK
R72 13214 0014,8980,32550,41530,6760,53440,60200,82001LAK
R72 13214 0015,8750,35250,44000,6490,50230,56720,82001LAK
R72 13214 0016,3630,0,3630,2210,0,2210,82001LAK
R72 13214 0017,10900,33990,44890,8680,1320,10000,82001LAK
R72 13214 0019,3630,0,3630,2210,0,2210,82001LAK
R72 13214 0022,9530,33000,42530,7320,50070,57390,82001LAK
R72 13214 0025,9530,28250,37780,7320,31520,38840,82001LAK
R72 13214 0026,8170,31860,40030,6060,22590,28650,82001LAK
R72 13214 0027,8980,23450,32430,6780,24820,31600,82001LAK
R72 13214 0028,9000,22980,31980,6840,24650,31490,82001LAK
R72 13214 0029,10140,33520,43660,7980,42950,50930,82001LAK
R72 13214 0030,8910,22870,31780,6750,41440,48190,82001LAK
R72 13214 0031,8910,25950,34860,6750,30490,37240,82001LAK
R72 13214 0032,8910,27950,36860,6750,30850,37600,82001LAK
R72 13214 0033,8910,22980,31890,6750,24290,31040,82001LAK
R72 13214 0034,8910,34100,43010,6750,34390,41140,82001LAK
R72 13214 0035,8910,28970,37880,6750,29360,36110,82001LAK
R72 13214 0036,8910,24070,32980,6750,22730,29480,82001LAK
R72 13214 0037,8980,28860,37840,6780,39500,46280,82001LAK
R72 13214 0038,8930,34250,43180,6830,36530,43360,82001LAK
R72 13214 0039,10410,37570,47980,7260,36480,43740,82001LAK
R72 13214 0040,10840,24230,35070,7620,21430,29050,82001LAK
R72 13214 0041,9530,28380,37910,7350,22980,30330,82001LAK
R72 13214 0042,10440,25660,36100,4090,0,4090,82001LAK
R72 13214 0043,10140,28170,38310,7940,27030,34970,82001LAK
R72 13214 0044,10140,39790,49930,7940,42110,50050,82001LAK
R72 13214 0045,9110,31470,40580,6940,26130,33070,82001LAK
R72 13214 0046,9110,27510,36620,5210,0,5210,82001LAK
R72 13214 0047,9110,23530,32640,6940,31950,38890,82001LAK
R72 13214 0048,9110,24530,33640,6940,29250,36190,82001LAK
R72 13214 0049,9110,30370,39480,6940,38040,44980,82001LAK
R72 13214 0050,9110,25440,34550,6940,31210,38150,82001LAK
R72 13214 0052,9510,26420,35930,7320,22480,29800,82001LAK
R72 13214 0053,9330,25580,34910,7130,30400,37530,82001LAK
R72 13214 0054,9000,34520,43520,6810,43660,50470,82001LAK
R72 13214 0055,9060,30250,39310,6870,35600,42470,82001LAK
R72 13214 0056,8920,24920,33840,6780,27220,34000,82001LAK
R72 13214 0058,8000,0,8000,8000,0,8000,82001LAK
R72 13214 0059,5000,0,5000,8000,0,8000,82001LAK
R72 13214 0061,11420,23410,34830,8880,17700,26580,82001LAK
R72 13215 0018,5370,0,5370,3810,0,3810,82001HIG
R72 13216 0001,9460,26400,35860,9420,23910,33330,82001PIN
R72 13216 0002,8230,28650,36880,8280,26550,34830,82001PIN
R72 13216 0003,8340,28470,36810,8380,22130,30510,82001PIN
R72 13216 0004,8040,26120,34160,8110,17630,25740,82001PIN
R72 13216 0005,8430,36840,45270,8450,35120,43570,82001PIN
R72 13216 0006,7970,22800,30770,8050,18610,26660,82001PIN
R72 13216 0007,8730,22380,31110,8640,15770,24410,82001PIN
R72 13216 0008,8780,22950,31730,8730,20470,29200,82001PIN
R72 13216 0009,8530,25050,33580,8530,22170,30700,82001PIN
R72 13216 0010,8400,33160,41560,8370,28270,36640,82001PIN
R72 13216 0011,8400,21460,29860,8370,19380,27750,82001PIN
R72 13216 0012,8400,19860,28260,8370,20290,28660,82001PIN
R72 13216 0013,8530,22350,30880,8500,26740,35240,82001PIN
R72 13216 0014,8540,28010,36550,8540,30190,38730,82001PIN
R72 13216 0015,8250,29510,37760,8280,24810,33090,82001PIN
R72 13216 0016,8360,27730,36090,8400,24820,33220,82001PIN
R72 13216 0017,8150,24520,32670,8160,21710,29870,82001PIN
R72 13216 0018,8130,24540,32670,8160,21330,29490,82001PIN
R72 13216 0019,8130,26810,34940,8190,20520,28710,82001PIN
R72 13216 0020,8220,26560,34780,8220,19770,27990,82001PIN
R72 13216 0021,8300,26630,34930,8270,21870,30140,82001PIN
R72 13216 0022,8220,25780,34000,8220,19010,27230,82001PIN
R72 13216 0023,8130,26560,34690,8130,19490,27620,82001PIN
R72 13216 0024,8360,29940,38300,8360,23270,31630,82001PIN
R72 13216 0025,8400,27770,36170,8370,24470,32840,82001PIN
R72 13216 0026,8400,27950,36350,8370,24700,33070,82001PIN
R72 13216 0027,8400,24650,33050,8370,18390,26760,82001PIN
R72 13216 0028,8250,27810,36060,8230,25140,33370,82001PIN
R72 13216 0029,8070,20490,28560,8100,18910,27010,82001PIN
R72 13216 0030,8010,26100,34110,8070,21970,30040,82001PIN
R72 13216 0031,9180,26590,35770,9100,19680,28780,82001PIN
R72 13216 0032,9620,21930,31550,9650,24040,33690,82001PIN
R72 13216 0033,8480,26200,34680,8450,23030,31480,82001PIN
R72 13216 0034,8480,27140,35620,8450,23230,31680,82001PIN
R72 13216 0035,8480,27710,36190,8450,27220,35670,82001PIN
R72 13216 0036,8480,32120,40600,8450,29620,38070,82001PIN
R72 13216 0038,8570,27670,36240,8510,20080,28590,82001PIN
R72 13216 0039,8730,30550,39280,8640,24850,33490,82001PIN
R72 13216 0040,8830,23730,32560,8700,21050,29750,82001PIN
R72 13216 0041,8830,29170,38000,8700,22680,31380,82001PIN
R72 13216 0042,8660,24890,33550,8570,13880,22450,82001PIN
R72 13216 0043,8570,26110,34680,8510,18610,27120,82001PIN
R72 13216 0045,9700,31090,40790,9640,28910,38550,82001PIN
R72 13216 0046,9000,31790,40790,8990,20340,29330,82001PIN
R72 13216 0047,8950,27330,36280,8910,25520,34430,82001PIN
R72 13216 0048,8490,27380,35870,8600,25240,33840,82001PIN
R72 13216 0049,9780,42270,52050,9720,42590,52310,82001PIN
R72 13216 0050,9170,46660,55830,9110,40030,49140,82001PIN
R72 13216 0051,8550,36710,45260,8570,32470,41040,82001PIN
R72 13216 0052,10820,39590,50410,10960,37490,48450,82001PIN
R72 13216 0053,8890,33710,42600,8870,33870,42740,82001PIN
R72 13216 0054,8390,41110,49500,8460,34130,42590,82001PIN
R72 13216 0055,9380,36960,46340,7210,52970,60180,82002PIN
R72 13216 0056,14000,62700,76700,11840,72080,83920,82002PIN
R72 13216 0059,3980,0,3980,2410,0,2410,82002PIN
R72 13216 0060,9540,77940,87480,7320,86820,94140,82002PIN
R72 13216 0061,9540,60750,70290,7350,59760,67110,82002PIN
R72 13216 0062,4830,0,4830,3310,0,3310,82002PIN
R72 13216 0063,9540,67550,77090,7350,78760,86110,82002PIN
R72 13216 0064,5120,0,5120,3610,0,3610,82002PIN
R72 13216 0065,4330,0,4330,2920,0,2920,82002PIN
R72 13216 0066,8270,42250,50520,6190,73920,80110,82002PIN
R72 13216 0067,7920,30510,38430,6190,24730,30920,82000PIN
R72 13216 0068,8140,22760,30900,6920,22760,29680,82000PIN
R72 13216 0070,7330,21980,29310,6010,25290,31300,82000PIN
R72 13216 0071,7410,21180,28590,6050,28440,34490,82000PIN
R72 13216 0072,7250,14090,21340,5930,15340,21270,82000PIN
R72 13216 0073,7310,22020,29330,6010,26100,32110,82000PIN
R72 13216 0074,7380,22490,29870,6090,23560,29650,82000PIN
R72 13216 0075,7450,22960,30410,6170,32120,38290,82000PIN
R72 13216 0076,7520,18530,26050,6240,23400,29640,82000PIN
R72 13216 0077,7590,21010,28600,6320,24910,31230,82000PIN
R72 13216 0078,7550,21300,28850,6240,28520,34760,82000PIN
R72 13216 0079,8410,30850,39260,6260,6570,12830,82000PIN
R72 13216 0080,8010,14870,22880,5920,23320,29240,82000PIN
R72 13216 0081,7040,15430,22470,5780,21220,27000,82000PIN
R72 13216 0082,7540,22270,29810,6200,29900,36100,82000PIN
R72 13216 0083,8990,17960,26950,7430,25050,32480,82000PIN
R72 13216 0085,8180,18410,26590,6770,24720,31490,82000PIN
R72 13216 0086,7450,16350,23800,6140,25290,31430,82000PIN
R72 13216 0087,7450,17950,25400,6140,24200,30340,82000PIN
R72 13216 0088,9410,15010,24420,7650,19160,26810,82000PIN
R72 13216 0089,9570,13440,23010,8120,18160,26280,82000PIN
R72 13216 0090,7910,25130,33040,6630,28680,35310,82000PIN
R72 13216 0091,12000,75660,87660,10720,72320,83040,82002PIN
R72 13218 0001,9380,23800,33180,7110,18240,25350,82001HIG
R72 13218 0002,9450,32230,41680,7190,31030,38220,82001HIG
R72 13218 0003,9450,20970,30420,7190,16900,24090,82001HIG
R72 13218 0004,9450,27310,36760,7190,22620,29810,82001HIG
R72 13218 0005,9450,22320,31770,7190,22590,29780,82001HIG
R72 13218 0006,9450,21360,30810,7190,19180,26370,82001HIG
R72 13218 0007,9450,20940,30390,7190,20860,28050,82001HIG
R72 13218 0008,9450,22090,31540,7190,21270,28460,82001HIG
R72 13218 0009,9370,21540,30910,7130,19800,26930,82001HIG
R72 13218 0010,9200,27540,36740,7000,23390,30390,82001HIG
R72 13218 0011,9100,21950,31050,6820,11260,18080,82001HIG
R72 13218 0012,8910,23140,32050,6750,15780,22530,82001HIG
R72 13218 0013,9580,21960,31540,7320,18770,26090,82001HIG
R72 13301 0001,3850,0,3850,2490,0,2490,82002PIN
R72 13301 0002,4130,0,4130,2720,0,2720,82002PIN
R72 13301 0003,10950,57650,68600,8650,69500,78150,82002PIN
R72 13301 0005,3340,0,3340,2010,0,2010,82002PIN
R72 13301 0006,7890,132570,140460,5730,104400,110130,82002PIN
R72 13301 0007,4000,0,4000,2600,0,2600,82002PIN
R72 13301 0008,7960,97670,105630,5820,80680,86500,82002PIN
R72 13301 0009,4080,0,4080,2640,0,2640,82002PIN
R72 13301 0010,4050,0,4050,2620,0,2620,82002PIN
R72 13301 0011,4450,0,4450,2950,0,2950,82002PIN
R72 13301 0012,8040,44150,52190,5880,29410,35290,82002PIN
R72 13301 0013,8040,65840,73880,5860,64410,70270,82002PIN
R72 13301 0014,4040,0,4040,2620,0,2620,82002PIN
R72 13301 0015,7960,50550,58510,5790,20660,26450,82002PIN
R72 13301 0016,4000,0,4000,2590,0,2590,82002PIN
R72 13301 0017,7810,50810,58620,5710,70680,76390,82002PIN
R72 13301 0018,8160,47150,55310,5980,56970,62950,82002PIN
R72 13301 0019,3820,0,3820,2460,0,2460,82002PIN
R72 13301 0020,4040,0,4040,2610,0,2610,82002PIN
R72 13301 0021,7580,38480,46060,5530,29380,34910,82002PIN
R72 13301 0022,15150,43360,58510,13080,10600,23680,82002PIN
R72 13301 0025,10870,61520,72390,8670,73610,82280,82002PIN
R72 13301 0027,14610,55360,69970,12520,56220,68740,82002PIN
R72 13302 0003,7810,11430,19240,3430,0,3430,82001PIN
R72 13302 0004,7810,40630,48440,3430,0,3430,82001PIN
R72 13302 0005,3970,0,3970,3430,0,3430,82001PIN
R72 13302 0006,8130,20990,29120,8030,33250,41280,82001PIN
R72 13302 0007,7660,21560,29220,7540,14800,22340,82001PIN
R72 13302 0008,3900,0,3900,3390,0,3390,82001PIN
R72 13302 0009,7660,28280,35940,7540,37910,45450,82001PIN
R72 13302 0011,8060,32000,40060,7960,37000,44960,82001PIN
R72 13302 0012,8200,25640,33840,8100,28990,37090,82001PIN
R72 13302 0013,8200,24960,33160,8100,28520,36620,82001PIN
R72 13302 0014,8200,29410,37610,8100,28550,36650,82001PIN
R72 13302 0015,8260,26510,34770,8170,26240,34410,82001PIN
R72 13302 0016,8260,15600,23860,8170,25080,33250,82001PIN
R72 13302 0017,8260,32870,41130,8170,49820,57990,82001PIN
R72 13302 0021,10750,45620,56370,9020,65090,74110,82002PIN
R72 13302 0022,10750,50070,60820,8880,55100,63980,82002PIN
R72 13302 0023,9480,55720,65200,7290,68280,75570,82002PIN
R72 13302 0024,9900,54180,64080,7680,71080,78760,82002PIN
R72 13302 0025,8390,60330,68720,6300,27480,33780,82002PIN
R72 13302 0027,9060,60750,69810,6910,74370,81280,82002PIN
R72 13302 0028,11000,51920,62920,10000,57950,67950,82002PIN
R72 13302 0029,11000,46830,57830,10000,49730,59730,82002PIN
R72 13302 0030,11000,57490,68490,10000,172300,182300,82002PIN
R72 13302 0031,11000,25560,36560,10000,59140,69140,82002PIN
R72 13302 0033,5090,0,5090,3550,0,3550,82002PIN
R72 13303 0001,3930,0,3930,3420,0,3420,82001PIN
R72 13303 0002,7730,33260,40990,7610,19630,27240,82001PIN
R72 13303 0003,10200,34660,44860,10230,40300,50530,82001PIN
R72 13303 0005,7730,17980,25710,7610,21980,29590,82001PIN
R72 13303 0006,7730,26560,34290,7610,11010,18620,82001PIN
R72 13303 0007,10200,38160,48360,10230,53380,63610,82001PIN
R72 13303 0009,8060,20080,28140,3580,0,3580,82001PIN
R72 13303 0010,4090,0,4090,3580,0,3580,82001PIN
R72 13303 0011,8060,24080,32140,7960,23360,31320,82001PIN
R72 13303 0012,8060,11960,20020,7960,25040,33000,82001PIN
R72 13303 0013,8060,30230,38290,7960,33580,41540,82001PIN
R72 13303 0014,8060,29030,37090,7960,29400,37360,82001PIN
R72 13303 0016,3940,0,3940,3390,0,3390,82001PIN
R72 13303 0017,7740,27670,35410,5990,0,5990,82001PIN
R72 13303 0018,7740,45870,53610,5990,0,5990,82001PIN
R72 13303 0019,7740,26320,34060,3770,0,3770,82001PIN
R72 13303 0020,7740,18050,25790,7540,24130,31670,82001PIN
R72 13303 0021,3940,0,3940,3390,0,3390,82001PIN
R72 13303 0022,7740,23360,31100,7540,990,8530,82001PIN
R72 13303 0023,7740,26020,33760,7540,1450,8990,82001PIN
R72 13303 0024,7740,40790,48530,7540,43920,51460,82001PIN
R72 13303 0025,3940,0,3940,3390,0,3390,82001PIN
R72 13303 0026,3940,0,3940,3390,0,3390,82001PIN
R72 13303 0027,7740,16570,24310,7540,13890,21430,82001PIN
R72 13304 0002,20780,88320,109100,18210,99000,117210,82002PIN
R72 13304 0003,15300,74140,89440,14030,55360,69390,82002PIN
R72 13304 0004,11320,47220,58540,9490,62060,71550,82002PIN
R72 13304 0005,19350,112080,131430,17960,114220,132180,82002PIN
R72 13304 0006,11320,9820,21140,9470,10490,19960,82002PIN
R72 13304 0007,19740,57020,76760,18580,82250,100830,82002PIN
R72 13305 0009,13790,55540,69330,12410,53880,66290,82002PIN
R72 13305 0013,16810,70740,87550,14500,80130,94630,82002PIN
R72 13305 0015,12970,60110,73080,11080,63810,74890,82002PIN
R72 13305 0016,13620,62680,76300,11700,25470,37170,82002PIN
R72 13305 0017,13400,62780,76180,12400,53270,65670,82002PIN
R72 13305 0018,11210,65630,76840,9410,85370,94780,82002PIN
R72 13306 0001,7570,29980,37550,6710,29570,36280,82001HIG
R72 13306 0002,6240,21280,27520,5600,18880,24480,82001HIG
R72 13306 0003,3120,0,3120,2520,0,2520,82001HIG
R72 13306 0004,6240,32780,39020,5600,36740,42340,82001HIG
R72 13306 0005,6240,34520,40760,5600,26990,32590,82001HIG
R72 13306 0006,6240,32320,38560,5600,28360,33960,82001HIG
R72 13306 0009,4110,0,4110,3250,0,3250,82001HIG
R72 13306 0010,4990,0,4990,4480,0,4480,82001HIG
R72 13306 0011,3120,0,3120,2520,0,2520,82001HIG
R72 13306 0012,6240,34090,40330,5600,29620,35220,82001HIG
R72 13306 0013,6240,22120,28360,5600,2930,8530,82001HIG
R72 13306 0014,6240,26490,32730,5600,16020,21620,82001HIG
R72 13306 0015,9360,43910,53270,8200,38060,46260,82001HIG
R72 13306 0017,6240,27870,34110,5600,25920,31520,82001HIG
R72 13306 0018,5150,24730,29880,4690,25450,30140,82001HIG
R72 13306 0028,1200,0,1200,1200,0,1200,82001HIG
R72 13307 0001,10200,22880,33080,10230,37960,48190,82001PIN
R72 13307 0003,7730,25520,33250,7610,23290,30900,82001PIN
R72 13307 0004,7730,29150,36880,5020,10820,15840,82001PIN
R72 13307 0005,7730,34350,42080,7610,32230,39840,82001PIN
R72 13307 0006,3930,0,3930,3420,0,3420,82001PIN
R72 13307 0007,7730,29290,37020,3800,0,3800,82001PIN
R72 13307 0008,3930,0,3930,3420,0,3420,82001PIN
R72 13307 0009,8060,38930,46990,7960,49930,57890,82001PIN
R72 13307 0010,4090,0,4090,3580,0,3580,82001PIN
R72 13307 0011,8060,24010,32070,7960,27440,35400,82001PIN
R72 13307 0012,8060,23780,31840,7960,24820,32780,82001PIN
R72 13307 0013,4090,0,4090,3580,0,3580,82001PIN
R72 13307 0014,6450,0,6450,6370,0,6370,82001PIN
R72 13307 0015,8060,6580,14640,8730,0,8730,82001PIN
R72 13307 0016,7740,3370,11110,7540,18970,26510,82001PIN
R72 13307 0017,7740,28090,35830,7540,30800,38340,82001PIN
R72 13307 0018,3940,0,3940,3390,0,3390,82001PIN
R72 13307 0019,7740,10530,18270,7540,2280,9820,82001PIN
R72 13307 0020,7740,30800,38540,7540,19500,27040,82001PIN
R72 13307 0021,7740,24690,32430,7540,18150,25690,82001PIN
R72 13307 0023,7740,32550,40290,7540,39230,46770,82001PIN
R72 13307 0024,3940,0,3940,3390,0,3390,82001PIN
R72 13307 0025,7740,22710,30450,7540,21810,29350,82001PIN
R72 13307 0026,3940,0,3940,3390,0,3390,82001PIN
R72 13307 0027,7740,30160,37900,7540,30860,38400,82001PIN
R72 13307 0028,2120,0,2120,2050,0,2050,82001PIN
R72 13307 0029,8150,27260,35410,7970,25730,33700,82001PIN
R72 13307 0031,2070,0,2070,1990,0,1990,82001PIN
R72 13307 0036,8150,25080,33230,7970,7590,15560,82001PIN
R72 13307 0037,8150,24810,32960,7970,3640,11610,82001PIN
R72 13307 0038,8150,15470,23620,7970,7380,15350,82001PIN
R72 13307 0039,8150,23040,31190,7970,21470,29440,82001PIN
R72 13307 0040,8150,26630,34780,7970,21810,29780,82001PIN
R72 13307 0041,8150,13790,21940,7970,11500,19470,82001PIN
R72 13307 0042,11000,22330,33330,11150,3970,15120,82001PIN
R72 13307 0044,8230,30860,39090,8070,28400,36470,82001PIN
R72 13307 0046,5730,0,5730,5160,0,5160,82001PIN
R72 13307 0047,7780,29030,36810,7720,29940,37660,82001PIN
R72 13307 0059,3290,0,3290,2730,0,2730,82001PIN
R72 13308 0003,3040,0,3040,2240,0,2240,82000HIG
R72 13308 0004,3040,0,3040,2240,0,2240,82000HIG
R72 13308 0005,6080,33830,39910,4970,25760,30730,82000HIG
R72 13308 0006,6240,34870,41110,5100,33160,38260,82000HIG
R72 13308 0016,7780,8520,16300,5600,1850,7450,82001HIG
R72 13308 0017,7780,740,8520,2800,0,2800,82001HIG
R72 13308 0018,7780,19380,27160,0,0,0,82001HIG
R72 13308 0019,3950,0,3950,2520,0,2520,82001HIG
R72 13308 0020,12040,25450,37490,9830,1490,11320,82001HIG
R72 13308 0022,9420,26000,35420,7230,41400,48630,82001HIG
R72 13308 0023,3950,0,3950,2520,0,2520,82001HIG
R72 13308 0024,7780,24220,32000,5600,23890,29490,82001HIG
R72 13308 0025,7780,18630,26410,5600,12430,18030,82001HIG
R72 13308 0026,3950,0,3950,2520,0,2520,82001HIG
R72 13308 0031,8010,23400,31410,5730,18760,24490,82001HIG
R72 13308 0033,7660,33390,41050,5450,28830,34280,82001HIG
R72 13308 0037,5110,32500,37610,3320,28800,32120,82001HIG
R72 13308 0043,3890,0,3890,2460,0,2460,82001HIG
R72 13308 0044,7780,35160,42940,5600,35130,40730,82001HIG
R72 13308 0045,7780,24740,32520,5600,30780,36380,82001HIG
R72 13308 0046,7780,21320,29100,5600,16060,21660,82001HIG
R72 13308 0047,3950,0,3950,2520,0,2520,82001HIG
R72 13308 0048,3950,0,3950,2520,0,2520,82001HIG
R72 13308 0049,3950,0,3950,2520,0,2520,82001HIG
R72 13308 0050,4760,0,4760,3250,0,3250,82001HIG
R72 13308 0051,9420,23170,32590,7230,11930,19160,82001HIG
R72 13308 0054,7780,28120,35900,4200,0,4200,82001HIG
R72 13308 0055,3950,0,3950,2520,0,2520,82001HIG
R72 13308 0056,4020,0,4020,2580,0,2580,82001HIG
R72 13308 0059,3950,9610,13560,2800,42320,45120,82001HIG
R72 13309 0001,3680,0,3680,2670,0,2670,82000MAD
R72 13309 0005,3000,0,3000,2200,0,2200,82000MAD
R72 13309 0006,7800,44580,52380,6340,29280,35620,82000MAD
R72 13309 0009,6000,19300,25300,4900,29190,34090,82000MAD
R72 13309 0012,6000,51150,57150,4900,34950,39850,82000MAD
R72 13310 0003,6470,29000,35470,5800,26430,32230,82001HIG
R72 13310 0004,6630,38210,44840,5930,24580,30510,82001HIG
R72 13310 0005,7020,32960,39980,6250,18020,24270,82001HIG
R72 13310 0007,3520,0,3520,2810,0,2810,82001HIG
R72 13310 0009,2330,0,2330,1940,0,1940,82001HIG
R72 13310 0010,6240,36670,42910,5600,22880,28480,82001HIG
R72 13310 0011,6490,49470,55960,5850,43880,49730,82001HIG
R72 13310 0012,3040,0,3040,2460,0,2460,82001HIG
R72 13310 0016,3040,0,3040,2460,0,2460,82001HIG
R72 13310 0017,3040,0,3040,2460,0,2460,82001HIG
R72 13310 0018,6080,38650,44730,5470,43550,49020,82001HIG
R72 13310 0019,6710,35670,42380,5990,23200,29190,82001HIG
R72 13310 0021,2720,0,2720,2230,0,2230,82001HIG
R72 13310 0023,6000,7860,13860,5380,4780,10160,82001HIG
R72 13310 0024,6000,38040,44040,5380,28440,33820,82001HIG
R72 13310 0025,6000,22110,28110,5380,20820,26200,82001HIG
R72 13310 0026,6000,42830,48830,5380,27220,32600,82001HIG
R72 13310 0027,6000,37600,43600,5380,6140,11520,82001HIG
R72 13310 0028,6000,40160,46160,5380,26230,31610,82001HIG
R72 13310 0029,2250,0,2250,2020,0,2020,82001HIG
R72 13310 0030,2340,0,2340,2080,0,2080,82001HIG
R72 13310 0031,3270,0,3270,2610,0,2610,82001HIG
R72 13310 0032,3000,0,3000,2420,0,2420,82001HIG
R72 13310 0033,6000,35560,41560,5380,31360,36740,82001HIG
R72 13310 0034,6000,33120,39120,5380,19090,24470,82001HIG
R72 13310 0035,3000,0,3000,2420,0,2420,82001HIG
R72 13310 0036,6000,42840,48840,5380,35020,40400,82001HIG
R72 13310 0037,3000,0,3000,2420,0,2420,82001HIG
R72 13310 0038,6000,38030,44030,5380,30040,35420,82001HIG
R72 13310 0039,6080,29730,35810,5440,23350,28790,82001HIG
R72 13310 0040,3040,0,3040,2450,0,2450,82001HIG
R72 13310 0041,6080,33660,39740,5440,20570,26010,82001HIG
R72 13310 0042,6030,29730,35760,5410,19010,24420,82001HIG
R72 13310 0045,3040,0,3040,2450,0,2450,82001HIG
R72 13310 0046,6300,34260,40560,5620,44480,50100,82001HIG
R72 13310 0055,7160,30800,37960,6450,25370,31820,82001HIG
R72 13310 0056,7160,21960,29120,6450,28880,35330,82001HIG
R72 13310 0057,7160,32320,39480,5950,18350,24300,82001HIG
R72 13312 0001,9250,17800,27050,7030,23820,30850,82001HIG
R72 13312 0002,8840,20230,29070,6580,14060,20640,82001HIG
R72 13312 0003,8840,19710,28550,6550,13330,19880,82001HIG
R72 13312 0004,8760,20870,29630,6500,20010,26510,82001HIG
R72 13312 0005,8760,19550,28310,6480,15450,21930,82001HIG
R72 13312 0006,8680,17670,26350,6450,15100,21550,82001HIG
R72 13312 0007,8680,18150,26830,6430,22100,28530,82001HIG
R72 13312 0008,8600,18940,27540,6400,13410,19810,82001HIG
R72 13312 0009,8600,19770,28370,6380,23920,30300,82001HIG
R72 13312 0010,8520,22260,30780,6330,14660,20990,82001HIG
R72 13312 0011,8520,19250,27770,6300,32010,38310,82001HIG
R72 13312 0012,8430,19570,28000,6280,14390,20670,82001HIG
R72 13312 0013,8430,19020,27450,6250,13240,19490,82001HIG
R72 13312 0014,9570,18850,28420,7480,13220,20700,82001HIG
R72 13312 0015,8350,19160,27510,6200,13760,19960,82001HIG
R72 13312 0016,8350,24950,33300,6180,14120,20300,82001HIG
R72 13312 0017,8980,21450,30430,6810,13170,19980,82001HIG
R72 13312 0018,9180,21050,30230,7030,29360,36390,82001HIG
R72 13312 0019,7950,25060,33010,5880,18780,24660,82001HIG
R72 13312 0020,7950,19350,27300,5880,9030,14910,82001HIG
R72 13312 0021,7950,18800,26750,5880,14970,20850,82001HIG
R72 13312 0022,7950,19660,27610,5880,18050,23930,82001HIG
R72 13312 0023,7950,25760,33710,5880,30370,36250,82001HIG
R72 13312 0024,7950,21520,29470,5880,21010,26890,82001HIG
R72 13312 0025,7950,21460,29410,5880,16780,22660,82001HIG
R72 13312 0026,7950,25120,33070,5880,17340,23220,82001HIG
R72 13312 0027,7950,24920,32870,5880,24200,30080,82001HIG
R72 13312 0028,7950,22680,30630,5880,20590,26470,82001HIG
R72 13312 0029,8170,21460,29630,6110,15850,21960,82001HIG
R72 13312 0030,8210,24540,32750,6140,16270,22410,82001HIG
R72 13312 0031,8120,22070,30190,6050,18850,24900,82001HIG
R72 13312 0032,8040,21820,29860,5960,11620,17580,82001HIG
R72 13312 0033,8100,19200,27300,6080,2870,8950,82001HIG
R72 13312 0034,8010,23110,31120,5990,21560,27550,82001HIG
R72 13312 0035,7780,18430,26210,5760,14060,19820,82001HIG
R72 13312 0036,6920,22180,29100,5040,13920,18960,82001HIG
R72 13312 0037,8380,18790,27170,6230,14740,20970,82001HIG
R72 13312 0038,8340,18800,27140,6220,15140,21360,82001HIG
R72 13312 0039,7820,27860,35680,5810,33570,39380,82001HIG
R72 13312 0040,7820,20100,27920,5780,25560,31340,82001HIG
R72 13312 0041,9200,21740,30940,7010,17540,24550,82001HIG
R72 13312 0042,9290,26020,35310,7080,18710,25790,82001HIG
R72 13312 0043,8850,27130,35980,6600,28190,34790,82001HIG
R72 13312 0044,8760,19310,28070,6500,15710,22210,82001HIG
R72 13312 0045,8090,19300,27390,5940,15880,21820,82001HIG
R72 13312 0046,8030,21970,30000,5950,1130,7080,82001HIG
R72 13312 0047,7950,17210,25160,5880,27020,32900,82001HIG
R72 13312 0048,7950,20430,28380,5850,19650,25500,82001HIG
R72 13312 0049,7790,19030,26820,5780,16070,21850,82001HIG
R72 13312 0050,7790,19190,26980,5730,13200,18930,82001HIG
R72 13312 0051,7820,20230,28050,5810,17260,23070,82001HIG
R72 13312 0052,7690,18980,26670,5730,15350,21080,82001HIG
R72 13312 0053,9130,28380,37510,6920,10130,17050,82001HIG
R72 13312 0054,7750,19840,27590,5780,18070,23850,82001HIG
R72 13312 0055,7530,19410,26940,5570,13750,19320,82001HIG
R72 13312 0056,9690,18440,28130,7590,4330,11920,82001HIG
R72 13312 0057,8330,20630,28960,6250,19510,25760,82001HIG
R72 13312 0058,8000,19600,27600,5940,18500,24440,82001HIG
R72 13312 0059,8300,18950,27250,6210,14230,20440,82001HIG
R72 13312 0060,8710,23700,32410,6500,18780,25280,82001HIG
R72 13312 0061,8220,22330,30550,6130,21570,27700,82001HIG
R72 13312 0062,8870,20150,29020,6740,18000,24740,82001HIG
R72 13312 0063,9280,16190,25470,7100,28840,35940,82001HIG
R72 13312 0064,8150,17520,25670,6070,23580,29650,82001HIG
R72 13312 0065,8450,20840,29290,6290,12720,19010,82001HIG
R72 13312 0066,8240,10960,19200,6120,10320,16440,82001HIG
R72 13312 0067,8240,21660,29900,6120,14480,20600,82001HIG
R72 13312 0068,8240,25820,34060,6120,30200,36320,82001HIG
R72 13312 0069,8110,20320,28430,6000,19970,25970,82001HIG
R72 13312 0070,8110,26230,34340,6000,22140,28140,82001HIG
R72 13312 0071,8110,20570,28680,6000,22600,28600,82001HIG
R72 13312 0072,8110,18250,26360,6000,25670,31670,82001HIG
R72 13312 0073,8110,20980,29090,6000,16110,22110,82001HIG
R72 13312 0074,8610,22680,31290,6480,23030,29510,82001HIG
R72 13312 0075,8870,21530,30400,6720,19450,26170,82001HIG
R72 13312 0076,4230,0,4230,2810,0,2810,82001HIG
R72 13312 0077,8360,21950,30310,6240,23310,29550,82001HIG
R72 13312 0078,8300,28390,36690,6180,17990,24170,82001HIG
R72 13312 0079,8300,23820,32120,6180,23170,29350,82001HIG
R72 13312 0080,8300,20150,28450,6180,26480,32660,82001HIG
R72 13312 0081,8300,17750,26050,6180,25340,31520,82001HIG
R72 13312 0082,8530,21370,29900,6350,18170,24520,82001HIG
R72 13312 0083,8930,19050,27980,6710,15500,22210,82001HIG
R72 13312 0084,10230,19130,29360,8070,12690,20760,82001HIG
R72 13312 0085,8490,19750,28240,6360,20640,27000,82001HIG
R72 13312 0086,8430,20290,28720,6300,17520,23820,82001HIG
R72 13312 0087,8430,20760,29190,6300,17670,23970,82001HIG
R72 13312 0088,8430,26730,35160,6300,28110,34410,82001HIG
R72 13312 0089,8430,27160,35590,6300,31940,38240,82001HIG
R72 13312 0090,8490,19760,28250,6360,19130,25490,82001HIG
R72 13312 0091,8490,19760,28250,6360,2430,8790,82001HIG
R72 13312 0092,8610,24230,32840,6480,17280,23760,82001HIG
R72 13312 0093,8430,20440,28870,6300,30140,36440,82001HIG
R72 13312 0094,8740,23680,32420,6600,26750,33350,82001HIG
R72 13312 0095,9240,25330,34570,7080,28450,35530,82001HIG
R72 13312 0096,8610,21170,29780,6480,16840,23320,82001HIG
R72 13312 0097,8110,20130,28240,6000,19190,25190,82001HIG
R72 13312 0098,8110,18830,26940,6000,16700,22700,82001HIG
R72 13312 0099,8110,21100,29210,6000,16210,22210,82001HIG
R72 13312 0100,8110,18820,26930,6000,16120,22120,82001HIG
R72 13312 0101,8490,22630,31120,6360,36010,42370,82001HIG
R72 13312 0102,8300,19740,28040,6180,16910,23090,82001HIG
R72 13312 0103,8300,19310,27610,6210,14290,20500,82001HIG
R72 13312 0104,8360,26050,34410,6270,9240,15510,82001HIG
R72 13312 0105,8050,22250,30300,5960,22680,28640,82001HIG
R72 13312 0106,8110,22310,30420,6030,21250,27280,82001HIG
R72 13312 0107,8300,18850,27150,6180,16970,23150,82001HIG
R72 13312 0108,8280,23560,31840,6190,37140,43330,82001HIG
R72 13312 0109,8110,19470,27580,6000,19030,25030,82001HIG
R72 13312 0110,9310,19190,28500,7140,28920,36060,82001HIG
R72 13312 0111,11490,25100,36590,9250,23300,32550,82001HIG
R72 13312 0112,12000,24530,36530,9750,24640,34390,82001HIG
R72 13312 0114,8530,11660,20190,6380,20060,26440,82001HIG
R72 13312 0115,8530,20540,29070,6380,21670,28050,82001HIG
R72 13312 0116,8530,25580,34110,6380,24130,30510,82001HIG
R72 13312 0117,8530,23420,31950,6380,18670,25050,82001HIG
R72 13312 0118,8530,20960,29490,6380,22480,28860,82001HIG
R72 13312 0119,8270,23020,31290,6130,20760,26890,82001HIG
R72 13312 0120,8710,20670,29380,6600,21740,28340,82001HIG
R72 13312 0121,8810,21810,30620,6620,460,7080,82001HIG
R72 13312 0122,8810,22430,31240,6620,1440,8060,82001HIG
R72 13312 0123,8810,22050,30860,6620,19890,26510,82001HIG
R72 13312 0124,8810,23000,31810,6620,15740,22360,82001HIG
R72 13312 0125,8350,23640,31990,6180,6220,12400,82001HIG
R72 13312 0126,7510,19160,26670,5350,4040,9390,82001HIG
R72 13312 0127,3120,0,3120,1780,0,1780,82001HIG
R72 13313 0001,8170,20810,28980,6060,17770,23830,82001HIG
R72 13313 0002,8400,19380,27780,6300,16610,22910,82001HIG
R72 13313 0003,3490,0,3490,2360,0,2360,82001HIG
R72 13313 0004,8550,25820,34370,6420,25450,31870,82001HIG
R72 13313 0005,8360,27870,36230,6240,24060,30300,82001HIG
R72 13313 0006,8360,25760,34120,6240,20240,26480,82001HIG
R72 13313 0007,8990,40830,49820,6840,22170,29010,82001HIG
R72 13313 0008,9030,29410,38440,6860,23840,30700,82001HIG
R72 13313 0009,8610,52780,61390,6510,23380,29890,82001HIG
R72 13313 0010,9070,22090,31160,6850,15970,22820,82001HIG
R72 13313 0011,9730,11910,21640,7470,18690,26160,82001HIG
R72 13313 0012,8830,25140,33970,6690,23280,29970,82001HIG
R72 13313 0013,8680,21580,30260,6510,18570,25080,82001HIG
R72 13313 0014,9240,21520,30760,7030,19050,26080,82001HIG
R72 13313 0015,8990,18000,26990,6770,21610,28380,82001HIG
R72 13313 0016,9550,22190,31740,7330,18760,26090,82001HIG
R72 13313 0017,8680,32750,41430,6570,45100,51670,82001HIG
R72 13313 0018,10160,22770,32930,6210,0,6210,82001HIG
R72 13313 0019,9660,22170,31830,3740,0,3740,82001HIG
R72 13313 0020,9580,26680,36260,7340,23800,31140,82001HIG
R72 13313 0021,7950,24370,32320,5900,24180,30080,82001HIG
R72 13313 0022,7520,23480,31000,5490,23460,28950,82001HIG
R72 13313 0023,7520,35050,42570,5490,20260,25750,82001HIG
R72 13313 0024,7520,17180,24700,5490,20790,26280,82001HIG
R72 13313 0025,7520,22830,30350,5490,20880,26370,82001HIG
R72 13313 0026,7520,22770,30290,5490,5830,11320,82001HIG
R72 13313 0027,7520,22380,29900,5490,20010,25500,82001HIG
R72 13313 0028,7520,22150,29670,5490,720,6210,82001HIG
R72 13313 0029,7520,26760,34280,5490,6950,12440,82001HIG
R72 13313 0030,7520,21570,29090,5490,20990,26480,82001HIG
R72 13313 0031,7520,20200,27720,2470,0,2470,82001HIG
R72 13313 0032,7520,31190,38710,5490,25380,30870,82001HIG
R72 13313 0033,7520,20630,28150,5490,15680,21170,82001HIG
R72 13313 0034,4450,0,4450,2940,0,2940,82001HIG
R72 13313 0035,8850,31840,40690,6600,23050,29650,82001HIG
R72 13313 0036,8850,45910,54760,6600,40360,46960,82001HIG
R72 13313 0037,8850,26320,35170,6630,17690,24320,82001HIG
R72 13313 0038,8850,36500,45350,6630,37260,43890,82001HIG
R72 13313 0039,7080,0,7080,5300,0,5300,82001HIG
R72 13313 0040,8930,25460,34390,6650,24820,31470,82001HIG
R72 13313 0041,9000,23970,32970,6750,25120,31870,82001HIG
R72 13313 0042,9350,7550,16900,3560,0,3560,82001HIG
R72 13313 0043,9350,24220,33570,7130,11020,18150,82001HIG
R72 13313 0044,8170,19410,27580,6060,20090,26150,82001HIG
R72 13313 0045,3400,0,3400,2310,0,2310,82001HIG
R72 13313 0046,11040,27790,38830,9080,27710,36790,82001HIG
R72 13313 0047,9000,25920,34920,6750,21700,28450,82001HIG
R72 13313 0049,6730,25080,31810,5160,41050,46210,82001HIG
R72 13313 0050,7270,22980,30250,5420,30360,35780,82001HIG
R72 13314 0001,9980,79180,89160,8010,80810,88820,82002PIN
R72 13314 0002,14300,62040,76340,13360,65920,79280,82002PIN
R72 13314 0003,13580,95830,109410,12260,59350,71610,82002PIN
R72 13314 0004,10410,45620,56030,8750,51360,60110,82002PIN
R72 13314 0007,7380,38500,45880,4950,71550,76500,82002PIN
R72 13314 0008,20740,15640,36380,19910,42730,62640,82002PIN
R72 13314 0009,9910,92860,102770,7840,111850,119690,82002PIN
R72 13314 0010,9480,121780,131260,7260,32030,39290,82002PIN
R72 13314 0011,4850,0,4850,7140,0,7140,82002PIN
R72 13314 0012,4650,0,4650,3130,0,3130,82002PIN
R72 13314 0013,13340,122660,136000,10980,94610,105590,82002PIN
R72 13314 0016,4600,0,4600,4040,0,4040,82001PIN
R72 13314 0017,10140,39140,49280,10130,34830,44960,82001PIN
R72 13315 0001,34300,76170,110470,33790,110430,144220,82001HIG
R72 13315 0004,2880,0,2880,2260,0,2260,C5000000
R72 13315 0005,5480,0,5480,4440,0,4440,82001HIG
R72 13315 0007,5610,0,5610,4780,0,4780,82001HIG
R72 13315 0008,5680,0,5680,13010,0,13010,82001HIG
R72 13315 0010,6130,0,6130,5200,0,5200,82001HIG
R72 13315 0011,8520,27230,35750,6490,10930,17420,82001HIG
R72 13316 0002,16630,41230,57860,14380,45710,60090,82001HIG
R72 13318 0001,10990,53180,64170,11080,57910,68990,82001MAD
R72 13318 0002,11060,47230,58290,11200,50940,62140,82001MAD
R72 13318 0003,10590,49060,59650,10630,50570,61200,82001MAD
R72 13318 0004,11300,45330,56630,11480,50080,61560,82001MAD
R72 13318 0005,11160,40390,51550,11400,49920,61320,82001MAD
R72 13318 0006,11400,45550,56950,11610,90270,101880,82001MAD
R72 13318 0012,12260,58540,70800,12020,107520,119540,82001MAD
R72 13318 0013,5210,0,5210,5210,0,5210,82001MAD
R72 13318 0014,10840,32340,43180,10840,39310,50150,82001MAD
R72 13318 0015,10200,31970,42170,10190,45510,55700,82001MAD
R72 13318 0016,11670,31160,42830,12110,38910,51020,82001MAD
R72 13318 0017,11090,32340,43430,11480,41910,53390,82001MAD
R72 13318 0018,11550,34030,45580,12050,44240,56290,82001MAD
R72 13318 0019,11580,31160,42740,11760,38380,50140,82001MAD
R72 13318 0020,10630,32820,43450,10620,41540,52160,82001MAD
R72 13318 0021,10260,32700,42960,10200,41090,51290,82001MAD
R72 13318 0022,10800,35360,46160,10770,45470,56240,82001MAD
R72 13318 0023,10800,38890,49690,10770,48610,59380,82001MAD
R72 13318 0024,10600,35160,45760,10560,42430,52990,82001MAD
R72 13318 0025,10660,35570,46230,10630,42840,53470,82001MAD
R72 13318 0026,10800,35570,46370,10770,47530,58300,82001MAD
R72 13401 0001,5870,41720,47590,7390,51480,58870,82001MAD
R72 13401 0002,2730,0,2730,2010,0,2010,82000MAD
R72 13401 0044,2820,0,2820,2070,0,2070,82000MAD
R72 13401 0045,6640,38670,45310,5420,36570,41990,82000MAD
R72 13401 0046,6580,31080,37660,5380,23450,28830,82000MAD
R72 13401 0047,3140,0,3140,2310,0,2310,82000MAD
R72 13401 0048,9490,42570,52060,10450,48550,59000,82001MAD
R72 13401 0059,6270,35340,41610,5130,29220,34350,82000MAD
R72 13401 0060,6270,29530,35800,5130,3840,8970,82000MAD
R72 13401 0061,6730,44040,50770,5500,17880,23380,82000MAD
R72 13402 0002,6830,35770,42600,5650,32720,38370,82000MAD
R72 13402 0003,6830,14300,21130,5650,23950,29600,82000MAD
R72 13402 0004,6830,70320,77150,5650,50350,56000,82000MAD
R72 13402 0005,3410,0,3410,2540,0,2540,82000MAD
R72 13402 0006,6830,32730,39560,5650,26670,32320,82000MAD
R72 13402 0007,6830,12000,18830,5650,3280,8930,82000MAD
R72 13402 0008,2570,0,2570,2140,0,2140,82000MAD
R72 13402 0010,4550,0,4550,3510,0,3510,82000MAD
R72 13402 0011,8140,32810,40950,6920,5940,12860,82000MAD
R72 13402 0012,6440,31720,38160,5340,25540,30880,82000MAD
R72 13402 0013,7090,39660,46750,5800,21010,26810,82000MAD
R72 13402 0015,2870,0,2870,2110,0,2110,82000MAD
R72 13402 0016,5240,40310,45550,4310,60440,64750,82000MAD
R72 13402 0019,8000,29740,37740,6460,44440,50900,82000MAD
R72 13402 0021,6160,26960,33120,5020,25140,30160,82000MAD
R72 13402 0022,8910,29850,38760,7400,28830,36230,82000MAD
R72 13402 0023,10000,59650,69650,10000,101880,111880,82001MAD
R72 13402 0025,4760,0,4760,3550,0,3550,82000MAD
R72 13402 0027,3260,0,3260,2440,0,2440,82000MAD
R72 13402 0031,2400,0,2400,1730,0,1730,82000MAD
R72 13402 0035,3000,0,3000,6000,0,6000,82000MAD
R72 13403 0004,6120,30650,36770,5000,21810,26810,82000MAD
R72 13403 0005,3060,0,3060,2250,0,2250,82000MAD
R72 13403 0006,6120,36260,42380,5000,19200,24200,82000MAD
R72 13403 0007,6120,33510,39630,5000,17800,22800,82000MAD
R72 13403 0008,6120,31090,37210,5000,1800,6800,82000MAD
R72 13403 0010,15860,40980,56840,3380,59450,62830,82000MAD
R72 13403 0012,10600,24400,35000,4250,0,4250,82000MAD
R72 13403 0013,6600,41460,48060,5420,10690,16110,82000MAD
R72 13403 0014,6000,0,6000,6000,0,6000,82000MAD
R72 13403 0016,6730,34510,41240,5500,15910,21410,82000MAD
R72 13403 0017,6120,35400,41520,5000,5990,10990,82000MAD
R72 13403 0018,3060,0,3060,2250,0,2250,82000MAD
R72 13403 0019,6120,34740,40860,5000,32610,37610,82000MAD
R72 13403 0020,6120,32220,38340,5000,27470,32470,82000MAD
R72 13403 0024,4880,33860,38740,4030,22710,26740,82000MAD
R72 13403 0025,4880,34010,38890,4030,7860,11890,82000MAD
R72 13403 0026,4880,35800,40680,4030,9170,13200,82000MAD
R72 13403 0027,4880,30430,35310,4030,18180,22210,82000MAD
R72 13403 0028,1910,0,1910,1470,0,1470,82000MAD
R72 13403 0029,4880,38460,43340,4030,28740,32770,82000MAD
R72 13403 0030,4880,34520,39400,4030,24600,28630,82000MAD
R72 13403 0031,1910,0,1910,1470,0,1470,82000MAD
R72 13403 0032,4880,37750,42630,4030,22240,26270,82000MAD
R72 13403 0033,2440,0,2440,1810,0,1810,82000MAD
R72 13403 0034,2440,0,2440,1810,0,1810,82000MAD
R72 13403 0035,2440,0,2440,1810,0,1810,82000MAD
R72 13403 0036,4470,20360,24830,3760,31040,34800,82000MAD
R72 13403 0038,1910,0,1910,1470,0,1470,82000MAD
R72 13403 0043,1910,0,1910,1470,0,1470,82000MAD
R72 13404 0001,5160,7160,12320,1910,0,1910,82000MAD
R72 13404 0002,4950,24420,29370,4080,33250,37330,82000MAD
R72 13404 0003,2470,0,2470,1840,0,1840,82000MAD
R72 13404 0004,1980,0,1980,1630,0,1630,82000MAD
R72 13404 0005,4950,20530,25480,4080,5530,9610,82000MAD
R72 13404 0007,4950,35940,40890,4080,25330,29410,82000MAD
R72 13404 0008,1940,0,1940,1490,0,1490,82000MAD
R72 13404 0009,6070,27320,33390,4900,26290,31190,82000MAD
R72 13404 0010,4950,17200,22150,4080,18050,22130,82000MAD
R72 13404 0011,4950,24280,29230,4080,25210,29290,82000MAD
R72 13404 0012,4950,27720,32670,4080,24560,28640,82000MAD
R72 13404 0013,2470,0,2470,1840,0,1840,82000MAD
R72 13404 0014,4950,27510,32460,2040,0,2040,82000MAD
R72 13404 0015,4950,12490,17440,4080,16700,20780,82000MAD
R72 13404 0016,4950,14580,19530,4080,23030,27110,82000MAD
R72 13404 0017,2540,0,2540,1880,0,1880,82000MAD
R72 13404 0018,5160,26390,31550,4230,3480,7710,82000MAD
R72 13404 0019,5160,29730,34890,4230,4310,8540,82000MAD
R72 13404 0020,9900,61860,71760,7700,57180,64880,82000MAD
R72 13404 0022,5160,30610,35770,4230,20030,24260,82000MAD
R72 13404 0023,5160,50620,55780,4230,48470,52700,82000MAD
R72 13404 0024,2580,0,2580,1910,0,1910,82000MAD
R72 13404 0025,5160,26420,31580,2120,0,2120,82000MAD
R72 13404 0026,5160,27770,32930,4230,17980,22210,82000MAD
R72 13404 0027,7530,47740,55270,5970,31070,37040,82000MAD
R72 13404 0029,5160,39790,44950,4230,16510,20740,82000MAD
R72 13404 0030,2080,0,2080,1580,0,1580,82000MAD
R72 13404 0031,5160,43720,48880,4230,35700,39930,82000MAD
R72 13404 0032,2580,2450,5030,2120,3210,5330,82000MAD
R72 13404 0033,2720,0,2720,2000,0,2000,82000MAD
R72 13404 0034,2610,0,2610,1930,0,1930,82000MAD
R72 13404 0035,5230,35710,40940,4290,6310,10600,82000MAD
R72 13404 0036,2610,0,2610,1930,0,1930,82000MAD
R72 13404 0037,5230,32740,37970,4290,42630,46920,82000MAD
R72 13404 0038,2610,0,2610,1930,0,1930,82000MAD
R72 13404 0039,2010,0,2010,1540,0,1540,82000MAD
R72 13404 0040,6630,33980,40610,2390,0,2390,82000MAD
R72 13404 0041,5230,20730,25960,1930,0,1930,82000MAD
R72 13404 0042,5230,6270,11500,4290,0,4290,82000MAD
R72 13404 0043,5230,26710,31940,1930,0,1930,82000MAD
R72 13404 0044,5230,29820,35050,4290,17600,21890,82000MAD
R72 13404 0045,5230,29060,34290,4300,23590,27890,82000MAD
R72 13404 0046,5230,27290,32520,4290,18620,22910,82000MAD
R72 13404 0047,5230,27010,32240,4290,14940,19230,82000MAD
R72 13404 0048,5230,26930,32160,4300,20570,24870,82000MAD
R72 13404 0049,6250,26070,32320,5110,28100,33210,82000MAD
R72 13404 0050,6250,39820,46070,5110,36550,41660,82000MAD
R72 13404 0051,6310,31440,37750,5130,36740,41870,82000MAD
R72 13404 0052,6160,39050,45210,5020,31790,36810,82000MAD
R72 13404 0053,5940,43650,49590,4840,40000,44840,82000MAD
R72 13404 0055,6310,35900,42210,5160,25830,30990,82000MAD
R72 13404 0057,6310,40270,46580,5160,42740,47900,82000MAD
R72 13404 0058,6380,41130,47510,5180,42800,47980,82000MAD
R72 13404 0059,6300,38860,45160,5120,39720,44840,82000MAD
R72 13404 0060,3150,3350,6500,2560,3470,6030,82000MAD
R72 13404 0062,10740,27070,37810,8310,24680,32990,82000MAD
R72 13404 0066,3150,0,3150,2310,0,2310,82000MAD
R72 13404 0067,6300,31250,37550,5140,4750,9890,82000MAD
R72 13404 0068,2010,0,2010,1540,0,1540,82000MAD
R72 13404 0070,2050,0,2050,1530,0,1530,82000MAD
R72 13404 0071,2300,0,2300,1740,0,1740,82000MAD
R72 13405 0003,7500,54620,62120,7500,74310,81810,82000MAD
R72 13405 0005,5380,32350,37730,4400,44370,48770,82000MAD
R72 13405 0007,2950,0,2950,2180,0,2180,82000MAD
R72 13405 0008,5730,25280,31010,4690,23060,27750,82000MAD
R72 13405 0009,5910,27790,33700,4840,3150,7990,82000MAD
R72 13405 0010,5730,33670,39400,4690,22900,27590,82000MAD
R72 13405 0011,5910,32800,38710,4840,23240,28080,82000MAD
R72 13405 0012,5730,42580,48310,4690,35630,40320,82000MAD
R72 13405 0013,5730,10580,16310,4690,24390,29080,82000MAD
R72 13405 0014,5880,40830,46710,4800,49560,54360,82000MAD
R72 13405 0015,2900,2180,5080,2350,0,2350,82000MAD
R72 13405 0016,5810,24460,30270,4700,9140,13840,82000MAD
R72 13405 0017,10150,26890,37040,7450,21590,29040,82000MAD
R72 13405 0018,10040,28130,38170,8090,20700,28790,82000MAD
R72 13405 0019,3850,0,3850,2850,0,2850,82000MAD
R72 13405 0020,5770,34290,40060,4730,56510,61240,82000MAD
R72 13405 0021,2810,0,2810,2060,0,2060,82000MAD
R72 13405 0022,3360,0,3360,2440,0,2440,82000MAD
R72 13405 0023,3320,0,3320,2450,0,2450,82000MAD
R72 13405 0024,3130,0,3130,2320,0,2320,82000MAD
R72 13405 0029,3120,0,3120,2290,0,2290,82000MAD
R72 13405 0030,6240,32250,38490,5090,31410,36500,82000MAD
R72 13405 0031,3120,0,3120,2290,0,2290,82000MAD
R72 13405 0032,3120,0,3120,2290,0,2290,82000MAD
R72 13405 0033,3220,0,3220,2380,0,2380,82000MAD
R72 13406 0001,5670,46700,52370,4650,23560,28210,82000MIA
R72 13406 0002,2840,0,2840,2090,0,2090,82000MIA
R72 13406 0003,7420,53370,60790,6000,49350,55350,82000MIA
R72 13406 0004,7280,49540,56820,5890,27360,33250,82000MIA
R72 13406 0005,7280,47900,55180,5890,27290,33180,82000MIA
R72 13406 0006,7280,49540,56820,5890,27360,33250,82000MIA
R72 13406 0007,7350,49540,56890,5950,33000,38950,82000MIA
R72 13406 0011,6770,36290,43060,5540,0,5540,82000MIA
R72 13406 0012,3120,0,3120,2300,0,2300,82000MIA
R72 13406 0013,4940,0,4940,4050,0,4050,82000MIA
R72 13406 0014,3060,0,3060,2240,0,2240,82000MIA
R72 13406 0015,7020,52070,59090,5780,34120,39900,82000MIA
R72 13406 0016,2840,0,2840,2090,0,2090,82000MIA
R72 13406 0017,5670,52040,57710,4650,29860,34510,82000MIA
R72 13406 0018,5670,41340,47010,4650,25710,30360,82000MIA
R72 13406 0019,5670,65120,70790,4650,55380,60030,82000MIA
R72 13406 0020,2840,0,2840,2090,0,2090,82000MIA
R72 13406 0021,2840,0,2840,2090,0,2090,82000MIA
R72 13406 0022,5670,44270,49940,4650,24730,29380,82000MIA
R72 13406 0023,5670,70890,76560,4650,38900,43550,82000MIA
R72 13406 0024,2840,0,2840,2090,0,2090,82000MIA
R72 13406 0025,5670,64230,69900,4650,31510,36160,82000MIA
R72 13406 0026,6550,40450,47000,5330,52790,58120,82000MIA
R72 13406 0027,5820,51270,57090,4760,28830,33590,82000MIA
R72 13406 0028,5820,46380,52200,4760,20320,25080,82000MIA
R72 13406 0029,5820,13490,19310,4760,17250,22010,82000MIA
R72 13406 0030,5820,47800,53620,4760,23460,28220,82000MIA
R72 13406 0031,5820,43780,49600,4760,28700,33460,82000MIA
R72 13406 0032,2910,2830,5740,2380,3390,5770,82000MIA
R72 13406 0033,5820,39500,45320,4760,8610,13370,82000MIA
R72 13406 0034,5820,45830,51650,4760,9880,14640,82000MIA
R72 13406 0035,6300,75780,82080,5160,28860,34020,82000MIA
R72 13406 0036,3120,0,3120,2300,0,2300,82000MIA
R72 13406 0037,6120,61310,67430,5020,41000,46020,82000MIA
R72 13406 0038,6120,44770,50890,4980,27990,32970,82000MIA
R72 13406 0039,3000,0,3000,2210,0,2210,82000MIA
R72 13406 0040,6090,48330,54420,4960,37020,41980,82000MIA
R72 13406 0041,5820,36800,42620,4760,26080,30840,82000MIA
R72 13406 0042,5820,46520,52340,4760,37090,41850,82000MIA
R72 13406 0043,5820,37300,43120,4760,41740,46500,82000MIA
R72 13406 0044,2910,0,2910,2140,0,2140,82000MIA
R72 13406 0046,5820,49940,55760,4760,18840,23600,82000MIA
R72 13406 0047,5820,41660,47480,4760,4510,9270,82000MIA
R72 13406 0048,5820,45010,50830,4760,24770,29530,82000MIA
R72 13406 0049,5820,50280,56100,4760,28000,32760,82000MIA
R72 13406 0050,6810,66770,73580,5560,43520,49080,82000MIA
R72 13406 0051,7570,50800,58370,6190,28400,34590,82000MIA
R72 13406 0052,7340,85130,92470,6030,50500,56530,82000MIA
R72 13406 0054,3060,0,3060,2250,0,2250,82000MIA
R72 13406 0055,3060,0,3060,2250,0,2250,82000MIA
R72 13406 0056,3060,0,3060,2250,0,2250,82000MIA
R72 13406 0057,3060,0,3060,2250,0,2250,82000MIA
R72 13406 0058,9180,76160,85340,7500,46130,53630,82000MIA
R72 13406 0060,6120,53700,59820,5000,36340,41340,82000MIA
R72 13407 0001,3060,0,3060,2240,0,2240,82000MIA
R72 13407 0002,5670,39460,45130,4650,37110,41760,82000MIA
R72 13407 0003,5670,12610,18280,4650,11750,16400,82000MIA
R72 13407 0004,2840,0,2840,2090,0,2090,82000MIA
R72 13407 0005,5670,53530,59200,4650,29000,33650,82000MIA
R72 13407 0006,5670,49950,55620,4650,26020,30670,82000MIA
R72 13407 0007,2140,0,2140,1610,0,1610,82000MIA
R72 13407 0008,5670,51110,56780,4650,28710,33360,82000MIA
R72 13407 0009,2840,0,2840,2090,0,2090,82000MIA
R72 13407 0010,5670,48240,53910,4650,9560,14210,82000MIA
R72 13407 0011,2840,0,2840,2090,0,2090,82000MIA
R72 13407 0012,5670,94390,100060,4650,54620,59270,82000MIA
R72 13407 0013,2840,0,2840,2090,0,2090,82000MIA
R72 13407 0014,5670,67310,72980,4650,40360,45010,82000MIA
R72 13407 0015,5670,44940,50610,4650,25420,30070,82000MIA
R72 13407 0016,2840,0,2840,2090,0,2090,82000MIA
R72 13407 0017,2840,0,2840,2090,0,2090,82000MIA
R72 13407 0018,5670,37970,43640,4650,24540,29190,82000MIA
R72 13407 0019,2840,0,2840,2090,0,2090,82000MIA
R72 13407 0020,2840,0,2840,2090,0,2090,82000MIA
R72 13407 0021,5670,47970,53640,4650,7010,11660,82000MIA
R72 13407 0022,2840,0,2840,2090,0,2090,82000MIA
R72 13407 0023,5670,42810,48480,4650,17790,22440,82000MIA
R72 13407 0024,5670,47480,53150,4650,25460,30110,82000MIA
R72 13407 0025,5670,41450,47120,4650,13620,18270,82000MIA
R72 13407 0026,6110,35010,41120,4990,40910,45900,82000MIA
R72 13407 0027,6110,50300,56410,4990,32700,37690,82000MIA
R72 13407 0028,7060,55430,62490,5720,28460,34180,82000MIA
R72 13407 0029,4290,60170,64460,3570,34780,38350,82000MIA
R72 13407 0030,2840,0,2840,2090,0,2090,82000MIA
R72 13407 0031,5670,58990,64660,4650,37180,41830,82000MIA
R72 13407 0034,7060,55710,62770,5720,31580,37300,82000MIA
R72 13407 0035,5670,52460,58130,4650,27300,31950,82000MIA
R72 13407 0036,5670,45570,51240,4650,25690,30340,82000MIA
R72 13407 0037,5670,51740,57410,4650,20930,25580,82000MIA
R72 13407 0038,5670,47290,52960,4650,20510,25160,82000MIA
R72 13407 0040,7060,62240,69300,5720,36260,41980,82000MIA
R72 13407 0042,7060,61720,68780,5720,33900,39620,82000MIA
R72 13407 0043,5670,45210,50880,4650,26320,30970,82000MIA
R72 13407 0044,5670,43090,48760,4650,9620,14270,82000MIA
R72 13407 0045,2840,0,2840,2090,0,2090,82000MIA
R72 13407 0046,2840,0,2840,2090,0,2090,82000MIA
R72 13407 0047,5670,60240,65910,4650,35950,40600,82000MIA
R72 13407 0048,2840,0,2840,2090,0,2090,82000MIA
R72 13407 0049,5670,34310,39980,4650,34890,39540,82000MIA
R72 13407 0050,2500,0,2500,1860,0,1860,82000MIA
R72 13407 0051,5670,25850,31520,4650,31400,36050,82000MIA
R72 13407 0052,6110,39490,45600,4990,22220,27210,82000MIA
R72 13407 0056,6120,31820,37940,5000,28730,33730,82000MIA
R72 13407 0057,6120,29580,35700,5000,24700,29700,82000MIA
R72 13407 0058,3060,0,3060,2250,0,2250,82000MIA
R72 13407 0059,6120,40770,46890,5000,22490,27490,82000MIA
R72 13407 0060,3060,0,3060,2250,0,2250,82000MIA
R72 13407 0061,6120,15860,21980,5000,20130,25130,82000MIA
R72 13407 0062,6120,63030,69150,5000,17640,22640,82000MIA
R72 13407 0063,2480,3680,6160,2030,4320,6350,82000MIA
R72 13407 0064,6890,50050,56940,5630,27730,33360,82000MIA
R72 13407 0065,2140,0,2140,1610,0,1610,82000MIA
R72 13407 0069,2280,0,2280,1690,0,1690,82000MIA
R72 13407 0071,1770,0,1770,1350,0,1350,82000MIA
R72 13408 0001,7580,49650,57230,6190,31600,37790,82000MIA
R72 13408 0003,7580,55200,62780,6190,37750,43940,82000MIA
R72 13408 0004,3150,0,3150,2320,0,2320,82000MIA
R72 13408 0005,7280,45440,52720,5950,23620,29570,82000MIA
R72 13408 0006,8780,42670,51450,7160,27610,34770,82000MIA
R72 13408 0007,11700,48190,59890,9520,28470,37990,82000MIA
R72 13408 0009,6300,43330,49630,5160,5170,10330,82000MIA
R72 13408 0010,6300,27390,33690,5160,10340,15500,82000MIA
R72 13408 0011,3150,0,3150,2320,0,2320,82000MIA
R72 13408 0012,6380,40070,46450,2610,0,2610,82000MIA
R72 13408 0016,6980,52430,59410,5710,29250,34960,82000MIA
R72 13408 0017,7200,58330,65530,5890,23570,29460,82000MIA
R72 13408 0018,7200,77910,85110,5890,48590,54480,82000MIA
R72 13408 0019,7200,72390,79590,5890,49550,55440,82000MIA
R72 13408 0020,7200,27830,35030,5890,24840,30730,82000MIA
R72 13408 0021,6900,49790,56690,5650,27660,33310,82000MIA
R72 13408 0022,7500,61900,69400,6130,48520,54650,82000MIA
R72 13408 0023,7430,51370,58800,6070,23330,29400,82000MIA
R72 13408 0025,7350,53680,61030,6010,30650,36660,82000MIA
R72 13408 0026,7350,55940,63290,6010,31260,37270,82000MIA
R72 13408 0027,6300,43290,49590,5160,26690,31850,82000MIA
R72 13408 0028,9600,54400,64000,7820,33660,41480,82000MIA
R72 13408 0030,7650,74070,81720,6250,20980,27230,82000MIA
R72 13408 0031,7650,78270,85920,6250,47080,53330,82000MIA
R72 13408 0032,7650,63170,70820,6250,37180,43430,82000MIA
R72 13408 0033,6300,30210,36510,5160,30950,36110,82000MIA
R72 13408 0034,6300,57460,63760,5160,33200,38360,82000MIA
R72 13408 0035,6300,51410,57710,5160,24490,29650,82000MIA
R72 13408 0036,6380,36150,42530,5220,32690,37910,82000MIA
R72 13408 0037,6380,51310,57690,5220,21360,26580,82000MIA
R72 13408 0038,6300,50000,56300,5160,25500,30660,82000MIA
R72 13408 0039,6300,29270,35570,5160,23250,28410,82000MIA
R72 13408 0040,6300,50850,57150,5160,21460,26620,82000MIA
R72 13408 0041,6300,39050,45350,5160,27890,33050,82000MIA
R72 13408 0042,7430,52970,60400,6070,30720,36790,82000MIA
R72 13408 0043,7200,38210,45410,5890,27170,33060,82000MIA
R72 13408 0044,7200,45380,52580,5890,24930,30820,82000MIA
R72 13408 0045,7200,81740,88940,5890,47750,53640,82000MIA
R72 13408 0047,7200,52980,60180,5890,35850,41740,82000MIA
R72 13408 0048,7200,49400,56600,5890,36220,42110,82000MIA
R72 13408 0050,7580,52060,59640,6190,30310,36500,82000MIA
R72 13408 0052,7200,50600,57800,5890,33240,39130,82000MIA
R72 13408 0055,6380,50380,56760,5220,36030,41250,82000MIA
R72 13408 0056,6380,41520,47900,5220,21700,26920,82000MIA
R72 13408 0057,7350,64520,71870,6010,31420,37430,82000MIA
R72 13408 0058,7350,55370,62720,6010,33880,39890,82000MIA
R72 13408 0059,7200,45790,52990,5890,25730,31620,82000MIA
R72 13408 0060,7200,48530,55730,5890,34150,40040,82000MIA
R72 13408 0061,7430,55670,63100,6040,37750,43790,82000MIA
R72 13408 0062,6900,44090,50990,5650,25750,31400,82000MIA
R72 13603 0004,3100,0,3100,2290,0,2290,81000EDG
R72 13603 0005,5890,10790,16680,2170,0,2170,81000EDG
R72 13603 0006,5890,27770,33660,4830,29230,34060,81000EDG
R72 13603 0007,5890,20410,26300,4830,25620,30450,81000EDG
R72 13603 0008,2940,0,2940,2170,0,2170,81000EDG
R72 13603 0009,5890,22840,28730,4830,39430,44260,81000EDG
R72 13603 0010,5890,23020,28910,2170,0,2170,81000EDG
R72 13603 0011,2980,24440,27420,2460,28360,30820,81000EDG
R72 13603 0015,5200,24300,29500,4260,34690,38950,81000EDG
R72 13607 0003,5810,22270,28080,4770,23090,27860,81000EDG
R72 13607 0004,5810,22870,28680,4770,26760,31530,81000EDG
R72 13607 0005,5810,27670,33480,4770,42110,46880,81000EDG
R72 13607 0006,2900,0,2900,2150,0,2150,81000EDG
R72 13607 0007,2900,0,2900,2150,0,2150,81000EDG
R72 13607 0008,5810,27100,32910,4770,30900,35670,81000EDG
R72 13607 0009,5810,35840,41650,4770,29070,33840,81000EDG
R72 13607 0010,5810,28440,34250,4770,39490,44260,81000EDG
R72 13607 0011,8310,19360,27670,7090,27040,34130,81000EDG
R72 13607 0014,5700,19650,25350,4640,54850,59490,81000EDG
R72 13607 0015,5640,0,5640,4620,0,4620,81000EDG
R72 13607 0016,5640,26020,31660,4620,24050,28670,81000EDG
R72 13607 0017,5640,30330,35970,4610,29390,34000,81000EDG
R72 13607 0018,5640,26860,32500,4610,25490,30100,81000EDG
R72 13607 0019,5590,23750,29340,4590,0,4590,81000EDG
R72 13607 0020,5590,25860,31450,4590,26620,31210,81000EDG
R72 13607 0021,5590,24990,30580,4570,11050,15620,81000EDG
R72 13607 0022,5590,27000,32590,4570,8060,12630,81000EDG
R72 13607 0026,2980,0,2980,2200,0,2200,81000EDG
R72 13607 0027,5810,26480,32290,4770,15800,20570,81000EDG
R72 13607 0028,5810,25100,30910,4770,23330,28100,81000EDG
R72 13607 0029,2900,0,2900,2150,0,2150,81000EDG
R72 13607 0030,2900,0,2900,2150,0,2150,81000EDG
R72 13607 0031,5810,27020,32830,4770,21060,25830,81000EDG
R72 13607 0034,2900,0,2900,2150,0,2150,81000EDG
R72 13607 0035,5810,27490,33300,4770,31110,35880,81000EDG
R72 13607 0037,2240,0,2240,1680,0,1680,81000EDG
R72 13607 0038,870,0,870,720,0,720,81000EDG
R72 13607 0039,2900,0,2900,2150,0,2150,81000EDG
R72 13607 0040,2900,0,2900,2150,0,2150,81000EDG
R72 13607 0041,2900,0,2900,2150,0,2150,81000EDG
R72 13607 0042,2900,0,2900,2150,0,2150,81000EDG
R72 13607 0043,2900,0,2900,2150,0,2150,81000EDG
R72 13607 0044,5810,24150,29960,4770,31390,36160,81000EDG
R72 13607 0045,5810,26440,32250,4770,20090,24860,81000EDG
R72 13607 0046,2900,1940,4840,2380,2550,4930,81000EDG
R72 13607 0047,2900,0,2900,2150,0,2150,81000EDG
R72 13607 0048,2900,0,2900,2150,0,2150,81000EDG
R72 13607 0049,2980,0,2980,2200,0,2200,81000EDG
R72 13608 0002,5810,13620,19430,4770,41540,46310,81000EDG
R72 13608 0004,5810,18450,24260,4770,23900,28670,81000EDG
R72 13608 0005,5810,28030,33840,4770,21150,25920,81000EDG
R72 13608 0006,5810,29510,35320,4770,25960,30730,81000EDG
R72 13608 0007,2900,0,2900,2150,0,2150,81000EDG
R72 13608 0008,5810,25010,30820,4770,20190,24960,81000EDG
R72 13608 0009,2900,0,2900,2380,2370,4750,81000EDG
R72 13608 0010,5360,0,5360,4290,0,4290,81000EDG
R72 13608 0011,2900,0,2900,2150,0,2150,81000EDG
R72 13608 0012,2900,0,2900,2150,0,2150,81000EDG
R72 13608 0013,5870,50740,56610,2390,13010,15400,81000EDG
R72 13608 0014,5810,22320,28130,4770,41850,46620,81000EDG
R72 13608 0015,2900,0,2900,2140,0,2140,81000EDG
R72 13608 0016,5810,23270,29080,4750,3210,7960,81000EDG
R72 13608 0017,5810,9740,15550,4730,23550,28280,81000EDG
R72 13608 0018,5810,21370,27180,2370,0,2370,81000EDG
R72 13608 0019,5760,26720,32480,4710,41350,46060,81000EDG
R72 13608 0020,4390,33320,37710,3600,46840,50440,81000EDG
R72 13608 0021,5760,28170,33930,4700,42900,47600,81000EDG
R72 13608 0022,5700,33480,39180,4680,45100,49780,81000EDG
R72 13608 0023,5700,26140,31840,4680,35470,40150,81000EDG
R72 13608 0024,5700,18210,23910,4660,20070,24730,81000EDG
R72 13608 0028,5810,2920,8730,2380,0,2380,81000EDG
R72 13608 0032,2900,0,2900,2150,0,2150,81000EDG
R72 13608 0033,2900,850,3750,2380,1110,3490,81000EDG
R72 13608 0034,5810,12060,17870,4770,12040,16810,81000EDG
R72 13608 0035,2900,0,2900,2150,0,2150,81000EDG
R72 13608 0036,5810,28160,33970,4770,1640,6410,81000EDG
R72 13608 0037,6120,23400,29520,4880,0,4880,81000EDG
R72 13608 0039,2900,0,2900,2100,0,2100,81000EDG
R72 13608 0041,5810,9020,14830,2380,0,2380,81000EDG
R72 13608 0042,5810,3790,9600,4770,1190,5960,81000EDG
R72 13608 0043,5810,0,5810,4770,0,4770,81000EDG
R72 13608 0044,5810,24560,30370,4770,22300,27070,81000EDG
R72 13608 0045,5810,23790,29600,4770,41670,46440,81000EDG
R72 13608 0046,2900,0,2900,2150,0,2150,81000EDG
R72 13608 0047,5810,4070,9880,4290,0,4290,81000EDG
R72 13608 0048,5810,23180,28990,4770,19620,24390,81000EDG
R72 13608 0049,5810,24400,30210,4770,18590,23360,81000EDG
R72 13608 0050,2900,0,2900,2150,0,2150,81000EDG
R72 13608 0051,2990,0,2990,2480,0,2480,81000EDG
R72 13608 0052,5190,13310,18500,4260,41540,45800,81000EDG
R72 13802 0003,3110,0,3110,3100,0,3100,11010SHR
R72 13802 0004,3110,0,3110,3100,0,3100,11010SHR
R72 13802 0005,10350,0,10350,9310,0,9310,11010SHR
R72 13802 0006,31050,81590,112640,30020,88610,118630,11010SHR
R72 13802 0008,31050,70090,101140,30020,86670,116690,11010SHR
R72 13802 0010,18000,143250,161250,18000,128700,146700,11010SHR
R72 13802 0012,23400,60400,83800,23440,56340,79780,11010SHR
R72 13802 0034,23400,101070,124470,23440,106190,129630,11010SHR
R72 13802 0035,6500,66830,73330,23440,97850,121290,11010SHR
R72 13803 0001,8630,0,8630,8680,0,8680,11010SHR
R72 13803 0002,21110,73900,95010,21170,81720,102890,11010SHR
R72 13803 0003,20700,40090,60790,20700,86680,107380,11010SHR
R72 13803 0004,20910,84330,105240,20850,74280,95130,11010SHR
R72 13803 0005,21530,114650,136180,21410,135950,157360,11010SHR
R72 13803 0006,11070,0,11070,9940,0,9940,11010SHR
R72 13803 0007,20660,86000,106660,20620,83040,103660,11010SHR
R72 13803 0008,20660,83610,104270,20620,81820,102440,11010SHR
R72 13803 0009,20660,63690,84350,20620,71270,91890,11010SHR
R72 13803 0010,20660,75400,96060,20620,70580,91200,11010SHR
R72 13803 0011,20660,83350,104010,20620,89830,110450,11010SHR
R72 13803 0012,20660,38960,59620,20620,70360,90980,11010SHR
R72 13803 0013,20660,72070,92730,20620,67690,88310,11010SHR
R72 13803 0014,10320,0,10320,9310,0,9310,11010SHR
R72 13803 0015,22030,82710,104740,22030,111810,133840,11010SHR
R72 13803 0017,21830,78960,100790,21540,77490,99030,11010SHR
R72 13803 0018,20750,83910,104660,20700,84660,105360,11010SHR
R72 13803 0019,20750,103090,123840,20700,96790,117490,11010SHR
R72 13803 0020,26620,108610,135230,25810,117100,142910,11010SHR
R72 13803 0021,25460,64980,90440,24460,65710,90170,11010SHR
R72 13803 0022,20450,56840,77290,20390,52680,73070,11010SHR
R72 13803 0023,20660,42010,62670,20620,47120,67740,11010SHR
R72 13803 0024,20660,55240,75900,20620,52410,73030,11010SHR
R72 13803 0025,20660,89540,110200,20620,131610,152230,11010SHR
R72 13803 0026,20660,86240,106900,20620,96080,116700,11010SHR
R72 13803 0027,20660,92600,113260,20620,86210,106830,11010SHR
R72 13803 0028,20660,71910,92570,20620,89520,110140,11010SHR
R72 13803 0029,22490,82100,104590,22500,83800,106300,11010SHR
R72 13803 0030,25250,81950,107200,25320,89680,115000,11010SHR
R72 13803 0034,3110,0,3110,3100,0,3100,11010SHR
R72 13803 0035,20700,131630,152330,20620,128870,149490,11010SHR
R72 13803 0036,20700,67860,88560,20620,71750,92370,11010SHR
R72 13803 0037,20700,72820,93520,20620,77980,98600,11010SHR
R72 13803 0038,20700,49330,70030,20620,63030,83650,11010SHR
R72 13803 0039,23400,71480,94880,23440,75230,98670,11010SHR
R72 13803 0043,20700,67870,88570,20620,124990,145610,11010SHR
R72 13803 0046,20700,103200,123900,20620,86560,107180,11010SHR
R72 13803 0047,3110,0,3110,3100,0,3100,11010SHR
R72 13803 0048,3110,0,3110,3100,0,3100,11010SHR
R72 13803 0049,3110,0,3110,3100,0,3100,11010SHR
R72 13804 0001,18400,37720,56120,14760,46060,60820,12010BEL
R72 13804 0002,18400,35290,53690,14760,57830,72590,12010BEL
R72 13804 0003,18400,49010,67410,14760,70550,85310,12010BEL
R72 13804 0004,18400,52240,70640,14760,49240,64000,12010BEL
R72 13804 0005,18400,43360,61760,14760,60390,75150,12010BEL
R72 13804 0006,18400,50110,68510,14760,66540,81300,12010BEL
R72 13804 0007,18400,42140,60540,14760,61520,76280,12010BEL
R72 13804 0008,18400,59230,77630,14760,63660,78420,12010BEL
R72 13804 0009,18400,69610,88010,14760,70380,85140,12010BEL
R72 13804 0010,19400,46760,66160,15660,60580,76240,12010BEL
R72 13804 0011,0,0,0,0,0,0,99999999
R72 13804 0012,31590,0,31590,39710,0,39710,11010SHR
R72 13804 0013,23400,75460,98860,23440,20790,44230,11010SHR
R72 13804 0014,24100,46090,70190,24100,44830,68930,11010SHR
R72 13804 0015,23330,78010,101340,23330,80170,103500,11010SHR
R72 13804 0016,25250,71400,96650,25320,85580,110900,11010SHR
R72 13804 0018,26850,63310,90160,26840,66000,92840,11010SHR
R72 13804 0020,25250,61170,86420,25320,72860,98180,11010SHR
R72 13804 0022,10880,0,10880,9810,0,9810,11010SHR
R72 13804 0023,22630,71050,93680,22550,92130,114680,11010SHR
R72 13804 0024,22180,63720,85900,21780,23720,45500,11010SHR
R72 13804 0025,23590,70940,94530,23670,86470,110140,11010SHR
R72 13804 0026,24100,66150,90250,24170,73550,97720,11010SHR
R72 13804 0027,23180,44760,67940,23250,37300,60550,11010SHR
R72 13804 0028,21060,35370,56430,21000,58380,79380,11010SHR
R72 13804 0029,21060,55660,76720,21000,38240,59240,11010SHR
R72 13804 0030,22930,54700,77630,22950,35150,58100,11010SHR
R72 13804 0033,21760,33680,55440,21730,76680,98410,11010SHR
R72 13804 0034,21290,66110,87400,21240,74240,95480,11010SHR
R72 13804 0035,20830,70190,91020,20820,96250,117070,11010SHR
R72 13804 0036,21740,61270,83010,21720,86620,108340,11010SHR
R72 13804 0037,24090,87380,111470,24260,91910,116170,11010SHR
R72 13804 0038,20700,71750,92450,20700,77650,98350,11010SHR
R72 13804 0039,20700,69950,90650,20700,77390,98090,11010SHR
R72 13804 0040,20700,61060,81760,20700,54200,74900,11010SHR
R72 13804 0041,20700,76580,97280,20700,89980,110680,11010SHR
R72 13804 0050,19780,47500,67280,15950,53400,69350,12010BEL
R72 13804 0052,22950,62710,85660,22970,73850,96820,11010SHR
R72 13804 0053,21380,64200,85580,23180,42850,66030,11010SHR
R72 13804 0055,23650,67580,91230,23300,84610,107910,11010SHR
R72 13804 0059,270,0,270,290,0,290,11010SHR
R72 13804 0060,640,0,640,420,0,420,12010BEL
R72 13804 0061,11700,0,11700,10580,0,10580,11010SHR
R72 13804 0062,23400,85550,108950,23440,82320,105760,11010SHR
R72 13805 0001,26390,102010,128400,26500,99550,126050,11010SHR
R72 13805 0002,30980,98420,129400,31200,95470,126670,11010SHR
R72 13805 0003,26850,87580,114430,26970,100030,127000,11010SHR
R72 13805 0004,9000,4990,13990,9000,6490,15490,11010SHR
R72 13805 0011,18000,174510,192510,18000,218650,236650,11010SHR
R72 13805 0014,22950,70310,93260,22970,70610,93580,11010SHR
R72 13805 0015,22950,72460,95410,22970,69570,92540,11010SHR
R72 13805 0016,25250,101520,126770,25320,106780,132100,11010SHR
R72 13805 0017,25020,80550,105570,25090,88160,113250,11010SHR
R72 13805 0018,25700,75280,100980,25790,78110,103900,11010SHR
R72 13805 0019,24790,72590,97380,24850,78490,103340,11010SHR
R72 13805 0020,25250,73880,99130,25320,78040,103360,11010SHR
R72 13805 0021,23870,59130,83000,23910,84100,108010,11010SHR
R72 13805 0023,25250,94310,119560,25320,130540,155860,11010SHR
R72 13805 0024,26620,92070,118690,26730,105280,132010,11010SHR
R72 13805 0025,26390,77380,103770,26500,33500,60000,11010SHR
R72 13805 0026,24790,90780,115570,24850,132080,156930,11010SHR
R72 13805 0027,24560,82130,106690,24620,90900,115520,11010SHR
R72 13805 0028,26160,81290,107450,26260,107630,133890,11010SHR
R72 13805 0029,25020,91980,117000,25090,106540,131630,11010SHR
R72 13805 0030,25020,86100,111120,25090,85760,110850,11010SHR
R72 13805 0031,25020,91560,116580,25090,93600,118690,11010SHR
R72 13805 0032,28690,115560,144250,28850,121450,150300,11010SHR
R72 13805 0033,23640,87980,111620,23680,89070,112750,11010SHR
R72 13805 0034,23640,86130,109770,23680,80770,104450,11010SHR
R72 13805 0035,23640,90920,114560,23680,87920,111600,11010SHR
R72 13805 0036,26160,90440,116600,26260,86880,113140,11010SHR
R72 13805 0037,26160,105100,131260,26260,107640,133900,11010SHR
R72 13806 0013,24790,89120,113910,24850,79140,103990,11010SHR
R72 13806 0014,23640,93480,117120,23680,98140,121820,11010SHR
R72 13806 0015,23640,75210,98850,23680,77080,100760,11010SHR
R72 13806 0016,29950,109040,138990,30100,97950,128050,11010SHR
R72 13806 0017,590,0,590,250,0,250,11010SHR
R72 13806 0018,25250,80790,106040,25320,79050,104370,11010SHR
R72 13806 0019,24330,88750,113080,24380,96060,120440,11010SHR
R72 13806 0020,24100,80680,104780,24150,79630,103780,11010SHR
R72 13806 0021,25250,77470,102720,25320,72500,97820,11010SHR
R72 13806 0022,23640,86050,109690,23680,85320,109000,11010SHR
R72 13806 0023,25250,65610,90860,25320,72650,97970,11010SHR
R72 13806 0024,26160,82700,108860,26260,77690,103950,11010SHR
R72 13806 0025,26160,102230,128390,26260,98730,124990,11010SHR
R72 13806 0026,23640,97060,120700,23680,95330,119010,11010SHR
R72 13806 0027,23640,89380,113020,23680,89430,113110,11010SHR
R72 13806 0028,23640,84070,107710,23680,82010,105690,11010SHR
R72 13806 0029,23640,79360,103000,23680,77360,101040,11010SHR
R72 13806 0030,23640,88330,111970,23680,93140,116820,11010SHR
R72 13806 0031,23640,87420,111060,23680,91140,114820,11010SHR
R72 13806 0032,23640,84130,107770,23680,84290,107970,11010SHR
R72 13806 0033,23640,79110,102750,23680,75100,98780,11010SHR
R72 13806 0034,23640,86670,110310,23680,82750,106430,11010SHR
R72 13806 0035,23640,77500,101140,23680,83720,107400,11010SHR
R72 13806 0036,23640,81370,105010,23680,80170,103850,11010SHR
R72 13806 0037,23640,78540,102180,23680,73180,96860,11010SHR
R72 13806 0041,30760,110690,141450,31100,106530,137630,11010SHR
R72 13806 0044,26580,96190,122770,25610,109110,134720,11010SHR
R72 13806 0045,2690,0,2690,1360,0,1360,11010SHR
R72 13806 0046,2430,0,2430,1230,2290,3520,11010SHR
R72 13806 0047,2690,0,2690,1360,0,1360,11010SHR
R72 13806 0048,2430,0,2430,1230,0,1230,11010SHR
R72 13806 0049,610,0,610,580,0,580,11010SHR
R72 13807 0001,20660,51990,72650,20620,45600,66220,11010SHR
R72 13807 0002,20660,67270,87930,20620,66710,87330,11010SHR
R72 13807 0003,20660,68800,89460,20620,59980,80600,11010SHR
R72 13807 0004,20660,46890,67550,20620,75320,95940,11010SHR
R72 13807 0005,29840,83900,113740,30020,113780,143800,11010SHR
R72 13807 0007,23640,54090,77730,23680,63930,87610,11010SHR
R72 13807 0015,24750,97120,121870,24760,96350,121110,11010SHR
R72 13807 0016,24750,78010,102760,24760,81010,105770,11010SHR
R72 13807 0017,24750,65740,90490,24760,84070,108830,11010SHR
R72 13807 0018,24750,85040,109790,24760,115060,139820,11010SHR
R72 13807 0019,24750,91250,116000,24760,92150,116910,11010SHR
R72 13807 0020,23850,88260,112110,23850,100380,124230,11010SHR
R72 13807 0022,27540,91590,119130,27670,134720,162390,11010SHR
R72 13807 0024,25250,78990,104240,25320,107840,133160,11010SHR
R72 13807 0025,25250,49750,75000,25320,100290,125610,11010SHR
R72 13807 0029,24790,67760,92550,24850,103450,128300,11010SHR
R72 13807 0033,24560,93600,118160,24620,98280,122900,11010SHR
R72 13807 0034,24790,62750,87540,24850,88050,112900,11010SHR
R72 13807 0038,22950,111350,134300,22970,113040,136010,11010SHR
R72 13807 0041,44080,125120,169200,45380,129570,174950,11010SHR
R72 13809 0001,25250,87570,112820,25320,85570,110890,11010SHR
R72 13809 0003,25250,68990,94240,25320,65340,90660,11010SHR
R72 13809 0005,23270,74910,98180,23060,79700,102760,11010SHR
R72 13809 0007,25250,67870,93120,25320,71240,96560,11010SHR
R72 13809 0009,20660,84290,104950,20620,90580,111200,11010SHR
R72 13809 0010,16070,64310,80380,16080,80710,96790,11010SHR
R72 13809 0012,22950,63610,86560,22970,63720,86690,11010SHR
R72 13809 0013,22950,72220,95170,22970,81160,104130,11010SHR
R72 13809 0014,22950,65410,88360,22970,70860,93830,11010SHR
R72 13809 0015,22950,76270,99220,22970,97300,120270,11010SHR
R72 13809 0017,29840,66920,96760,30020,74360,104380,11010SHR
R72 13809 0018,29840,84520,114360,30020,89830,119850,11010SHR
R72 13809 0019,22950,90470,113420,22970,92260,115230,11010SHR
R72 13809 0020,22950,77540,100490,22970,77320,100290,11010SHR
R72 13809 0021,22950,74940,97890,22970,96690,119660,11010SHR
R72 13809 0022,22950,95780,118730,22970,125760,148730,11010SHR
R72 13809 0023,22950,81800,104750,22970,98270,121240,11010SHR
R72 13809 0024,22950,84590,107540,22970,101300,124270,11010SHR
R72 13809 0029,23850,85830,109680,23850,81120,104970,11010SHR
R72 13809 0030,23850,79730,103580,23850,77680,101530,11010SHR
R72 13809 0031,23850,80330,104180,23850,77000,100850,11010SHR
R72 13809 0032,24750,52730,77480,24760,93230,117990,11010SHR
R72 13809 0036,23850,67470,91320,23850,74670,98520,11010SHR
R72 13809 0038,22950,68280,91230,22970,66440,89410,11010SHR
R72 13809 0042,3830,0,3830,1470,0,1470,11010SHR
R72 13809 0043,22950,74530,97480,22970,86280,109250,11010SHR
R72 13809 0044,11480,0,11480,10360,0,10360,11010SHR
R72 13809 0045,720,0,720,720,0,720,11010SHR
R72 13809 0046,41180,124290,165470,41160,113270,154430,11010SHR
R72 13809 0047,5490,0,5490,2810,0,2810,11010SHR
R72 13809 0049,6310,0,6310,3240,0,3240,11010SHR
R72 13809 0051,7020,0,7020,5580,0,5580,11010SHR
R72 13809 0052,3600,0,3600,1340,0,1340,11010SHR
R72 13809 0053,5410,0,5410,7100,0,7100,11010SHR
R72 13809 0054,3600,0,3600,1300,0,1300,11010SHR
R72 13809 0055,7020,0,7020,5550,0,5550,11010SHR
R72 13809 0056,4050,0,4050,1600,0,1600,11010SHR
R72 13809 0057,6750,0,6750,2590,0,2590,11010SHR
R72 13809 0058,57150,78790,135940,57990,123430,181420,11010SHR
R72 13810 0001,24790,71690,96480,24850,60940,85790,11010SHR
R72 13810 0002,8250,0,8250,7400,0,7400,11010SHR
R72 13810 0003,20660,81200,101860,20620,91050,111670,11010SHR
R72 13810 0004,20660,71460,92120,20620,85180,105800,11010SHR
R72 13810 0005,20660,86310,106970,20620,94670,115290,11010SHR
R72 13810 0006,20660,64990,85650,20620,73720,94340,11010SHR
R72 13810 0007,20660,38080,58740,20620,72460,93080,11010SHR
R72 13810 0008,20660,79070,99730,20620,75620,96240,11010SHR
R72 13810 0009,20660,76770,97430,20620,73680,94300,11010SHR
R72 13810 0010,20660,82500,103160,20620,88120,108740,11010SHR
R72 13810 0011,10320,0,10320,9310,0,9310,11010SHR
R72 13810 0012,29840,123020,152860,30020,110890,140910,11010SHR
R72 13810 0014,27000,80920,107920,27010,91990,119000,11010SHR
R72 13810 0015,23850,79170,103020,23820,104180,128000,11010SHR
R72 13810 0017,24090,78520,102610,24260,81870,106130,11010SHR
R72 13810 0018,21260,78560,99820,21220,99600,120820,11010SHR
R72 13810 0019,10520,0,10520,9510,0,9510,11010SHR
R72 13810 0020,26420,86460,112880,27160,99360,126520,11010SHR
R72 13810 0021,24300,82260,106560,24470,84310,108780,11010SHR
R72 13810 0022,24100,81490,105590,24170,91750,115920,11010SHR
R72 13810 0024,23640,72800,96440,23680,73730,97410,11010SHR
R72 13810 0026,23640,93490,117130,23680,136750,160430,11010SHR
R72 13810 0027,22950,68570,91520,22970,63380,86350,11010SHR
R72 13810 0028,22950,72680,95630,22970,72760,95730,11010SHR
R72 13810 0031,10320,1870,12190,10340,2490,12830,11010SHR
R72 13810 0032,10320,0,10320,9310,0,9310,11010SHR
R72 13810 0033,20660,94770,115430,20620,105350,125970,11010SHR
R72 13810 0034,20450,77700,98150,20470,105080,125550,11010SHR
R72 13810 0035,25270,70380,95650,25290,73480,98770,11010SHR
R72 13810 0037,26240,69830,96070,26420,70510,96930,11010SHR
R72 13810 0038,25470,89080,114550,25560,117730,143290,11010SHR
R72 13810 0040,23640,70050,93690,23640,74890,98530,11010SHR
R72 13810 0041,20660,82590,103250,20620,94830,115450,11010SHR
R72 13810 0042,28510,100140,128650,28650,113880,142530,11010SHR
R72 13810 0044,21290,106690,127980,21170,145270,166440,11010SHR
R72 13810 0049,15440,0,15440,15540,0,15540,11010SHR
R72 13810 0051,1840,0,1840,1440,0,1440,11010SHR
R72 13810 0052,830,0,830,600,0,600,11010SHR
R72 13810 0053,970,0,970,630,0,630,11010SHR
R72 13810 0054,8070,0,8070,4420,0,4420,11010SHR
R72 13810 0055,1010,0,1010,1000,0,1000,11010SHR
R72 13810 0056,740,0,740,3010,0,3010,11010SHR
R72 13810 0058,4210,0,4210,1610,0,1610,11010SHR
R72 13810 0059,1440,0,1440,1440,0,1440,11010SHR
R72 13901 0003,11590,103740,115330,11630,118060,129690,11010SHR
R72 13901 0005,23180,78440,101620,23210,79920,103130,11010SHR
R72 13901 0006,21800,88390,110190,21800,118980,140780,11010SHR
R72 13901 0008,23180,80170,103350,23210,78580,101790,11010SHR
R72 13901 0010,23180,83190,106370,23210,78860,102070,11010SHR
R72 13901 0011,19740,98270,118010,19680,105670,125350,11010SHR
R72 13901 0012,29800,86860,116660,27470,81140,108610,11010SHR
R72 13901 0022,23180,70060,93240,23210,77840,101050,11010SHR
R72 13901 0024,23180,82800,105980,23210,82110,105320,11010SHR
R72 13902 0018,13700,71160,84860,15220,68010,83230,11010PAT
R72 13902 0021,22020,42980,65000,24190,76340,100530,11010PAT
R72 13902 0022,21090,109620,130710,23140,97710,120850,11010PAT
R72 13902 0023,20700,64250,84950,22730,69360,92090,11010PAT
R72 13903 0003,22260,81050,103310,11750,102460,114210,C0301000
R72 13903 0011,21800,78770,100570,24000,71510,95510,11010PAT
R72 13903 0014,21110,80170,101280,23230,20550,43780,11010PAT
R72 13904 0002,21800,102660,124460,24000,108860,132860,11010PAT
R72 13904 0003,21800,88620,110420,24000,89760,113760,11010PAT
R72 13904 0004,21800,82500,104300,24000,103150,127150,11010PAT
R72 13904 0005,21800,82950,104750,24000,93690,117690,11010PAT
R72 13904 0006,23180,95580,118760,25070,102050,127120,11010PAT
R72 13904 0007,30430,90340,120770,33490,112670,146160,11010PAT
R72 13904 0009,25430,96590,122020,28510,111160,139670,11010PAT
R72 13904 0010,24300,103230,127530,26850,119160,146010,11010PAT
R72 13904 0011,22730,105980,128710,24990,115430,140420,11010PAT
R72 13904 0022,26000,82380,108380,28850,97810,126660,11010PAT
R72 13904 0023,23860,98870,122730,26400,108210,134610,11010PAT
R72 13904 0024,23860,93990,117850,26300,97880,124180,11010PAT
R72 13904 0025,23400,97930,121330,25820,104500,130320,11010PAT
R72 13904 0026,22950,77840,100790,25300,91080,116380,11010PAT
R72 13904 0027,22500,101560,124060,24680,103710,128390,11010PAT
R72 13904 0028,22050,84600,106650,24260,97110,121370,11010PAT
R72 13904 0029,26930,147460,174390,29850,151170,181020,11010PAT
R72 13904 0030,23180,133660,156840,25500,124300,149800,11010PAT
R72 13904 0031,22500,118520,141020,24780,120980,145760,11010PAT
R72 13904 0032,26020,101150,127170,28410,103010,131420,11010PAT
R72 13904 0033,20950,89320,110270,23170,94630,117800,11010PAT
R72 13904 0034,21380,93990,115370,23540,96710,120250,11010PAT
R72 13904 0035,21800,99220,121020,24100,104650,128750,11010PAT
R72 13904 0036,21760,93270,115030,23840,98190,122030,11010PAT
R72 13904 0037,22460,82930,105390,24830,98490,123320,11010PAT
R72 13904 0038,29770,111630,141400,33130,129410,162540,11010PAT
R72 13904 0039,23180,55560,78740,25500,109690,135190,11010PAT
R72 13905 0002,20950,92900,113850,23070,106390,129460,11010PAT
R72 13905 0003,20950,129560,150510,23070,154770,177840,11010PAT
R72 13905 0005,20950,102700,123650,23070,42770,65840,11010PAT
R72 13905 0006,20950,93740,114690,23070,71120,94190,11010PAT
R72 13905 0007,20950,69480,90430,23070,96230,119300,11010PAT
R72 13905 0008,20950,85640,106590,23070,103810,126880,11010PAT
R72 13905 0009,20950,91040,111990,23070,87800,110870,11010PAT
R72 13905 0010,10470,0,10470,10410,0,10410,11010PAT
R72 13905 0013,22950,102430,125380,25190,128220,153410,11010PAT
R72 13905 0014,24570,97250,121820,27170,102300,129470,11010PAT
R72 13905 0015,26980,94600,121580,30440,89210,119650,11010PAT
R72 13905 0016,25220,125820,151040,27890,111900,139790,11010PAT
R72 13905 0017,12490,0,12490,9690,0,9690,11010PAT
R72 13905 0018,27720,182110,209830,30980,183060,214040,11010PAT
R72 13905 0019,13290,0,13290,11650,0,11650,11010PAT
R72 13905 0020,12730,0,12730,12850,0,12850,11010PAT
R72 13905 0021,24080,181120,205200,26640,162960,189600,11010PAT
R72 13905 0022,22710,241350,264060,25080,229640,254720,11010PAT
R72 13905 0023,11020,0,11020,11000,0,11000,11010PAT
R72 13905 0024,11250,0,11250,11130,0,11130,11010PAT
R72 13905 0025,22500,97450,119950,24780,143730,168510,11010PAT
R72 13905 0026,22490,133220,155710,24880,126620,151500,11010PAT
R72 13905 0027,25520,146530,172050,28410,155450,183860,11010PAT
R72 13905 0028,25280,131370,156650,27960,124180,152140,11010PAT
R72 13905 0029,25040,111290,136330,27730,116960,144690,11010PAT
R72 13905 0030,9610,0,9610,9530,0,9530,11010PAT
R72 13905 0031,28960,156790,185750,31740,110750,142490,11010PAT
R72 13905 0032,12090,0,12090,11690,0,11690,11010PAT
R72 13905 0033,26390,123230,149620,28030,118160,146190,11010PAT
R72 13905 0034,22370,99420,121790,24360,99940,124300,11010PAT
R72 13905 0035,22030,85080,107110,24200,103560,127760,11010PAT
R72 13905 0036,23180,85400,108580,25490,103860,129350,11010PAT
R72 13905 0037,23870,98020,121890,26250,90740,116990,11010PAT
R72 13905 0038,24330,111110,135440,26780,155230,182010,11010PAT
R72 13905 0039,25270,96640,121910,28090,111590,139680,11010PAT
R72 13905 0040,20490,95010,115500,22600,91510,114110,11010PAT
R72 13905 0041,21060,97570,118630,23090,101690,124780,11010PAT
R72 13905 0042,21700,116630,138330,23720,120720,144440,11010PAT
R72 13905 0043,20510,126360,146870,22590,127990,150580,11010PAT
R72 13905 0044,21600,94100,115700,23750,97440,121190,11010PAT
R72 13905 0045,21600,91420,113020,23750,97670,121420,11010PAT
R72 13905 0046,22250,101520,123770,24430,131760,156190,11010PAT
R72 13905 0047,23090,135560,158650,25210,148930,174140,11010PAT
R72 13905 0048,10800,0,10800,10670,0,10670,11010PAT
R72 13905 0049,21600,95210,116810,23640,102350,125990,11010PAT
R72 13905 0050,21600,108020,129620,23750,109990,133740,11010PAT
R72 13906 0002,20950,86960,107910,23070,112220,135290,11010PAT
R72 13906 0006,29090,109410,138500,32220,124990,157210,11010PAT
R72 13906 0007,24500,84180,108680,27370,82080,109450,11010PAT
R72 13906 0008,24500,132920,157420,27270,174500,201770,11010PAT
R72 13906 0009,11920,0,11920,11840,0,11840,11010PAT
R72 13906 0010,24330,115540,139870,26850,125320,152170,11010PAT
R72 13906 0011,23860,95450,119310,26360,102790,129150,11010PAT
R72 13906 0012,29700,105690,135390,32900,105610,138510,11010PAT
R72 13906 0019,22280,96280,118560,24470,98510,122980,11010PAT
R72 13906 0020,23180,101570,124750,25560,124480,150040,11010PAT
R72 13906 0021,23410,101030,124440,25870,97350,123220,11010PAT
R72 13906 0022,11010,0,11010,10950,4070,15020,11010PAT
R72 13906 0023,22030,141680,163710,24260,145780,170040,11010PAT
R72 13906 0024,23410,91630,115040,25710,92590,118300,11010PAT
R72 13906 0025,25490,92660,118150,28130,108390,136520,11010PAT
R72 13906 0026,20700,92580,113280,22710,91340,114050,11010PAT
R72 13906 0027,22360,57060,79420,24370,77840,102210,11010PAT
R72 13906 0028,22000,96630,118630,24210,101210,125420,11010PAT
R72 13906 0029,21380,86150,107530,23430,100750,124180,11010PAT
R72 13906 0030,21150,88680,109830,23120,87600,110720,11010PAT
R72 13906 0031,20930,112370,133300,23020,102470,125490,11010PAT
R72 13906 0032,22600,98440,121040,24610,97290,121900,11010PAT
R72 13906 0033,25580,115860,141440,28070,124070,152140,11010PAT
R72 13906 0034,23150,85740,108890,25450,88940,114390,11010PAT
R72 13906 0035,23150,89240,112390,25450,84010,109460,11010PAT
R72 13906 0036,8740,0,8740,8690,0,8690,11010PAT
R72 13907 0001,27340,109500,136840,27780,108360,136140,11010SHR
R72 13907 0012,23180,76170,99350,23210,87110,110320,11010SHR
R72 13907 0014,23180,75290,98470,23210,79800,103010,11010SHR
R72 13907 0035,20660,79160,99820,20620,99140,119760,11010SHR
R72 13907 0036,20660,75760,96420,20620,75200,95820,11010SHR
R72 13907 0037,20660,76050,96710,20620,78310,98930,11010SHR
R72 13908 0001,23180,77880,101060,23210,85160,108370,11010SHR
R72 13908 0002,27950,77010,104960,27620,85020,112640,11010SHR
R72 13908 0003,23180,74870,98050,23210,82460,105670,11010SHR
R72 13908 0004,23180,78070,101250,23210,86700,109910,11010SHR
R72 13908 0005,23180,70860,94040,23210,93740,116950,11010SHR
R72 13908 0006,23180,75350,98530,23210,81990,105200,11010SHR
R72 13908 0007,23180,86940,110120,23210,105630,128840,11010SHR
R72 13908 0008,23180,68710,91890,23210,73760,96970,11010SHR
R72 13908 0009,41540,117940,159480,42010,167800,209810,11010SHR
R72 13908 0011,23180,72520,95700,23210,72900,96110,11010SHR
R72 13908 0012,23180,89460,112640,23210,88190,111400,11010SHR
R72 13908 0013,23180,77220,100400,23210,85980,109190,11010SHR
R72 13908 0014,23180,76970,100150,23210,88310,111520,11010SHR
R72 13908 0015,23180,73430,96610,23210,80300,103510,11010SHR
R72 13908 0016,23180,75420,98600,23210,76670,99880,11010SHR
R72 13908 0017,23180,81900,105080,23210,89990,113200,11010SHR
R72 13908 0018,23180,72710,95890,23210,72440,95650,11010SHR
R72 13908 0019,23180,74820,98000,23210,76580,99790,11010SHR
R72 13908 0020,20660,70580,91240,20620,72120,92740,11010SHR
R72 13908 0021,20660,77360,98020,20620,73840,94460,11010SHR
R72 13908 0022,20660,79070,99730,20620,92970,113590,11010SHR
R72 13908 0023,20660,87600,108260,20620,84570,105190,11010SHR
R72 13908 0024,20660,82380,103040,20620,90910,111530,11010SHR
R72 13908 0025,22950,73250,96200,22970,80290,103260,11010SHR
R72 13908 0027,22950,78210,101160,22970,101130,124100,11010SHR
R72 13908 0029,22950,70970,93920,22970,62120,85090,11010SHR
R72 13908 0031,22950,72260,95210,22970,81720,104690,11010SHR
R72 13908 0035,14590,0,14590,9320,0,9320,11010SHR
R72 13908 0039,4770,0,4770,2360,0,2360,11010SHR
R72 13908 0040,4770,0,4770,2380,0,2380,11010SHR
R72 13908 0041,7190,0,7190,3660,0,3660,11010SHR
R72 13908 0043,28130,86460,114590,28140,95050,123190,11010SHR
R72 13908 0048,32630,102730,135360,32650,93400,126050,11010SHR
R72 13908 0049,22500,106930,129430,22500,101430,123930,11010SHR
R72 13908 0050,21380,72490,93870,21370,72430,93800,11010SHR
R72 13909 0026,3500,0,3500,3500,0,3500,11010SHR
R72 13909 0036,8450,0,8450,7740,0,7740,11010SHR
R72 13909 0037,18000,70390,88390,18000,75740,93740,11010SHR
R72 13909 0038,7830,0,7830,7380,0,7380,11010SHR
R72 13910 0007,20140,48880,69020,16270,52140,68410,12010BEL
R72 13910 0008,23980,46140,70120,20010,50610,70620,12010BEL
R72 13910 0011,20520,41080,61600,16650,49820,66470,12010BEL
R72 13910 0012,20520,39010,59530,16650,52970,69620,12010BEL
R72 13910 0013,20520,39180,59700,16650,40830,57480,12010BEL
R72 13910 0014,20520,35220,55740,16650,40550,57200,12010BEL
R72 13910 0015,20520,25140,45660,16650,34270,50920,12010BEL
R72 13910 0017,22900,37840,60740,19000,34280,53280,12010BEL
R72 13910 0018,25060,61530,86590,21060,69990,91050,12010BEL
R72 13910 0022,18870,39390,58260,15130,45440,60570,12010BEL
R72 13910 0023,20010,51900,71910,16410,67230,83640,12010BEL
R72 13910 0024,21480,25560,47040,18450,43570,62020,12010BEL
R72 13910 0031,20180,50170,70350,16440,50660,67100,12010BEL
R72 13910 0037,20950,37720,58670,17140,34350,51490,12010BEL
R72 13910 0038,20950,32570,53520,17070,43240,60310,12010BEL
R72 13910 0039,21400,40140,61540,17550,38140,55690,12010BEL
R72 13910 0041,18580,36000,54580,14850,44620,59470,12010BEL
R72 13910 0042,20060,58180,78240,16050,66450,82500,12010BEL
R72 13910 0043,18950,50550,69500,15150,47080,62230,12010BEL
R72 13910 0044,18400,50080,68480,14700,68870,83570,12010BEL
R72 13910 0045,18400,52920,71320,14700,66940,81640,12010BEL
R72 13910 0046,18400,54220,72620,14700,64900,79600,12010BEL
R72 13910 0047,19690,53950,73640,15750,65040,80790,12010BEL
R72 13910 0055,18800,46040,64840,15080,49370,64450,12010BEL
R72 13910 0056,18600,53050,71650,14930,58570,73500,12010BEL
R72 13910 0057,18580,44560,63140,14850,48390,63240,12010BEL
R72 13910 0058,17950,55390,73340,14380,59780,74160,12010BEL
R72 13910 0059,18510,54790,73300,14810,63500,78310,12010BEL
R72 13910 0060,18160,45400,63560,14450,53690,68140,12010BEL
R72 13910 0061,22000,54770,76770,18000,68110,86110,12010BEL
R72 13910 0062,22000,60890,82890,18000,91840,109840,12010BEL
R72 13910 0063,22000,70110,92110,18000,81480,99480,12010BEL
R72 13910 0064,22000,66230,88230,18000,68220,86220,12010BEL
R72 13910 0065,19740,50460,70200,15860,53060,68920,12010BEL
R72 13910 0066,18400,55640,74040,14780,71880,86660,12010BEL
R72 13910 0067,22500,50360,72860,18290,67780,86070,12010BEL
R72 13910 0068,22540,46730,69270,19150,62720,81870,12010BEL
R72 13910 0069,23320,53280,76600,20660,57570,78230,12010BEL
R72 13910 0070,21850,55940,77790,18410,49600,68010,12010BEL
R72 13910 0071,22260,55160,77420,18420,54880,73300,12010BEL
R72 13910 0072,22680,46080,68760,18140,74610,92750,12010BEL
R72 13910 0073,19140,59430,78570,15300,63780,79080,12010BEL
R72 13910 0074,18400,47230,65630,14700,61240,75940,12010BEL
R72 13910 0075,18400,56390,74790,14700,91100,105800,12010BEL
R72 13910 0076,18400,57580,75980,14700,71110,85810,12010BEL
R72 13910 0077,18580,53700,72280,14930,51140,66070,12010BEL
R72 13910 0078,19800,41830,61630,16090,47680,63770,12010BEL
R72 13910 0079,18990,51810,70800,15230,47080,62310,12010BEL
R72 13910 0080,18800,73290,92090,15080,72610,87690,12010BEL
R72 13910 0081,18400,58720,77120,14700,72260,86960,12010BEL
R72 13910 0082,18400,54790,73190,14700,69680,84380,12010BEL
R72 13910 0083,18950,48810,67760,15150,42320,57470,12010BEL
R72 13910 0102,500,0,500,430,0,430,12010BEL
R72 13911 0002,19990,45570,65560,16200,44200,60400,12010BEL
R72 13911 0003,19790,47440,67230,16010,55300,71310,12010BEL
R72 13911 0004,19790,49350,69140,16010,50240,66250,12010BEL
R72 13911 0005,19790,48920,68710,16010,49750,65760,12010BEL
R72 13911 0006,19790,50240,70030,16010,48860,64870,12010BEL
R72 13911 0007,19790,45610,65400,16010,52190,68200,12010BEL
R72 13911 0008,19400,51860,71260,15600,58960,74560,12010BEL
R72 13911 0009,18030,44650,62680,14400,55580,69980,12010BEL
R72 13911 0010,18770,48870,67640,15000,50310,65310,12010BEL
R72 13911 0011,21900,50900,72800,19490,20510,40000,12010BEL
R72 13911 0012,19500,56250,75750,15600,69020,84620,12010BEL
R72 13911 0013,18620,57070,75690,15000,71410,86410,12010BEL
R72 13911 0014,20930,56680,77610,17070,77630,94700,12010BEL
R72 13911 0015,19580,56550,76130,15830,77370,93200,12010BEL
R72 13911 0016,19390,39280,58670,15690,84450,100140,12010BEL
R72 13911 0017,18560,53430,71990,14890,76510,91400,12010BEL
R72 13911 0018,21310,59370,80680,34090,31900,65990,12010BEL
R72 13911 0025,2300,0,2300,590,0,590,12010BEL
R72 13911 0030,2300,0,2300,590,0,590,12010BEL
R72 13913 0001,21600,69960,91560,21470,65540,87010,11010SHR
R72 13913 0002,21600,71880,93480,21470,68770,90240,11010SHR
R72 13913 0003,21600,84350,105950,21470,79120,100590,11010SHR
R72 13913 0004,21600,68510,90110,21470,65140,86610,11010SHR
R72 13913 0005,21150,79970,101120,21090,75550,96640,11010SHR
R72 13913 0006,22050,91790,113840,22120,86940,109060,11010SHR
R72 13913 0007,21830,95080,116910,21750,90110,111860,11010SHR
R72 13913 0008,22280,87290,109570,22310,97700,120010,11010SHR
R72 13913 0009,25840,94520,120360,25860,93720,119580,11010SHR
R72 13913 0010,22500,77760,100260,22590,73370,95960,11010SHR
R72 13913 0011,22500,66220,88720,22550,73600,96150,11010SHR
R72 13913 0012,22930,51070,74000,22950,83290,106240,11010SHR
R72 13913 0013,21610,69470,91080,21630,78430,100060,11010SHR
R72 13913 0014,21380,84980,106360,21370,82270,103640,11010SHR
R72 13913 0015,20740,77480,98220,20650,90580,111230,11010SHR
R72 13913 0017,20720,76280,97000,20620,89400,110020,11010SHR
R72 13913 0018,19750,75210,94960,19880,97010,116890,11010SHR
R72 13913 0019,27000,86580,113580,26590,83050,109640,11010SHR
R72 13913 0020,21600,81390,102990,21470,86620,108090,11010SHR
R72 13913 0023,21110,87930,109040,21000,24960,45960,11010SHR
R72 13913 0027,3570,0,3570,3620,0,3620,11010SHR
R72 14001 0001,24950,127740,152690,27380,152680,180060,11010PAT
R72 14001 0002,21590,103940,125530,23760,114840,138600,11010PAT
R72 14001 0003,21820,107980,129800,23970,111790,135760,11010PAT
R72 14001 0004,23180,101260,124440,25500,105690,131190,11010PAT
R72 14001 0005,22490,98590,121080,24740,100760,125500,11010PAT
R72 14001 0006,20950,97900,118850,23070,108340,131410,11010PAT
R72 14001 0007,20950,103640,124590,22980,116680,139660,11010PAT
R72 14001 0008,20950,84270,105220,22980,127120,150100,11010PAT
R72 14001 0009,20730,110120,130850,22890,125120,148010,11010PAT
R72 14001 0010,20520,85460,105980,22700,88640,111340,11010PAT
R72 14001 0011,20730,104200,124930,22870,114720,137590,11010PAT
R72 14001 0012,20730,90750,111480,22890,85120,108010,11010PAT
R72 14001 0013,20520,94610,115130,22510,117690,140200,11010PAT
R72 14001 0014,20520,102290,122810,22700,104380,127080,11010PAT
R72 14001 0015,20730,76930,97660,22790,83840,106630,11010PAT
R72 14001 0016,20730,100410,121140,22890,108220,131110,11010PAT
R72 14001 0017,20950,46050,67000,22980,82070,105050,11010PAT
R72 14001 0018,20950,95860,116810,22980,84300,107280,11010PAT
R72 14001 0019,20950,85390,106340,23070,83040,106110,11010PAT
R72 14001 0020,23170,128540,151710,25550,135810,161360,11010PAT
R72 14001 0021,35100,119670,154770,39270,157580,196850,11010PAT
R72 14001 0023,20730,102270,123000,22790,125010,147800,11010PAT
R72 14001 0024,21830,4840,26670,23950,4470,28420,11010PAT
R72 14001 0025,21600,107380,128980,23850,107160,131010,11010PAT
R72 14001 0026,21600,95720,117320,23750,95060,118810,11010PAT
R72 14001 0027,21600,90660,112260,23640,96200,119840,11010PAT
R72 14001 0028,21150,85090,106240,23330,82380,105710,11010PAT
R72 14001 0029,20930,80760,101690,23020,82800,105820,11010PAT
R72 14001 0030,20700,89070,109770,22810,93580,116390,11010PAT
R72 14001 0031,21600,95720,117320,23640,103590,127230,11010PAT
R72 14001 0032,23330,102220,125550,25690,112960,138650,11010PAT
R72 14001 0033,21820,91300,113120,23970,94210,118180,11010PAT
R72 14001 0035,23110,72020,95130,25340,113040,138380,11010PAT
R72 14001 0036,17930,96180,114110,19870,88510,108380,11010PAT
R72 14001 0037,23110,98350,121460,25460,101180,126640,11010PAT
R72 14001 0038,20520,101270,121790,22700,100000,122700,11010PAT
R72 14001 0039,20090,104300,124390,22230,105780,128010,11010PAT
R72 14001 0040,19670,153990,173660,21680,157820,179500,11010PAT
R72 14001 0041,8170,0,8170,8330,0,8330,11010PAT
R72 14001 0042,26370,93460,119830,28410,148690,177100,11010PAT
R72 14001 0043,18000,126980,144980,19800,153410,173210,11010PAT
R72 14001 0045,23510,95730,119240,26150,95420,121570,11010PAT
R72 14001 0046,23510,115770,139280,26050,119820,145870,11010PAT
R72 14001 0047,11650,0,11650,11580,0,11580,11010PAT
R72 14001 0048,11540,0,11540,11410,0,11410,11010PAT
R72 14001 0049,22660,110200,132860,24840,117270,142110,11010PAT
R72 14001 0050,22020,122180,144200,24190,106450,130640,11010PAT
R72 14001 0051,22500,67400,89900,24880,87320,112200,11010PAT
R72 14001 0052,22050,118770,140820,24260,113900,138160,11010PAT
R72 14001 0053,22460,91070,113530,24660,98570,123230,11010PAT
R72 14001 0055,23150,96810,119960,25450,86310,111760,11010PAT
R72 14001 0056,23150,93630,116780,25450,88890,114340,11010PAT
R72 14001 0057,22050,93380,115430,24260,88200,112460,11010PAT
R72 14001 0058,22050,90440,112490,24260,90940,115200,11010PAT
R72 14001 0059,22050,88660,110710,24260,92550,116810,11010PAT
R72 14001 0060,22050,79080,101130,24260,87280,111540,11010PAT
R72 14001 0061,22050,66230,88280,24260,71560,95820,11010PAT
R72 14001 0062,22050,68740,90790,24260,106380,130640,11010PAT
R72 14001 0063,22050,27950,50000,24260,80060,104320,11010PAT
R72 14001 0064,22050,57840,79890,24260,89060,113320,11010PAT
R72 14001 0065,26020,100980,127000,28550,108780,137330,11010PAT
R72 14001 0068,7330,0,7330,7450,0,7450,11010PAT
R72 14001 0075,20740,94900,115640,22830,98950,121780,11010PAT
R72 14002 0001,21600,92450,114050,23750,110270,134020,11010PAT
R72 14002 0002,22050,94260,116310,24370,91630,116000,11010PAT
R72 14002 0003,26350,97340,123690,28900,114580,143480,11010PAT
R72 14002 0004,22600,110650,133250,24610,126770,151380,11010PAT
R72 14002 0005,8050,0,8050,8190,0,8190,11010PAT
R72 14002 0006,21110,103220,124330,23120,116470,139590,11010PAT
R72 14002 0007,21340,87330,108670,23340,106200,129540,11010PAT
R72 14002 0008,21340,102680,124020,23340,136590,159930,11010PAT
R72 14002 0009,20930,95650,116580,23020,93120,116140,11010PAT
R72 14002 0010,22050,98450,120500,24370,122840,147210,11010PAT
R72 14002 0011,27780,104760,132540,30610,105620,136230,11010PAT
R72 14002 0013,32410,105290,137700,35650,156420,192070,11010PAT
R72 14002 0015,26240,59880,86120,28930,106890,135820,11010PAT
R72 14002 0017,21170,102420,123590,23410,118690,142100,11010PAT
R72 14002 0018,24260,85550,109810,26770,84300,111070,11010PAT
R72 14002 0019,28300,112010,140310,30800,132000,162800,11010PAT
R72 14002 0020,25470,112120,137590,28510,128020,156530,11010PAT
R72 14002 0021,24790,95860,120650,27430,92130,119560,11010PAT
R72 14002 0022,24100,153210,177310,26570,157580,184150,11010PAT
R72 14002 0023,25250,102300,127550,28010,113350,141360,11010PAT
R72 14002 0024,23180,108910,132090,25490,117880,143370,11010PAT
R72 14002 0025,8650,0,8650,8620,0,8620,11010PAT
R72 14002 0026,22500,153220,175720,24680,161190,185870,11010PAT
R72 14002 0027,8430,0,8430,8370,0,8370,11010PAT
R72 14002 0028,23630,104930,128560,25910,103450,129360,11010PAT
R72 14002 0029,22250,96060,118310,24430,104780,129210,11010PAT
R72 14002 0030,20950,77450,98400,23170,98430,121600,11010PAT
R72 14002 0031,21160,98760,119920,23260,95940,119200,11010PAT
R72 14002 0032,21380,81380,102760,23540,104740,128280,11010PAT
R72 14002 0033,21800,81340,103140,23910,107570,131480,11010PAT
R72 14002 0034,22230,100670,122900,24380,126850,151230,11010PAT
R72 14002 0035,22660,101340,124000,25030,111040,136070,11010PAT
R72 14002 0036,23540,87290,110830,25980,120040,146020,11010PAT
R72 14002 0037,27040,99800,126840,29790,98420,128210,11010PAT
R72 14002 0038,21830,93300,115130,24080,95470,119550,11010PAT
R72 14002 0039,21390,98490,119880,23490,104270,127760,11010PAT
R72 14002 0040,8260,0,8260,8300,0,8300,11010PAT
R72 14002 0041,7960,0,7960,8120,0,8120,11010PAT
R72 14002 0042,8590,0,8590,8630,0,8630,11010PAT
R72 14002 0043,8430,0,8430,8370,0,8370,11010PAT
R72 14002 0044,8430,0,8430,8400,0,8400,11010PAT
R72 14003 0001,25380,101750,127130,27430,122540,149970,11010PAT
R72 14003 0002,25340,94820,120160,27050,108710,135760,11010PAT
R72 14003 0003,23370,68090,91460,25690,92470,118160,11010PAT
R72 14003 0004,22250,91760,114010,24450,114300,138750,11010PAT
R72 14003 0005,22900,95330,118230,25120,104580,129700,11010PAT
R72 14003 0006,23090,93820,116910,25310,100370,125680,11010PAT
R72 14003 0007,23330,96010,119340,25600,102120,127720,11010PAT
R72 14003 0008,22680,98380,121060,24930,102610,127540,11010PAT
R72 14003 0009,21830,96760,118590,23940,102460,126400,11010PAT
R72 14003 0010,24570,110490,135060,27200,124520,151720,11010PAT
R72 14003 0011,22030,94740,116770,24360,114700,139060,11010PAT
R72 14003 0012,21800,94340,116140,23910,97090,121000,11010PAT
R72 14003 0013,7410,0,7410,7410,0,7410,11010PAT
R72 14003 0014,25200,90260,115460,29790,105270,135060,11010PAT
R72 14003 0015,25700,94130,119830,28400,108170,136570,11010PAT
R72 14003 0016,22720,93860,116580,24940,103120,128060,11010PAT
R72 14003 0017,23180,93480,116660,25560,97680,123240,11010PAT
R72 14003 0018,23410,90930,114340,25710,87100,112810,11010PAT
R72 14003 0019,23410,89190,112600,25870,91350,117220,11010PAT
R72 14003 0020,23630,88300,111930,25980,90190,116170,11010PAT
R72 14003 0021,23180,95710,118890,25610,102360,127970,11010PAT
R72 14003 0022,25040,99060,124100,27580,88950,116530,11010PAT
R72 14004 0001,24100,103220,127320,26480,108970,135450,11010PAT
R72 14004 0002,24100,94090,118190,26590,104150,130740,11010PAT
R72 14004 0003,24100,93640,117740,26590,115530,142120,11010PAT
R72 14004 0004,24980,96910,121890,27510,112950,140460,11010PAT
R72 14004 0005,24320,107630,131950,26750,121620,148370,11010PAT
R72 14004 0006,22950,93440,116390,25400,89350,114750,11010PAT
R72 14004 0007,22950,94550,117500,25300,89430,114730,11010PAT
R72 14004 0008,24560,94200,118760,27110,92780,119890,11010PAT
R72 14004 0009,22940,101000,123940,25240,114990,140230,11010PAT
R72 14004 0010,23180,92850,116030,25450,104020,129470,11010PAT
R72 14004 0011,23180,95840,119020,25660,97110,122770,11010PAT
R72 14004 0017,34820,76240,111060,34870,111260,146130,11010PAT
R72 14004 0018,39490,100530,140020,43350,110910,154260,11010PAT
R72 14005 0001,22950,96070,119020,25380,96420,121800,11010PAT
R72 14005 0002,21830,91790,113620,24130,89590,113720,11010PAT
R72 14005 0003,22260,114830,137090,24420,128190,152610,11010PAT
R72 14005 0004,22260,120920,143180,24620,169770,194390,11010PAT
R72 14005 0005,22260,86160,108420,24420,108060,132480,11010PAT
R72 14005 0006,22040,83990,106030,24330,85530,109860,11010PAT
R72 14005 0007,24320,98330,122650,26870,121680,148550,11010PAT
R72 14005 0008,22950,89070,112020,25380,98550,123930,11010PAT
R72 14005 0009,21380,86320,107700,23630,89770,113400,11010PAT
R72 14005 0010,21380,90580,111960,23540,104030,127570,11010PAT
R72 14005 0011,21380,88510,109890,23540,95090,118630,11010PAT
R72 14005 0012,21380,85470,106850,23540,85220,108760,11010PAT
R72 14005 0013,22050,53200,75250,22050,50820,72870,11010PAT
R72 14005 0014,22050,94590,116640,24380,127790,152170,11010PAT
R72 14005 0015,22270,101800,124070,24480,102220,126700,11010PAT
R72 14005 0016,22950,93460,116410,25190,98970,124160,11010PAT
R72 14005 0017,22950,91640,114590,25300,91440,116740,11010PAT
R72 14005 0018,22950,66090,89040,25300,94330,119630,11010PAT
R72 14005 0019,24330,103500,127830,26730,114510,141240,11010PAT
R72 14005 0020,24540,101620,126160,27010,109760,136770,11010PAT
R72 14005 0021,23410,96730,120140,25920,106890,132810,11010PAT
R72 14005 0022,23410,84140,107550,25920,105290,131210,11010PAT
R72 14005 0023,23410,84320,107730,25920,86930,112850,11010PAT
R72 14005 0024,23410,89650,113060,25770,110160,135930,11010PAT
R72 14005 0025,23630,105190,128820,26080,115360,141440,11010PAT
R72 14005 0026,23630,98210,121840,25980,107390,133370,11010PAT
R72 14005 0027,11930,9540,21470,13100,12330,25430,11010PAT
R72 14005 0028,34590,123320,157910,37340,149540,186880,11010PAT
R72 14005 0029,34590,92530,127120,37830,95420,133250,11010PAT
R72 14005 0030,34030,97340,131370,36900,117430,154330,11010PAT
R72 14005 0031,30000,96910,126910,35960,111750,147710,11010PAT
R72 14005 0032,27140,66460,93600,31140,95260,126400,11010PAT
R72 14005 0033,26190,92460,118650,29370,97420,126790,11010PAT
R72 14005 0034,25740,84400,110140,28790,88630,117420,11010PAT
R72 14005 0035,24570,82840,107410,27110,109060,136170,11010PAT
R72 14005 0036,22950,82180,105130,25400,100040,125440,11010PAT
R72 14005 0037,23630,81840,105470,26130,84000,110130,11010PAT
R72 14005 0038,24750,94740,119490,27260,103250,130510,11010PAT
R72 14005 0039,24750,89710,114460,27140,100650,127790,11010PAT
R72 14005 0040,24750,97500,122250,27140,108700,135840,11010PAT
R72 14006 0001,23220,79730,102950,25110,108710,133820,11010PAT
R72 14006 0002,16770,104970,121740,19140,113780,132920,11010PAT
R72 14006 0003,25250,92010,117260,28010,96330,124340,11010PAT
R72 14006 0004,26910,76520,103430,29720,124410,154130,11010PAT
R72 14006 0005,10900,0,10900,10830,0,10830,11010PAT
R72 14006 0006,22260,91790,114050,24520,9850,34370,11010PAT
R72 14006 0007,10260,0,10260,10200,0,10200,11010PAT
R72 14006 0008,20520,91220,111740,22610,99000,121610,11010PAT
R72 14006 0009,26460,81940,108400,29430,97270,126700,11010PAT
R72 14006 0010,23180,84350,107530,25610,109440,135050,11010PAT
R72 14006 0011,27450,91650,119100,30780,93730,124510,11010PAT
R72 14006 0012,27450,90770,118220,33160,95710,128870,11010PAT
R72 14006 0013,26780,90670,117450,31820,94460,126280,11010PAT
R72 14006 0014,26330,108670,135000,30270,87560,117830,11010PAT
R72 14006 0015,27970,84970,112940,31860,81650,113510,11010PAT
R72 14006 0016,24570,92860,117430,27050,95790,122840,11010PAT
R72 14006 0017,23400,88530,111930,25710,90090,115800,11010PAT
R72 14006 0018,25250,95900,121150,27760,108590,136350,11010PAT
R72 14006 0019,24750,53250,78000,27390,113570,140960,11010PAT
R72 14006 0021,22500,100470,122970,24880,101620,126500,11010PAT
R72 14006 0022,22500,97980,120480,24880,125760,150640,11010PAT
R72 14006 0023,22500,90680,113180,24780,91680,116460,11010PAT
R72 14006 0024,23400,96600,120000,25770,105850,131620,11010PAT
R72 14006 0025,28270,106790,135060,31290,117300,148590,11010PAT
R72 14006 0026,22950,91490,114440,25400,108270,133670,11010PAT
R72 14006 0027,22950,96140,119090,25300,83040,108340,11010PAT
R72 14006 0028,22950,103160,126110,25300,131690,156990,11010PAT
R72 14006 0029,22950,78550,101500,25190,96540,121730,11010PAT
R72 14006 0030,22950,76550,99500,25190,102980,128170,11010PAT
R72 14006 0031,22950,105580,128530,25190,141860,167050,11010PAT
R72 14006 0032,23410,95180,118590,25710,102940,128650,11010PAT
R72 14006 0033,22030,92260,114290,24260,94880,119140,11010PAT
R72 14006 0034,22490,95840,118330,24780,101010,125790,11010PAT
R72 14006 0035,22270,95460,117730,24480,99300,123780,11010PAT
R72 14006 0036,21820,97420,119240,23980,104120,128100,11010PAT
R72 14006 0037,21830,113300,135130,24130,137710,161840,11010PAT
R72 14006 0038,20950,90980,111930,23170,89050,112220,11010PAT
R72 14006 0039,21160,97290,118450,23260,99570,122830,11010PAT
R72 14007 0001,22680,87810,110490,24880,123560,148440,11010PAT
R72 14007 0002,21600,74200,95800,23750,79400,103150,11010PAT
R72 14007 0003,21600,75110,96710,23750,76490,100240,11010PAT
R72 14007 0004,21600,73610,95210,23750,78680,102430,11010PAT
R72 14007 0005,21600,74630,96230,23750,82140,105890,11010PAT
R72 14007 0006,21380,103530,124910,23540,97750,121290,11010PAT
R72 14007 0007,21970,48880,70850,24090,82820,106910,11010PAT
R72 14007 0008,23370,89470,112840,25690,91540,117230,11010PAT
R72 14007 0009,22050,99600,121650,24260,106310,130570,11010PAT
R72 14007 0010,22050,87050,109100,24260,89740,114000,11010PAT
R72 14007 0011,22050,93210,115260,24260,32980,57240,11010PAT
R72 14007 0012,22050,75740,97790,24260,82250,106510,11010PAT
R72 14007 0013,22500,97440,119940,24710,105140,129850,11010PAT
R72 14007 0014,22730,98330,121060,24920,101900,126820,11010PAT
R72 14007 0015,22500,88100,110600,24780,110950,135730,11010PAT
R72 14007 0016,22730,74500,97230,25090,91590,116680,11010PAT
R72 14007 0017,22950,58980,81930,25190,91860,117050,11010PAT
R72 14007 0018,22950,88070,111020,25350,87870,113220,11010PAT
R72 14007 0019,21830,89800,111630,24130,90020,114150,11010PAT
R72 14007 0020,22280,89500,111780,24570,104630,129200,11010PAT
R72 14007 0021,22050,84300,106350,24260,100590,124850,11010PAT
R72 14007 0022,21390,92900,114290,23550,93080,116630,11010PAT
R72 14007 0023,20950,88640,109590,23070,88240,111310,11010PAT
R72 14007 0024,20950,74420,95370,23070,93610,116680,11010PAT
R72 14007 0025,20950,95670,116620,23070,100980,124050,11010PAT
R72 14007 0026,20950,97450,118400,23070,119700,142770,11010PAT
R72 14007 0027,23370,97120,120490,25690,101270,126960,11010PAT
R72 14007 0028,21380,88800,110180,23440,87950,111390,11010PAT
R72 14007 0029,21380,88840,110220,23630,84400,108030,11010PAT
R72 14007 0030,21590,101880,123470,23820,109320,133140,11010PAT
R72 14007 0031,21800,93670,115470,24000,101030,125030,11010PAT
R72 14007 0032,22020,103210,125230,24190,124980,149170,11010PAT
R72 14007 0033,22250,92370,114620,24550,104310,128860,11010PAT
R72 14007 0034,22250,84870,107120,24450,82730,107180,11010PAT
R72 14007 0035,21600,90550,112150,23880,90180,114060,11010PAT
R72 14007 0036,22030,88540,110570,24090,87710,111800,11010PAT
R72 14007 0037,22570,91620,114190,24470,89330,113800,11010PAT
R72 14007 0038,24600,90750,115350,26070,94350,120420,11010PAT
R72 14007 0039,21420,98960,120380,23400,100600,124000,11010PAT
R72 14007 0040,11450,0,11450,11380,0,11380,11010PAT
R72 14007 0041,21380,90350,111730,23630,90650,114280,11010PAT
R72 14007 0042,21800,72210,94010,24000,86300,110300,11010PAT
R72 14007 0043,22020,93510,115530,24190,94230,118420,11010PAT
R72 14007 0044,22020,88930,110950,24190,88480,112670,11010PAT
R72 14007 0045,21800,75060,96860,24000,75030,99030,11010PAT
R72 14007 0046,21380,74640,96020,23630,79280,102910,11010PAT
R72 14007 0047,21160,76060,97220,23260,75500,98760,11010PAT
R72 14007 0048,21150,73930,95080,23380,83730,107110,11010PAT
R72 14007 0049,21380,78370,99750,23540,93480,117020,11010PAT
R72 14007 0050,21380,65110,86490,23440,73760,97200,11010PAT
R72 14007 0051,21380,88530,109910,23540,122520,146060,11010PAT
R72 14007 0052,21590,101690,123280,23720,103050,126770,11010PAT
R72 14007 0053,22020,97120,119140,24190,99690,123880,11010PAT
R72 14007 0054,22900,94240,117140,25210,99830,125040,11010PAT
R72 14007 0055,23540,90680,114220,26070,95480,121550,11010PAT
R72 14007 0056,24660,93740,118400,27540,98310,125850,11010PAT
R72 14007 0057,24010,65990,90000,26270,92050,118320,11010PAT
R72 14007 0058,21160,88290,109450,23260,84630,107890,11010PAT
R72 14007 0059,21590,92090,113680,23720,95290,119010,11010PAT
R72 14008 0001,21800,98750,120550,24000,108110,132110,11010PAT
R72 14008 0002,22020,96020,118040,24190,99560,123750,11010PAT
R72 14008 0003,22230,87510,109740,24380,119410,143790,11010PAT
R72 14008 0004,23870,110780,134650,26290,125420,151710,11010PAT
R72 14008 0005,23300,93310,116610,25680,93800,119480,11010PAT
R72 14008 0006,22870,73680,96550,25120,62540,87660,11010PAT
R72 14008 0007,22440,61100,83540,24660,65390,90050,11010PAT
R72 14008 0008,22020,82660,104680,24280,90810,115090,11010PAT
R72 14008 0009,8360,0,8360,8280,0,8280,11010PAT
R72 14008 0010,21590,88350,109940,23720,78440,102160,11010PAT
R72 14008 0011,21380,95930,117310,23440,88340,111780,11010PAT
R72 14008 0012,21160,75840,97000,23350,88820,112170,11010PAT
R72 14008 0013,21160,80470,101630,23260,88270,111530,11010PAT
R72 14008 0014,21160,91910,113070,23260,92770,116030,11010PAT
R72 14008 0015,21160,87530,108690,23260,90500,113760,11010PAT
R72 14008 0016,21830,115730,137560,23940,130350,154290,11010PAT
R72 14008 0017,23630,96480,120110,26140,128750,154890,11010PAT
R72 14008 0018,21380,97620,119000,23540,105440,128980,11010PAT
R72 14008 0019,21380,93690,115070,23440,95210,118650,11010PAT
R72 14008 0020,21380,94220,115600,23440,96470,119910,11010PAT
R72 14008 0021,22050,97770,119820,24280,104790,129070,11010PAT
R72 14008 0022,22050,88780,110830,24380,112170,136550,11010PAT
R72 14008 0023,21590,86410,108000,23720,110220,133940,11010PAT
R72 14008 0024,21800,97960,119760,23910,109080,132990,11010PAT
R72 14008 0025,22020,96760,118780,24190,99850,124040,11010PAT
R72 14008 0026,22230,96190,118420,24470,92030,116500,11010PAT
R72 14008 0027,22660,92510,115170,24840,98110,122950,11010PAT
R72 14008 0028,23090,80340,103430,25490,89940,115430,11010PAT
R72 14008 0029,23370,99210,122580,25690,106980,132670,11010PAT
R72 14008 0030,20950,95220,116170,23070,102350,125420,11010PAT
R72 14008 0031,20950,101950,122900,22980,110520,133500,11010PAT
R72 14008 0032,21170,96980,118150,23350,100580,123930,11010PAT
R72 14008 0033,21160,89190,110350,23260,103230,126490,11010PAT
R72 14008 0034,22940,100610,123550,25310,103820,129130,11010PAT
R72 14008 0035,23390,91790,115180,25750,89460,115210,11010PAT
R72 14008 0036,22000,94160,116160,24200,101490,125690,11010PAT
R72 14008 0037,22020,96350,118370,24190,96750,120940,11010PAT
R72 14008 0038,21800,80390,102190,23910,100000,123910,11010PAT
R72 14008 0039,21820,91570,113390,23980,89030,113010,11010PAT
R72 14008 0040,21600,92840,114440,23790,87420,111210,11010PAT
R72 14008 0041,21380,91390,112770,23600,87360,110960,11010PAT
R72 14008 0042,21600,91600,113200,23690,94430,118120,11010PAT
R72 14008 0043,21830,90570,112400,24030,85330,109360,11010PAT
R72 14008 0044,21830,83460,105290,24130,76550,100680,11010PAT
R72 14008 0045,23180,98980,122160,25600,107300,132900,11010PAT
R72 14008 0046,22720,94140,116860,25060,101330,126390,11010PAT
R72 14008 0047,22490,73170,95660,24680,103200,127880,11010PAT
R72 14008 0048,22930,91920,114850,25180,94960,120140,11010PAT
R72 14008 0049,23150,90480,113630,25480,89480,114960,11010PAT
R72 14008 0050,23150,93930,117080,25480,102130,127610,11010PAT
R72 14008 0051,22930,92270,115200,25280,90000,115280,11010PAT
R72 14008 0052,22270,91790,114060,24480,92650,117130,11010PAT
R72 14008 0053,21780,92160,113940,23990,99910,123900,11010PAT
R72 14008 0054,22250,94250,116500,24070,104030,128100,11010PAT
R72 14008 0057,8360,0,8360,8260,0,8260,11010PAT
R72 14009 0001,21150,97150,118300,23120,115080,138200,11010PAT
R72 14009 0002,21150,89510,110660,23230,88620,111850,11010PAT
R72 14009 0003,21150,97870,119020,23230,126540,149770,11010PAT
R72 14009 0004,21360,110080,131440,23440,129540,152980,11010PAT
R72 14009 0005,21150,90680,111830,23330,89450,112780,11010PAT
R72 14009 0006,21380,92520,113900,23430,97260,120690,11010PAT
R72 14009 0007,21380,92000,113380,23430,91880,115310,11010PAT
R72 14009 0008,21380,94750,116130,23430,98950,122380,11010PAT
R72 14009 0009,24150,99820,123970,26310,113520,139830,11010PAT
R72 14009 0010,23150,98730,121880,25570,99530,125100,11010PAT
R72 14009 0011,22050,100090,122140,24370,98380,122750,11010PAT
R72 14009 0012,25800,93810,119610,28450,98060,126510,11010PAT
R72 14009 0014,21610,100870,122480,23890,111620,135510,11010PAT
R72 14009 0015,25360,63080,88440,27970,97890,125860,11010PAT
R72 14009 0016,22050,103490,125540,24370,136900,161270,11010PAT
R72 14009 0017,7370,0,7370,7230,0,7230,11010PAT
R72 14009 0018,25580,99500,125080,28210,105730,133940,11010PAT
R72 14009 0019,25360,103400,128760,27830,113550,141380,11010PAT
R72 14009 0020,23410,159270,182680,25710,171350,197060,11010PAT
R72 14009 0021,22950,116700,139650,25400,123680,149080,11010PAT
R72 14009 0022,23400,141130,164530,25710,146360,172070,11010PAT
R72 14009 0023,8850,0,8850,8700,0,8700,11010PAT
R72 14009 0024,24080,151760,175840,26640,156020,182660,11010PAT
R72 14009 0025,24530,124100,148630,27260,126500,153760,11010PAT
R72 14009 0026,24980,108760,133740,27890,113880,141770,11010PAT
R72 14009 0027,25430,103160,128590,28610,96330,124940,11010PAT
R72 14009 0028,22730,70140,92870,25130,98560,123690,11010PAT
R72 14009 0029,22950,136080,159030,25400,152280,177680,11010PAT
R72 14009 0030,21150,77790,98940,23230,85070,108300,11010PAT
R72 14009 0031,19670,95930,115600,21680,95820,117500,11010PAT
R72 14009 0032,20950,94210,115160,23070,95810,118880,11010PAT
R72 14009 0033,21590,84890,106480,23720,102730,126450,11010PAT
R72 14009 0034,24330,91800,116130,26820,93320,120140,11010PAT
R72 14009 0035,26880,93400,120280,31230,94010,125240,11010PAT
R72 14009 0036,25650,110880,136530,28920,127890,156810,11010PAT
R72 14009 0037,24230,93750,117980,26950,99570,126520,11010PAT
R72 14009 0038,23570,94510,118080,26080,92350,118430,11010PAT
R72 14009 0039,22920,137410,160330,25300,194520,219820,11010PAT
R72 14009 0040,22250,96920,119170,24450,117930,142380,11010PAT
R72 14009 0041,21820,100430,122250,23980,130810,154790,11010PAT
R72 14009 0042,22710,99130,121840,24980,110040,135020,11010PAT
R72 14009 0043,22710,100950,123660,24870,123050,147920,11010PAT
R72 14009 0044,21380,75260,96640,23540,129240,152780,11010PAT
R72 14009 0045,21380,72090,93470,23630,71670,95300,11010PAT
R72 14009 0046,20950,68730,89680,23070,71560,94630,11010PAT
R72 14009 0047,24010,73600,97610,26390,96550,122940,11010PAT
R72 14009 0048,23390,94260,117650,25790,107430,133220,11010PAT
R72 14009 0052,8850,0,8850,8680,0,8680,11010PAT
R72 14010 0001,23250,118830,142080,25050,124230,149280,11010PAT
R72 14010 0002,22950,95400,118350,25170,98680,123850,11010PAT
R72 14010 0003,25030,98380,123410,27730,103380,131110,11010PAT
R72 14010 0004,25260,102180,127440,27940,112650,140590,11010PAT
R72 14010 0005,25510,95600,121110,28340,100050,128390,11010PAT
R72 14010 0006,24570,55190,79760,27110,92520,119630,11010PAT
R72 14010 0007,22950,110400,133350,25300,174260,199560,11010PAT
R72 14010 0008,26160,105200,131360,28920,115930,144850,11010PAT
R72 14010 0009,23180,100440,123620,25500,103030,128530,11010PAT
R72 14010 0010,24030,95400,119430,26400,99710,126110,11010PAT
R72 14010 0011,20520,110200,130720,22610,151270,173880,11010PAT
R72 14010 0012,20520,105700,126220,22610,110300,132910,11010PAT
R72 14010 0013,20520,78060,98580,22610,97010,119620,11010PAT
R72 14010 0014,20520,104040,124560,22610,106630,129240,11010PAT
R72 14010 0015,20740,86920,107660,22830,87090,109920,11010PAT
R72 14010 0016,20740,94070,114810,22830,111640,134470,11010PAT
R72 14010 0017,20740,75410,96150,22830,72430,95260,11010PAT
R72 14010 0018,20740,100900,121640,22830,99570,122400,11010PAT
R72 14010 0019,21600,79940,101540,23750,74190,97940,11010PAT
R72 14010 0020,21600,77510,99110,23750,81930,105680,11010PAT
R72 14010 0021,22680,116490,139170,24880,144090,168970,11010PAT
R72 14010 0022,22490,92460,114950,24740,86570,111310,11010PAT
R72 14010 0023,22050,94710,116760,24260,88840,113100,11010PAT
R72 14010 0024,22050,91060,113110,24260,89580,113840,11010PAT
R72 14010 0025,22050,93780,115830,24260,106970,131230,11010PAT
R72 14010 0026,22050,94780,116830,24260,96440,120700,11010PAT
R72 14010 0027,22050,92160,114210,24260,92430,116690,11010PAT
R72 14010 0028,21150,96750,117900,23230,100170,123400,11010PAT
R72 14010 0029,21150,89010,110160,23230,79580,102810,11010PAT
R72 14010 0030,24500,94630,119130,27370,103690,131060,11010PAT
R72 14010 0031,24570,92740,117310,27200,97160,124360,11010PAT
R72 14010 0032,25520,96780,122300,28190,97850,126040,11010PAT
R72 14010 0033,27000,124090,151090,29890,138460,168350,11010PAT
R72 14010 0034,21800,86750,108550,24000,88110,112110,11010PAT
R72 14010 0035,21380,95750,117130,23540,100270,123810,11010PAT
R72 14010 0036,20950,97190,118140,23070,72160,95230,11010PAT
R72 14010 0037,20950,78230,99180,23070,80970,104040,11010PAT
R72 14010 0038,20950,92100,113050,23070,111330,134400,11010PAT
R72 14010 0039,20950,90830,111780,23070,91020,114090,11010PAT
R72 14010 0040,22270,86000,108270,24500,88400,112900,11010PAT
R72 14011 0001,23630,93030,116660,25980,88640,114620,11010PAT
R72 14011 0002,24300,105090,129390,26850,107000,133850,11010PAT
R72 14011 0003,24530,77020,101550,27160,95220,122380,11010PAT
R72 14011 0004,24530,100010,124540,27160,104020,131180,11010PAT
R72 14011 0005,29370,124150,153520,32930,145110,178040,11010PAT
R72 14011 0006,23870,90550,114420,26250,95630,121880,11010PAT
R72 14011 0007,22020,100360,122380,24190,114430,138620,11010PAT
R72 14011 0008,21380,94830,116210,23540,108320,131860,11010PAT
R72 14011 0009,21820,84420,106240,24080,95440,119520,11010PAT
R72 14011 0010,21360,56200,77560,23340,69700,93040,11010PAT
R72 14011 0011,21130,85130,106260,23130,84460,107590,11010PAT
R72 14011 0012,21150,79450,100600,23120,63960,87080,11010PAT
R72 14011 0022,22270,62730,85000,24390,111280,135670,11010PAT
R72 14011 0023,21590,94030,115620,23660,99010,122670,11010PAT
R72 14011 0024,21150,88790,109940,23330,90500,113830,11010PAT
R72 14011 0025,21600,81810,103410,23750,85190,108940,11010PAT
R72 14011 0026,20950,95700,116650,23170,90430,113600,11010PAT
R72 14011 0027,22730,94140,116870,25090,90850,115940,11010PAT
R72 14011 0028,24100,106970,131070,26510,114460,140970,11010PAT
R72 14011 0029,24560,88300,112860,27210,90850,118060,11010PAT
R72 14011 0030,23150,69290,92440,25570,103900,129470,11010PAT
R72 14011 0031,22930,106100,129030,25280,107940,133220,11010PAT
R72 14011 0032,22710,97310,120020,24980,107420,132400,11010PAT
R72 14011 0033,21110,100210,121320,23230,108170,131400,11010PAT
R72 14011 0034,22950,108300,131250,25300,124160,149460,11010PAT
R72 14011 0035,22950,103530,126480,25300,111410,136710,11010PAT
R72 14011 0036,22950,104730,127680,25300,100270,125570,11010PAT
R72 14011 0037,22950,103240,126190,25300,97190,122490,11010PAT
R72 14011 0038,22950,100020,122970,25300,108190,133490,11010PAT
R72 14011 0039,22950,100870,123820,25300,109680,134980,11010PAT
R72 14011 0040,22950,105390,128340,25300,115440,140740,11010PAT
R72 14011 0041,22950,101490,124440,25300,100500,125800,11010PAT
R72 14011 0042,22720,63360,86080,25140,59460,84600,11010PAT
R72 14011 0043,22720,103210,125930,25040,111120,136160,11010PAT
R72 14011 0044,21830,96780,118610,24130,99440,123570,11010PAT
R72 14011 0045,21500,94460,115960,23520,100190,123710,11010PAT
R72 14011 0046,1440,0,1440,1580,0,1580,11010PAT
R72 14011 0048,610,0,610,660,0,660,11010PAT
R72 14012 0001,24500,107590,132090,27020,108240,135260,11010PAT
R72 14012 0002,22050,85960,108010,24260,83190,107450,11010PAT
R72 14012 0003,22050,93150,115200,24260,91200,115460,11010PAT
R72 14012 0004,22050,95410,117460,24260,97740,122000,11010PAT
R72 14012 0005,22050,84120,106170,24260,87120,111380,11010PAT
R72 14012 0006,22050,106830,128880,24260,100590,124850,11010PAT
R72 14012 0007,22050,101480,123530,24260,105580,129840,11010PAT
R72 14012 0008,22050,78770,100820,24260,123410,147670,11010PAT
R72 14012 0009,24260,101140,125400,26640,123520,150160,11010PAT
R72 14012 0010,23540,100150,123690,25670,104340,130010,11010PAT
R72 14012 0011,22050,97380,119430,24260,99740,124000,11010PAT
R72 14012 0012,21600,89010,110610,23750,79820,103570,11010PAT
R72 14012 0013,21830,95600,117430,24060,100750,124810,11010PAT
R72 14012 0014,22050,93940,115990,24370,93900,118270,11010PAT
R72 14012 0015,22500,83300,105800,24880,103220,128100,11010PAT
R72 14012 0016,22950,113470,136420,25400,103960,129360,11010PAT
R72 14012 0017,23630,109780,133410,26020,114700,140720,11010PAT
R72 14012 0018,25040,123030,148070,27790,138730,166520,11010PAT
R72 14012 0019,23590,116550,140140,25810,163690,189500,11010PAT
R72 14012 0020,5960,0,5960,6670,0,6670,11010PAT
R72 14012 0021,20520,94090,114610,22700,95570,118270,11010PAT
R72 14012 0022,20520,107760,128280,22610,112260,134870,11010PAT
R72 14012 0023,20520,96890,117410,22610,98220,120830,11010PAT
R72 14012 0024,21600,102600,124200,23750,83250,107000,11010PAT
R72 14012 0025,21380,93600,114980,23540,93910,117450,11010PAT
R72 14012 0026,21380,97910,119290,23540,87400,110940,11010PAT
R72 14012 0027,24580,110220,134800,26760,124420,151180,11010PAT
R72 14012 0028,22900,102270,125170,25000,119770,144770,11010PAT
R72 14012 0029,21150,100960,122110,23120,102140,125260,11010PAT
R72 14012 0030,21600,74920,96520,23640,83410,107050,11010PAT
R72 14012 0031,21600,85780,107380,23640,82340,105980,11010PAT
R72 14012 0032,21600,86440,108040,23750,118930,142680,11010PAT
R72 14012 0033,21820,100250,122070,24080,95530,119610,11010PAT
R72 14012 0034,22040,69650,91690,24180,70750,94930,11010PAT
R72 14012 0035,22040,93610,115650,24290,99700,123990,11010PAT
R72 14012 0036,23570,103020,126590,25930,113140,139070,11010PAT
R72 14012 0037,10580,110990,121570,11670,134280,145950,11010PAT
R72 14012 0038,5290,0,5290,5850,0,5850,11010PAT
R72 14012 0039,5340,0,5340,5880,0,5880,11010PAT
R72 14012 0040,21380,102620,124000,23540,110900,134440,11010PAT
R72 14012 0041,21600,126940,148540,23750,129020,152770,11010PAT
R72 14012 0042,7410,0,7410,7600,0,7600,11010PAT
R72 14012 0043,21600,79000,100600,23750,85110,108860,11010PAT
R72 14012 0044,21600,88660,110260,23640,111240,134880,11010PAT
R72 14012 0045,24150,97220,121370,26440,104900,131340,11010PAT
R72 14012 0046,22870,62670,85540,24980,93150,118130,11010PAT
R72 14012 0047,10690,0,10690,10620,0,10620,11010PAT
R72 14012 0048,21600,92840,114440,23640,116680,140320,11010PAT
R72 14012 0049,21600,99060,120660,23750,111350,135100,11010PAT
R72 14012 0050,21600,104640,126240,23750,109480,133230,11010PAT
R72 14012 0051,21600,87940,109540,23750,87860,111610,11010PAT
R72 14012 0052,21600,90260,111860,23640,90190,113830,11010PAT
R72 14012 0053,21380,106780,128160,23430,102280,125710,11010PAT
R72 14012 0054,21360,94540,115900,23550,93350,116900,11010PAT
R72 14012 0055,8090,0,8090,8190,0,8190,11010PAT
R72 14012 0056,7950,0,7950,8000,0,8000,11010PAT
R72 14101 0004,1890,0,1890,2040,0,2040,11010PAT
R72 14101 0012,37800,83210,121010,41390,71420,112810,11010PAT
R72 14102 0001,27140,85650,112790,24530,84670,109200,12010BEL
R72 14102 0002,23400,59730,83130,20330,63550,83880,12010BEL
R72 14102 0003,23400,99830,123230,20330,107530,127860,12010BEL
R72 14102 0004,11700,0,11700,9180,0,9180,12010BEL
R72 14102 0005,23400,81340,104740,20330,80600,100930,12010BEL
R72 14102 0006,23400,57140,80540,20330,62380,82710,12010BEL
R72 14102 0007,23400,63320,86720,20330,58580,78910,12010BEL
R72 14102 0008,23400,56120,79520,20330,60420,80750,12010BEL
R72 14102 0009,23400,55410,78810,20330,55520,75850,12010BEL
R72 14102 0010,23400,59310,82710,20330,58250,78580,12010BEL
R72 14102 0011,22200,56770,78970,18450,64980,83430,12010BEL
R72 14102 0012,33300,75650,108950,29700,83200,112900,12010BEL
R72 14102 0014,22200,82730,104930,18450,89470,107920,12010BEL
R72 14102 0015,22200,58600,80800,18450,70540,88990,12010BEL
R72 14102 0016,22200,69850,92050,18450,82490,100940,12010BEL
R72 14102 0017,22200,107830,130030,18450,117310,135760,12010BEL
R72 14102 0019,23400,78800,102200,20330,77980,98310,12010BEL
R72 14102 0020,23400,60620,84020,20330,51990,72320,12010BEL
R72 14102 0021,23400,69650,93050,20330,65010,85340,12010BEL
R72 14102 0022,23400,66650,90050,20330,69450,89780,12010BEL
R72 14102 0023,23400,66340,89740,20330,64600,84930,12010BEL
R72 14102 0024,23400,86840,110240,20330,84780,105110,12010BEL
R72 14102 0025,23400,59130,82530,20330,66520,86850,12010BEL
R72 14102 0026,23400,93010,116410,20330,102020,122350,12010BEL
R72 14102 0027,27140,85870,113010,24530,101960,126490,12010BEL
R72 14103 0001,8470,0,8470,6020,0,6020,12010BEL
R72 14103 0002,24070,101190,125260,19950,103190,123140,12010BEL
R72 14103 0004,26910,95850,122760,24260,117790,142050,12010BEL
R72 14103 0005,23400,68940,92340,20330,59140,79470,12010BEL
R72 14103 0006,23400,64910,88310,20330,83590,103920,12010BEL
R72 14103 0007,23400,72480,95880,20330,85930,106260,12010BEL
R72 14103 0008,23400,81290,104690,20330,73720,94050,12010BEL
R72 14103 0009,23400,82910,106310,20330,92740,113070,12010BEL
R72 14103 0010,23400,58250,81650,20330,71080,91410,12010BEL
R72 14103 0011,23400,69020,92420,20330,77400,97730,12010BEL
R72 14103 0012,23310,76610,99920,19580,71730,91310,12010BEL
R72 14103 0014,21090,61630,82720,17330,79890,97220,12010BEL
R72 14103 0015,20800,71240,92040,16950,74470,91420,12010BEL
R72 14103 0016,23660,58530,82190,19580,59610,79190,12010BEL
R72 14103 0019,23600,79470,103070,20700,79610,100310,12010BEL
R72 14103 0020,23600,55750,79350,20700,53580,74280,12010BEL
R72 14103 0021,23600,68350,91950,20700,57150,77850,12010BEL
R72 14103 0022,23600,62560,86160,20700,53560,74260,12010BEL
R72 14103 0023,35400,75180,110580,30780,98780,129560,12010BEL
R72 14103 0025,11800,0,11800,9350,0,9350,12010BEL
R72 14103 0026,23600,74140,97740,20700,78400,99100,12010BEL
R72 14103 0027,11800,0,11800,9350,0,9350,12010BEL
R72 14103 0028,23600,98570,122170,20700,108200,128900,12010BEL
R72 14103 0029,27380,67590,94970,25020,63040,88060,12010BEL
R72 14103 0030,28080,98610,126690,22200,110650,132850,12010BEL
R72 14103 0031,23980,100880,124860,2840,129550,132390,12010BEL
R72 14103 0032,8100,0,8100,5350,0,5350,12010BEL
R72 14103 0033,21600,87620,109220,17700,111000,128700,12010BEL
R72 14103 0034,21600,78170,99770,16590,75710,92300,12010BEL
R72 14103 0035,32400,127070,159470,25980,166100,192080,12010BEL
R72 14103 0036,21600,73200,94800,17700,70180,87880,12010BEL
R72 14103 0037,20400,84440,104840,16540,90490,107030,12010BEL
R72 14103 0038,32400,90010,122410,28200,75830,104030,12010BEL
R72 14103 0039,21600,70820,92420,17700,113160,130860,12010BEL
R72 14103 0040,27000,88330,115330,21310,100830,122140,12010BEL
R72 14103 0043,8100,0,8100,5590,0,5590,12010BEL
R72 14103 0044,23550,78580,102130,18900,70970,89870,12010BEL
R72 14103 0046,20610,65780,86390,16500,55340,71840,12010BEL
R72 14103 0048,18400,91770,110170,14780,70660,85440,12010BEL
R72 14104 0001,23400,76670,100070,20330,81670,102000,12010BEL
R72 14104 0002,20400,85190,105590,16580,98290,114870,12010BEL
R72 14104 0003,23400,74050,97450,20330,80200,100530,12010BEL
R72 14104 0004,23400,68160,91560,20330,62700,83030,12010BEL
R72 14104 0005,23400,64060,87460,20330,87900,108230,12010BEL
R72 14104 0006,23400,61160,84560,20330,90000,110330,12010BEL
R72 14104 0008,20400,66280,86680,16580,67310,83890,12010BEL
R72 14104 0010,23400,91010,114410,20330,94560,114890,12010BEL
R72 14104 0011,23400,58770,82170,20330,61510,81840,12010BEL
R72 14104 0012,20400,72570,92970,16580,74170,90750,12010BEL
R72 14104 0013,22200,65300,87500,18450,54700,73150,12010BEL
R72 14104 0014,22200,57060,79260,18450,64220,82670,12010BEL
R72 14104 0015,22200,82570,104770,18450,82910,101360,12010BEL
R72 14104 0016,27750,84980,112730,24080,82110,106190,12010BEL
R72 14104 0018,8330,0,8330,5760,0,5760,12010BEL
R72 14104 0019,22200,85430,107630,18450,96740,115190,12010BEL
R72 14104 0020,22200,76350,98550,18450,73870,92320,12010BEL
R72 14104 0021,22200,70290,92490,18450,68590,87040,12010BEL
R72 14104 0022,22200,69250,91450,18450,73560,92010,12010BEL
R72 14104 0023,23310,78780,102090,19580,73640,93220,12010BEL
R72 14104 0024,23400,73220,96620,20330,82340,102670,12010BEL
R72 14104 0025,20590,39470,60060,17180,38130,55310,12010BEL
R72 14104 0026,20590,43830,64420,17180,64470,81650,12010BEL
R72 14104 0028,20590,49360,69950,17180,52860,70040,12010BEL
R72 14104 0037,24100,87900,112000,19350,94180,113530,12010BEL
R72 14104 0039,11700,0,11700,9220,0,9220,12010BEL
R72 14104 0040,23400,92210,115610,20400,94640,115040,12010BEL
R72 14104 0041,23600,70560,94160,20700,67000,87700,12010BEL
R72 14104 0042,23600,84060,107660,20780,82110,102890,12010BEL
R72 14104 0043,23600,42430,66030,20700,52380,73080,12010BEL
R72 14104 0044,23600,88700,112300,20700,106040,126740,12010BEL
R72 14104 0045,23600,63570,87170,20700,78110,98810,12010BEL
R72 14104 0046,27000,74480,101480,21310,70280,91590,12010BEL
R72 14104 0047,21600,68320,89920,16590,78370,94960,12010BEL
R72 14104 0048,21600,73750,95350,16590,87070,103660,12010BEL
R72 14104 0049,20400,70980,91380,16580,70300,86880,12010BEL
R72 14104 0051,21600,85190,106790,17700,82290,99990,12010BEL
R72 14104 0052,21600,82660,104260,16540,100770,117310,12010BEL
R72 14104 0053,21600,89840,111440,17700,89990,107690,12010BEL
R72 14104 0054,21600,92470,114070,16550,109570,126120,12010BEL
R72 14104 0055,27000,82960,109960,21250,93240,114490,12010BEL
R72 14104 0056,27000,72870,99870,21310,79900,101210,12010BEL
R72 14104 0057,18400,57640,76040,14700,57350,72050,12010BEL
R72 14104 0058,9200,0,9200,6620,0,6620,12010BEL
R72 14104 0059,21600,89140,110740,16590,85620,102210,12010BEL
R72 14104 0062,20400,71410,91810,16580,69790,86370,12010BEL
R72 14105 0001,21600,40000,61600,17780,41860,59640,12010BEL
R72 14105 0002,21600,51600,73200,17780,58610,76390,12010BEL
R72 14105 0003,21600,53700,75300,17780,57480,75260,12010BEL
R72 14105 0004,21600,59520,81120,17780,58140,75920,12010BEL
R72 14105 0005,23400,69980,93380,20330,75910,96240,12010BEL
R72 14105 0006,23400,60600,84000,20330,84980,105310,12010BEL
R72 14105 0007,23400,55910,79310,20330,71710,92040,12010BEL
R72 14105 0008,23400,73770,97170,20330,71240,91570,12010BEL
R72 14105 0009,23400,65640,89040,20330,69210,89540,12010BEL
R72 14105 0010,23400,76220,99620,20330,79360,99690,12010BEL
R72 14105 0011,23400,61880,85280,20330,57280,77610,12010BEL
R72 14105 0012,20830,69850,90680,17440,62120,79560,12010BEL
R72 14105 0013,13680,56840,70520,11420,53000,64420,12010BEL
R72 14105 0014,6160,0,6160,1550,0,1550,12010BEL
R72 14105 0015,23400,68730,92130,20330,72480,92810,12010BEL
R72 14105 0016,23400,53740,77140,20330,52740,73070,12010BEL
R72 14105 0017,23400,53080,76480,20330,51120,71450,12010BEL
R72 14105 0018,23400,55590,78990,20330,52100,72430,12010BEL
R72 14105 0019,23400,82900,106300,20330,98680,119010,12010BEL
R72 14105 0020,23400,59640,83040,20330,58310,78640,12010BEL
R72 14105 0022,21400,72190,93590,17480,81440,98920,12010BEL
R72 14105 0024,22200,53050,75250,18450,66960,85410,12010BEL
R72 14105 0025,18830,66230,85060,15070,73470,88540,12010BEL
R72 14105 0027,20400,56320,76720,16500,57090,73590,12010BEL
R72 14105 0030,23600,79130,102730,20780,76720,97500,12010BEL
R72 14105 0031,23600,76480,100080,20780,87910,108690,12010BEL
R72 14105 0032,23600,70220,93820,20780,79770,100550,12010BEL
R72 14105 0033,23600,92570,116170,20780,98420,119200,12010BEL
R72 14105 0034,23600,53440,77040,20780,52050,72830,12010BEL
R72 14105 0035,23600,88290,111890,20780,91550,112330,12010BEL
R72 14105 0036,22420,66050,88470,19420,68640,88060,12010BEL
R72 14105 0037,22180,54960,77140,19150,54030,73180,12010BEL
R72 14105 0038,21220,82260,103480,13280,84360,97640,12010BEL
R72 14105 0039,21220,47290,68510,13280,101080,114360,12010BEL
R72 14105 0040,21220,67390,88610,9230,59820,69050,12010BEL
R72 14105 0041,21220,56020,77240,13280,62240,75520,12010BEL
R72 14105 0042,21220,54240,75460,13280,57020,70300,12010BEL
R72 14105 0043,35500,72220,107720,30450,99350,129800,12010BEL
R72 14105 0044,20870,62830,83700,17100,67840,84940,12010BEL
R72 14105 0046,19740,56830,76570,15910,58700,74610,12010BEL
R72 14105 0047,19580,26080,45660,15760,63540,79300,12010BEL
R72 14105 0050,19380,55810,75190,15570,56160,71730,12010BEL
R72 14105 0053,16930,52250,69180,13390,53070,66460,12010BEL
R72 14105 0054,20810,58050,78860,16950,58090,75040,12010BEL
R72 14105 0055,20400,56280,76680,16580,52270,68850,12010BEL
R72 14105 0056,26690,91420,118110,21890,88260,110150,12010BEL
R72 14106 0001,16960,41030,57990,16970,40360,57330,33000BEL
R72 14106 0002,21020,63660,84680,46310,82130,128440,33000BEL
R72 14106 0003,16600,38460,55060,16610,40300,56910,33000BEL
R72 14106 0005,18720,35640,54360,19120,36630,55750,33000BEL
R72 14106 0006,18720,53170,71890,19120,84200,103320,33000BEL
R72 14106 0007,18720,51440,70160,19120,84700,103820,33000BEL
R72 14106 0008,18720,50140,68860,19120,57810,76930,33000BEL
R72 14106 0009,18720,57960,76680,19120,60230,79350,33000BEL
R72 14106 0010,18720,57100,75820,19120,73370,92490,33000BEL
R72 14106 0011,18720,48940,67660,19060,58410,77470,33000BEL
R72 14106 0012,17200,48200,65400,17140,41450,58590,33000BEL
R72 14106 0013,17360,57340,74700,17380,56830,74210,33000BEL
R72 14106 0014,17680,51410,69090,17740,57330,75070,33000BEL
R72 14106 0016,17680,46740,64420,17740,65460,83200,33000BEL
R72 14106 0020,18720,56130,74850,19060,62550,81610,33000BEL
R72 14106 0021,18720,49840,68560,19120,50880,70000,33000BEL
R72 14106 0022,18720,32230,50950,19120,45380,64500,33000BEL
R72 14106 0023,18720,64890,83610,19120,65940,85060,33000BEL
R72 14106 0024,18720,48530,67250,19120,52490,71610,33000BEL
R72 14106 0025,18720,45230,63950,19120,65500,84620,33000BEL
R72 14106 0026,19120,45160,64280,19600,55460,75060,33000BEL
R72 14106 0030,10500,26580,37080,11900,29630,41530,33000BEL
R72 14106 0031,15950,58420,74370,15980,40350,56330,33000BEL
R72 14106 0032,28460,59290,87750,31500,70760,102260,33000BEL
R72 14106 0034,20480,56460,76940,21540,76210,97750,33000BEL
R72 14106 0035,20480,56320,76800,21540,64320,85860,33000BEL
R72 14106 0036,20480,61150,81630,21540,67390,88930,33000BEL
R72 14106 0037,20480,56930,77410,21540,71020,92560,33000BEL
R72 14106 0038,20480,60840,81320,21540,72510,94050,33000BEL
R72 14106 0039,20680,63950,84630,21790,67340,89130,33000BEL
R72 14107 0001,20400,44000,64400,16580,59360,75940,12010BEL
R72 14107 0002,23400,42760,66160,20330,45830,66160,12010BEL
R72 14107 0003,23400,45750,69150,20330,42590,62920,12010BEL
R72 14107 0004,23400,40830,64230,20330,49710,70040,12010BEL
R72 14107 0005,23400,64530,87930,20330,64970,85300,12010BEL
R72 14107 0006,23400,51640,75040,20330,52890,73220,12010BEL
R72 14107 0009,23400,63780,87180,20330,68500,88830,12010BEL
R72 14107 0010,23400,74360,97760,20330,74920,95250,12010BEL
R72 14107 0011,22200,57410,79610,18450,58560,77010,12010BEL
R72 14107 0012,22200,59860,82060,18450,59120,77570,12010BEL
R72 14107 0013,20780,60590,81370,16940,82850,99790,12010BEL
R72 14107 0014,20790,61780,82570,16850,72280,89130,12010BEL
R72 14107 0015,20790,56730,77520,16850,68600,85450,12010BEL
R72 14107 0016,22310,57330,79640,18690,75400,94090,12010BEL
R72 14107 0017,21160,44610,65770,17470,47590,65060,12010BEL
R72 14107 0018,21160,44870,66030,17470,66050,83520,12010BEL
R72 14107 0019,21160,41890,63050,17470,47180,64650,12010BEL
R72 14107 0020,21160,52830,73990,17470,62220,79690,12010BEL
R72 14107 0021,21160,47870,69030,17470,52370,69840,12010BEL
R72 14107 0022,21160,34440,55600,17470,63810,81280,12010BEL
R72 14107 0023,21160,48380,69540,17470,68280,85750,12010BEL
R72 14107 0024,19140,60090,79230,15450,62860,78310,12010BEL
R72 14107 0026,21160,45780,66940,17470,41410,58880,12010BEL
R72 14107 0027,21160,43590,64750,17470,41680,59150,12010BEL
R72 14107 0028,21160,40870,62030,17470,51020,68490,12010BEL
R72 14107 0029,21850,60930,82780,18200,71980,90180,12010BEL
R72 14107 0031,20470,56940,77410,16740,59260,76000,12010BEL
R72 14107 0032,21160,42540,63700,17470,41710,59180,12010BEL
R72 14107 0033,21160,50020,71180,17470,47650,65120,12010BEL
R72 14107 0034,21160,36980,58140,17470,38630,56100,12010BEL
R72 14107 0035,21160,64460,85620,17470,66860,84330,12010BEL
R72 14107 0036,22310,47700,70010,18690,47560,66250,12010BEL
R72 14107 0037,20700,56900,77600,17160,64610,81770,12010BEL
R72 14107 0038,25300,102130,127430,22050,121400,143450,12010BEL
R72 14107 0039,8280,0,8280,5660,0,5660,12010BEL
R72 14107 0040,20700,57740,78440,16980,67380,84360,12010BEL
R72 14107 0041,20520,85720,106240,16920,88860,105780,12010BEL
R72 14108 0001,20810,80200,101010,16950,96030,112980,12010BEL
R72 14108 0003,20400,54880,75280,16580,70220,86800,12010BEL
R72 14108 0004,20400,51620,72020,16580,73890,90470,12010BEL
R72 14108 0005,20400,56750,77150,16580,64670,81250,12010BEL
R72 14108 0006,20200,61260,81460,16430,72620,89050,12010BEL
R72 14108 0007,20400,51340,71740,16580,62730,79310,12010BEL
R72 14108 0008,20400,54070,74470,16580,56300,72880,12010BEL
R72 14108 0009,20400,65660,86060,16580,93610,110190,12010BEL
R72 14108 0010,20400,58460,78860,16580,62440,79020,12010BEL
R72 14108 0011,20400,56440,76840,16580,62800,79380,12010BEL
R72 14108 0012,20400,54120,74520,16580,81900,98480,12010BEL
R72 14108 0013,20400,54210,74610,16580,68920,85500,12010BEL
R72 14108 0014,20400,58520,78920,16580,62510,79090,12010BEL
R72 14108 0015,18770,53480,72250,15080,70440,85520,12010BEL
R72 14108 0016,18770,60400,79170,15080,68510,83590,12010BEL
R72 14108 0017,18770,58660,77430,15080,62510,77590,12010BEL
R72 14108 0018,18770,60690,79460,15080,64590,79670,12010BEL
R72 14108 0019,18770,62930,81700,15080,68560,83640,12010BEL
R72 14108 0020,18770,50660,69430,15080,49110,64190,12010BEL
R72 14108 0021,18770,48110,66880,15080,49640,64720,12010BEL
R72 14108 0022,18770,49190,67960,15080,50800,65880,12010BEL
R72 14108 0023,19580,45040,64620,15830,47450,63280,12010BEL
R72 14108 0024,19980,72150,92130,16220,66370,82590,12010BEL
R72 14108 0025,22450,83660,106110,18490,77630,96120,12010BEL
R72 14108 0026,21170,68850,90020,17210,62660,79870,12010BEL
R72 14108 0027,21200,83000,104200,17400,81450,98850,12010BEL
R72 14108 0028,22420,76810,99230,18750,104510,123260,12010BEL
R72 14108 0029,19780,75010,94790,15960,85460,101420,12010BEL
R72 14108 0030,24360,54290,78650,19220,61280,80500,12010BEL
R72 14108 0031,18800,61440,80240,15120,67300,82420,12010BEL
R72 14108 0032,18990,50320,69310,15250,78630,93880,12010BEL
R72 14108 0033,18990,41260,60250,15320,41440,56760,12010BEL
R72 14108 0034,19180,55670,74850,15380,62330,77710,12010BEL
R72 14108 0035,19180,55560,74740,15520,65280,80800,12010BEL
R72 14108 0036,19360,69100,88460,15580,65110,80690,12010BEL
R72 14108 0037,20800,75160,95960,16880,80260,97140,12010BEL
R72 14109 0001,23660,69280,92940,19580,77200,96780,12010BEL
R72 14109 0002,21420,41300,62720,17510,53550,71060,12010BEL
R72 14109 0003,20400,54120,74520,16580,73030,89610,12010BEL
R72 14109 0005,20400,54030,74430,16580,74710,91290,12010BEL
R72 14109 0006,20400,56130,76530,16580,63120,79700,12010BEL
R72 14109 0007,20400,61180,81580,16580,70770,87350,12010BEL
R72 14109 0008,20400,64430,84830,16580,69820,86400,12010BEL
R72 14109 0009,20400,67780,88180,16580,68290,84870,12010BEL
R72 14109 0010,20400,44950,65350,16580,60270,76850,12010BEL
R72 14109 0011,20400,60170,80570,16580,25910,42490,12010BEL
R72 14109 0012,20400,72870,93270,16580,106700,123280,12010BEL
R72 14109 0014,20400,47770,68170,16580,61230,77810,12010BEL
R72 14109 0015,18970,72650,91620,15260,76070,91330,12010BEL
R72 14109 0016,18770,48220,66990,15080,53120,68200,12010BEL
R72 14109 0017,18770,52460,71230,15080,57680,72760,12010BEL
R72 14109 0018,18770,55410,74180,15080,62460,77540,12010BEL
R72 14109 0019,18770,52790,71560,15080,62840,77920,12010BEL
R72 14109 0020,18770,57340,76110,15080,55780,70860,12010BEL
R72 14109 0021,18770,69300,88070,15080,69160,84240,12010BEL
R72 14109 0022,22270,62730,85000,15080,63310,78390,12010BEL
R72 14109 0023,18770,58910,77680,15080,81100,96180,12010BEL
R72 14109 0024,18770,68180,86950,15080,60690,75770,12010BEL
R72 14109 0025,18770,68820,87590,15080,68250,83330,12010BEL
R72 14109 0026,18770,76150,94920,15080,81940,97020,12010BEL
R72 14109 0027,18770,73510,92280,15080,72160,87240,12010BEL
R72 14109 0028,18770,70840,89610,15080,76380,91460,12010BEL
R72 14109 0029,18770,70220,88990,15080,66450,81530,12010BEL
R72 14109 0030,19380,67860,87240,15640,61710,77350,12010BEL
R72 14109 0031,18770,56990,75760,15080,61890,76970,12010BEL
R72 14109 0032,19790,52770,72560,16010,55940,71950,12010BEL
R72 14109 0033,18770,48740,67510,15080,51210,66290,12010BEL
R72 14109 0034,18770,48340,67110,15080,50130,65210,12010BEL
R72 14109 0035,18770,49300,68070,15080,51400,66480,12010BEL
R72 14109 0036,18770,70970,89740,15080,70140,85220,12010BEL
R72 14109 0037,18770,73440,92210,15080,72540,87620,12010BEL
R72 14109 0038,18770,72910,91680,15080,73570,88650,12010BEL
R72 14109 0039,18770,55020,73790,15080,98290,113370,12010BEL
R72 14109 0040,9380,0,9380,6790,0,6790,12010BEL
R72 14109 0041,18770,81810,100580,15080,70790,85870,12010BEL
R72 14109 0042,7240,0,7240,4990,0,4990,12010BEL
R72 14109 0043,18770,52330,71100,15080,50110,65190,12010BEL
R72 14109 0044,18970,58180,77150,15260,54060,69320,12010BEL
R72 14109 0045,20400,76310,96710,16580,77200,93780,12010BEL
R72 14109 0046,19600,67720,87320,15830,77670,93500,12010BEL
R72 14109 0047,20000,53280,73280,16130,56760,72890,12010BEL
R72 14109 0048,20000,65730,85730,16280,58360,74640,12010BEL
R72 14109 0049,19990,66020,86010,16130,68610,84740,12010BEL
R72 14109 0050,20190,60140,80330,16340,71120,87460,12010BEL
R72 14109 0051,20380,43770,64150,16490,42360,58850,12010BEL
R72 14109 0052,20180,60470,80650,16440,69870,86310,12010BEL
R72 14109 0053,20560,60130,80690,16650,63120,79770,12010BEL
R72 14109 0054,20950,68300,89250,17000,66440,83440,12010BEL
R72 14109 0055,10480,0,10480,7700,0,7700,12010BEL
R72 14109 0056,32700,117990,150690,28500,129860,158360,12010BEL
R72 14109 0058,10780,0,10780,8060,0,8060,12010BEL
R72 14109 0059,23970,24710,48680,20280,44250,64530,12010BEL
R72 14109 0060,7240,2130,9370,11140,2820,13960,12010BEL
R72 14110 0015,1050,0,1050,760,0,760,12010BEL
R72 14110 0016,17640,42280,59920,14160,59620,73780,12010BEL
R72 14110 0017,18230,43430,61660,14680,71320,86000,12010BEL
R72 14110 0018,18600,43810,62410,14880,65490,80370,12010BEL
R72 14110 0019,18970,49580,68550,15330,60930,76260,12010BEL
R72 14110 0020,19720,42090,61810,15970,49660,65630,12010BEL
R72 14110 0021,20650,60730,81380,16880,69660,86540,12010BEL
R72 14110 0023,19400,39840,59240,15600,35950,51550,12010BEL
R72 14110 0024,20000,47100,67100,16200,50630,66830,12010BEL
R72 14110 0025,21000,53850,74850,17180,59590,76770,12010BEL
R72 14110 0026,20400,47430,67830,16580,49420,66000,12010BEL
R72 14110 0027,20400,45820,66220,16580,49460,66040,12010BEL
R72 14110 0030,26260,55110,81370,21820,65210,87030,12010BEL
R72 14110 0031,22400,48980,71380,18600,61910,80510,12010BEL
R72 14110 0032,22000,51390,73390,18080,63210,81290,12010BEL
R72 14110 0033,21600,50730,72330,17630,61300,78930,12010BEL
R72 14110 0034,21200,47210,68410,17250,54790,72040,12010BEL
R72 14110 0035,20800,54020,74820,16950,60350,77300,12010BEL
R72 14110 0036,7650,0,7650,5350,0,5350,12010BEL
R72 14110 0037,20200,56540,76740,16350,66570,82920,12010BEL
R72 14110 0053,400,0,400,290,0,290,12010BEL
R72 14110 0055,7650,0,7650,5350,0,5350,12010BEL
R72 14111 0001,23830,95700,119530,23860,91850,115710,11010SHR
R72 14111 0002,22050,80940,102990,22120,74590,96710,11010SHR
R72 14111 0003,22050,84210,106260,21940,77510,99450,11010SHR
R72 14111 0004,21830,87800,109630,21750,73210,94960,11010SHR
R72 14111 0005,22420,91350,113770,22170,86790,108960,11010SHR
R72 14111 0006,24960,74830,99790,24640,101310,125950,11010SHR
R72 14111 0007,23980,92460,116440,23830,83560,107390,11010SHR
R72 14111 0008,21600,91480,113080,21560,88020,109580,11010SHR
R72 14111 0010,7870,0,7870,7220,0,7220,11010SHR
R72 14111 0011,21170,105480,126650,21150,107560,128710,11010SHR
R72 14111 0012,21170,102800,123970,21150,100170,121320,11010SHR
R72 14111 0013,21170,88160,109330,21150,84690,105840,11010SHR
R72 14111 0014,21170,80810,101980,21150,80350,101500,11010SHR
R72 14111 0015,21170,83860,105030,21150,93840,114990,11010SHR
R72 14111 0016,21170,55410,76580,21150,72970,94120,11010SHR
R72 14111 0017,21170,80580,101750,21150,79450,100600,11010SHR
R72 14111 0019,21600,87860,109460,21560,82620,104180,11010SHR
R72 14111 0020,21600,159120,180720,21560,161240,182800,11010SHR
R72 14111 0021,20740,92760,113500,20730,85220,105950,11010SHR
R72 14111 0022,23540,139590,163130,23420,134590,158010,11010SHR
R72 14111 0024,20740,4020,24760,20730,3710,24440,11010SHR
R72 14111 0025,20740,99180,119920,20730,89580,110310,11010SHR
R72 14111 0026,24320,99170,123490,24400,89550,113950,11010SHR
R72 14111 0027,21830,127800,149630,21750,107880,129630,11010SHR
R72 14111 0028,21800,80680,102480,21710,96400,118110,11010SHR
R72 14111 0029,21800,87680,109480,21710,87820,109530,11010SHR
R72 14111 0030,21800,93120,114920,21800,93010,114810,11010SHR
R72 14111 0031,21800,64890,86690,21880,96540,118420,11010SHR
R72 14111 0032,22020,84620,106640,21960,93620,115580,11010SHR
R72 14111 0033,22020,94180,116200,22050,68270,90320,11010SHR
R72 14111 0034,22230,80000,102230,22130,73120,95250,11010SHR
R72 14111 0035,24100,82240,106340,24070,78610,102680,11010SHR
R72 14111 0036,7870,0,7870,7220,0,7220,11010SHR
R72 14111 0037,20740,99820,120560,20730,100680,121410,11010SHR
R72 14201 0003,20350,64670,85020,16520,71600,88120,12010BEL
R72 14201 0004,21310,23410,44720,17620,49370,66990,12010BEL
R72 14201 0005,21500,37890,59390,17830,45780,63610,12010BEL
R72 14201 0006,21500,50140,71640,17760,63120,80880,12010BEL
R72 14201 0007,21310,71980,93290,17550,69140,86690,12010BEL
R72 14201 0008,20710,58060,78770,16790,62370,79160,12010BEL
R72 14201 0009,20710,62240,82950,16850,70730,87580,12010BEL
R72 14201 0010,20420,69570,89990,16590,66830,83420,12010BEL
R72 14201 0011,21920,52690,74610,18270,67740,86010,12010BEL
R72 14201 0012,20000,73120,93120,16240,69330,85570,12010BEL
R72 14201 0013,19980,56760,76740,16220,69370,85590,12010BEL
R72 14201 0014,19970,77430,97400,16240,73060,89300,12010BEL
R72 14201 0015,18540,65720,84260,14820,70990,85810,12010BEL
R72 14201 0016,20700,62120,82820,17160,56180,73340,12010BEL
R72 14201 0017,20700,53260,73960,17160,60210,77370,12010BEL
R72 14201 0018,20700,59520,80220,17160,68050,85210,12010BEL
R72 14201 0019,20700,52000,72700,17160,54430,71590,12010BEL
R72 14201 0020,20700,53620,74320,17160,59100,76260,12010BEL
R72 14201 0021,20700,59640,80340,17160,58130,75290,12010BEL
R72 14201 0022,20700,66230,86930,17160,62280,79440,12010BEL
R72 14201 0023,20700,39650,60350,17160,40490,57650,12010BEL
R72 14201 0024,20700,49300,70000,17160,49070,66230,12010BEL
R72 14201 0025,20700,47340,68040,17100,48210,65310,12010BEL
R72 14201 0026,19780,44210,63990,16030,44790,60820,12010BEL
R72 14201 0027,18540,49080,67620,14880,25550,40430,12010BEL
R72 14201 0028,18540,39780,58320,14880,40230,55110,12010BEL
R72 14201 0029,18540,49070,67610,14880,52660,67540,12010BEL
R72 14201 0030,18540,38980,57520,14880,38090,52970,12010BEL
R72 14201 0031,18540,45790,64330,14880,45180,60060,12010BEL
R72 14201 0032,18540,42640,61180,14880,46840,61720,12010BEL
R72 14201 0033,18540,48370,66910,14880,55800,70680,12010BEL
R72 14201 0034,18540,45210,63750,14880,50060,64940,12010BEL
R72 14201 0035,18540,49670,68210,14880,47100,61980,12010BEL
R72 14201 0036,18540,53070,71610,14880,59870,74750,12010BEL
R72 14201 0037,20810,82850,103660,16980,81560,98540,12010BEL
R72 14201 0038,20200,59830,80030,16350,65830,82180,12010BEL
R72 14201 0039,20000,52820,72820,16280,64740,81020,12010BEL
R72 14201 0040,20000,75970,95970,16200,74230,90430,12010BEL
R72 14201 0041,20390,73320,93710,16580,70740,87320,12010BEL
R72 14201 0042,18540,49460,68000,14880,60910,75790,12010BEL
R72 14201 0043,18540,70620,89160,14880,66830,81710,12010BEL
R72 14201 0044,18540,78110,96650,14880,77840,92720,12010BEL
R72 14201 0045,18540,66880,85420,14880,63870,78750,12010BEL
R72 14201 0046,18540,78140,96680,14880,71560,86440,12010BEL
R72 14201 0047,18540,72360,90900,14880,69800,84680,12010BEL
R72 14201 0048,18540,53550,72090,14880,46480,61360,12010BEL
R72 14201 0049,18540,48570,67110,14880,53020,67900,12010BEL
R72 14201 0050,18540,59500,78040,14880,62860,77740,12010BEL
R72 14201 0051,18540,55990,74530,14880,61880,76760,12010BEL
R72 14201 0052,18750,50350,69100,15070,47120,62190,12010BEL
R72 14202 0001,19080,37100,56180,15300,45740,61040,12010BEL
R72 14202 0002,18360,37830,56190,14700,37180,51880,12010BEL
R72 14202 0003,18360,36680,55040,14700,49600,64300,12010BEL
R72 14202 0004,18360,40910,59270,14700,41850,56550,12010BEL
R72 14202 0005,18360,44570,62930,14700,59120,73820,12010BEL
R72 14202 0006,18360,40610,58970,14700,40750,55450,12010BEL
R72 14202 0007,18360,55140,73500,14700,86390,101090,12010BEL
R72 14202 0008,7140,0,7140,4910,0,4910,12010BEL
R72 14202 0009,22440,55340,77780,18450,64370,82820,12010BEL
R72 14202 0011,19990,64820,84810,16200,69480,85680,12010BEL
R72 14202 0012,20200,59300,79500,16350,70560,86910,12010BEL
R72 14202 0013,20000,69440,89440,16200,73210,89410,12010BEL
R72 14202 0014,19800,47480,67280,16050,62020,78070,12010BEL
R72 14202 0015,19990,62850,82840,16250,73940,90190,12010BEL
R72 14202 0016,18360,64410,82770,14700,70970,85670,12010BEL
R72 14202 0017,18360,52930,71290,14700,77110,91810,12010BEL
R72 14202 0018,18360,51600,69960,14700,65260,79960,12010BEL
R72 14202 0019,18360,46870,65230,14700,58590,73290,12010BEL
R72 14202 0020,18360,52930,71290,14700,67310,82010,12010BEL
R72 14202 0021,18360,59110,77470,14700,76160,90860,12010BEL
R72 14202 0022,18360,70760,89120,14700,81150,95850,12010BEL
R72 14202 0023,18360,66560,84920,14700,60350,75050,12010BEL
R72 14202 0024,18360,58590,76950,14700,70840,85540,12010BEL
R72 14202 0025,18360,44800,63160,14700,54210,68910,12010BEL
R72 14202 0026,18360,37700,56060,14700,47460,62160,12010BEL
R72 14202 0027,18360,43210,61570,14700,48880,63580,12010BEL
R72 14202 0028,18360,45180,63540,16320,31180,47500,12010BEL
R72 14202 0029,18360,41320,59680,14700,56140,70840,12010BEL
R72 14202 0030,18360,23230,41590,14700,52790,67490,12010BEL
R72 14202 0031,18360,44320,62680,14700,71020,85720,12010BEL
R72 14202 0032,18360,43680,62040,14700,55000,69700,12010BEL
R72 14202 0033,18360,45550,63910,14700,64560,79260,12010BEL
R72 14202 0034,18820,55810,74630,15120,72750,87870,12010BEL
R72 14202 0035,19000,43600,62600,15230,51450,66680,12010BEL
R72 14202 0036,18800,61160,79960,15000,75270,90270,12010BEL
R72 14202 0037,18400,47880,66280,14780,78960,93740,12010BEL
R72 14202 0038,18560,49900,68460,14840,64720,79560,12010BEL
R72 14202 0039,18360,57370,75730,14700,69990,84690,12010BEL
R72 14202 0040,18360,61930,80290,14700,82550,97250,12010BEL
R72 14202 0041,18360,48610,66970,14700,66530,81230,12010BEL
R72 14202 0042,18360,53760,72120,14700,72850,87550,12010BEL
R72 14202 0043,18360,57140,75500,14700,76110,90810,12010BEL
R72 14202 0044,18360,54260,72620,14700,69480,84180,12010BEL
R72 14202 0045,18360,52770,71130,14700,67230,81930,12010BEL
R72 14202 0046,18360,68110,86470,14700,87610,102310,12010BEL
R72 14202 0047,22440,50370,72810,18450,65660,84110,12010BEL
R72 14202 0048,18360,65820,84180,14700,96780,111480,12010BEL
R72 14202 0049,22440,54610,77050,18450,69600,88050,12010BEL
R72 14202 0051,18360,53970,72330,14700,69030,83730,12010BEL
R72 14202 0052,18360,50900,69260,14700,77540,92240,12010BEL
R72 14202 0053,18360,68340,86700,14700,79280,93980,12010BEL
R72 14202 0054,18360,56020,74380,14700,75040,89740,12010BEL
R72 14202 0055,19800,48800,68600,15980,60240,76220,12010BEL
R72 14202 0056,19320,53230,72550,15450,74130,89580,12010BEL
R72 14202 0057,18800,55970,74770,15080,79820,94900,12010BEL
R72 14202 0058,18600,53500,72100,14850,74740,89590,12010BEL
R72 14202 0059,22270,43270,65540,17650,43590,61240,12010BEL
R72 14202 0060,18480,53550,72030,14710,67560,82270,12010BEL
R72 14202 0061,22600,58440,81040,18450,71580,90030,12010BEL
R72 14202 0062,18360,41050,59410,14700,43370,58070,12010BEL
R72 14202 0063,18360,61180,79540,14700,66540,81240,12010BEL
R72 14202 0064,18360,53060,71420,14700,65980,80680,12010BEL
R72 14202 0065,18360,42680,61040,14700,57000,71700,12010BEL
R72 14202 0066,18360,46660,65020,14700,61000,75700,12010BEL
R72 14202 0067,18360,59930,78290,14700,88360,103060,12010BEL
R72 14203 0001,21620,83310,104930,17700,79690,97390,12010BEL
R72 14203 0002,22360,71450,93810,17760,71280,89040,12010BEL
R72 14203 0003,28150,106660,134810,23700,105170,128870,12010BEL
R72 14203 0004,23520,71380,94900,18410,67740,86150,12010BEL
R72 14203 0005,22660,63230,85890,18420,78920,97340,12010BEL
R72 14203 0006,19210,69070,88280,15450,75170,90620,12010BEL
R72 14203 0007,19400,47370,66770,15590,47460,63050,12010BEL
R72 14203 0008,18610,48650,67260,14920,50430,65350,12010BEL
R72 14203 0009,19590,52660,72250,15870,49530,65400,12010BEL
R72 14203 0010,20760,48780,69540,16860,50250,67110,12010BEL
R72 14203 0011,20180,56230,76410,16370,58820,75190,12010BEL
R72 14203 0012,22830,79050,101880,19290,75630,94920,12010BEL
R72 14203 0014,20180,79900,100080,16290,67090,83380,12010BEL
R72 14203 0015,23710,74230,97940,20080,72170,92250,12010BEL
R72 14203 0016,25630,75100,100730,20450,76160,96610,12010BEL
R72 14203 0017,21160,67360,88520,16950,59970,76920,12010BEL
R72 14203 0018,20200,69330,89530,16430,63990,80420,12010BEL
R72 14203 0019,21400,59050,80450,17480,74070,91550,12010BEL
R72 14203 0020,25060,64160,89220,21060,99050,120110,12010BEL
R72 14203 0021,20650,51290,71940,16810,53810,70620,12010BEL
R72 14203 0022,20270,47790,68060,16420,52410,68830,12010BEL
R72 14203 0023,20270,46530,66800,16360,46590,62950,12010BEL
R72 14203 0024,22450,50170,72620,18570,48200,66770,12010BEL
R72 14203 0025,19380,49480,68860,15570,55510,71080,12010BEL
R72 14203 0026,18770,58070,76840,15010,60090,75100,12010BEL
R72 14203 0027,18770,73600,92370,15140,75150,90290,12010BEL
R72 14203 0028,18950,40290,59240,15260,40270,55530,12010BEL
R72 14203 0029,18950,57110,76060,15260,55300,70560,12010BEL
R72 14203 0030,18950,74640,93590,15260,70100,85360,12010BEL
R72 14203 0031,19160,68840,88000,15390,70760,86150,12010BEL
R72 14203 0032,22030,50400,72430,18200,51510,69710,12010BEL
R72 14203 0033,19800,34010,53810,15900,37970,53870,12010BEL
R72 14203 0034,20740,47970,68710,16930,52280,69210,12010BEL
R72 14203 0035,21120,70020,91140,17340,65990,83330,12010BEL
R72 14203 0036,21120,74700,95820,17270,71460,88730,12010BEL
R72 14203 0037,20930,53840,74770,17000,62490,79490,12010BEL
R72 14203 0038,20600,64520,85120,16800,53520,70320,12010BEL
R72 14203 0039,18970,67530,86500,15230,61240,76470,12010BEL
R72 14203 0040,23540,75050,98590,18340,79600,97940,12010BEL
R72 14203 0041,21060,41240,62300,17360,63950,81310,12010BEL
R72 14204 0001,20420,51080,71500,16650,51570,68220,12010BEL
R72 14204 0002,20650,42470,63120,16880,60190,77070,12010BEL
R72 14204 0003,10320,0,10320,7610,0,7610,12010BEL
R72 14204 0004,20650,52710,73360,16880,79550,96430,12010BEL
R72 14204 0005,20650,72550,93200,16880,94740,111620,12010BEL
R72 14204 0006,20650,36680,57330,16880,40620,57500,12010BEL
R72 14204 0007,20650,48750,69400,16880,16920,33800,12010BEL
R72 14204 0008,20650,64410,85060,16880,87240,104120,12010BEL
R72 14204 0009,20650,57050,77700,16880,65660,82540,12010BEL
R72 14204 0010,20650,43640,64290,16880,45670,62550,12010BEL
R72 14204 0011,20650,45950,66600,16880,54750,71630,12010BEL
R72 14204 0012,20650,40000,60650,16880,49510,66390,12010BEL
R72 14204 0013,20420,47750,68170,16650,59520,76170,12010BEL
R72 14204 0014,19760,34760,54520,15910,43050,58960,12010BEL
R72 14204 0015,19760,37770,57530,15910,48660,64570,12010BEL
R72 14204 0016,19760,48480,68240,15910,56070,71980,12010BEL
R72 14204 0017,19760,40350,60110,15910,44220,60130,12010BEL
R72 14204 0018,19760,41160,60920,15910,47110,63020,12010BEL
R72 14204 0019,19550,35330,54880,15850,40020,55870,12010BEL
R72 14204 0020,21700,50610,72310,18100,62190,80290,12010BEL
R72 14204 0021,21020,46700,67720,17260,57250,74510,12010BEL
R72 14204 0022,20830,60920,81750,17130,86430,103560,12010BEL
R72 14204 0023,20380,47080,67460,16550,58480,75030,12010BEL
R72 14204 0024,20650,58980,79630,16880,76170,93050,12010BEL
R72 14204 0025,20680,47750,68430,16840,57420,74260,12010BEL
R72 14204 0026,19550,47380,66930,15850,57120,72970,12010BEL
R72 14204 0027,19760,35080,54840,15980,43560,59540,12010BEL
R72 14204 0028,19760,21850,41610,15980,25200,41180,12010BEL
R72 14204 0029,19760,41800,61560,15980,52450,68430,12010BEL
R72 14204 0030,19760,43080,62840,15980,45300,61280,12010BEL
R72 14204 0031,19760,44100,63860,9540,37950,47490,12010BEL
R72 14204 0032,21090,44110,65200,17330,50370,67700,12010BEL
R72 14204 0033,21090,39510,60600,17330,42290,59620,12010BEL
R72 14204 0034,21090,48120,69210,17330,58280,75610,12010BEL
R72 14204 0035,21090,36480,57570,17330,42380,59710,12010BEL
R72 14204 0036,21090,41660,62750,17330,48990,66320,12010BEL
R72 14204 0037,20870,27290,48160,17100,51100,68200,12010BEL
R72 14204 0038,20520,32710,53230,16650,66870,83520,12010BEL
R72 14204 0039,19500,47650,67150,15770,67630,83400,12010BEL
R72 14204 0040,19530,51030,70560,15710,58230,73940,12010BEL
R72 14204 0041,19160,51620,70780,15460,59820,75280,12010BEL
R72 14204 0042,18970,47620,66590,15330,69890,85220,12010BEL
R72 14204 0043,18970,49460,68430,15260,58090,73350,12010BEL
R72 14204 0044,18970,53540,72510,15260,56040,71300,12010BEL
R72 14204 0045,21980,49310,71290,18230,50980,69210,12010BEL
R72 14204 0047,21090,49370,70460,17330,59030,76360,12010BEL
R72 14204 0048,21090,62010,83100,17330,70500,87830,12010BEL
R72 14204 0049,21090,43180,64270,17330,62600,79930,12010BEL
R72 14204 0050,10550,0,10550,7810,0,7810,12010BEL
R72 14204 0051,310,0,310,210,0,210,12010BEL
R72 14204 0052,570,0,570,400,0,400,12010BEL
R72 14204 0053,570,0,570,400,0,400,12010BEL
R72 14204 0054,290,0,290,190,0,190,12010BEL
R72 14205 0001,18350,62500,80850,18630,64650,83280,33000BEL
R72 14205 0002,18350,48480,66830,18630,52900,71530,33000BEL
R72 14205 0003,18950,58810,77760,19340,70790,90130,33000BEL
R72 14205 0004,18350,64240,82590,18570,67330,85900,33000BEL
R72 14205 0005,18350,44720,63070,18570,47900,66470,33000BEL
R72 14205 0006,18350,56410,74760,18570,71140,89710,33000BEL
R72 14205 0007,18350,44450,62800,18510,46410,64920,33000BEL
R72 14205 0008,18350,41370,59720,18510,44510,63020,33000BEL
R72 14205 0009,18350,43140,61490,18510,49160,67670,33000BEL
R72 14205 0010,18350,40120,58470,18510,43940,62450,33000BEL
R72 14205 0011,3810,0,3810,4240,0,4240,33000BEL
R72 14205 0012,17550,53130,70680,17530,56920,74450,33000BEL
R72 14205 0013,17740,48910,66650,17740,71390,89130,33000BEL
R72 14205 0015,16800,35100,51900,16720,53760,70480,33000BEL
R72 14205 0016,16800,38780,55580,16720,57320,74040,33000BEL
R72 14205 0017,16800,50930,67730,16720,61200,77920,33000BEL
R72 14205 0018,16800,49550,66350,16720,59750,76470,33000BEL
R72 14205 0019,18770,58850,77620,25970,63440,89410,33000BEL
R72 14205 0020,16630,33540,50170,16640,41040,57680,33000BEL
R72 14205 0021,19550,60620,80170,19510,69720,89230,33000BEL
R72 14205 0026,18200,42270,60470,18250,28750,47000,33000BEL
R72 14205 0028,16380,50950,67330,16350,58180,74530,33000BEL
R72 14205 0029,18430,53920,72350,19100,67760,86860,33000BEL
R72 14205 0030,15590,51470,67060,15590,62270,77860,33000BEL
R72 14205 0031,18430,46120,64550,19100,55090,74190,33000BEL
R72 14205 0032,18430,47130,65560,19100,58560,77660,33000BEL
R72 14206 0007,24200,53330,77530,22200,73830,96030,12010BEL
R72 14206 0008,24200,49920,74120,22200,67900,90100,12010BEL
R72 14206 0009,24800,59330,84130,20760,94650,115410,12010BEL
R72 14206 0010,20800,42330,63130,17030,64560,81590,12010BEL
R72 14206 0011,21630,52730,74360,16130,80920,97050,12010BEL
R72 14206 0014,20930,57720,78650,17290,75090,92380,12010BEL
R72 14206 0015,20930,43830,64760,17290,96730,114020,12010BEL
R72 14206 0016,20930,40650,61580,17220,68790,86010,12010BEL
R72 14206 0017,20930,61570,82500,17220,91500,108720,12010BEL
R72 14206 0018,20930,42100,63030,17220,69000,86220,12010BEL
R72 14206 0019,20750,65840,86590,17160,77030,94190,12010BEL
R72 14206 0020,20750,42170,62920,17160,60480,77640,12010BEL
R72 14206 0021,20750,45650,66400,17160,59020,76180,12010BEL
R72 14206 0022,20750,43370,64120,17160,66800,83960,12010BEL
R72 14206 0032,!,!,!
R72 14207 0001,18400,51610,70010,14700,53520,68220,12010BEL
R72 14207 0002,12030,30740,42770,9450,24000,33450,12010BEL
R72 14207 0003,19200,42310,61510,14700,39670,54370,12010BEL
R72 14207 0004,18950,43490,62440,15150,42600,57750,12010BEL
R72 14207 0005,18400,54280,72680,14700,76940,91640,12010BEL
R72 14207 0006,13800,43700,57500,10950,47480,58430,12010BEL
R72 14207 0007,36300,56100,92400,31620,64210,95830,12010BEL
R72 14207 0008,23800,68430,92230,21230,71060,92290,12010BEL
R72 14207 0009,24600,49620,74220,20400,71950,92350,12010BEL
R72 14207 0011,25000,30250,55250,22470,48040,70510,12010BEL
R72 14207 0012,24200,56760,80960,22130,78150,100280,12010BEL
R72 14207 0013,23800,72520,96320,21230,71390,92620,12010BEL
R72 14207 0014,23400,36120,59520,20330,41560,61890,12010BEL
R72 14207 0015,24200,66950,91150,22200,71740,93940,12010BEL
R72 14207 0016,20230,56430,76660,18040,61400,79440,12010BEL
R72 14207 0017,24200,62350,86550,22200,95130,117330,12010BEL
R72 14207 0018,25530,75400,100930,21830,86030,107860,12010BEL
R72 14207 0020,10320,0,10320,7610,0,7610,12010BEL
R72 14207 0021,20650,58950,79600,16880,86870,103750,12010BEL
R72 14207 0022,20650,54950,75600,16880,75500,92380,12010BEL
R72 14207 0023,20650,68860,89510,16880,71750,88630,12010BEL
R72 14207 0024,20650,61460,82110,16880,65200,82080,12010BEL
R72 14207 0026,21090,69100,90190,17330,71630,88960,12010BEL
R72 14207 0027,21090,62210,83300,19240,34500,53740,12010BEL
R72 14207 0028,10550,0,10550,7810,0,7810,12010BEL
R72 14207 0029,21090,70140,91230,17330,86000,103330,12010BEL
R72 14207 0030,20870,63750,84620,17100,67940,85040,12010BEL
R72 14207 0031,21980,57010,78990,18230,57710,75940,12010BEL
R72 14207 0032,21090,39210,60300,17330,39640,56970,12010BEL
R72 14207 0033,21090,66770,87860,17330,72820,90150,12010BEL
R72 14207 0034,8100,0,8100,5560,0,5560,12010BEL
R72 14207 0035,26200,57830,84030,22500,64150,86650,12010BEL
R72 14207 0037,21090,33490,54580,17330,32640,49970,12010BEL
R72 14207 0038,19380,56120,75500,15640,61990,77630,12010BEL
R72 14207 0039,18770,73740,92510,15080,76800,91880,12010BEL
R72 14207 0041,18970,85970,104940,15260,80060,95320,12010BEL
R72 14207 0042,18360,52150,70510,14700,62120,76820,12010BEL
R72 14207 0043,18360,57570,75930,14700,60110,74810,12010BEL
R72 14207 0044,19380,50680,70060,15640,54620,70260,12010BEL
R72 14207 0045,19380,48200,67580,15640,53960,69600,12010BEL
R72 14207 0046,23800,68710,92510,21230,75650,96880,12010BEL
R72 14207 0047,23800,69060,92860,21230,86510,107740,12010BEL
R72 14207 0048,20580,31110,51690,48150,41590,89740,12010BEL
R72 14207 0049,17860,37140,55000,29530,41740,71270,12010BEL
R72 14207 0050,17280,59460,76740,13740,63830,77570,12010BEL
R72 14207 0051,17280,52570,69850,13740,56870,70610,12010BEL
R72 14207 0052,24200,49570,73770,22200,72690,94890,12010BEL
R72 14207 0054,22200,45880,68080,18450,43150,61600,12010BEL
R72 14207 0055,23870,67190,91060,20850,79200,100050,12010BEL
R72 14207 0059,610,0,610,410,0,410,12010BEL
R72 14207 0060,22200,54830,77030,18450,61430,79880,12010BEL
R72 14207 0061,22200,66750,88950,18450,71890,90340,12010BEL
R72 14207 0062,23400,59400,82800,20330,60810,81140,12010BEL
R72 14208 0001,24000,50560,74560,21680,69790,91470,12010BEL
R72 14208 0002,23400,68830,92230,20330,72670,93000,12010BEL
R72 14208 0003,24000,45130,69130,21680,63180,84860,12010BEL
R72 14208 0004,24000,44750,68750,21680,59570,81250,12010BEL
R72 14208 0005,23800,39220,63020,21230,36600,57830,12010BEL
R72 14208 0006,24600,77450,102050,20160,95600,115760,12010BEL
R72 14208 0007,22200,56960,79160,18450,57220,75670,12010BEL
R72 14208 0008,24600,67610,92210,20460,81130,101590,12010BEL
R72 14208 0012,21780,39050,60830,19200,42630,61830,12010BEL
R72 14208 0013,26440,58910,85350,23740,59980,83720,12010BEL
R72 14208 0014,26440,59660,86100,23740,65350,89090,12010BEL
R72 14208 0015,21780,38420,60200,19200,39500,58700,12010BEL
R72 14208 0016,22990,56300,79290,20700,64910,85610,12010BEL
R72 14208 0017,36300,53070,89370,31620,55140,86760,12010BEL
R72 14208 0018,23400,25990,49390,20330,20350,40680,12010BEL
R72 14208 0019,26720,67660,94380,22390,70100,92490,12010BEL
R72 14208 0020,20400,48420,68820,16580,43820,60400,12010BEL
R72 14208 0022,20400,42640,63040,16580,47710,64290,12010BEL
R72 14208 0025,20400,52080,72480,16580,50930,67510,12010BEL
R72 14208 0026,20400,39760,60160,16580,48420,65000,12010BEL
R72 14208 0027,18360,45550,63910,14700,60300,75000,12010BEL
R72 14208 0028,18360,41670,60030,14700,43780,58480,12010BEL
R72 14208 0029,18360,43900,62260,14700,40190,54890,12010BEL
R72 14208 0030,18360,40870,59230,14700,37630,52330,12010BEL
R72 14208 0031,18360,60810,79170,14700,63420,78120,12010BEL
R72 14208 0032,18360,58400,76760,14700,61320,76020,12010BEL
R72 14208 0033,18360,60030,78390,14700,62170,76870,12010BEL
R72 14208 0034,18360,47210,65570,14700,53690,68390,12010BEL
R72 14208 0035,18360,52750,71110,14700,54730,69430,12010BEL
R72 14208 0036,18360,55130,73490,14700,57820,72520,12010BEL
R72 14208 0037,18360,54100,72460,14700,59740,74440,12010BEL
R72 14208 0038,18360,58810,77170,14700,69840,84540,12010BEL
R72 14208 0039,18770,65930,84700,15080,77450,92530,12010BEL
R72 14208 0040,18770,55120,73890,15080,59540,74620,12010BEL
R72 14208 0041,19380,51410,70790,15640,55470,71110,12010BEL
R72 14208 0042,17950,36060,54010,14330,41320,55650,12010BEL
R72 14208 0043,18160,38830,56990,14510,47920,62430,12010BEL
R72 14208 0044,18160,38940,57100,14510,43530,58040,12010BEL
R72 14208 0046,18360,53290,71650,14700,30260,44960,12010BEL
R72 14208 0047,18360,41560,59920,14700,39020,53720,12010BEL
R72 14208 0048,19380,52520,71900,15640,57740,73380,12010BEL
R72 14208 0049,20140,42280,62420,16310,39810,56120,12010BEL
R72 14208 0050,18360,42740,61100,14700,39480,54180,12010BEL
R72 14208 0051,18360,44530,62890,14700,82130,96830,12010BEL
R72 14208 0052,18360,42720,61080,14700,42500,57200,12010BEL
R72 14208 0053,19380,44530,63910,15640,50440,66080,12010BEL
R72 14208 0054,19990,63810,83800,16200,82580,98780,12010BEL
R72 14208 0056,24200,49970,74170,22200,67960,90160,12010BEL
R72 14208 0057,9080,0,9080,6620,0,6620,12010BEL
R72 14208 0061,24200,59000,83200,22200,75370,97570,12010BEL
R72 14208 0063,18160,38730,56890,14510,34990,49500,12010BEL
R72 14208 0065,23800,60600,84400,21230,64770,86000,12010BEL
R72 14208 0067,23400,55490,78890,20330,68860,89190,12010BEL
R72 14208 0068,22930,59530,82460,19800,68370,88170,12010BEL
R72 14208 0069,23400,44250,67650,20330,45920,66250,12010BEL
R72 14208 0070,21200,57990,79190,17330,59480,76810,12010BEL
R72 14208 0071,23400,20620,44020,20330,25740,46070,12010BEL
R72 14209 0001,19790,54090,73880,16010,70330,86340,12010BEL
R72 14209 0002,18360,45360,63720,14700,43580,58280,12010BEL
R72 14209 0003,18360,53360,71720,14700,52880,67580,12010BEL
R72 14209 0004,18360,39750,58110,14700,43010,57710,12010BEL
R72 14209 0005,18360,47550,65910,14700,45490,60190,12010BEL
R72 14209 0006,17640,73810,91450,14160,91700,105860,12010BEL
R72 14209 0007,18360,43360,61720,14700,47580,62280,12010BEL
R72 14209 0008,18360,48560,66920,14700,53750,68450,12010BEL
R72 14209 0009,18360,41990,60350,14700,47940,62640,12010BEL
R72 14209 0010,18360,43010,61370,14700,46810,61510,12010BEL
R72 14209 0011,18360,42900,61260,14700,48190,62890,12010BEL
R72 14209 0012,18360,47320,65680,14700,53110,67810,12010BEL
R72 14209 0014,18360,66660,85020,14700,74200,88900,12010BEL
R72 14209 0015,22440,68620,91060,18450,68470,86920,12010BEL
R72 14209 0016,18360,64530,82890,14700,70240,84940,12010BEL
R72 14209 0017,18360,59720,78080,14700,68560,83260,12010BEL
R72 14209 0018,18360,54220,72580,14700,80440,95140,12010BEL
R72 14209 0019,18360,58210,76570,14700,61810,76510,12010BEL
R72 14209 0020,18360,60970,79330,14700,67560,82260,12010BEL
R72 14209 0021,18360,62250,80610,14700,69640,84340,12010BEL
R72 14209 0022,18360,67800,86160,14700,70590,85290,12010BEL
R72 14209 0023,22440,65820,88260,18450,71240,89690,12010BEL
R72 14209 0025,20400,54050,74450,16580,60180,76760,12010BEL
R72 14209 0026,19380,59090,78470,15640,59340,74980,12010BEL
R72 14209 0028,20600,50140,70740,16760,49980,66740,12010BEL
R72 14209 0029,20600,44230,64830,16760,46520,63280,12010BEL
R72 14209 0031,24200,47900,72100,22200,59170,81370,12010BEL
R72 14209 0032,24200,87180,111380,22200,108700,130900,12010BEL
R72 14209 0033,23400,38650,62050,20330,41720,62050,12010BEL
R72 14209 0034,24200,40940,65140,22200,44750,66950,12010BEL
R72 14209 0035,18400,40470,58870,14760,43930,58690,12010BEL
R72 14209 0036,18400,45640,64040,14760,49420,64180,12010BEL
R72 14209 0037,18400,50070,68470,14760,52400,67160,12010BEL
R72 14209 0038,18360,46060,64420,14700,50750,65450,12010BEL
R72 14209 0039,21420,30070,51490,17510,38190,55700,12010BEL
R72 14209 0040,18360,46270,64630,14700,50800,65500,12010BEL
R72 14209 0041,18360,92370,110730,14700,106400,121100,12010BEL
R72 14209 0042,9180,0,9180,6620,0,6620,12010BEL
R72 14209 0043,18360,59820,78180,14700,58920,73620,12010BEL
R72 14209 0044,18970,50370,69340,15260,63140,78400,12010BEL
R72 14209 0045,18970,41550,60520,15260,45650,60910,12010BEL
R72 14209 0046,18970,45230,64200,15260,50310,65570,12010BEL
R72 14209 0047,18970,47250,66220,15260,51460,66720,12010BEL
R72 14209 0048,18970,38350,57320,15260,41350,56610,12010BEL
R72 14209 0049,18970,24380,43350,15260,15670,30930,12010BEL
R72 14209 0050,17000,50600,67600,13500,50370,63870,12010BEL
R72 14209 0051,18000,46940,64940,14400,44310,58710,12010BEL
R72 14209 0052,20000,40170,60170,16200,45670,61870,12010BEL
R72 14209 0053,23800,55280,79080,21230,72100,93330,12010BEL
R72 14209 0054,23800,63690,87490,21230,69990,91220,12010BEL
R72 14209 0055,24200,53520,77720,22200,63910,86110,12010BEL
R72 14209 0056,24200,46920,71120,22200,44790,66990,12010BEL
R72 14209 0057,24800,53340,78140,20760,68940,89700,12010BEL
R72 14209 0058,22260,51040,73300,18370,56810,75180,12010BEL
R72 14209 0059,21600,47820,69420,17700,64390,82090,12010BEL
R72 14209 0060,21840,54410,76250,18010,59150,77160,12010BEL
R72 14209 0061,20870,46660,67530,17170,54230,71400,12010BEL
R72 14209 0062,23530,54770,78300,19880,73550,93430,12010BEL
R72 14209 0064,25530,54210,79740,21920,68610,90530,12010BEL
R72 14209 0066,23090,50910,74000,19430,61180,80610,12010BEL
R72 14209 0073,18970,52330,71300,15260,55800,71060,12010BEL
R72 14209 0077,23400,22170,45570,20330,76050,96380,12010BEL
R72 14209 0078,23200,64410,87610,19880,79280,99160,12010BEL
R72 14209 0079,20400,57870,78270,16580,60080,76660,12010BEL
R72 14209 0080,23630,53810,77440,20590,52430,73020,12010BEL
R72 14209 0081,20400,61010,81410,16580,83240,99820,12010BEL
R72 14209 0083,23800,81020,104820,21230,86200,107430,12010BEL
R72 14210 0001,21240,46700,67940,17430,59780,77210,12010BEL
R72 14210 0002,20790,64990,85780,16970,82870,99840,12010BEL
R72 14210 0003,20790,39580,60370,16970,54740,71710,12010BEL
R72 14210 0004,20790,39450,60240,16970,50750,67720,12010BEL
R72 14210 0005,20790,39710,60500,16970,48890,65860,12010BEL
R72 14210 0006,21240,43070,64310,17430,57680,75110,12010BEL
R72 14210 0007,22000,38730,60730,18000,63090,81090,12010BEL
R72 14210 0008,22000,45390,67390,18000,54140,72140,12010BEL
R72 14210 0009,22000,65720,87720,18000,68730,86730,12010BEL
R72 14210 0010,22000,40030,62030,18000,46070,64070,12010BEL
R72 14210 0011,22000,38110,60110,18000,45660,63660,12010BEL
R72 14210 0012,22000,34330,56330,18000,42130,60130,12010BEL
R72 14210 0013,22000,35650,57650,18000,9770,27770,12010BEL
R72 14210 0014,22200,39770,61970,18180,62560,80740,12010BEL
R72 14210 0015,22000,32800,54800,18000,39410,57410,12010BEL
R72 14210 0016,22000,35470,57470,18000,43740,61740,12010BEL
R72 14210 0017,22000,31240,53240,18000,59780,77780,12010BEL
R72 14210 0018,22000,38290,60290,18000,63440,81440,12010BEL
R72 14210 0019,22000,40870,62870,18000,59470,77470,12010BEL
R72 14210 0020,22000,39150,61150,18000,51890,69890,12010BEL
R72 14210 0021,22000,50120,72120,18000,66640,84640,12010BEL
R72 14210 0022,22200,44170,66370,18180,65280,83460,12010BEL
R72 14210 0024,20790,44110,64900,16970,60630,77600,12010BEL
R72 14210 0025,20790,36930,57720,16970,45250,62220,12010BEL
R72 14210 0026,21340,31500,52840,17280,45590,62870,12010BEL
R72 14210 0027,22000,36720,58720,18000,45790,63790,12010BEL
R72 14210 0028,18800,49870,68670,15120,55050,70170,12010BEL
R72 14210 0029,22000,42500,64500,18000,65910,83910,12010BEL
R72 14210 0030,22000,47530,69530,18000,50510,68510,12010BEL
R72 14210 0031,22000,43710,65710,18000,63370,81370,12010BEL
R72 14210 0032,22000,37660,59660,18000,59240,77240,12010BEL
R72 14210 0033,22200,41680,63880,18180,64630,82810,12010BEL
R72 14210 0034,6600,0,6600,4510,0,4510,12010BEL
R72 14301 0007,23860,64310,88170,20250,72750,93000,12010BEL
R72 14301 0008,25960,49330,75290,22190,72810,95000,12010BEL
R72 14301 0009,600,0,600,580,0,580,12010BEL
R72 14301 0010,20340,46450,66790,16080,62540,78620,12010BEL
R72 14301 0011,23760,35620,59380,19990,79980,99970,12010BEL
R72 14301 0012,6500,35870,42370,23970,15600,39570,12010BEL
R72 14301 0013,31980,87160,119140,27360,111950,139310,12010BEL
R72 14301 0014,24400,42080,66480,20720,43300,64020,12010BEL
R72 14301 0016,24110,42200,66310,19830,39870,59700,12010BEL
R72 14301 0017,22390,43370,65760,18880,55780,74660,12010BEL
R72 14301 0018,24600,35340,59940,20400,38330,58730,12010BEL
R72 14301 0019,24110,51630,75740,19830,52400,72230,12010BEL
R72 14301 0020,24110,41830,65940,19830,50180,70010,12010BEL
R72 14301 0021,24600,45240,69840,20400,49160,69560,12010BEL
R72 14301 0025,25340,30740,56080,20850,66990,87840,12010BEL
R72 14301 0029,22690,55320,78010,20360,61280,81640,12010BEL
R72 14302 0002,21830,53790,75620,17960,73260,91220,12010BEL
R72 14302 0003,20970,55630,76600,17140,63590,80730,12010BEL
R72 14302 0004,20970,38140,59110,17140,54640,71780,12010BEL
R72 14302 0005,20970,48790,69760,17140,65370,82510,12010BEL
R72 14302 0006,20970,46320,67290,17140,61340,78480,12010BEL
R72 14302 0007,20970,48800,69770,17140,72480,89620,12010BEL
R72 14302 0008,20970,49130,70100,17140,57200,74340,12010BEL
R72 14302 0009,20970,49840,70810,17140,71720,88860,12010BEL
R72 14302 0010,20970,48260,69230,17140,55230,72370,12010BEL
R72 14302 0011,20970,56710,77680,17140,58940,76080,12010BEL
R72 14302 0012,20970,52750,73720,17140,67270,84410,12010BEL
R72 14302 0013,20970,51190,72160,17140,54450,71590,12010BEL
R72 14302 0014,21400,62270,83670,17550,70440,87990,12010BEL
R72 14302 0015,20760,66920,87680,16930,69110,86040,12010BEL
R72 14302 0016,21190,40710,61900,17340,49000,66340,12010BEL
R72 14302 0017,21190,44050,65240,17340,49930,67270,12010BEL
R72 14302 0018,21190,61000,82190,17340,61570,78910,12010BEL
R72 14302 0019,21190,55740,76930,17340,55310,72650,12010BEL
R72 14302 0020,21190,42480,63670,17340,37950,55290,12010BEL
R72 14302 0021,21190,55200,76390,17340,59550,76890,12010BEL
R72 14302 0022,21190,4460,25650,17340,5800,23140,12010BEL
R72 14302 0023,21190,48950,70140,17340,54520,71860,12010BEL
R72 14302 0024,21190,46620,67810,17340,53870,71210,12010BEL
R72 14302 0025,21190,46420,67610,17340,50680,68020,12010BEL
R72 14302 0026,21190,41050,62240,17340,50360,67700,12010BEL
R72 14302 0027,21190,52320,73510,17340,69540,86880,12010BEL
R72 14303 0001,17920,46900,64820,14360,68830,83190,12010BEL
R72 14303 0002,18030,45610,63640,16060,32900,48960,12010BEL
R72 14303 0004,17230,46800,64030,13820,76220,90040,12010BEL
R72 14303 0005,21190,49710,70900,17340,61360,78700,12010BEL
R72 14303 0006,21190,49910,71100,17340,54200,71540,12010BEL
R72 14303 0007,21190,53530,74720,17340,58370,75710,12010BEL
R72 14303 0008,21190,43460,64650,17340,44790,62130,12010BEL
R72 14303 0009,21190,45440,66630,17340,59040,76380,12010BEL
R72 14303 0010,21190,42800,63990,17340,52320,69660,12010BEL
R72 14303 0011,21190,37430,58620,17340,48790,66130,12010BEL
R72 14303 0012,21190,51490,72680,17340,73330,90670,12010BEL
R72 14303 0013,21190,47720,68910,17340,57400,74740,12010BEL
R72 14303 0014,21190,48710,69900,17340,52390,69730,12010BEL
R72 14303 0016,22260,49280,71540,18380,48150,66530,12010BEL
R72 14303 0017,21190,46590,67780,17340,66560,83900,12010BEL
R72 14303 0018,21190,51120,72310,17340,61640,78980,12010BEL
R72 14303 0019,21190,49540,70730,17340,62800,80140,12010BEL
R72 14303 0020,21190,37570,58760,17340,46440,63780,12010BEL
R72 14303 0021,18190,39540,57730,14450,49230,63680,12010BEL
R72 14303 0022,18190,34930,53120,14450,42270,56720,12010BEL
R72 14303 0024,22040,50180,72220,18170,88030,106200,12010BEL
R72 14303 0026,26320,54760,81080,22310,56770,79080,12010BEL
R72 14303 0028,21190,42100,63290,17340,40780,58120,12010BEL
R72 14303 0029,20330,39280,59610,16520,44290,60810,12010BEL
R72 14303 0032,21400,48750,70150,17550,87310,104860,12010BEL
R72 14303 0033,18060,52350,70410,14460,65940,80400,12010BEL
R72 14303 0034,19400,40390,59790,15680,46230,61910,12010BEL
R72 14303 0035,21190,38490,59680,17340,44880,62220,12010BEL
R72 14303 0036,21190,44970,66160,17340,50050,67390,12010BEL
R72 14303 0037,10590,0,10590,7820,0,7820,12010BEL
R72 14303 0038,21190,68990,90180,17340,91490,108830,12010BEL
R72 14303 0039,21190,42250,63440,17340,49260,66600,12010BEL
R72 14303 0040,21190,47520,68710,17340,55190,72530,12010BEL
R72 14303 0041,20330,52040,72370,16520,58550,75070,12010BEL
R72 14303 0042,20330,44590,64920,16520,47000,63520,12010BEL
R72 14303 0044,22900,46540,69440,19000,52670,71670,12010BEL
R72 14303 0046,21190,38760,59950,17340,35650,52990,12010BEL
R72 14303 0048,13200,37050,50250,11250,46240,57490,12010BEL
R72 14303 0049,1000,0,1000,190,0,190,12010BEL
R72 14304 0001,20980,43460,64440,16800,63530,80330,12010BEL
R72 14304 0002,21600,32510,54110,17700,24950,42650,12010BEL
R72 14304 0003,24200,44940,69140,22200,43220,65420,12010BEL
R72 14304 0004,36300,64280,100580,31620,79580,111200,12010BEL
R72 14304 0005,24200,54580,78780,22200,56230,78430,12010BEL
R72 14304 0006,24200,50870,75070,22200,56700,78900,12010BEL
R72 14304 0007,24200,82320,106520,22200,85520,107720,12010BEL
R72 14304 0008,24200,49990,74190,22200,61190,83390,12010BEL
R72 14304 0009,24200,46270,70470,22200,66080,88280,12010BEL
R72 14304 0010,24200,53160,77360,22200,61380,83580,12010BEL
R72 14304 0011,21780,32010,53790,19200,63420,82620,12010BEL
R72 14304 0012,21780,46390,68170,19200,49890,69090,12010BEL
R72 14304 0013,21780,42730,64510,19200,43430,62630,12010BEL
R72 14304 0014,21780,40940,62720,19200,39720,58920,12010BEL
R72 14304 0015,21780,56800,78580,19200,62870,82070,12010BEL
R72 14304 0016,24200,45110,69310,22200,55060,77260,12010BEL
R72 14304 0017,24200,55180,79380,22200,79520,101720,12010BEL
R72 14304 0018,24200,51390,75590,22200,53300,75500,12010BEL
R72 14304 0019,24200,17240,41440,22200,44510,66710,12010BEL
R72 14304 0020,24200,71380,95580,22200,77460,99660,12010BEL
R72 14304 0021,24200,92500,116700,22200,136100,158300,12010BEL
R72 14304 0022,24200,42750,66950,22200,38990,61190,12010BEL
R72 14304 0023,24200,38780,62980,22200,47050,69250,12010BEL
R72 14304 0024,23470,35620,59090,21300,35300,56600,12010BEL
R72 14304 0025,24200,56430,80630,22200,84080,106280,12010BEL
R72 14304 0026,23960,47810,71770,21900,53010,74910,12010BEL
R72 14304 0027,24200,94520,118720,22200,100800,123000,12010BEL
R72 14304 0028,32010,29670,61680,27800,37740,65540,12010BEL
R72 14304 0029,20240,53490,73730,16200,80630,96830,12010BEL
R72 14304 0030,23550,33730,57280,18900,51590,70490,12010BEL
R72 14304 0031,20980,70780,91760,16800,60690,77490,12010BEL
R72 14304 0032,24200,47920,72120,22200,70890,93090,12010BEL
R72 14304 0033,24200,74150,98350,22200,82770,104970,12010BEL
R72 14304 0034,4180,0,4180,1110,11600,12710,12010BEL
R72 14304 0035,610,0,610,670,0,670,12000BEL
R72 14304 0036,640,0,640,640,0,640,12000BEL
R72 14305 0001,21780,43170,64950,19200,50350,69550,12010BEL
R72 14305 0002,21780,44650,66430,19200,54090,73290,12010BEL
R72 14305 0003,21780,49490,71270,19200,57800,77000,12010BEL
R72 14305 0005,26620,48050,74670,22680,60080,82760,12010BEL
R72 14305 0007,21780,60140,81920,19200,68380,87580,12010BEL
R72 14305 0008,21780,44460,66240,19200,60630,79830,12010BEL
R72 14305 0009,21780,56640,78420,19200,71050,90250,12010BEL
R72 14305 0010,21780,52060,73840,19200,62210,81410,12010BEL
R72 14305 0011,21780,43730,65510,19200,62660,81860,12010BEL
R72 14305 0012,22260,57410,79670,19800,73830,93630,12010BEL
R72 14305 0013,19340,39280,58620,15590,50440,66030,12010BEL
R72 14305 0014,22990,52140,75130,20700,83280,103980,12010BEL
R72 14305 0015,24200,50750,74950,22200,80460,102660,12010BEL
R72 14305 0016,8470,0,8470,5930,0,5930,12010BEL
R72 14305 0017,24200,59300,83500,22200,77660,99860,12010BEL
R72 14305 0018,24200,40370,64570,22200,54660,76860,12010BEL
R72 14305 0019,24200,53660,77860,22200,86720,108920,12010BEL
R72 14305 0020,24200,44020,68220,22200,65590,87790,12010BEL
R72 14305 0021,24200,43780,67980,22200,64670,86870,12010BEL
R72 14305 0022,24200,60830,85030,22200,90070,112270,12010BEL
R72 14305 0023,24200,63730,87930,22200,89860,112060,12010BEL
R72 14305 0024,24200,49660,73860,22200,76100,98300,12010BEL
R72 14305 0025,24200,38620,62820,24000,25000,49000,12010BEL
R72 14305 0026,24200,33920,58120,22200,43440,65640,12010BEL
R72 14305 0027,21780,56090,77870,19200,53670,72870,12010BEL
R72 14305 0028,21780,43760,65540,19200,43290,62490,12010BEL
R72 14305 0029,21780,36470,58250,19200,42690,61890,12010BEL
R72 14305 0030,21780,34830,56610,19200,41280,60480,12010BEL
R72 14305 0031,21780,44220,66000,19200,55610,74810,12010BEL
R72 14305 0032,21780,43420,65200,19200,51810,71010,12010BEL
R72 14305 0033,21780,41700,63480,19200,50700,69900,12010BEL
R72 14305 0034,21780,51580,73360,19200,54150,73350,12010BEL
R72 14305 0035,24200,36820,61020,22200,44680,66880,12010BEL
R72 14305 0036,24200,34360,58560,22200,45810,68010,12010BEL
R72 14305 0037,24200,60120,84320,22200,77920,100120,12010BEL
R72 14305 0038,21780,42350,64130,19200,43940,63140,12010BEL
R72 14305 0040,21780,39420,61200,19200,38470,57670,12010BEL
R72 14305 0041,21780,42080,63860,19200,43820,63020,12010BEL
R72 14305 0043,8470,0,8470,5930,0,5930,12010BEL
R72 14306 0001,24200,46350,70550,22200,96920,119120,12010BEL
R72 14306 0002,36300,53560,89860,31620,69270,100890,12010BEL
R72 14306 0003,24200,41630,65830,22200,59280,81480,12010BEL
R72 14306 0004,24200,42950,67150,22200,68640,90840,12010BEL
R72 14306 0005,24200,45810,70010,24670,42960,67630,12010BEL
R72 14306 0006,24200,79930,104130,22200,114350,136550,12010BEL
R72 14306 0007,12100,0,12100,10040,0,10040,12010BEL
R72 14306 0008,24200,42410,66610,22200,56620,78820,12010BEL
R72 14306 0009,24200,40610,64810,22200,62470,84670,12010BEL
R72 14306 0010,24200,41130,65330,22200,72660,94860,12010BEL
R72 14306 0011,24200,57240,81440,22200,71560,93760,12010BEL
R72 14306 0012,24200,69700,93900,22200,84780,106980,12010BEL
R72 14306 0013,22750,54780,77530,20400,68710,89110,12010BEL
R72 14306 0014,22750,53950,76700,20400,60540,80940,12010BEL
R72 14306 0016,22750,48560,71310,20400,60500,80900,12010BEL
R72 14306 0017,24200,51240,75440,22200,67510,89710,12010BEL
R72 14306 0018,24200,54040,78240,22200,58750,80950,12010BEL
R72 14306 0020,24200,59590,83790,22200,63890,86090,12010BEL
R72 14306 0021,22200,59350,81550,18450,105330,123780,12010BEL
R72 14306 0022,36300,65530,101830,31620,95950,127570,12010BEL
R72 14306 0023,24200,63260,87460,22200,64780,86980,12010BEL
R72 14306 0024,24200,48650,72850,22200,55990,78190,12010BEL
R72 14306 0025,24200,43140,67340,22200,66790,88990,12010BEL
R72 14306 0026,24200,52650,76850,22200,60720,82920,12010BEL
R72 14306 0027,24200,49090,73290,22200,65060,87260,12010BEL
R72 14306 0028,24200,56140,80340,22200,84000,106200,12010BEL
R72 14306 0031,23600,56350,79950,20550,58210,78760,12010BEL
R72 14307 0001,24200,48030,72230,22200,78780,100980,12010BEL
R72 14307 0002,24200,54450,78650,22200,61280,83480,12010BEL
R72 14307 0003,24200,52600,76800,22200,61750,83950,12010BEL
R72 14307 0004,24200,40450,64650,22200,51180,73380,12010BEL
R72 14307 0005,24200,61400,85600,22200,68500,90700,12010BEL
R72 14307 0006,24200,52330,76530,22200,62560,84760,12010BEL
R72 14307 0007,24200,46440,70640,22200,59620,81820,12010BEL
R72 14307 0008,24200,53680,77880,22200,62280,84480,12010BEL
R72 14307 0009,24200,64710,88910,22200,94910,117110,12010BEL
R72 14307 0010,22510,35780,58290,20100,42600,62700,12010BEL
R72 14307 0011,21300,33790,55090,18600,40810,59410,12010BEL
R72 14307 0012,22540,46840,69380,19150,59790,78940,12010BEL
R72 14307 0013,20240,34550,54790,16290,58710,75000,12010BEL
R72 14307 0016,24420,47100,71520,23000,35500,58500,12010BEL
R72 14307 0017,23800,50100,73900,21150,87170,108320,12010BEL
R72 14307 0018,22200,51760,73960,18530,71140,89670,12010BEL
R72 14307 0019,20600,16230,36830,16800,44510,61310,12010BEL
R72 14307 0020,18600,66380,84980,14930,70880,85810,12010BEL
R72 14307 0021,23700,61000,84700,18220,81980,100200,12010BEL
R72 14307 0026,19210,50900,70110,15230,65190,80420,12010BEL
R72 14307 0027,12730,29740,42470,9820,48260,58080,12010BEL
R72 14307 0028,23800,47180,70980,18680,56990,75670,12010BEL
R72 14307 0029,18810,36640,55450,15140,44130,59270,12010BEL
R72 14307 0030,19440,20560,40000,15600,33240,48840,12010BEL
R72 14307 0031,19440,57120,76560,15600,61280,76880,12010BEL
R72 14307 0032,19440,44510,63950,15600,70390,85990,12010BEL
R72 14307 0033,19440,47390,66830,15600,62400,78000,12010BEL
R72 14307 0034,19440,47080,66520,15600,71200,86800,12010BEL
R72 14307 0035,16690,48740,65430,13150,56800,69950,12010BEL
R72 14307 0036,22150,33940,56090,18160,39630,57790,12010BEL
R72 14307 0037,24850,38020,62870,20560,46390,66950,12010BEL
R72 14307 0043,20800,36490,57290,16950,5310,22260,12010BEL
R72 14307 0047,20780,49950,70730,16920,61170,78090,12010BEL
R72 14307 0049,21360,44940,66300,18320,65470,83790,12010BEL
R72 14307 0051,24200,54200,78400,22200,63540,85740,12010BEL
R72 14307 0052,24200,45440,69640,22200,58000,80200,12010BEL
R72 14307 0053,36300,67880,104180,31620,91150,122770,12010BEL
R72 14307 0055,4060,3180,7240,3020,4150,7170,12010BEL
R72 14307 0056,24200,70990,95190,22200,80000,102200,12010BEL
R72 14307 0057,24200,51280,75480,22200,57070,79270,12010BEL
R72 14307 0058,24200,46380,70580,22200,64820,87020,12010BEL
R72 14307 0061,24200,69870,94070,22200,74180,96380,12010BEL
R72 14307 0062,1060,0,1060,760,0,760,12010BEL
R72 14308 0002,24200,59820,84020,22200,68170,90370,12010BEL
R72 14308 0003,24200,42370,66570,22200,60750,82950,12010BEL
R72 14308 0004,24200,51390,75590,22200,53180,75380,12010BEL
R72 14308 0005,24200,44660,68860,22200,48920,71120,12010BEL
R72 14308 0006,24200,58690,82890,22200,68330,90530,12010BEL
R72 14308 0007,24200,49560,73760,22200,73820,96020,12010BEL
R72 14308 0008,24200,43180,67380,22200,49390,71590,12010BEL
R72 14308 0010,22750,43280,66030,20400,47790,68190,12010BEL
R72 14308 0011,18580,55270,73850,14850,64010,78860,12010BEL
R72 14308 0012,19500,63780,83280,14850,63760,78610,12010BEL
R72 14308 0013,35090,59130,94220,30350,115050,145400,12010BEL
R72 14308 0021,21160,49310,70470,16950,54680,71630,12010BEL
R72 14308 0022,24200,48900,73100,22200,55420,77620,12010BEL
R72 14308 0024,24200,47810,72010,22200,61210,83410,12010BEL
R72 14308 0025,24200,59290,83490,22200,57990,80190,12010BEL
R72 14308 0026,24200,58530,82730,22200,66190,88390,12010BEL
R72 14308 0027,24200,67830,92030,22200,81560,103760,12010BEL
R72 14308 0028,24200,18710,42910,22200,56120,78320,12010BEL
R72 14308 0029,24200,64490,88690,22200,68610,90810,12010BEL
R72 14308 0030,24160,64450,88610,21970,72370,94340,12010BEL
R72 14308 0031,19440,52720,72160,15600,75880,91480,12010BEL
R72 14308 0032,19440,48300,67740,15600,60460,76060,12010BEL
R72 14308 0033,19440,62500,81940,15600,64530,80130,12010BEL
R72 14308 0034,19440,54790,74230,15600,70430,86030,12010BEL
R72 14308 0035,19440,64680,84120,15600,72050,87650,12010BEL
R72 14308 0036,19440,50980,70420,15600,50550,66150,12010BEL
R72 14308 0037,19440,59760,79200,15600,63860,79460,12010BEL
R72 14308 0038,19440,51810,71250,15600,68160,83760,12010BEL
R72 14308 0039,19440,61490,80930,15600,86560,102160,12010BEL
R72 14308 0040,19440,54270,73710,15600,62420,78020,12010BEL
R72 14308 0041,19440,62280,81720,15600,77710,93310,12010BEL
R72 14308 0042,19440,72310,91750,15600,86080,101680,12010BEL
R72 14308 0043,16490,53100,69590,13130,56710,69840,12010BEL
R72 14308 0044,16490,35000,51490,13130,42810,55940,12010BEL
R72 14308 0045,16490,38250,54740,13130,40000,53130,12010BEL
R72 14308 0046,16490,1930,18420,13130,9330,22460,12010BEL
R72 14308 0047,16490,48000,64490,13130,53140,66270,12010BEL
R72 14308 0048,16490,45970,62460,13130,66020,79150,12010BEL
R72 14308 0049,16490,38740,55230,13130,41910,55040,12010BEL
R72 14308 0050,16490,40220,56710,13130,44350,57480,12010BEL
R72 14308 0051,8250,0,8250,5900,0,5900,12010BEL
R72 14308 0052,16490,67580,84070,13130,69710,82840,12010BEL
R72 14308 0053,17850,45490,63340,14180,50600,64780,12010BEL
R72 14308 0054,16490,37730,54220,13130,28970,42100,12010BEL
R72 14308 0055,16490,48510,65000,13130,48870,62000,12010BEL
R72 14308 0056,16490,47910,64400,13130,42800,55930,12010BEL
R72 14308 0057,16490,51790,68280,13130,73750,86880,12010BEL
R72 14308 0058,20000,47840,67840,18000,52770,70770,12010BEL
R72 14308 0059,24640,47130,71770,22580,62750,85330,12010BEL
R72 14308 0060,24200,58280,82480,22200,62150,84350,12010BEL
R72 14308 0061,24200,54520,78720,22200,59530,81730,12010BEL
R72 14308 0063,23460,40540,64000,19290,65410,84700,12010BEL
R72 14308 0066,24200,61630,85830,22200,84510,106710,12010BEL
R72 14309 0001,7500,66040,73540,6460,87430,93890,12010BEL
R72 14309 0002,22640,42390,65030,18900,51380,70280,12010BEL
R72 14309 0003,18790,50810,69600,15000,60470,75470,12010BEL
R72 14309 0004,18600,39100,57700,14850,46220,61070,12010BEL
R72 14309 0005,22600,50680,73280,18900,60820,79720,12010BEL
R72 14309 0006,22640,42240,64880,18900,44690,63590,12010BEL
R72 14309 0007,24200,53070,77270,22200,63840,86040,12010BEL
R72 14309 0008,24200,44710,68910,22200,53070,75270,12010BEL
R72 14309 0009,24200,76360,100560,22200,89770,111970,12010BEL
R72 14309 0010,24200,60860,85060,22200,65470,87670,12010BEL
R72 14309 0011,24200,39830,64030,22200,47210,69410,12010BEL
R72 14309 0012,24200,65880,90080,22200,65280,87480,12010BEL
R72 14309 0013,24200,67820,92020,22200,69930,92130,12010BEL
R72 14309 0014,24200,61610,85810,22200,66950,89150,12010BEL
R72 14309 0015,21780,67120,88900,19200,65770,84970,12010BEL
R72 14309 0016,24200,41590,65790,22200,45150,67350,12010BEL
R72 14309 0017,22880,59590,82470,18900,55100,74000,12010BEL
R72 14309 0018,24200,44310,68510,22200,22510,44710,12010BEL
R72 14309 0020,24000,45170,69170,21900,50010,71910,12010BEL
R72 14309 0021,24800,50260,75060,20760,57880,78640,12010BEL
R72 14309 0022,22200,43740,65940,18450,47940,66390,12010BEL
R72 14309 0023,24200,51840,76040,22200,66060,88260,12010BEL
R72 14309 0025,24200,46350,70550,22200,44630,66830,12010BEL
R72 14309 0027,24200,81950,106150,22200,110100,132300,12010BEL
R72 14309 0028,24200,62520,86720,22200,71290,93490,12010BEL
R72 14309 0029,24200,46030,70230,22200,51820,74020,12010BEL
R72 14309 0030,24200,45660,69860,22200,68900,91100,12010BEL
R72 14309 0031,24200,52600,76800,22200,50280,72480,12010BEL
R72 14309 0032,24200,66250,90450,22200,77260,99460,12010BEL
R72 14309 0033,24200,40860,65060,22200,38080,60280,12010BEL
R72 14309 0034,24200,46930,71130,24670,22110,46780,12010BEL
R72 14309 0035,24200,41050,65250,22200,46810,69010,12010BEL
R72 14309 0036,18190,61580,79770,14450,89890,104340,12010BEL
R72 14309 0037,18190,36100,54290,14450,39620,54070,12010BEL
R72 14309 0038,18190,55480,73670,14450,63230,77680,12010BEL
R72 14309 0039,18190,52720,70910,14450,58160,72610,12010BEL
R72 14309 0040,18190,45040,63230,14450,43880,58330,12010BEL
R72 14309 0041,18190,65160,83350,14450,66040,80490,12010BEL
R72 14309 0042,18190,45560,63750,14450,56040,70490,12010BEL
R72 14309 0043,18190,47120,65310,14450,66740,81190,12010BEL
R72 14309 0044,18190,37690,55880,14450,68710,83160,12010BEL
R72 14309 0045,18190,54130,72320,14450,44300,58750,12010BEL
R72 14309 0046,20740,34660,55400,16860,36140,53000,12010BEL
R72 14309 0047,20090,33470,53560,16230,35070,51300,12010BEL
R72 14309 0048,20090,47260,67350,16230,49070,65300,12010BEL
R72 14309 0049,20740,44210,64950,16860,39990,56850,12010BEL
R72 14309 0050,19890,46870,66760,16490,45850,62340,12010BEL
R72 14309 0051,19890,48450,68340,16340,49290,65630,12010BEL
R72 14309 0052,19890,50690,70580,16340,37420,53760,12010BEL
R72 14309 0053,19890,50930,70820,16340,56980,73320,12010BEL
R72 14309 0054,19890,44000,63890,16340,47410,63750,12010BEL
R72 14309 0055,19890,41460,61350,16340,40660,57000,12010BEL
R72 14309 0058,24200,55390,79590,22200,74220,96420,12010BEL
R72 14402 0001,14230,45950,60180,14300,45870,60170,33000BEL
R72 14402 0002,17150,48280,65430,17080,49960,67040,33000BEL
R72 14402 0004,17150,54560,71710,17160,81120,98280,33000BEL
R72 14402 0006,14090,48100,62190,14160,57810,71970,33000BEL
R72 14402 0007,7040,2530,9570,7080,3310,10390,33000BEL
R72 14402 0008,6960,0,6960,6330,0,6330,33000BEL
R72 14402 0009,14090,54970,69060,14160,63740,77900,33000BEL
R72 14402 0011,13750,43380,57130,13830,55800,69630,33000BEL
R72 14402 0012,13780,39380,53160,13900,43160,57060,33000BEL
R72 14402 0015,14350,43530,57880,14370,48080,62450,33000BEL
R72 14402 0016,16100,40430,56530,16120,62710,78830,33000BEL
R72 14402 0017,7080,0,7080,7050,0,7050,33000BEL
R72 14402 0018,17150,47140,64290,17170,66630,83800,33000BEL
R72 14402 0020,17150,58960,76110,17170,62320,79490,33000BEL
R72 14402 0022,17150,63510,80660,17170,86270,103440,33000BEL
R72 14402 0024,17150,31990,49140,17170,24380,41550,33000BEL
R72 14402 0026,14530,38030,52560,14540,44970,59510,33000BEL
R72 14402 0027,5850,0,5850,5280,0,5280,33000BEL
R72 14402 0028,14530,42350,56880,14540,43810,58350,33000BEL
R72 14402 0029,17500,51650,69150,17520,60090,77610,33000BEL
R72 14402 0031,17500,64150,81650,17520,77050,94570,33000BEL
R72 14402 0033,14530,42780,57310,14540,43790,58330,33000BEL
R72 14402 0036,17500,47940,65440,17520,59450,76970,33000BEL
R72 14402 0038,14530,38260,52790,14540,40670,55210,33000BEL
R72 14402 0039,14530,44680,59210,14540,55680,70220,33000BEL
R72 14402 0040,19950,62050,82000,19970,69440,89410,33000BEL
R72 14402 0041,17150,49110,66260,17170,50930,68100,33000BEL
R72 14402 0043,17150,57440,74590,17170,66700,83870,33000BEL
R72 14402 0045,19950,53610,73560,19970,100180,120150,33000BEL
R72 14402 0047,13860,50690,64550,14370,56190,70560,33000BEL
R72 14402 0049,14350,33800,48150,14370,35810,50180,33000BEL
R72 14402 0050,14350,33630,47980,14370,31070,45440,33000BEL
R72 14402 0051,16280,57380,73660,16290,63210,79500,33000BEL
R72 14402 0052,16280,54870,71150,16290,74400,90690,33000BEL
R72 14402 0054,16280,59540,75820,16290,59370,75660,33000BEL
R72 14402 0055,17150,43210,60360,17170,41750,58920,33000BEL
R72 14402 0057,14350,46680,61030,14370,54500,68870,33000BEL
R72 14402 0059,17330,50260,67590,17340,58860,76200,33000BEL
R72 14402 0061,14530,55320,69850,14540,60880,75420,33000BEL
R72 14402 0062,17500,42860,60360,17520,47580,65100,33000BEL
R72 14402 0064,14530,43930,58460,14540,58950,73490,33000BEL
R72 14402 0065,17500,53980,71480,17520,72590,90110,33000BEL
R72 14402 0067,20300,59050,79350,20320,66480,86800,33000BEL
R72 14402 0068,14530,33260,47790,14540,25680,40220,33000BEL
R72 14402 0069,7250,0,7250,6540,0,6540,33000BEL
R72 14402 0070,14530,41930,56460,14540,46310,60850,33000BEL
R72 14402 0071,14530,44660,59190,14540,46070,60610,33000BEL
R72 14402 0072,16450,41870,58320,16470,49240,65710,33000BEL
R72 14402 0074,16450,72120,88570,16470,74080,90550,33000BEL
R72 14402 0076,16450,49530,65980,16470,54250,70720,33000BEL
R72 14402 0078,14350,53990,68340,14370,54550,68920,33000BEL
R72 14402 0079,7170,0,7170,6460,0,6460,33000BEL
R72 14402 0080,17500,66820,84320,17520,70740,88260,33000BEL
R72 14402 0082,16800,53590,70390,16820,66810,83630,33000BEL
R72 14402 0083,14350,42480,56830,14370,49820,64190,33000BEL
R72 14402 0084,14350,55440,69790,14370,65500,79870,33000BEL
R72 14402 0085,17150,54050,71200,17170,60450,77620,33000BEL
R72 14402 0086,14350,39980,54330,14370,66920,81290,33000BEL
R72 14402 0087,7170,0,7170,6460,0,6460,33000BEL
R72 14402 0088,17150,53050,70200,17170,65590,82760,33000BEL
R72 14402 0090,17150,63470,80620,17170,91810,108980,33000BEL
R72 14402 0092,17150,66090,83240,17170,72420,89590,33000BEL
R72 14402 0094,15750,67120,82870,15770,63950,79720,33000BEL
R72 14402 0096,15750,63390,79140,15770,64180,79950,33000BEL
R72 14402 0097,14350,43350,57700,14370,45710,60080,33000BEL
R72 14402 0098,14350,62900,77250,14370,69940,84310,33000BEL
R72 14402 0099,5180,0,5180,5200,0,5200,33000BEL
R72 14402 0100,17150,56720,73870,17170,54860,72030,33000BEL
R72 14402 0102,14350,48930,63280,14370,47220,61590,33000BEL
R72 14402 0104,7170,0,7170,6460,0,6460,33000BEL
R72 14402 0105,14350,40870,55220,14370,43160,57530,33000BEL
R72 14402 0110,13970,58900,72870,14370,65540,79910,33000BEL
R72 14402 0115,5260,0,5260,5280,0,5280,33000BEL
R72 14403 0001,8570,0,8570,7730,0,7730,33000BEL
R72 14403 0003,17150,60970,78120,17170,77430,94600,33000BEL
R72 14403 0004,17150,48430,65580,17170,56550,73720,33000BEL
R72 14403 0005,14350,45140,59490,14370,45980,60350,33000BEL
R72 14403 0006,17330,46380,63710,17340,55330,72670,33000BEL
R72 14403 0008,17500,47670,65170,17520,50200,67720,33000BEL
R72 14403 0010,14530,54070,68600,14540,64060,78600,33000BEL
R72 14403 0011,14530,45120,59650,14540,45100,59640,33000BEL
R72 14403 0012,14530,34520,49050,14540,39130,53670,33000BEL
R72 14403 0013,14530,72280,86810,14540,75010,89550,33000BEL
R72 14403 0014,7250,0,7250,6540,0,6540,33000BEL
R72 14403 0015,17500,61430,78930,17520,68970,86490,33000BEL
R72 14403 0016,17500,52330,69830,17520,59690,77210,33000BEL
R72 14403 0018,17500,59680,77180,17520,79430,96950,33000BEL
R72 14403 0020,14530,40570,55100,14540,42120,56660,33000BEL
R72 14403 0021,14530,40620,55150,14540,40960,55500,33000BEL
R72 14403 0022,14530,45400,59930,14540,52090,66630,33000BEL
R72 14403 0023,17150,46740,63890,17170,67910,85080,33000BEL
R72 14403 0025,17150,52830,69980,17170,62210,79380,33000BEL
R72 14403 0027,17500,40110,57610,17520,48630,66150,33000BEL
R72 14403 0029,15580,54270,69850,15590,58660,74250,33000BEL
R72 14403 0030,15750,49680,65430,15770,53900,69670,33000BEL
R72 14403 0032,14350,18480,32830,14370,61370,75740,33000BEL
R72 14403 0033,7170,0,7170,6460,0,6460,33000BEL
R72 14403 0034,14350,47530,61880,14370,55190,69560,33000BEL
R72 14403 0035,14350,47480,61830,14370,45840,60210,33000BEL
R72 14403 0036,14350,33730,48080,14370,50510,64880,33000BEL
R72 14403 0037,14350,45220,59570,14370,51000,65370,33000BEL
R72 14403 0038,14350,32050,46400,14370,34690,49060,33000BEL
R72 14403 0039,14530,50340,64870,14540,56400,70940,33000BEL
R72 14403 0040,17500,37320,54820,17520,42890,60410,33000BEL
R72 14403 0042,17500,57780,75280,17520,68480,86000,33000BEL
R72 14403 0044,14530,56570,71100,14540,62460,77000,33000BEL
R72 14403 0045,14530,44040,58570,14540,44770,59310,33000BEL
R72 14403 0046,14530,43560,58090,14540,53070,67610,33000BEL
R72 14403 0047,14530,48920,63450,14540,52210,66750,33000BEL
R72 14403 0048,16980,52550,69530,16990,67750,84740,33000BEL
R72 14403 0050,17850,39070,56920,17870,50390,68260,33000BEL
R72 14403 0052,14530,26530,41060,14540,14010,28550,33000BEL
R72 14403 0053,14530,40060,54590,14540,36120,50660,33000BEL
R72 14403 0054,14530,44720,59250,14540,52070,66610,33000BEL
R72 14403 0055,14640,48590,63230,14550,54350,68900,33000BEL
R72 14403 0056,14350,43960,58310,14370,47990,62360,33000BEL
R72 14403 0057,14350,49670,64020,14370,56350,70720,33000BEL
R72 14403 0058,19950,42340,62290,19970,60400,80370,33000BEL
R72 14403 0060,14350,50720,65070,14370,60810,75180,33000BEL
R72 14403 0061,7170,0,7170,6460,0,6460,33000BEL
R72 14403 0062,14350,30740,45090,14370,29500,43870,33000BEL
R72 14403 0063,17150,40750,57900,17170,54330,71500,33000BEL
R72 14403 0065,17150,63020,80170,17170,81330,98500,33000BEL
R72 14403 0067,14350,42100,56450,14370,42840,57210,33000BEL
R72 14403 0068,14350,42370,56720,14370,42670,57040,33000BEL
R72 14403 0069,14350,51000,65350,14370,50430,64800,33000BEL
R72 14403 0070,17500,58770,76270,17520,66980,84500,33000BEL
R72 14403 0072,16800,79640,96440,16820,105010,121830,33000BEL
R72 14403 0074,15230,53800,69030,15240,90350,105590,33000BEL
R72 14403 0075,14530,47470,62000,14540,48160,62700,33000BEL
R72 14403 0076,14530,56890,71420,14540,61680,76220,33000BEL
R72 14403 0077,14530,15120,29650,14540,15400,29940,33000BEL
R72 14403 0078,15110,53090,68200,15020,61370,76390,33000BEL
R72 14403 0079,15110,43780,58890,15020,43360,58380,33000BEL
R72 14403 0080,15110,42560,57670,15020,43710,58730,33000BEL
R72 14403 0081,15110,44800,59910,15020,57690,72710,33000BEL
R72 14403 0082,15110,40260,55370,15020,41430,56450,33000BEL
R72 14403 0083,15110,46590,61700,15020,50330,65350,33000BEL
R72 14403 0084,15110,49680,64790,15020,55820,70840,33000BEL
R72 14403 0085,14920,60480,75400,14830,70460,85290,33000BEL
R72 14403 0086,5860,0,5860,5780,0,5780,33000BEL
R72 14403 0087,17470,53840,71310,17490,63250,80740,33000BEL
R72 14403 0088,17150,44750,61900,17170,54000,71170,33000BEL
R72 14403 0090,17150,48020,65170,17170,70630,87800,33000BEL
R72 14403 0092,14350,43070,57420,14370,42960,57330,33000BEL
R72 14403 0093,14350,36550,50900,14370,29200,43570,33000BEL
R72 14403 0094,14350,40530,54880,14370,46580,60950,33000BEL
R72 14403 0095,14350,44780,59130,14370,48560,62930,33000BEL
R72 14403 0096,14350,50650,65000,14370,52030,66400,33000BEL
R72 14403 0097,14350,45720,60070,14370,56780,71150,33000BEL
R72 14403 0098,14350,47560,61910,14370,56560,70930,33000BEL
R72 14403 0099,19950,51370,71320,19970,53950,73920,33000BEL
R72 14403 0102,14350,48650,63000,14370,49180,63550,33000BEL
R72 14403 0103,14350,44840,59190,14370,52410,66780,33000BEL
R72 14403 0104,14350,47940,62290,14370,57090,71460,33000BEL
R72 14403 0105,14350,55580,69930,14370,69970,84340,33000BEL
R72 14403 0106,14350,52770,67120,14370,59570,73940,33000BEL
R72 14403 0107,14350,44230,58580,14370,46220,60590,33000BEL
R72 14403 0108,14350,56560,70910,14370,63440,77810,33000BEL
R72 14403 0109,14350,42520,56870,14370,45210,59580,33000BEL
R72 14403 0110,14350,33620,47970,14370,32550,46920,33000BEL
R72 14403 0111,14350,49880,64230,14370,51500,65870,33000BEL
R72 14403 0112,14350,41130,55480,14370,42840,57210,33000BEL
R72 14403 0113,14350,56780,71130,14370,74060,88430,33000BEL
R72 14403 0114,17150,46800,63950,17170,54110,71280,33000BEL
R72 14404 0001,18000,40680,58680,18040,45770,63810,33000BEL
R72 14404 0003,19580,47960,67540,19850,56310,76160,33000BEL
R72 14404 0008,16410,31110,47520,16230,35650,51880,33000BEL
R72 14404 0009,16410,47590,64000,16230,57000,73230,33000BEL
R72 14404 0010,22940,49470,72410,23700,62250,85950,33000BEL
R72 14404 0012,19780,52610,72390,20080,57970,78050,33000BEL
R72 14404 0014,17010,49150,66160,16910,45790,62700,33000BEL
R72 14404 0015,17010,57560,74570,16910,64870,81780,33000BEL
R72 14404 0017,5530,0,5530,5260,0,5260,33000BEL
R72 14404 0018,8200,0,8200,7300,0,7300,33000BEL
R72 14404 0019,14500,42300,56800,14090,141590,155680,33000BEL
R72 14404 0020,17480,58330,75810,17580,63810,81390,33000BEL
R72 14404 0021,15900,47830,63730,15880,24310,40190,33000BEL
R72 14404 0023,17440,43390,60830,17270,39130,56400,33000BEL
R72 14404 0025,14920,44760,59680,15070,50400,65470,33000BEL
R72 14404 0028,15960,45130,61090,15990,53890,69880,33000BEL
R72 14404 0029,15960,35270,51230,15990,43370,59360,33000BEL
R72 14404 0030,15960,55820,71780,15990,64330,80320,33000BEL
R72 14404 0031,12180,39200,51380,12700,43780,56480,33000BEL
R72 14404 0032,18270,40690,58960,19020,45240,64260,33000BEL
R72 14404 0034,13700,42650,56350,13960,50260,64220,33000BEL
R72 14404 0035,11420,54510,65930,12010,52060,64070,33000BEL
R72 14404 0036,6310,0,6310,5890,0,5890,33000BEL
R72 14404 0037,5050,1820,6870,5240,2400,7640,33000BEL
R72 14404 0038,12640,32090,44730,13100,27910,41010,33000BEL
R72 14404 0039,14460,47020,61480,14670,53550,68220,33000BEL
R72 14404 0040,4850,0,4850,5180,0,5180,33000BEL
R72 14404 0041,12640,48950,61590,13100,52240,65340,33000BEL
R72 14404 0042,15070,54550,69620,15200,61310,76510,33000BEL
R72 14404 0043,5140,1460,6600,5510,1940,7450,33000BEL
R72 14404 0044,12780,43460,56240,13140,57120,70260,33000BEL
R72 14404 0045,18790,50290,69080,18430,68930,87360,33000BEL
R72 14404 0047,16100,48390,64490,16120,50270,66390,33000BEL
R72 14404 0048,16100,52720,68820,16120,56000,72120,33000BEL
R72 14404 0049,16100,43470,59570,16120,41680,57800,33000BEL
R72 14404 0050,16100,44670,60770,16120,40910,57030,33000BEL
R72 14404 0051,16100,42020,58120,16120,40980,57100,33000BEL
R72 14404 0052,15940,45790,61730,16000,65370,81370,33000BEL
R72 14404 0053,16110,57020,73130,16170,65520,81690,33000BEL
R72 14404 0054,16110,53160,69270,16170,56080,72250,33000BEL
R72 14404 0055,15940,45170,61110,16000,41110,57110,33000BEL
R72 14404 0056,15460,47960,63420,15510,54070,69580,33000BEL
R72 14404 0057,15620,53390,69010,15670,61450,77120,33000BEL
R72 14404 0058,15620,50550,66170,15670,58580,74250,33000BEL
R72 14404 0059,15120,54490,69610,15180,45940,61120,33000BEL
R72 14404 0060,16460,47430,63890,16470,64320,80790,33000BEL
R72 14404 0061,17500,61980,79480,17520,76480,94000,33000BEL
R72 14404 0062,16100,56600,72700,16060,56100,72160,33000BEL
R72 14404 0063,15940,59150,75090,16000,82980,98980,33000BEL
R72 14404 0064,7970,0,7970,7170,0,7170,33000BEL
R72 14404 0065,15940,48200,64140,15930,47380,63310,33000BEL
R72 14404 0066,16100,37170,53270,16120,41480,57600,33000BEL
R72 14404 0068,14350,41120,55470,14370,41850,56220,33000BEL
R72 14404 0069,15620,54180,69800,15670,57220,72890,33000BEL
R72 14404 0072,17010,48040,65050,16910,69740,86650,33000BEL
R72 14404 0078,1350,0,1350,1480,0,1480,33000BEL
R72 14404 0080,!,!,!
R72 14405 0001,17850,45270,63120,17890,59190,77080,33000BEL
R72 14405 0002,16980,60780,77760,17030,68780,85810,33000BEL
R72 14405 0003,8380,550,8930,7560,0,7560,33000BEL
R72 14405 0004,21880,45220,67100,30150,65540,95690,33000BEL
R72 14405 0005,7560,0,7560,6830,0,6830,33000BEL
R72 14405 0006,15120,52020,67140,15180,65770,80950,33000BEL
R72 14405 0007,15120,51750,66870,15180,61310,76490,33000BEL
R72 14405 0009,15120,58270,73390,15180,61170,76350,33000BEL
R72 14405 0010,16140,54520,70660,16110,50090,66200,33000BEL
R72 14405 0011,16140,53040,69180,16110,53230,69340,33000BEL
R72 14405 0012,16140,37860,54000,16110,41640,57750,33000BEL
R72 14405 0013,5440,0,5440,5440,0,5440,33000BEL
R72 14405 0015,26250,42480,68730,25760,52350,78110,33000BEL
R72 14405 0017,22180,51990,74170,20570,65200,85770,33000BEL
R72 14405 0018,16930,46360,63290,16920,64840,81760,33000BEL
R72 14405 0020,15170,43830,59000,15150,57320,72470,33000BEL
R72 14405 0023,21890,41960,63850,22260,57090,79350,33000BEL
R72 14405 0025,28210,59650,87860,27960,72330,100290,33000BEL
R72 14405 0027,17110,55960,73070,17110,87820,104930,33000BEL
R72 14405 0029,8180,1150,9330,8180,1340,9520,33000BEL
R72 14405 0030,16380,44190,60570,16350,50020,66370,33000BEL
R72 14405 0031,16380,48020,64400,16350,53170,69520,33000BEL
R72 14405 0032,16380,27210,43590,16350,29460,45810,33000BEL
R72 14405 0034,15990,43790,59780,15890,75490,91380,33000BEL
R72 14405 0035,17960,71420,89380,17960,143760,161720,33000BEL
R72 14405 0036,8990,5020,14010,9020,5150,14170,33000BEL
R72 14405 0037,18110,42030,60140,18340,52680,71020,33000BEL
R72 14405 0038,18470,29490,47960,18820,48960,67780,33000BEL
R72 14405 0039,19290,34870,54160,19860,50300,70160,33000BEL
R72 14405 0040,17860,50210,68070,18080,80690,98770,33000BEL
R72 14405 0041,21480,39970,61450,22950,42410,65360,33000BEL
R72 14405 0042,20530,60080,80610,21290,66370,87660,33000BEL
R72 14405 0043,17960,47890,65850,18050,49320,67370,33000BEL
R72 14405 0044,17960,53300,71260,18050,59720,77770,33000BEL
R72 14405 0045,8970,2790,11760,9020,4330,13350,33000BEL
R72 14405 0046,17800,49650,67450,17930,62650,80580,33000BEL
R72 14405 0047,16700,55070,71770,16640,65670,82310,33000BEL
R72 14405 0048,17650,51590,69240,17670,56340,74010,33000BEL
R72 14405 0051,17850,60370,78220,18010,71270,89280,33000BEL
R72 14406 0001,16380,56050,72430,16350,75430,91780,33000BEL
R72 14406 0002,16380,18750,35130,16350,46400,62750,33000BEL
R72 14406 0003,16380,46250,62630,16350,55940,72290,33000BEL
R72 14406 0004,16380,49520,65900,16350,54510,70860,33000BEL
R72 14406 0005,16380,47640,64020,16350,53510,69860,33000BEL
R72 14406 0006,16380,56760,73140,16350,67200,83550,33000BEL
R72 14406 0007,16380,2860,19240,13570,11990,25560,33000BEL
R72 14406 0008,16380,49040,65420,16350,52150,68500,33000BEL
R72 14406 0009,15590,56080,71670,15590,61260,76850,33000BEL
R72 14406 0010,17110,46780,63890,17040,56860,73900,33000BEL
R72 14406 0011,21290,2130,23420,10740,3100,13840,33000BEL
R72 14406 0012,15120,55310,70430,15240,64020,79260,33000BEL
R72 14406 0013,18520,57370,75890,18640,90430,109070,33000BEL
R72 14406 0014,16850,63640,80490,16820,65550,82370,33000BEL
R72 14406 0015,16850,58200,75050,16820,70410,87230,33000BEL
R72 14406 0016,16380,52760,69140,16350,54410,70760,33000BEL
R72 14406 0017,16380,49430,65810,16350,54230,70580,33000BEL
R72 14406 0018,15590,49140,64730,15590,53870,69460,33000BEL
R72 14406 0019,17110,60110,77220,16960,73060,90020,33000BEL
R72 14406 0021,17140,43800,60940,16800,54750,71550,33000BEL
R72 14406 0022,17290,50720,68010,17300,58110,75410,33000BEL
R72 14406 0023,18790,60100,78890,19070,64410,83480,33000BEL
R72 14406 0024,17800,44960,62760,17930,53440,71370,33000BEL
R72 14406 0025,8890,0,8890,8070,0,8070,33000BEL
R72 14406 0026,8890,1820,10710,8960,0,8960,33000BEL
R72 14406 0027,17800,52080,69880,8960,0,8960,33000BEL
R72 14406 0028,17800,62510,80310,17930,62470,80400,33000BEL
R72 14406 0029,17800,57760,75560,17930,71720,89650,33000BEL
R72 14406 0030,17800,54900,72700,17930,76680,94610,33000BEL
R72 14406 0031,17800,52930,70730,17930,69240,87170,33000BEL
R72 14406 0032,17800,45860,63660,17930,54690,72620,33000BEL
R72 14406 0033,17800,37360,55160,17930,48140,66070,33000BEL
R72 14406 0034,17800,66100,83900,17930,77150,95080,33000BEL
R72 14406 0035,17800,60660,78460,17930,76040,93970,33000BEL
R72 14406 0036,17800,46730,64530,17930,72390,90320,33000BEL
R72 14406 0037,17800,56700,74500,17930,65500,83430,33000BEL
R72 14406 0038,17800,56190,73990,17930,65190,83120,33000BEL
R72 14406 0039,17800,79920,97720,17930,107240,125170,33000BEL
R72 14406 0040,17800,46370,64170,17930,76960,94890,33000BEL
R72 14406 0041,17800,50340,68140,17930,52320,70250,33000BEL
R72 14406 0042,17960,39290,57250,18050,52730,70780,33000BEL
R72 14406 0043,17960,40580,58540,18050,52570,70620,33000BEL
R72 14406 0044,17960,36620,54580,18050,46480,64530,33000BEL
R72 14406 0045,17960,49620,67580,18050,64520,82570,33000BEL
R72 14406 0046,17960,55720,73680,18050,74790,92840,33000BEL
R72 14406 0047,17960,57410,75370,18050,62750,80800,33000BEL
R72 14406 0048,17960,36470,54430,18050,40690,58740,33000BEL
R72 14406 0049,17960,37870,55830,18050,45600,63650,33000BEL
R72 14406 0050,17960,69030,86990,18050,81550,99600,33000BEL
R72 14406 0051,17960,44300,62260,18050,55790,73840,33000BEL
R72 14406 0052,17800,50790,68590,17990,56160,74150,33000BEL
R72 14406 0053,5520,6500,12020,6040,4540,10580,33000BEL
R72 14406 0054,4290,0,4290,4820,0,4820,33000BEL
R72 14407 0001,14350,47950,62300,14370,49570,63940,33000BEL
R72 14407 0002,15400,37230,52630,15420,55480,70900,33000BEL
R72 14407 0004,18900,55910,74810,18920,67290,86210,33000BEL
R72 14407 0005,28530,59230,87760,28560,72160,100720,33000BEL
R72 14407 0007,16650,45160,61810,16660,49210,65870,33000BEL
R72 14407 0008,8310,0,8310,7500,1720,9220,33000BEL
R72 14407 0009,16650,42980,59630,16660,46580,63240,33000BEL
R72 14407 0010,16700,51870,68570,16660,59160,75820,33000BEL
R72 14407 0011,16700,60380,77080,16660,68380,85040,33000BEL
R72 14407 0012,16700,45810,62510,16660,50940,67600,33000BEL
R72 14407 0013,16700,63950,80650,16660,72920,89580,33000BEL
R72 14407 0014,16700,23650,40350,16660,33620,50280,33000BEL
R72 14407 0015,16700,53460,70160,16660,58830,75490,33000BEL
R72 14407 0016,8340,0,8340,7500,0,7500,33000BEL
R72 14407 0017,16700,59380,76080,16660,68100,84760,33000BEL
R72 14407 0018,16700,56840,73540,16660,63180,79840,33000BEL
R72 14407 0019,15980,76570,92550,15890,77780,93670,33000BEL
R72 14407 0020,15960,60020,75980,15990,61390,77380,33000BEL
R72 14407 0021,15960,53690,69650,15990,61360,77350,33000BEL
R72 14407 0022,15960,46560,62520,15990,76700,92690,33000BEL
R72 14407 0023,15960,55100,71060,15990,69490,85480,33000BEL
R72 14407 0024,17300,53240,70540,17270,69230,86500,33000BEL
R72 14407 0025,16100,49010,65110,16120,48850,64970,33000BEL
R72 14407 0026,16100,35080,51180,16120,34000,50120,33000BEL
R72 14407 0027,16100,53450,69550,16120,55760,71880,33000BEL
R72 14407 0028,15400,57290,72690,15420,55500,70920,33000BEL
R72 14407 0029,17840,39910,57750,17850,43320,61170,33000BEL
R72 14407 0030,16630,45310,61940,8320,0,8320,33000BEL
R72 14407 0031,16290,50120,66410,16250,62670,78920,33000BEL
R72 14407 0032,15790,58680,74470,15860,82620,98480,33000BEL
R72 14407 0033,19990,39290,59280,20080,68180,88260,33000BEL
R72 14407 0034,19080,61590,80670,19130,71770,90900,33000BEL
R72 14407 0035,8260,0,8260,7290,0,7290,33000BEL
R72 14407 0036,15300,47420,62720,15260,54890,70150,33000BEL
R72 14407 0037,16110,46030,62140,16110,51220,67330,33000BEL
R72 14407 0038,15750,52540,68290,15770,68510,84280,33000BEL
R72 14407 0039,15750,42010,57760,15710,50940,66650,33000BEL
R72 14407 0040,15590,50350,65940,15590,54900,70490,33000BEL
R72 14407 0041,15620,20100,35720,15670,56740,72410,33000BEL
R72 14407 0042,15620,68850,84470,15670,92870,108540,33000BEL
R72 14407 0043,15460,45860,61320,15510,47370,62880,33000BEL
R72 14407 0044,15460,44850,60310,15510,51510,67020,33000BEL
R72 14407 0045,15620,49150,64770,15670,60830,76500,33000BEL
R72 14407 0046,15620,41290,56910,15670,40140,55810,33000BEL
R72 14407 0047,18350,49110,67460,18100,55030,73130,33000BEL
R72 14407 0048,15970,52710,68680,15900,58420,74320,33000BEL
R72 14407 0049,15950,46950,62900,15910,55250,71160,33000BEL
R72 14407 0050,17810,44610,62420,17890,54440,72330,33000BEL
R72 14407 0051,16670,44730,61400,16580,47940,64520,33000BEL
R72 14407 0052,16120,44790,60910,16120,67100,83220,33000BEL
R72 14407 0053,16980,65160,82140,16960,70400,87360,33000BEL
R72 14407 0054,15750,57020,72770,15770,68710,84480,33000BEL
R72 14407 0055,15750,61220,76970,15770,70410,86180,33000BEL
R72 14407 0056,15750,44380,60130,15770,44780,60550,33000BEL
R72 14407 0057,15590,54170,69760,15590,53720,69310,33000BEL
R72 14407 0058,16460,53650,70110,16540,57520,74060,33000BEL
R72 14407 0059,15950,57230,73180,15910,67530,83440,33000BEL
R72 14407 0060,17130,41600,58730,16990,38560,55550,33000BEL
R72 14407 0061,15750,43760,59510,15770,49430,65200,33000BEL
R72 14407 0062,15750,59700,75450,15770,76540,92310,33000BEL
R72 14407 0063,15750,47640,63390,15770,47140,62910,33000BEL
R72 14407 0064,15750,58270,74020,15770,95480,111250,33000BEL
R72 14407 0065,15750,55780,71530,15770,62230,78000,33000BEL
R72 14407 0066,15750,42420,58170,15770,57660,73430,33000BEL
R72 14407 0067,15750,46410,62160,15770,36120,51890,33000BEL
R72 14407 0068,15750,44010,59760,15770,49610,65380,33000BEL
R72 14408 0001,17520,61120,78640,17440,67380,84820,33000BEL
R72 14408 0002,17170,46200,63370,17110,49750,66860,33000BEL
R72 14408 0003,17010,33650,50660,16990,46500,63490,33000BEL
R72 14408 0004,17010,55160,72170,16880,54510,71390,33000BEL
R72 14408 0005,16850,47540,64390,16760,54600,71360,33000BEL
R72 14408 0006,16700,39500,56200,16640,51250,67890,33000BEL
R72 14408 0007,15800,39210,55010,15750,48500,64250,33000BEL
R72 14408 0008,16070,37560,53630,15970,75090,91060,33000BEL
R72 14408 0009,16510,49060,65570,7350,0,7350,33000BEL
R72 14408 0010,16940,46430,63370,16810,55350,72160,33000BEL
R72 14408 0011,17310,44980,62290,17340,44830,62170,33000BEL
R72 14408 0012,20230,44980,65210,19950,45070,65020,33000BEL
R72 14408 0013,21880,88230,110110,21900,92450,114350,33000BEL
R72 14408 0014,16630,67960,84590,16640,109810,126450,33000BEL
R72 14408 0015,16100,46220,62320,16120,54690,70810,33000BEL
R72 14408 0016,16100,59700,75800,16120,61330,77450,33000BEL
R72 14408 0017,16100,58160,74260,16120,62090,78210,33000BEL
R72 14408 0018,16100,51680,67780,16120,59890,76010,33000BEL
R72 14408 0019,16100,61380,77480,16120,61210,77330,33000BEL
R72 14408 0020,15750,45720,61470,15770,29230,45000,33000BEL
R72 14408 0021,10880,19120,30000,15770,55840,71610,33000BEL
R72 14408 0022,15750,41930,57680,15770,41980,57750,33000BEL
R72 14408 0023,15750,47030,62780,15770,54120,69890,33000BEL
R72 14408 0024,17470,48230,65700,17490,59620,77110,33000BEL
R72 14408 0025,16380,46640,63020,16350,47900,64250,33000BEL
R72 14408 0026,16380,52130,68510,16350,60440,76790,33000BEL
R72 14408 0027,16380,66630,83010,16350,75090,91440,33000BEL
R72 14408 0028,16380,49690,66070,16350,71640,87990,33000BEL
R72 14408 0029,16380,58310,74690,16350,83010,99360,33000BEL
R72 14408 0030,16380,64570,80950,16350,69640,85990,33000BEL
R72 14408 0031,16380,48260,64640,16350,59210,75560,33000BEL
R72 14408 0032,18560,81280,99840,16770,50810,67580,33000BEL
R72 14408 0033,8730,0,8730,7870,0,7870,33000BEL
R72 14408 0034,16380,61480,77860,16350,74030,90380,33000BEL
R72 14408 0035,16380,58900,75280,16350,63730,80080,33000BEL
R72 14408 0036,15910,56000,71910,15880,59570,75450,33000BEL
R72 14408 0037,18010,39890,57900,14400,51040,65440,33000BEL
R72 14408 0038,16380,52960,69340,16350,57180,73530,33000BEL
R72 14408 0039,16380,50190,66570,16350,58880,75230,33000BEL
R72 14408 0040,16380,53420,69800,16350,59890,76240,33000BEL
R72 14408 0041,16380,52970,69350,16350,58860,75210,33000BEL
R72 14408 0042,18000,94900,112900,18000,129530,147530,33000BEL
R72 14408 0044,4410,0,4410,4170,0,4170,33000BEL
R72 14409 0001,7250,0,7250,6540,0,6540,33000BEL
R72 14409 0002,14530,59280,73810,14540,63960,78500,33000BEL
R72 14409 0003,7250,0,7250,6540,0,6540,33000BEL
R72 14409 0004,15930,29070,45000,15940,52200,68140,33000BEL
R72 14409 0005,15750,47220,62970,15770,45080,60850,33000BEL
R72 14409 0006,15750,52330,68080,15770,59480,75250,33000BEL
R72 14409 0007,15750,54270,70020,15770,69030,84800,33000BEL
R72 14409 0008,15750,56280,72030,15770,65180,80950,33000BEL
R72 14409 0009,15750,57460,73210,15770,69880,85650,33000BEL
R72 14409 0010,4890,0,4890,4910,0,4910,33000BEL
R72 14409 0011,4890,0,4890,4910,0,4910,33000BEL
R72 14409 0012,15750,51000,66750,15770,60740,76510,33000BEL
R72 14409 0013,15750,57740,73490,15770,71490,87260,33000BEL
R72 14409 0014,15750,57290,73040,15770,65500,81270,33000BEL
R72 14409 0015,15750,56310,72060,15770,65160,80930,33000BEL
R72 14409 0016,15750,56560,72310,15770,56430,72200,33000BEL
R72 14409 0017,15750,66620,82370,15770,74330,90100,33000BEL
R72 14409 0018,15750,47710,63460,15770,56070,71840,33000BEL
R72 14409 0019,15750,50150,65900,15770,51640,67410,33000BEL
R72 14409 0020,15750,54140,69890,15770,60800,76570,33000BEL
R72 14409 0021,15750,39200,54950,15770,47280,63050,33000BEL
R72 14409 0022,15750,50980,66730,15770,55930,71700,33000BEL
R72 14409 0023,15750,51650,67400,15770,59620,75390,33000BEL
R72 14409 0024,15750,46500,62250,15770,58430,74200,33000BEL
R72 14409 0025,15750,50870,66620,15770,58710,74480,33000BEL
R72 14409 0026,15750,49280,65030,15770,16320,32090,33000BEL
R72 14409 0027,4890,0,4890,4910,0,4910,33000BEL
R72 14409 0028,14180,42640,56820,14190,50250,64440,33000BEL
R72 14409 0030,14180,44190,58370,14190,45060,59250,33000BEL
R72 14409 0031,14530,50220,64750,14540,52690,67230,33000BEL
R72 14409 0032,17500,32670,50170,17520,37790,55310,33000BEL
R72 14409 0035,14530,27090,41620,14540,66900,81440,33000BEL
R72 14409 0036,14530,44330,58860,14540,52410,66950,33000BEL
R72 14409 0037,14530,51960,66490,14540,57710,72250,33000BEL
R72 14409 0038,22930,64410,87340,22950,71130,94080,33000BEL
R72 14409 0041,15750,37340,53090,15770,50170,65940,33000BEL
R72 14409 0042,15750,48890,64640,15770,59080,74850,33000BEL
R72 14409 0043,15750,40440,56190,15770,41110,56880,33000BEL
R72 14409 0044,15750,63310,79060,15770,68070,83840,33000BEL
R72 14409 0045,15750,48920,64670,15770,53870,69640,33000BEL
R72 14409 0046,15750,33150,48900,15770,30960,46730,33000BEL
R72 14409 0047,15750,42890,58640,15770,48600,64370,33000BEL
R72 14409 0048,15750,59700,75450,15770,55050,70820,33000BEL
R72 14409 0049,15750,43190,58940,15770,76660,92430,33000BEL
R72 14409 0050,15750,43000,58750,15770,46610,62380,33000BEL
R72 14409 0051,15750,41490,57240,15770,42730,58500,33000BEL
R72 14409 0052,15750,41970,57720,15770,49230,65000,33000BEL
R72 14409 0053,15750,55240,70990,15770,59190,74960,33000BEL
R72 14409 0054,15750,57510,73260,15770,59860,75630,33000BEL
R72 14409 0055,15750,55530,71280,15770,58070,73840,33000BEL
R72 14409 0056,15750,50800,66550,15770,52230,68000,33000BEL
R72 14409 0057,15750,57260,73010,15770,70940,86710,33000BEL
R72 14409 0058,15750,32980,48730,15770,41580,57350,33000BEL
R72 14409 0059,15750,46090,61840,15770,55750,71520,33000BEL
R72 14409 0060,15750,43930,59680,15770,72770,88540,33000BEL
R72 14409 0061,15750,26980,42730,15770,18510,34280,33000BEL
R72 14409 0062,15930,45060,60990,15940,69280,85220,33000BEL
R72 14409 0063,14530,62890,77420,14540,65370,79910,33000BEL
R72 14409 0064,14530,44530,59060,14540,43960,58500,33000BEL
R72 14409 0065,14530,54990,69520,14540,62980,77520,33000BEL
R72 14409 0066,14880,48350,63230,14890,52110,67000,33000BEL
R72 14409 0067,7250,0,7250,6540,0,6540,33000BEL
R72 14409 0068,14530,39350,53880,14540,49900,64440,33000BEL
R72 14409 0069,15930,43430,59360,15940,49900,65840,33000BEL
R72 14409 0070,15750,64020,79770,15770,73660,89430,33000BEL
R72 14409 0071,15750,58650,74400,15770,67750,83520,33000BEL
R72 14409 0072,15750,61760,77510,15770,68330,84100,33000BEL
R72 14409 0073,15750,66470,82220,15770,63580,79350,33000BEL
R72 14409 0074,15750,57890,73640,15770,65090,80860,33000BEL
R72 14409 0075,15750,57630,73380,15770,64210,79980,33000BEL
R72 14409 0076,15750,45630,61380,15770,52830,68600,33000BEL
R72 14409 0077,15750,43150,58900,15770,45620,61390,33000BEL
R72 14409 0078,15750,51560,67310,15770,54450,70220,33000BEL
R72 14409 0079,23630,53180,76810,23650,85650,109300,33000BEL
R72 14409 0080,18900,47180,66080,19010,60780,79790,33000BEL
R72 14409 0081,4990,0,4990,4980,0,4980,33000BEL
R72 14409 0082,16380,55260,71640,16350,62750,79100,33000BEL
R72 14409 0083,16380,49270,65650,16350,68420,84770,33000BEL
R72 14409 0084,16380,46940,63320,16350,46970,63320,33000BEL
R72 14409 0085,16380,52990,69370,16350,60590,76940,33000BEL
R72 14409 0086,16380,39730,56110,16350,48580,64930,33000BEL
R72 14409 0087,16380,49190,65570,16350,74880,91230,33000BEL
R72 14409 0088,16560,51230,67790,16540,60200,76740,33000BEL
R72 14409 0089,15110,32930,48040,15020,42920,57940,33000BEL
R72 14409 0090,15110,44200,59310,15020,46540,61560,33000BEL
R72 14409 0091,15110,46180,61290,15020,58190,73210,33000BEL
R72 14409 0095,4990,0,4990,4980,0,4980,33000BEL
R72 14410 0001,15750,56280,72030,15770,57550,73320,33000BEL
R72 14410 0002,15750,49160,64910,15770,52870,68640,33000BEL
R72 14410 0003,16980,66080,83060,16990,74450,91440,33000BEL
R72 14410 0005,15110,40130,55240,15020,48250,63270,33000BEL
R72 14410 0006,15750,41250,57000,15770,49160,64930,33000BEL
R72 14410 0007,15750,51770,67520,15770,80610,96380,33000BEL
R72 14410 0008,15750,33310,49060,15770,36940,52710,33000BEL
R72 14410 0009,15750,41740,57490,15770,43560,59330,33000BEL
R72 14410 0010,15750,46400,62150,15770,18730,34500,33000BEL
R72 14410 0011,15750,45500,61250,15770,49850,65620,33000BEL
R72 14410 0012,15750,40570,56320,15770,41360,57130,33000BEL
R72 14410 0013,15930,62130,78060,15940,69000,84940,33000BEL
R72 14410 0016,14230,18720,32950,14300,51670,65970,33000BEL
R72 14410 0017,13300,40850,54150,13320,37740,51060,33000BEL
R72 14410 0018,14530,41750,56280,14540,45990,60530,33000BEL
R72 14410 0019,14530,43490,58020,14540,53500,68040,33000BEL
R72 14410 0020,14180,47190,61370,14190,50610,64800,33000BEL
R72 14410 0021,14180,41450,55630,14190,44340,58530,33000BEL
R72 14410 0023,4890,0,4890,4910,0,4910,33000BEL
R72 14410 0024,15750,45120,60870,15770,51570,67340,33000BEL
R72 14410 0025,15750,45230,60980,15770,53470,69240,33000BEL
R72 14410 0026,16380,52620,69000,16350,61700,78050,33000BEL
R72 14410 0027,15750,58900,74650,15770,75470,91240,33000BEL
R72 14410 0028,15750,57540,73290,15770,63850,79620,33000BEL
R72 14410 0029,14000,41540,55540,14020,41910,55930,33000BEL
R72 14410 0030,14000,36000,50000,14020,35930,49950,33000BEL
R72 14410 0032,4890,0,4890,4910,0,4910,33000BEL
R72 14410 0033,15750,64180,79930,15770,74740,90510,33000BEL
R72 14410 0034,15750,42250,58000,15770,46790,62560,33000BEL
R72 14410 0035,15750,70460,86210,15770,70020,85790,33000BEL
R72 14410 0036,15750,55890,71640,15770,69110,84880,33000BEL
R72 14410 0037,15750,47970,63720,15770,48170,63940,33000BEL
R72 14410 0038,15750,61370,77120,15770,66620,82390,33000BEL
R72 14410 0039,15750,48420,64170,15770,63360,79130,33000BEL
R72 14410 0040,15750,51450,67200,15770,78380,94150,33000BEL
R72 14410 0041,15750,55160,70910,15770,55450,71220,33000BEL
R72 14410 0042,15750,50300,66050,15770,58670,74440,33000BEL
R72 14410 0043,6300,0,6300,6310,0,6310,33000BEL
R72 14410 0044,4250,57720,61970,9460,64600,74060,33000BEL
R72 14410 0045,15750,48300,64050,15770,73570,89340,33000BEL
R72 14410 0046,15750,42800,58550,15770,63520,79290,33000BEL
R72 14410 0047,15930,48780,64710,15940,55870,71810,33000BEL
R72 14410 0048,14530,42410,56940,14540,74440,88980,33000BEL
R72 14410 0049,7250,0,7250,6540,0,6540,33000BEL
R72 14410 0050,17500,50230,67730,17520,68990,86510,33000BEL
R72 14410 0052,14530,38190,52720,14540,38880,53420,33000BEL
R72 14410 0053,14530,40700,55230,14540,63550,78090,33000BEL
R72 14410 0054,15930,43420,59350,15940,49840,65780,33000BEL
R72 14410 0055,15750,68020,83770,15770,87660,103430,33000BEL
R72 14410 0056,7870,0,7870,7100,0,7100,33000BEL
R72 14410 0057,15750,65840,81590,15770,80520,96290,33000BEL
R72 14410 0058,15750,41410,57160,15770,53050,68820,33000BEL
R72 14410 0059,15750,52130,67880,15770,72780,88550,33000BEL
R72 14410 0060,15750,50910,66660,15770,56070,71840,33000BEL
R72 14410 0061,15750,52170,67920,15770,58690,74460,33000BEL
R72 14410 0062,15750,53600,69350,15770,68760,84530,33000BEL
R72 14410 0063,15750,54310,70060,15770,67350,83120,33000BEL
R72 14410 0064,15750,45550,61300,15770,52280,68050,33000BEL
R72 14410 0065,15750,40060,55810,15770,47290,63060,33000BEL
R72 14410 0066,15750,48640,64390,15770,48710,64480,33000BEL
R72 14410 0067,15750,48980,64730,15770,60640,76410,33000BEL
R72 14410 0068,15750,47950,63700,15770,49490,65260,33000BEL
R72 14410 0069,15750,54710,70460,15770,69110,84880,33000BEL
R72 14410 0070,15750,52660,68410,15770,56750,72520,33000BEL
R72 14410 0071,15750,56900,72650,15770,69780,85550,33000BEL
R72 14410 0072,15750,43970,59720,15770,50230,66000,33000BEL
R72 14410 0073,15750,51940,67690,15770,61190,76960,33000BEL
R72 14410 0074,15750,51760,67510,15770,59210,74980,33000BEL
R72 14410 0075,15750,46950,62700,15770,54110,69880,33000BEL
R72 14410 0076,15750,52420,68170,15770,61950,77720,33000BEL
R72 14410 0077,15930,43770,59700,15940,47750,63690,33000BEL
R72 14410 0078,17500,41040,58540,17520,38430,55950,33000BEL
R72 14410 0080,17500,46450,63950,17520,62750,80270,33000BEL
R72 14501 0001,20020,27440,47460,20150,31230,51380,33000BEL
R72 14501 0002,10020,0,10020,9070,0,9070,33000BEL
R72 14501 0004,5080,0,5080,5020,0,5020,33000BEL
R72 14501 0005,16380,44030,60410,16350,44380,60730,33000BEL
R72 14501 0006,8180,0,8180,8180,0,8180,33000BEL
R72 14501 0007,16380,63090,79470,16350,71380,87730,33000BEL
R72 14501 0008,8180,0,8180,8180,0,8180,33000BEL
R72 14501 0009,16380,53450,69830,16350,64220,80570,33000BEL
R72 14501 0010,22930,22360,45290,25120,26330,51450,33000BEL
R72 14501 0011,16380,51630,68010,16350,51900,68250,33000BEL
R72 14501 0012,16380,49500,65880,16350,59040,75390,33000BEL
R72 14501 0013,16380,49840,66220,16350,55460,71810,33000BEL
R72 14501 0014,16380,27770,44150,16350,38480,54830,33000BEL
R72 14501 0015,16380,40060,56440,16350,38480,54830,33000BEL
R72 14501 0016,16380,59780,76160,16350,68340,84690,33000BEL
R72 14501 0017,17800,54520,72320,17930,63210,81140,33000BEL
R72 14501 0018,8890,0,8890,8070,0,8070,33000BEL
R72 14501 0019,17800,57620,75420,17930,74620,92550,33000BEL
R72 14501 0020,17800,48280,66080,17930,73290,91220,33000BEL
R72 14501 0021,17800,51220,69020,17930,62180,80110,33000BEL
R72 14501 0022,17800,64330,82130,17930,67730,85660,33000BEL
R72 14501 0023,17800,38870,56670,17930,62420,80350,33000BEL
R72 14501 0024,17800,52400,70200,17930,61800,79730,33000BEL
R72 14501 0025,17800,53200,71000,17930,73280,91210,33000BEL
R72 14501 0026,17800,47340,65140,17930,52200,70130,33000BEL
R72 14501 0027,17800,60660,78460,17930,77960,95890,33000BEL
R72 14501 0028,17800,59360,77160,17930,65190,83120,33000BEL
R72 14501 0029,17800,46840,64640,17930,50530,68460,33000BEL
R72 14501 0030,17800,49460,67260,17930,54150,72080,33000BEL
R72 14501 0031,17800,36660,54460,17930,12370,30300,33000BEL
R72 14501 0032,17800,45110,62910,17930,55960,73890,33000BEL
R72 14501 0033,17800,61700,79500,17930,68350,86280,33000BEL
R72 14501 0034,17800,58350,76150,17930,67500,85430,33000BEL
R72 14501 0035,17800,51210,69010,17930,57760,75690,33000BEL
R72 14501 0036,8890,0,8890,8870,0,8870,33000BEL
R72 14501 0037,17800,53360,71160,17930,60030,77960,33000BEL
R72 14501 0038,17800,40650,58450,17930,38870,56800,33000BEL
R72 14501 0039,17800,44830,62630,17930,56630,74560,33000BEL
R72 14501 0040,17800,56710,74510,17930,70620,88550,33000BEL
R72 14501 0041,17800,57400,75200,17930,62120,80050,33000BEL
R72 14501 0042,17800,66850,84650,17930,64710,82640,33000BEL
R72 14501 0043,17800,56920,74720,17930,59960,77890,33000BEL
R72 14501 0044,17800,52340,70140,17930,62950,80880,33000BEL
R72 14501 0045,17800,48410,66210,17930,69810,87740,33000BEL
R72 14501 0046,17800,56720,74520,17930,66260,84190,33000BEL
R72 14501 0047,17800,60640,78440,17990,63490,81480,33000BEL
R72 14501 0048,17800,56920,74720,17990,60980,78970,33000BEL
R72 14501 0049,17800,62840,80640,17990,67800,85790,33000BEL
R72 14501 0050,17800,44460,62260,17990,50420,68410,33000BEL
R72 14501 0051,17800,55330,73130,17990,56430,74420,33000BEL
R72 14501 0052,17800,41980,59780,17990,53120,71110,33000BEL
R72 14501 0053,17800,22320,40120,17990,38910,56900,33000BEL
R72 14501 0054,17800,48830,66630,17990,58540,76530,33000BEL
R72 14501 0055,17800,60620,78420,17990,55950,73940,33000BEL
R72 14501 0056,17800,44190,61990,17990,45230,63220,33000BEL
R72 14501 0057,17800,47510,65310,17990,53180,71170,33000BEL
R72 14501 0058,17800,40330,58130,17990,45900,63890,33000BEL
R72 14501 0059,17800,55240,73040,17990,64780,82770,33000BEL
R72 14501 0060,17800,68500,86300,17990,70440,88430,33000BEL
R72 14501 0061,17800,62310,80110,17990,68160,86150,33000BEL
R72 14502 0001,17290,55960,73250,17300,64590,81890,33000BEL
R72 14502 0002,16380,33690,50070,16350,56240,72590,33000BEL
R72 14502 0003,16380,41470,57850,16350,49910,66260,33000BEL
R72 14502 0004,16380,42400,58780,16350,60150,76500,33000BEL
R72 14502 0005,16380,63420,79800,16350,71180,87530,33000BEL
R72 14502 0006,8180,0,8180,7360,0,7360,33000BEL
R72 14502 0007,16380,39360,55740,16350,89390,105740,33000BEL
R72 14502 0008,16380,45410,61790,16350,46820,63170,33000BEL
R72 14502 0009,16020,52090,68110,15970,63330,79300,33000BEL
R72 14502 0010,17510,48640,66150,17300,56750,74050,33000BEL
R72 14502 0012,19220,44090,63310,20620,51230,71850,33000BEL
R72 14502 0013,16380,54310,70690,16350,58310,74660,33000BEL
R72 14502 0014,16380,43590,59970,16350,49790,66140,33000BEL
R72 14502 0015,16380,43120,59500,16350,51220,67570,33000BEL
R72 14502 0016,16380,42210,58590,16350,47850,64200,33000BEL
R72 14502 0017,16380,49880,66260,16350,56900,73250,33000BEL
R72 14502 0018,16380,35570,51950,16350,36420,52770,33000BEL
R72 14502 0019,18200,45280,63480,18220,49050,67270,33000BEL
R72 14502 0020,7120,2490,9610,7310,3270,10580,33000BEL
R72 14502 0021,18550,51130,69680,18740,52490,71230,33000BEL
R72 14502 0022,16540,57960,74500,16530,92720,109250,33000BEL
R72 14502 0023,16380,54900,71280,16350,61020,77370,33000BEL
R72 14502 0024,17290,61850,79140,17300,59970,77270,33000BEL
R72 14502 0025,7730,0,7730,6930,0,6930,33000BEL
R72 14502 0026,16380,64790,81170,16350,66750,83100,33000BEL
R72 14502 0027,16380,49930,66310,16350,55070,71420,33000BEL
R72 14502 0028,16380,57790,74170,16350,62230,78580,33000BEL
R72 14502 0030,16380,50230,66610,16350,53500,69850,33000BEL
R72 14502 0031,16380,41650,58030,16350,40080,56430,33000BEL
R72 14502 0032,16380,53350,69730,16350,55460,71810,33000BEL
R72 14502 0033,8180,0,8180,7360,0,7360,33000BEL
R72 14502 0034,16380,46370,62750,16350,48070,64420,33000BEL
R72 14502 0035,16380,37140,53520,16350,32990,49340,33000BEL
R72 14502 0036,16380,51160,67540,16350,63430,79780,33000BEL
R72 14502 0037,16380,55260,71640,16350,65820,82170,33000BEL
R72 14502 0039,16380,62370,78750,16350,91230,107580,33000BEL
R72 14502 0040,8180,0,8180,7360,0,7360,33000BEL
R72 14502 0041,16380,63050,79430,16350,70580,86930,33000BEL
R72 14502 0042,16380,43500,59880,16350,51640,67990,33000BEL
R72 14502 0043,16380,41590,57970,16350,39060,55410,33000BEL
R72 14502 0044,16380,45780,62160,16350,34270,50620,33000BEL
R72 14502 0045,16380,23470,39850,16350,39970,56320,33000BEL
R72 14502 0046,16380,41830,58210,16350,42430,58780,33000BEL
R72 14502 0047,16380,50180,66560,16350,52510,68860,33000BEL
R72 14502 0048,16380,59240,75620,16350,74900,91250,33000BEL
R72 14502 0049,16380,57390,73770,16350,56980,73330,33000BEL
R72 14502 0050,16380,45830,62210,16350,53030,69380,33000BEL
R72 14502 0052,17090,22720,39810,17080,76500,93580,33000BEL
R72 14502 0053,22530,49850,72380,25540,0,25540,33000BEL
R72 14502 0054,19720,55610,75330,19770,56110,75880,33000BEL
R72 14503 0001,15130,56780,71910,15200,54980,70180,33000BEL
R72 14503 0002,24550,42530,67080,28020,55020,83040,33000BEL
R72 14503 0009,20580,115800,136380,11210,0,11210,33000BEL
R72 14503 0010,34230,49470,83700,40440,73690,114130,33000BEL
R72 14503 0011,20830,36480,57310,27560,49130,76690,33000BEL
R72 14503 0012,20620,48580,69200,26830,54210,81040,33000BEL
R72 14503 0013,19060,50930,69990,20380,65420,85800,33000BEL
R72 14503 0014,18110,40900,59010,18510,42680,61190,33000BEL
R72 14503 0015,16700,38590,55290,16640,55160,71800,33000BEL
R72 14503 0016,14810,59120,73930,14930,62080,77010,33000BEL
R72 14503 0017,17500,77740,95240,17450,75600,93050,33000BEL
R72 14503 0019,19250,42420,61670,19350,50720,70070,33000BEL
R72 14503 0020,19080,35600,54680,19270,71420,90690,33000BEL
R72 14503 0021,19080,65170,84250,19270,75090,94360,33000BEL
R72 14503 0022,19250,48170,67420,21280,67200,88480,33000BEL
R72 14503 0023,19080,66840,85920,19270,76330,95600,33000BEL
R72 14503 0024,19080,75950,95030,19270,105070,124340,33000BEL
R72 14503 0026,17500,67690,85190,17520,83790,101310,33000BEL
R72 14503 0027,15930,52170,68100,15940,64540,80480,33000BEL
R72 14503 0028,15750,45150,60900,15770,52640,68410,33000BEL
R72 14503 0029,15750,49120,64870,15770,56470,72240,33000BEL
R72 14503 0030,15750,45820,61570,15770,54380,70150,33000BEL
R72 14503 0031,15930,42630,58560,15940,43220,59160,33000BEL
R72 14503 0032,15750,45980,61730,15770,49100,64870,33000BEL
R72 14503 0033,15750,42620,58370,15770,50380,66150,33000BEL
R72 14503 0034,15930,45310,61240,15940,53470,69410,33000BEL
R72 14503 0035,16380,66930,83310,16350,65110,81460,33000BEL
R72 14503 0036,16380,42230,58610,16350,84900,101250,33000BEL
R72 14503 0037,16380,45290,61670,16350,88650,105000,33000BEL
R72 14503 0038,16380,47140,63520,16350,81900,98250,33000BEL
R72 14503 0039,8090,0,8090,7270,0,7270,33000BEL
R72 14503 0040,16930,53040,69970,16980,63750,80730,33000BEL
R72 14503 0041,18020,49070,67090,18130,64500,82630,33000BEL
R72 14503 0045,16380,58760,75140,16350,104320,120670,33000BEL
R72 14503 0046,14740,43420,58160,14640,76570,91210,33000BEL
R72 14503 0047,16130,50670,66800,16170,61230,77400,33000BEL
R72 14503 0048,16700,41010,57710,16590,42030,58620,33000BEL
R72 14503 0049,18740,66520,85260,19510,87720,107230,33000BEL
R72 14503 0050,19220,61570,80790,20730,73260,93990,33000BEL
R72 14503 0051,19060,55560,74620,20320,66220,86540,33000BEL
R72 14503 0054,20280,45560,65840,22360,56780,79140,33000BEL
R72 14504 0005,8030,0,8030,7230,0,7230,33000BEL
R72 14504 0007,14380,67460,81840,14400,98220,112620,33000BEL
R72 14504 0008,16070,66860,82930,16060,97860,113920,33000BEL
R72 14504 0009,15750,37420,53170,15770,38230,54000,33000BEL
R72 14504 0010,16070,32760,48830,16060,25410,41470,33000BEL
R72 14504 0011,19640,49940,69580,19710,107670,127380,33000BEL
R72 14504 0013,19640,68060,87700,19710,104820,124530,33000BEL
R72 14504 0015,16240,49350,65590,16240,59250,75490,33000BEL
R72 14504 0016,15750,49730,65480,15770,81170,96940,33000BEL
R72 14504 0017,15750,56040,71790,15770,83000,98770,33000BEL
R72 14504 0018,15930,52520,68450,15940,61100,77040,33000BEL
R72 14504 0019,15750,44440,60190,15770,56740,72510,33000BEL
R72 14504 0020,15750,44860,60610,15770,72110,87880,33000BEL
R72 14504 0021,19250,55860,75110,19270,71210,90480,33000BEL
R72 14504 0022,19250,55230,74480,19270,104960,124230,33000BEL
R72 14504 0024,15750,48300,64050,15770,49390,65160,33000BEL
R72 14504 0025,15750,60100,75850,15770,94840,110610,33000BEL
R72 14504 0026,15750,63330,79080,15770,84270,100040,33000BEL
R72 14504 0027,17150,32590,49740,17080,68430,85510,33000BEL
R72 14504 0028,16640,55410,72050,16680,66830,83510,33000BEL
R72 14504 0029,17500,70370,87870,17520,92720,110240,33000BEL
R72 14504 0030,15750,81320,97070,15770,147670,163440,33000BEL
R72 14504 0031,15750,40400,56150,15770,54980,70750,33000BEL
R72 14504 0032,15750,40210,55960,15770,44180,59950,33000BEL
R72 14504 0033,15750,41480,57230,15770,55130,70900,33000BEL
R72 14504 0034,15750,44230,59980,15770,54590,70360,33000BEL
R72 14504 0035,15750,38980,54730,15770,47280,63050,33000BEL
R72 14504 0036,15750,55550,71300,15770,67800,83570,33000BEL
R72 14504 0037,15750,55250,71000,15770,69310,85080,33000BEL
R72 14504 0038,15750,52290,68040,15770,81340,97110,33000BEL
R72 14504 0039,16070,51010,67080,16120,56760,72880,33000BEL
R72 14504 0040,15930,64860,80790,15940,75950,91890,33000BEL
R72 14504 0041,4890,0,4890,4910,0,4910,33000BEL
R72 14504 0042,15750,50760,66510,15770,65650,81420,33000BEL
R72 14504 0043,15930,47790,63720,15940,54250,70190,33000BEL
R72 14504 0044,15750,53120,68870,15770,60510,76280,33000BEL
R72 14504 0045,15750,38190,53940,15770,56150,71920,33000BEL
R72 14504 0046,15750,64910,80660,15770,70630,86400,33000BEL
R72 14504 0047,15750,53280,69030,15770,65910,81680,33000BEL
R72 14504 0048,15750,54740,70490,15770,64240,80010,33000BEL
R72 14504 0049,15750,45440,61190,15770,66620,82390,33000BEL
R72 14504 0050,15750,60480,76230,15770,73030,88800,33000BEL
R72 14504 0051,15750,48120,63870,15770,57520,73290,33000BEL
R72 14504 0052,15750,58050,73800,15770,76450,92220,33000BEL
R72 14504 0053,15750,67930,83680,15770,73770,89540,33000BEL
R72 14504 0054,15750,56000,71750,15770,70800,86570,33000BEL
R72 14504 0055,16790,53750,70540,16690,74160,90850,33000BEL
R72 14504 0056,16790,42090,58880,16690,43410,60100,33000BEL
R72 14504 0057,16790,37740,54530,16690,41880,58570,33000BEL
R72 14504 0058,16940,58050,74990,16800,61660,78460,33000BEL
R72 14504 0059,17170,53970,71140,17110,59200,76310,33000BEL
R72 14504 0060,17170,47780,64950,17110,57010,74120,33000BEL
R72 14504 0061,17170,59550,76720,17110,70540,87650,33000BEL
R72 14504 0062,17170,63100,80270,17110,63660,80770,33000BEL
R72 14504 0063,17170,43420,60590,17110,48870,65980,33000BEL
R72 14504 0064,24800,58030,82830,25580,87800,113380,33000BEL
R72 14504 0066,17170,45060,62230,17110,44980,62090,33000BEL
R72 14504 0067,15930,52260,68190,15940,59420,75360,33000BEL
R72 14504 0068,15750,44540,60290,15770,51850,67620,33000BEL
R72 14504 0070,4890,0,4890,4910,0,4910,33000BEL
R72 14505 0002,18260,62370,80630,17100,59880,76980,12010BEL
R72 14505 0008,8320,5680,14000,12210,13000,25210,12010BEL
R72 14505 0015,18200,46860,65060,18250,95570,113820,33000BEL
R72 14505 0021,21350,52140,73490,23940,69580,93520,33000BEL
R72 14505 0022,21180,39150,60330,23360,34290,57650,33000BEL
R72 14505 0023,21180,48550,69730,23360,67500,90860,33000BEL
R72 14505 0024,21180,32060,53240,23360,40980,64340,33000BEL
R72 14505 0026,21180,56280,77460,23360,61610,84970,33000BEL
R72 14505 0027,20650,52840,73490,21900,55340,77240,33000BEL
R72 14505 0028,18900,43440,62340,18980,53180,72160,33000BEL
R72 14505 0029,24450,48360,72810,23290,54330,77620,33000BEL
R72 14505 0031,19430,46590,66020,19710,55170,74880,33000BEL
R72 14506 0001,15150,36800,51950,14890,36640,51530,33000BEL
R72 14506 0002,15930,48160,64090,15770,90580,106350,33000BEL
R72 14506 0004,17480,55540,73020,17520,66560,84080,33000BEL
R72 14506 0005,19430,23490,42920,19710,40810,60520,33000BEL
R72 14506 0006,24990,133610,158600,27670,162990,190660,33000BEL
R72 14506 0008,17850,54430,72280,17810,58460,76270,33000BEL
R72 14506 0013,18760,41500,60260,18080,52650,70730,33000BEL
R72 14506 0014,15440,49210,64650,15530,59460,74990,33000BEL
R72 14506 0015,16380,41850,58230,16350,52260,68610,33000BEL
R72 14506 0016,16380,73960,90340,16350,64870,81220,33000BEL
R72 14506 0017,16380,47150,63530,16350,56420,72770,33000BEL
R72 14506 0018,16380,49090,65470,16350,54710,71060,33000BEL
R72 14506 0019,16380,51270,67650,16350,57440,73790,33000BEL
R72 14506 0020,16380,36250,52630,16350,59040,75390,33000BEL
R72 14506 0022,16380,41580,57960,16350,48480,64830,33000BEL
R72 14506 0023,16380,64090,80470,16350,87510,103860,33000BEL
R72 14506 0024,16380,44860,61240,16350,48870,65220,33000BEL
R72 14506 0025,16380,54400,70780,16350,63430,79780,33000BEL
R72 14506 0026,16290,43510,59800,16250,49970,66220,33000BEL
R72 14506 0027,19910,50750,70660,19490,55780,75270,33000BEL
R72 14506 0031,13860,52450,66310,14130,86190,100320,33000BEL
R72 14506 0032,17010,36370,53380,16990,56270,73260,33000BEL
R72 14506 0033,17010,39910,56920,16990,42520,59510,33000BEL
R72 14506 0034,17010,48170,65180,16990,51850,68840,33000BEL
R72 14506 0035,17010,53590,70600,16990,58030,75020,33000BEL
R72 14506 0036,17010,45210,62220,16990,50540,67530,33000BEL
R72 14506 0037,17010,44800,61810,16990,80590,97580,33000BEL
R72 14506 0038,17010,51180,68190,16990,60570,77560,33000BEL
R72 14506 0039,16630,53430,70060,16580,60290,76870,33000BEL
R72 14506 0040,17010,53490,70500,16990,71480,88470,33000BEL
R72 14506 0041,17010,50710,67720,16990,53970,70960,33000BEL
R72 14506 0042,17010,57350,74360,16990,61770,78760,33000BEL
R72 14506 0043,1220,0,1220,1150,0,1150,33000BEL
R72 14507 0001,16380,41400,57780,16350,52260,68610,33000BEL
R72 14507 0002,16380,43020,59400,16350,63890,80240,33000BEL
R72 14507 0003,16380,57010,73390,16350,64530,80880,33000BEL
R72 14507 0004,16380,56710,73090,16350,64970,81320,33000BEL
R72 14507 0005,16380,61780,78160,16350,69430,85780,33000BEL
R72 14507 0006,16380,44260,60640,16350,52760,69110,33000BEL
R72 14507 0011,13540,62160,75700,13910,68050,81960,33000BEL
R72 14507 0012,14130,52770,66900,14280,63300,77580,33000BEL
R72 14507 0014,16320,51650,67970,16260,55810,72070,33000BEL
R72 14507 0015,19060,44250,63310,20380,52930,73310,33000BEL
R72 14507 0016,24150,44130,68280,27170,46640,73810,33000BEL
R72 14507 0017,22300,41030,63330,24000,57850,81850,33000BEL
R72 14507 0018,18590,44230,62820,19270,51990,71260,33000BEL
R72 14507 0019,18590,38060,56650,19270,58380,77650,33000BEL
R72 14507 0020,18590,45450,64040,19270,49990,69260,33000BEL
R72 14507 0021,18590,34340,52930,19270,32330,51600,33000BEL
R72 14507 0022,18900,33640,52540,18320,58980,77300,33000BEL
R72 14507 0023,23100,27410,50510,22190,31210,53400,33000BEL
R72 14507 0025,21700,37740,59440,21830,32070,53900,33000BEL
R72 14507 0026,18900,44930,63830,19910,54310,74220,33000BEL
R72 14507 0027,18740,48520,67260,19510,56470,75980,33000BEL
R72 14507 0028,18430,38920,57350,19100,40310,59410,33000BEL
R72 14507 0029,18270,55760,74030,18630,72420,91050,33000BEL
R72 14507 0030,17960,41720,59680,18220,48990,67210,33000BEL
R72 14507 0031,17800,51620,69420,17810,54640,72450,33000BEL
R72 14507 0032,17330,58340,75670,17400,76660,94060,33000BEL
R72 14507 0033,17010,30890,47900,16990,43860,60850,33000BEL
R72 14507 0034,16540,47070,63610,16530,50900,67430,33000BEL
R72 14507 0036,8230,0,8230,16500,55260,71760,33000BEL
R72 14507 0037,8580,0,8580,17160,55260,72420,33000BEL
R72 14508 0001,16380,54970,71350,16350,93460,109810,33000BEL
R72 14508 0002,16380,53710,70090,16350,64400,80750,33000BEL
R72 14508 0003,16380,47190,63570,16350,55380,71730,33000BEL
R72 14508 0004,16380,43890,60270,16350,77280,93630,33000BEL
R72 14508 0005,16380,61530,77910,16350,65690,82040,33000BEL
R72 14508 0006,16380,48110,64490,16350,43430,59780,33000BEL
R72 14508 0007,16380,44920,61300,16350,35850,52200,33000BEL
R72 14508 0008,16380,49730,66110,16350,60580,76930,33000BEL
R72 14508 0009,8180,0,8180,7360,0,7360,33000BEL
R72 14508 0010,16700,46090,62790,16640,55760,72400,33000BEL
R72 14508 0011,20020,55850,75870,20150,59580,79730,33000BEL
R72 14508 0013,20020,48810,68830,20150,65340,85490,33000BEL
R72 14508 0015,16380,50780,67160,16350,59190,75540,33000BEL
R72 14508 0016,18930,46590,65520,19010,52250,71260,33000BEL
R72 14508 0017,18930,51650,70580,19010,59240,78250,33000BEL
R72 14508 0018,16380,55340,71720,16350,68890,85240,33000BEL
R72 14508 0019,16380,44420,60800,16350,56560,72910,33000BEL
R72 14508 0020,13100,60660,73760,13080,85510,98590,33000BEL
R72 14508 0021,16380,54790,71170,16350,63450,79800,33000BEL
R72 14508 0022,16380,61940,78320,16350,90070,106420,33000BEL
R72 14508 0023,16380,44450,60830,16350,41430,57780,33000BEL
R72 14508 0024,16380,36270,52650,16350,43260,59610,33000BEL
R72 14508 0025,16380,45210,61590,16350,52720,69070,33000BEL
R72 14508 0026,16380,42770,59150,16350,44510,60860,33000BEL
R72 14508 0027,16380,44690,61070,16350,46120,62470,33000BEL
R72 14508 0028,16380,45390,61770,16350,47110,63460,33000BEL
R72 14508 0029,16380,43660,60040,16350,50360,66710,33000BEL
R72 14508 0030,16380,62500,78880,16350,87050,103400,33000BEL
R72 14508 0031,16380,45560,61940,16350,56540,72890,33000BEL
R72 14508 0032,16380,39960,56340,16350,39880,56230,33000BEL
R72 14508 0033,16380,37880,54260,16350,45960,62310,33000BEL
R72 14508 0034,25480,49500,74980,25840,64430,90270,33000BEL
R72 14508 0035,16380,50860,67240,16350,60570,76920,33000BEL
R72 14508 0036,16380,47460,63840,16350,56200,72550,33000BEL
R72 14508 0037,16380,51530,67910,16350,49490,65840,33000BEL
R72 14508 0038,16380,35310,51690,16350,44410,60760,33000BEL
R72 14508 0039,16380,50700,67080,16350,67300,83650,33000BEL
R72 14508 0040,16380,52820,69200,16350,60240,76590,33000BEL
R72 14508 0041,16380,58340,74720,16350,59160,75510,33000BEL
R72 14508 0042,16380,54830,71210,16350,62380,78730,33000BEL
R72 14508 0043,16380,56320,72700,16350,69520,85870,33000BEL
R72 14508 0044,16380,51530,67910,16350,58910,75260,33000BEL
R72 14508 0045,16380,46680,63060,16350,46590,62940,33000BEL
R72 14508 0046,18930,46620,65550,19010,50500,69510,33000BEL
R72 14508 0047,18930,45590,64520,19010,51760,70770,33000BEL
R72 14508 0048,16380,46680,63060,16350,57060,73410,33000BEL
R72 14508 0049,16380,55100,71480,16350,65280,81630,33000BEL
R72 14508 0050,16380,50050,66430,16350,51450,67800,33000BEL
R72 14508 0051,16380,56500,72880,16350,64830,81180,33000BEL
R72 14508 0052,16380,42660,59040,16350,53210,69560,33000BEL
R72 14508 0053,16380,49760,66140,16350,54700,71050,33000BEL
R72 14508 0054,16380,54070,70450,16350,66510,82860,33000BEL
R72 14508 0055,16380,43490,59870,16350,46770,63120,33000BEL
R72 14508 0056,16380,42880,59260,16350,64380,80730,33000BEL
R72 14508 0057,16380,41500,57880,16350,43380,59730,33000BEL
R72 14508 0058,16380,43310,59690,16350,45830,62180,33000BEL
R72 14508 0059,16380,59450,75830,16350,64130,80480,33000BEL
R72 14508 0060,16380,38010,54390,16350,39570,55920,33000BEL
R72 14508 0061,16380,49850,66230,16350,58270,74620,33000BEL
R72 14508 0062,16380,70320,86700,16350,79310,95660,33000BEL
R72 14508 0063,16380,52460,68840,16350,61740,78090,33000BEL
R72 14508 0064,16380,52130,68510,16350,56930,73280,33000BEL
R72 14508 0065,16380,64910,81290,16350,72800,89150,33000BEL
R72 14508 0066,16380,55930,72310,16350,78520,94870,33000BEL
R72 14508 0067,16380,56930,73310,16350,63120,79470,33000BEL
R72 14508 0068,16380,52280,68660,16350,53840,70190,33000BEL
R72 14509 0001,17470,53920,71390,17430,59210,76640,33000BEL
R72 14509 0002,15750,42940,58690,15710,48370,64080,33000BEL
R72 14509 0003,16070,46340,62410,16120,52160,68280,33000BEL
R72 14509 0004,16510,71840,88350,16430,94090,110520,33000BEL
R72 14509 0005,16710,70910,87620,16640,92060,108700,33000BEL
R72 14509 0006,17480,43690,61170,17520,62110,79630,33000BEL
R72 14509 0007,17480,18260,35740,17520,42200,59720,33000BEL
R72 14509 0008,13630,39530,53160,14020,37450,51470,33000BEL
R72 14509 0010,18590,51220,69810,19270,55470,74740,33000BEL
R72 14509 0011,13630,41720,55350,14020,47880,61900,33000BEL
R72 14509 0013,13630,45690,59320,14020,39940,53960,33000BEL
R72 14509 0015,13630,37800,51430,14020,39990,54010,33000BEL
R72 14509 0017,16380,29370,45750,16350,27840,44190,33000BEL
R72 14509 0018,16380,24960,41340,13100,68820,81920,33000BEL
R72 14509 0019,17010,43650,60660,16990,47500,64490,33000BEL
R72 14509 0020,17010,50450,67460,16990,58730,75720,33000BEL
R72 14509 0021,17010,41630,58640,16990,44570,61560,33000BEL
R72 14509 0022,17010,42630,59640,16990,49360,66350,33000BEL
R72 14509 0023,17010,49460,66470,16990,56620,73610,33000BEL
R72 14509 0024,17010,57680,74690,16990,59430,76420,33000BEL
R72 14509 0025,17010,39240,56250,16990,53270,70260,33000BEL
R72 14509 0026,17010,46600,63610,16990,50470,67460,33000BEL
R72 14509 0027,17010,39270,56280,16990,40750,57740,33000BEL
R72 14509 0028,17010,41960,58970,16990,42830,59820,33000BEL
R72 14509 0029,17010,42750,59760,16990,23880,40870,33000BEL
R72 14509 0030,17010,41120,58130,16990,44320,61310,33000BEL
R72 14509 0031,17010,53050,70060,16990,63760,80750,33000BEL
R72 14509 0032,17010,83560,100570,16990,91920,108910,33000BEL
R72 14509 0033,17010,3760,20770,16940,53100,70040,33000BEL
R72 14509 0034,17010,51810,68820,16940,58830,75770,33000BEL
R72 14509 0035,17010,44240,61250,16940,43490,60430,33000BEL
R72 14509 0036,17010,62000,79010,16940,74520,91460,33000BEL
R72 14509 0037,8500,0,8500,7590,0,7590,33000BEL
R72 14509 0038,24570,39510,64080,25000,48660,73660,33000BEL
R72 14509 0039,17010,43460,60470,16940,46240,63180,33000BEL
R72 14509 0040,17010,46340,63350,16940,53220,70160,33000BEL
R72 14509 0041,17010,44470,61480,16940,49490,66430,33000BEL
R72 14509 0042,17010,8180,25190,15750,3580,19330,33000BEL
R72 14509 0043,17010,57770,74780,16940,0,16940,33000BEL
R72 14509 0044,17010,46260,63270,16940,37970,54910,33000BEL
R72 14509 0045,17010,57020,74030,16940,62960,79900,33000BEL
R72 14509 0046,17010,61760,78770,16940,67390,84330,33000BEL
R72 14509 0047,17010,38450,55460,16940,35080,52020,33000BEL
R72 14509 0048,17010,54470,71480,16940,57270,74210,33000BEL
R72 14509 0049,17010,43680,60690,16940,41940,58880,33000BEL
R72 14509 0050,17010,29110,46120,16940,36000,52940,33000BEL
R72 14509 0051,17010,55630,72640,16940,61270,78210,33000BEL
R72 14509 0052,17010,44870,61880,16940,47030,63970,33000BEL
R72 14509 0053,17010,45480,62490,16940,48770,65710,33000BEL
R72 14509 0054,17010,41970,58980,16940,45530,62470,33000BEL
R72 14509 0055,17010,41650,58660,16940,43580,60520,33000BEL
R72 14509 0056,17010,46430,63440,16940,73790,90730,33000BEL
R72 14509 0057,14490,57740,72230,14600,65290,79890,33000BEL
R72 14509 0058,17010,31790,48800,16940,32890,49830,33000BEL
R72 14510 0001,16380,54710,71090,16350,22180,38530,33000BEL
R72 14510 0002,16380,26430,42810,16350,39670,56020,33000BEL
R72 14510 0003,16380,52520,68900,16350,55710,72060,33000BEL
R72 14510 0004,16380,51650,68030,16350,46780,63130,33000BEL
R72 14510 0005,20020,57070,77090,20150,74890,95040,33000BEL
R72 14510 0008,17800,51420,69220,17930,51050,68980,33000BEL
R72 14510 0009,17800,37430,55230,17930,55140,73070,33000BEL
R72 14510 0010,17800,62860,80660,17930,71520,89450,33000BEL
R72 14510 0011,17800,45020,62820,17930,61570,79500,33000BEL
R72 14510 0012,17800,52880,70680,17930,68800,86730,33000BEL
R72 14510 0013,8890,0,8890,8070,0,8070,33000BEL
R72 14510 0014,19780,55890,75670,20220,63840,84060,33000BEL
R72 14510 0015,9290,0,9290,8480,0,8480,33000BEL
R72 14510 0016,17800,53060,70860,17930,57990,75920,33000BEL
R72 14510 0017,17800,52560,70360,17930,54050,71980,33000BEL
R72 14510 0018,17800,48620,66420,17930,56240,74170,33000BEL
R72 14510 0019,17800,45340,63140,17930,50170,68100,33000BEL
R72 14510 0020,8890,0,8890,8070,0,8070,33000BEL
R72 14510 0021,17800,62720,80520,17930,75640,93570,33000BEL
R72 14510 0022,17800,39260,57060,17990,46430,64420,33000BEL
R72 14510 0023,17800,44010,61810,17990,71860,89850,33000BEL
R72 14510 0024,17800,36370,54170,17990,72620,90610,33000BEL
R72 14510 0025,17800,49880,67680,17930,56350,74280,33000BEL
R72 14510 0026,17800,49240,67040,17930,53560,71490,33000BEL
R72 14510 0027,17800,47920,65720,17930,49090,67020,33000BEL
R72 14510 0028,17800,51160,68960,17930,59640,77570,33000BEL
R72 14511 0002,17010,43420,60430,16880,44630,61510,33000BEL
R72 14511 0003,17010,42260,59270,16880,45170,62050,33000BEL
R72 14511 0004,16850,51110,67960,16820,57490,74310,33000BEL
R72 14511 0005,16850,42750,59600,16820,43550,60370,33000BEL
R72 14511 0006,16850,41620,58470,16820,44670,61490,33000BEL
R72 14511 0007,15630,65630,81260,15590,69110,84700,33000BEL
R72 14511 0008,15460,60030,75490,15440,67200,82640,33000BEL
R72 14511 0009,15300,26070,41370,15290,71390,86680,33000BEL
R72 14511 0010,6050,2190,8240,6050,2870,8920,33000BEL
R72 14511 0011,14810,44040,58850,14950,44390,59340,33000BEL
R72 14511 0012,15120,45600,60720,15240,52710,67950,33000BEL
R72 14511 0013,17640,55970,73610,17630,53210,70840,33000BEL
R72 14511 0014,24570,54410,78980,25000,73770,98770,33000BEL
R72 14511 0016,17010,40070,57080,16880,41240,58120,33000BEL
R72 14511 0017,16380,44350,60730,12500,25000,37500,33000BEL
R72 14511 0018,16850,50540,67390,16820,70580,87400,33000BEL
R72 14511 0019,18930,37380,56310,19010,40330,59340,33000BEL
R72 14511 0020,16380,56720,73100,16350,58190,74540,33000BEL
R72 14511 0021,16380,48650,65030,16350,49120,65470,33000BEL
R72 14511 0022,16380,63550,79930,16350,76820,93170,33000BEL
R72 14511 0023,16380,47350,63730,16350,58430,74780,33000BEL
R72 14511 0024,16380,63960,80340,16350,72700,89050,33000BEL
R72 14511 0025,16380,42880,59260,16350,43310,59660,33000BEL
R72 14511 0026,16380,42880,59260,16350,38470,54820,33000BEL
R72 14511 0027,16380,62760,79140,16350,66200,82550,33000BEL
R72 14511 0028,16380,46400,62780,16350,73320,89670,33000BEL
R72 14511 0029,8180,0,8180,7360,0,7360,33000BEL
R72 14511 0030,16380,50180,66560,16350,60320,76670,33000BEL
R72 14511 0031,16380,61350,77730,16350,64310,80660,33000BEL
R72 14511 0032,16380,58710,75090,16350,67100,83450,33000BEL
R72 14511 0033,16380,50500,66880,16350,57960,74310,33000BEL
R72 14511 0034,16380,56840,73220,16350,60120,76470,33000BEL
R72 14511 0035,16850,36660,53510,16820,85790,102610,33000BEL
R72 14511 0036,8420,0,8420,7570,0,7570,33000BEL
R72 14511 0037,16850,46080,62930,16820,47970,64790,33000BEL
R72 14511 0038,16850,59510,76360,16820,61480,78300,33000BEL
R72 14511 0039,16850,54450,71300,16820,62960,79780,33000BEL
R72 14511 0040,16850,59950,76800,16820,68510,85330,33000BEL
R72 14511 0041,20130,45120,65250,20660,81750,102410,33000BEL
R72 14511 0042,20130,43310,63440,20660,69190,89850,33000BEL
R72 14511 0043,20130,58100,78230,20660,63210,83870,33000BEL
R72 14511 0044,20130,51440,71570,20660,68470,89130,33000BEL
R72 14511 0045,20130,63550,83680,20660,61780,82440,33000BEL
R72 14511 0046,20130,54410,74540,20660,57710,78370,33000BEL
R72 14511 0047,20130,20070,40200,20660,41600,62260,33000BEL
R72 14511 0048,20130,55700,75830,20660,58280,78940,33000BEL
R72 14511 0049,16280,61470,77750,16280,67850,84130,33000BEL
R72 14511 0050,20130,55890,76020,20660,77240,97900,33000BEL
R72 14511 0051,20130,60930,81060,20660,61380,82040,33000BEL
R72 14511 0052,20130,57510,77640,20660,57230,77890,33000BEL
R72 14511 0053,20130,57470,77600,20660,63010,83670,33000BEL
R72 14601 0001,16850,43700,60550,16820,46660,63480,33000BEL
R72 14601 0002,16220,60290,76510,16240,66110,82350,33000BEL
R72 14601 0003,14960,54220,69180,15070,57000,72070,33000BEL
R72 14601 0005,17680,41390,59070,17740,42730,60470,33000BEL
R72 14601 0007,16460,52320,68780,16410,64620,81030,33000BEL
R72 14601 0008,16810,52080,68890,16770,54510,71280,33000BEL
R72 14601 0009,16800,59590,76390,16820,59750,76570,33000BEL
R72 14601 0010,15750,46350,62100,15830,47850,63680,33000BEL
R72 14601 0011,17010,60170,77180,16940,59810,76750,33000BEL
R72 14601 0012,17010,49140,66150,16940,36060,53000,33000BEL
R72 14601 0013,17010,35710,52720,16940,64960,81900,33000BEL
R72 14601 0014,17010,63510,80520,16940,67500,84440,33000BEL
R72 14601 0015,17010,41480,58490,16940,56910,73850,33000BEL
R72 14601 0016,17010,44060,61070,16940,44530,61470,33000BEL
R72 14601 0017,17010,47210,64220,16940,48490,65430,33000BEL
R72 14601 0018,17010,50050,67060,16940,53470,70410,33000BEL
R72 14601 0019,17010,39070,56080,16940,45190,62130,33000BEL
R72 14601 0020,17010,29380,46390,16940,25840,42780,33000BEL
R72 14601 0021,17010,59900,76910,16940,64720,81660,33000BEL
R72 14601 0022,17010,46180,63190,16940,74080,91020,33000BEL
R72 14601 0023,19090,28890,47980,19180,39960,59140,33000BEL
R72 14601 0024,17600,44080,61680,17410,62010,79420,33000BEL
R72 14601 0025,15960,60260,76220,15950,64320,80270,33000BEL
R72 14601 0027,17330,43560,60890,17300,45550,62850,33000BEL
R72 14601 0028,18030,49200,67230,18030,53050,71080,33000BEL
R72 14601 0029,21500,104760,126260,21770,197730,219500,33000BEL
R72 14601 0030,17660,36380,54040,17660,73020,90680,33000BEL
R72 14601 0031,16700,51080,67780,16640,54740,71380,33000BEL
R72 14601 0032,17010,77470,94480,16940,96820,113760,33000BEL
R72 14601 0033,8500,0,8500,7620,0,7620,33000BEL
R72 14601 0034,17010,40150,57160,16940,27230,44170,33000BEL
R72 14601 0035,17010,49270,66280,16940,52330,69270,33000BEL
R72 14601 0036,17010,49510,66520,16940,53700,70640,33000BEL
R72 14601 0037,17010,53550,70560,16940,58690,75630,33000BEL
R72 14601 0038,17010,24920,41930,16940,52310,69250,33000BEL
R72 14601 0039,17010,31830,48840,16940,34900,51840,33000BEL
R72 14601 0040,16700,49230,65930,16700,54130,70830,33000BEL
R72 14601 0041,16700,50070,66770,16700,54340,71040,33000BEL
R72 14601 0042,16700,47880,64580,16700,59760,76460,33000BEL
R72 14601 0043,16700,43970,60670,16700,56850,73550,33000BEL
R72 14601 0044,16700,54440,71140,16700,57990,74690,33000BEL
R72 14601 0045,8340,0,8340,7520,0,7520,33000BEL
R72 14601 0046,8340,0,8340,7520,0,7520,33000BEL
R72 14601 0047,16700,49830,66530,16700,105560,122260,33000BEL
R72 14601 0048,8340,0,8340,7520,0,7520,33000BEL
R72 14601 0049,16700,49080,65780,16700,76140,92840,33000BEL
R72 14601 0050,8340,0,8340,7520,0,7520,33000BEL
R72 14601 0051,17200,65110,82310,17140,97450,114590,33000BEL
R72 14601 0052,17710,48120,65830,17840,49870,67710,33000BEL
R72 14601 0053,9170,77530,86700,18570,105360,123930,33000BEL
R72 14601 0054,19820,31760,51580,20710,27100,47810,33000BEL
R72 14601 0055,20070,39350,59420,21740,62910,84650,33000BEL
R72 14601 0056,18570,47340,65910,20370,54160,74530,33000BEL
R72 14601 0057,19860,49820,69680,19590,61040,80630,33000BEL
R72 14601 0058,17840,45810,63650,17870,49390,67260,33000BEL
R72 14601 0061,19040,60080,79120,19000,71470,90470,33000BEL
R72 14601 0063,23510,65190,88700,23990,73980,97970,33000BEL
R72 14601 0064,21160,56870,78030,20790,63620,84410,33000BEL
R72 14601 0066,20340,51650,71990,20040,84320,104360,33000BEL
R72 14601 0071,24460,50880,75340,24480,74400,98880,33000BEL
R72 14601 0074,3560,0,3560,3940,0,3940,33000BEL
R72 14601 0075,3760,0,3760,3760,0,3760,33000BEL
R72 14602 0001,16700,53430,70130,16700,68370,85070,33000BEL
R72 14602 0002,8340,0,8340,7520,0,7520,33000BEL
R72 14602 0003,16700,42110,58810,16700,51610,68310,33000BEL
R72 14602 0004,16700,46340,63040,16700,57060,73760,33000BEL
R72 14602 0005,16700,55480,72180,16700,56660,73360,33000BEL
R72 14602 0006,16700,36140,52840,16700,37750,54450,33000BEL
R72 14602 0007,16700,44540,61240,16700,54440,71140,33000BEL
R72 14602 0008,16700,38520,55220,16700,40180,56880,33000BEL
R72 14602 0009,16700,40180,56880,16700,38430,55130,33000BEL
R72 14602 0010,16700,45670,62370,16700,55380,72080,33000BEL
R72 14602 0011,16700,39100,55800,16700,43690,60390,33000BEL
R72 14602 0012,16700,39150,55850,16700,41910,58610,33000BEL
R72 14602 0013,16700,43000,59700,16700,44310,61010,33000BEL
R72 14602 0014,16700,41600,58300,16700,42090,58790,33000BEL
R72 14602 0015,8340,0,8340,7520,0,7520,33000BEL
R72 14602 0016,16700,41250,57950,16700,46660,63360,33000BEL
R72 14602 0017,16700,36160,52860,16700,36870,53570,33000BEL
R72 14602 0018,16700,41080,57780,16700,43580,60280,33000BEL
R72 14602 0019,16700,46510,63210,16700,57220,73920,33000BEL
R72 14602 0020,16700,41210,57910,16700,52600,69300,33000BEL
R72 14602 0021,17010,55490,72500,16940,60060,77000,33000BEL
R72 14602 0022,17010,62620,79630,16940,90220,107160,33000BEL
R72 14602 0023,17010,58800,75810,16940,58830,75770,33000BEL
R72 14602 0024,17010,41540,58550,16940,51340,68280,33000BEL
R72 14602 0025,17290,58760,76050,16940,72640,89580,33000BEL
R72 14602 0027,17010,37600,54610,16940,40450,57390,33000BEL
R72 14602 0028,17010,56900,73910,16940,56160,73100,33000BEL
R72 14602 0029,17010,43230,60240,16940,52610,69550,33000BEL
R72 14602 0030,17010,63290,80300,16940,75270,92210,33000BEL
R72 14602 0031,17010,43270,60280,16940,47010,63950,33000BEL
R72 14602 0032,17010,50180,67190,16940,53830,70770,33000BEL
R72 14602 0033,17010,37310,54320,16940,44140,61080,33000BEL
R72 14602 0034,17010,35810,52820,16940,37290,54230,33000BEL
R72 14602 0035,17010,40140,57150,16940,46030,62970,33000BEL
R72 14602 0036,17010,46230,63240,16940,51220,68160,33000BEL
R72 14602 0037,17010,45950,62960,16940,36630,53570,33000BEL
R72 14602 0038,17010,37510,54520,16940,34520,51460,33000BEL
R72 14602 0039,16380,38610,54990,16350,41350,57700,33000BEL
R72 14602 0040,17010,6200,23210,16940,10320,27260,33000BEL
R72 14602 0041,17010,31410,48420,16940,35220,52160,33000BEL
R72 14602 0042,17010,35650,52660,16940,37440,54380,33000BEL
R72 14602 0043,17010,50390,67400,16940,52720,69660,33000BEL
R72 14602 0044,17010,52120,69130,16940,51140,68080,33000BEL
R72 14602 0045,17010,43180,60190,16940,65670,82610,33000BEL
R72 14602 0046,17010,66310,83320,16940,87210,104150,33000BEL
R72 14602 0047,17010,55390,72400,16940,55450,72390,33000BEL
R72 14602 0048,17010,56800,73810,16940,57620,74560,33000BEL
R72 14602 0049,17010,53760,70770,16940,49350,66290,33000BEL
R72 14602 0050,17010,53030,70040,16940,52670,69610,33000BEL
R72 14602 0051,17010,53800,70810,16940,54390,71330,33000BEL
R72 14602 0052,17010,51630,68640,16940,57340,74280,33000BEL
R72 14602 0053,17010,69320,86330,16940,72960,89900,33000BEL
R72 14602 0054,17010,59020,76030,16940,68350,85290,33000BEL
R72 14602 0055,17010,34190,51200,16940,43550,60490,33000BEL
R72 14602 0056,17010,47150,64160,16940,44360,61300,33000BEL
R72 14602 0057,17480,57400,74880,17520,64060,81580,33000BEL
R72 14602 0058,17010,39220,56230,16940,47670,64610,33000BEL
R72 14602 0059,17010,52010,69020,16940,51210,68150,33000BEL
R72 14602 0060,17010,47630,64640,16940,45550,62490,33000BEL
R72 14602 0061,16500,55860,72360,16350,57520,73870,33000BEL
R72 14603 0001,17010,38150,55160,16940,37900,54840,33000BEL
R72 14603 0002,17010,50210,67220,16940,58190,75130,33000BEL
R72 14603 0003,17010,46570,63580,16940,49960,66900,33000BEL
R72 14603 0004,17010,41970,58980,16940,43680,60620,33000BEL
R72 14603 0005,17010,39940,56950,16940,43230,60170,33000BEL
R72 14603 0006,17010,33890,50900,16940,37820,54760,33000BEL
R72 14603 0007,17010,57120,74130,16940,89560,106500,33000BEL
R72 14603 0008,17010,55790,72800,16940,59530,76470,33000BEL
R72 14603 0009,17010,53220,70230,16940,57410,74350,33000BEL
R72 14603 0010,17010,60060,77070,16940,64780,81720,33000BEL
R72 14603 0011,24730,48180,72910,25360,67270,92630,33000BEL
R72 14603 0012,16320,47970,64290,25560,59390,84950,33000BEL
R72 14603 0013,12920,37000,49920,13430,75230,88660,33000BEL
R72 14603 0015,14490,44060,58550,14600,51060,65660,33000BEL
R72 14603 0017,17330,25100,42430,17230,17460,34690,33000BEL
R72 14603 0018,16130,51910,68040,16120,53990,70110,33000BEL
R72 14603 0019,19590,48740,68330,19100,53590,72690,33000BEL
R72 14603 0020,15300,45940,61240,15350,47060,62410,33000BEL
R72 14603 0021,17010,38990,56000,16940,71350,88290,33000BEL
R72 14603 0022,17010,35370,52380,16940,57920,74860,33000BEL
R72 14603 0023,17010,37400,54410,16940,48780,65720,33000BEL
R72 14603 0024,17010,53610,70620,16940,103020,119960,33000BEL
R72 14603 0025,17010,50680,67690,16940,90090,107030,33000BEL
R72 14603 0026,17960,54120,72080,17960,64770,82730,33000BEL
R72 14603 0027,17010,36760,53770,16940,49160,66100,33000BEL
R72 14603 0028,17010,44570,61580,16940,52680,69620,33000BEL
R72 14603 0029,17010,43030,60040,16940,44740,61680,33000BEL
R72 14603 0030,17010,49100,66110,16940,45250,62190,33000BEL
R72 14603 0031,17010,56490,73500,16940,85340,102280,33000BEL
R72 14603 0032,17010,56240,73250,16940,65650,82590,33000BEL
R72 14603 0033,17010,59600,76610,16940,57750,74690,33000BEL
R72 14603 0034,17010,55810,72820,16940,67950,84890,33000BEL
R72 14603 0035,17010,50420,67430,16940,88110,105050,33000BEL
R72 14603 0036,13610,99560,113170,13550,155530,169080,33000BEL
R72 14603 0037,8500,0,8500,7620,0,7620,33000BEL
R72 14603 0038,8500,0,8500,7620,0,7620,33000BEL
R72 14603 0039,17010,53160,70170,16940,40930,57870,33000BEL
R72 14603 0040,17010,30690,47700,16940,28890,45830,33000BEL
R72 14603 0041,17010,34600,51610,16940,6060,23000,33000BEL
R72 14603 0042,17010,26840,43850,16940,20120,37060,33000BEL
R72 14603 0043,17010,16930,33940,16940,20460,37400,33000BEL
R72 14603 0044,17010,50820,67830,16940,58370,75310,33000BEL
R72 14603 0045,17010,73650,90660,16940,70010,86950,33000BEL
R72 14603 0046,17010,29860,46870,16940,31890,48830,33000BEL
R72 14603 0047,17010,57570,74580,16940,61400,78340,33000BEL
R72 14603 0048,17010,52040,69050,16940,54310,71250,33000BEL
R72 14603 0049,17010,48020,65030,16940,54160,71100,33000BEL
R72 14603 0050,17010,47420,64430,16940,65470,82410,33000BEL
R72 14603 0051,17010,37630,54640,16940,39220,56160,33000BEL
R72 14603 0052,17010,41300,58310,16940,61590,78530,33000BEL
R72 14603 0053,17960,61670,79630,17960,71770,89730,33000BEL
R72 14603 0054,17010,55900,72910,16940,59950,76890,33000BEL
R72 14603 0055,17010,46580,63590,16940,57540,74480,33000BEL
R72 14603 0056,17010,50510,67520,16940,57090,74030,33000BEL
R72 14603 0057,17010,24210,41220,16940,44240,61180,33000BEL
R72 14603 0058,17010,44090,61100,16940,48180,65120,33000BEL
R72 14604 0004,5840,19880,25720,5840,23250,29090,C0300000
R72 14604 0006,8950,18690,27640,8950,23300,32250,C0300000
R72 14605 0003,17820,39310,57130,14220,69290,83510,12010BEL
R72 14605 0004,17420,38880,56300,6240,0,6240,12010BEL
R72 14605 0005,17420,33760,51180,13870,51360,65230,12010BEL
R72 14605 0006,17420,43090,60510,13870,57700,71570,12010BEL
R72 14605 0007,17420,40810,58230,13870,66620,80490,12010BEL
R72 14605 0008,17420,46280,63700,13870,59700,73570,12010BEL
R72 14605 0009,17420,41120,58540,13870,59320,73190,12010BEL
R72 14605 0010,17420,49850,67270,13870,71800,85670,12010BEL
R72 14605 0011,17420,44270,61690,13870,63990,77860,12010BEL
R72 14605 0012,17820,54860,72680,14220,72730,86950,12010BEL
R72 14605 0014,17030,52810,69840,13520,50630,64150,12010BEL
R72 14605 0015,17420,43060,60480,13870,67050,80920,12010BEL
R72 14605 0016,17420,43370,60790,13870,65210,79080,12010BEL
R72 14605 0017,17250,53480,70730,13760,61970,75730,12010BEL
R72 14605 0018,17250,42390,59640,13760,46290,60050,12010BEL
R72 14605 0019,17250,43460,60710,13760,40910,54670,12010BEL
R72 14605 0020,17250,50420,67670,13760,56210,69970,12010BEL
R72 14605 0021,17250,42960,60210,13760,58010,71770,12010BEL
R72 14605 0022,17250,45340,62590,13760,45620,59380,12010BEL
R72 14605 0023,17250,33670,50920,13700,53950,67650,12010BEL
R72 14605 0024,17250,46980,64230,13700,52960,66660,12010BEL
R72 14605 0025,17250,49480,66730,13700,46660,60360,12010BEL
R72 14605 0026,17250,45330,62580,13700,50270,63970,12010BEL
R72 14605 0027,17170,50810,67980,13660,72000,85660,12010BEL
R72 14605 0040,9360,0,9360,6730,0,6730,12010BEL
R72 14605 0041,18540,61060,79600,14880,72800,87680,12010BEL
R72 14605 0042,18540,52650,71190,14880,81670,96550,12010BEL
R72 14605 0043,18540,53430,71970,14820,58300,73120,12010BEL
R72 14605 0047,18430,45410,63840,14830,44610,59440,12010BEL
R72 14605 0049,17400,10880,28280,13860,66060,79920,12010BEL
R72 14605 0055,19890,18880,38770,15890,59960,75850,12010BEL
R72 14605 0062,18720,62450,81170,14940,60250,75190,12010BEL
R72 14605 0069,18720,28400,47120,15000,9940,24940,12010BEL
R72 14605 0072,18000,46660,64660,14400,20120,34520,12010BEL
R72 14605 0074,17860,0,17860,14230,0,14230,12010BEL
R72 14605 0075,19010,51500,70510,15180,82810,97990,12010BEL
R72 14605 0076,19010,54960,73970,15180,60920,76100,12010BEL
R72 14605 0077,17780,47160,64940,14210,47600,61810,12010BEL
R72 14605 0078,22990,37320,60310,18600,39600,58200,12010BEL
R72 14605 0082,15980,12210,28190,12770,47560,60330,12010BEL
R72 14606 0001,18510,46150,64660,14750,57720,72470,12010BEL
R72 14606 0002,17800,39630,57430,14220,64110,78330,12010BEL
R72 14606 0003,18510,39520,58030,14750,47980,62730,12010BEL
R72 14606 0004,18720,40440,59160,14940,59380,74320,12010BEL
R72 14606 0005,18720,40500,59220,14940,61850,76790,12010BEL
R72 14606 0006,18720,40060,58780,14940,58520,73460,12010BEL
R72 14606 0007,20800,31120,51920,16880,62870,79750,12010BEL
R72 14606 0008,22620,48530,71150,18830,78320,97150,12010BEL
R72 14606 0009,9680,0,9680,7040,0,7040,12010BEL
R72 14606 0010,9590,0,9590,6890,0,6890,12010BEL
R72 14606 0011,19010,61100,80110,15180,79470,94650,12010BEL
R72 14606 0012,19440,50540,69980,15600,91250,106850,12010BEL
R72 14606 0013,19440,44120,63560,15600,55540,71140,12010BEL
R72 14606 0014,19440,49940,69380,15600,79300,94900,12010BEL
R72 14606 0015,19440,42750,62190,15600,54650,70250,12010BEL
R72 14606 0016,19440,44720,64160,15600,54340,69940,12010BEL
R72 14606 0017,19440,34330,53770,15600,52170,67770,12010BEL
R72 14606 0018,19440,42390,61830,15600,69510,85110,12010BEL
R72 14606 0019,18720,53890,72610,15000,63290,78290,12010BEL
R72 14606 0020,19440,55830,75270,15600,64510,80110,12010BEL
R72 14606 0021,18720,47380,66100,15000,51640,66640,12010BEL
R72 14606 0022,19440,54570,74010,15600,107730,123330,12010BEL
R72 14606 0023,18720,29220,47940,15000,46360,61360,12010BEL
R72 14606 0024,19440,67900,87340,15600,123430,139030,12010BEL
R72 14606 0025,19440,34340,53780,15600,41340,56940,12010BEL
R72 14606 0026,19440,63640,83080,15600,99000,114600,12010BEL
R72 14606 0027,19440,44110,63550,15600,53660,69260,12010BEL
R72 14606 0028,19010,37260,56270,15180,56720,71900,12010BEL
R72 14606 0029,19010,44240,63250,15180,59360,74540,12010BEL
R72 14606 0030,17780,36100,53880,14150,44780,58930,12010BEL
R72 14606 0031,22750,50710,73460,18380,62400,80780,12010BEL
R72 14606 0032,19010,41960,60970,15180,65110,80290,12010BEL
R72 14606 0033,19440,53200,72640,15600,71130,86730,12010BEL
R72 14606 0034,19440,46340,65780,15600,63090,78690,12010BEL
R72 14606 0035,18360,55400,73760,14550,68170,82720,12010BEL
R72 14606 0036,18360,54910,73270,14550,59940,74490,12010BEL
R72 14606 0037,19440,51220,70660,15600,60510,76110,12010BEL
R72 14606 0038,18720,52300,71020,15000,53930,68930,12010BEL
R72 14606 0039,19440,54560,74000,15600,61500,77100,12010BEL
R72 14606 0040,18790,39880,58670,14970,52260,67230,12010BEL
R72 14606 0041,21170,48630,69800,17280,73770,91050,12010BEL
R72 14606 0043,23760,64040,87800,19800,74150,93950,12010BEL
R72 14606 0045,21600,45090,66690,17700,66500,84200,12010BEL
R72 14606 0047,21600,43960,65560,17700,57890,75590,12010BEL
R72 14606 0049,19440,61660,81100,15600,78230,93830,12010BEL
R72 14606 0050,16490,39870,56360,13130,40920,54050,12010BEL
R72 14606 0051,18820,47400,66220,15170,53000,68170,12010BEL
R72 14606 0053,18820,43130,61950,15170,62460,77630,12010BEL
R72 14606 0054,18820,38460,57280,15170,55000,70170,12010BEL
R72 14606 0055,16490,52450,68940,13130,63180,76310,12010BEL
R72 14606 0056,8250,0,8250,5900,0,5900,12010BEL
R72 14606 0057,16300,40570,56870,12960,53600,66560,12010BEL
R72 14606 0058,17950,36580,54530,14330,42920,57250,12010BEL
R72 14606 0059,11670,36360,48030,9310,47170,56480,12010BEL
R72 14606 0060,17950,32140,50090,14330,42980,57310,12010BEL
R72 14606 0061,17600,51150,68750,13880,59860,73740,12010BEL
R72 14606 0062,17810,43890,61700,14090,66690,80780,12010BEL
R72 14606 0063,17810,52780,70590,14090,51130,65220,12010BEL
R72 14606 0064,17810,47620,65430,14090,57800,71890,12010BEL
R72 14606 0065,17810,66520,84330,14090,71120,85210,12010BEL
R72 14606 0066,17810,48790,66600,14090,78390,92480,12010BEL
R72 14606 0067,17810,64050,81860,14090,76550,90640,12010BEL
R72 14606 0068,17810,50450,68260,14090,59650,73740,12010BEL
R72 14606 0069,17810,47930,65740,14090,60420,74510,12010BEL
R72 14606 0070,17340,27810,45150,13760,50240,64000,12010BEL
R72 14606 0071,17340,38470,55810,13760,43290,57050,12010BEL
R72 14606 0072,17340,39120,56460,13760,46810,60570,12010BEL
R72 14606 0073,16930,50940,67870,13390,56610,70000,12010BEL
R72 14606 0074,16300,40920,57220,12960,41630,54590,12010BEL
R72 14606 0075,16490,40620,57110,13130,50070,63200,12010BEL
R72 14606 0076,17680,50930,68610,14030,48950,62980,12010BEL
R72 14606 0077,16490,44540,61030,13130,59080,72210,12010BEL
R72 14606 0078,16490,40510,57000,13130,56590,69720,12010BEL
R72 14606 0079,16490,52030,68520,13130,55490,68620,12010BEL
R72 14606 0080,16490,44670,61160,13130,63330,76460,12010BEL
R72 14606 0081,16490,47710,64200,13130,59650,72780,12010BEL
R72 14607 0001,13220,36930,50150,11090,38600,49690,12010BEL
R72 14607 0002,13220,33690,46910,11090,36810,47900,12010BEL
R72 14607 0003,13220,38340,51560,11090,41450,52540,12010BEL
R72 14607 0004,13220,34560,47780,11090,19140,30230,12010BEL
R72 14607 0009,20710,54660,75370,16520,67240,83760,12010BEL
R72 14607 0011,18750,46700,65450,16630,34370,51000,12010BEL
R72 14607 0012,18750,41260,60010,14980,45840,60820,12010BEL
R72 14607 0013,18750,47080,65830,14980,49690,64670,12010BEL
R72 14607 0014,18750,51640,70390,14980,56680,71660,12010BEL
R72 14607 0015,18750,57460,76210,14980,66330,81310,12010BEL
R72 14607 0016,14780,13860,28640,12430,61980,74410,12010BEL
R72 14607 0019,22000,53900,75900,18000,56480,74480,12010BEL
R72 14607 0021,21600,61560,83160,17700,67150,84850,12010BEL
R72 14607 0025,16500,47660,64160,13320,41830,55150,12010BEL
R72 14607 0026,13500,39310,52810,11280,43150,54430,12010BEL
R72 14607 0027,13500,17050,30550,11280,36400,47680,12010BEL
R72 14607 0031,18140,43800,61940,14340,51470,65810,12010BEL
R72 14607 0032,17340,45400,62740,13760,49270,63030,12010BEL
R72 14607 0033,17340,47750,65090,13760,49450,63210,12010BEL
R72 14607 0034,17340,63490,80830,13760,66980,80740,12010BEL
R72 14607 0035,21060,56710,77770,16970,77830,94800,12010BEL
R72 14607 0036,21240,54920,76160,17120,75160,92280,12010BEL
R72 14607 0041,17340,1820,19160,13760,2400,16160,12010BEL
R72 14607 0042,18360,33760,52120,14700,33250,47950,12010BEL
R72 14607 0044,14280,3270,17550,10950,4290,15240,12010BEL
R72 14607 0045,7140,0,7140,4910,0,4910,12010BEL
R72 14607 0046,3060,0,3060,2250,0,2250,12010BEL
R72 14607 0047,16320,41800,58120,14230,23770,38000,12010BEL
R72 14607 0048,16930,42570,59500,13390,41260,54650,12010BEL
R72 14607 0049,17750,66810,84560,14140,80760,94900,12010BEL
R72 14607 0050,8870,0,8870,6360,0,6360,12010BEL
R72 14607 0054,25300,50320,75620,21080,54040,75120,12010BEL
R72 14607 0056,32640,77520,110160,27830,84530,112360,12010BEL
R72 14607 0059,19660,45620,65280,16130,48490,64620,12010BEL
R72 14607 0060,19890,45450,65340,16390,56470,72860,12010BEL
R72 14607 0061,3220,0,3220,2320,0,2320,12010BEL
R72 14607 0063,19890,44970,64860,16390,47180,63570,12010BEL
R72 14607 0064,19890,2500,22390,16390,4390,20780,12010BEL
R72 14607 0065,19890,10990,30880,16390,58130,74520,12010BEL
R72 14607 0066,19890,51700,71590,16390,57740,74130,12010BEL
R72 14607 0067,19890,36180,56070,16490,31940,48430,12010BEL
R72 14607 0068,9950,0,9950,7430,0,7430,12010BEL
R72 14607 0069,19890,40310,60200,16490,46440,62930,12010BEL
R72 14607 0070,19890,3880,23770,16490,5070,21560,12010BEL
R72 14607 0071,19890,58490,78380,16490,47320,63810,12010BEL
R72 14607 0072,9950,0,9950,7430,0,7430,12010BEL
R72 14607 0073,1290,0,1290,1400,0,1400,12010BEL
R72 14607 0074,1280,0,1280,1400,0,1400,12010BEL
R72 14607 0080,22040,42270,64310,18170,52390,70560,12010BEL
R72 14607 0082,18190,61300,79490,14450,73980,88430,12010BEL
R72 14607 0083,18190,38500,56690,14450,42240,56690,12010BEL
R72 14607 0084,9100,5880,14980,7220,4980,12200,12010BEL
R72 14607 0085,18190,75220,93410,14450,75990,90440,12010BEL
R72 14607 0086,18190,48230,66420,14450,62140,76590,12010BEL
R72 14607 0087,3640,0,3640,2720,0,2720,12010BEL
R72 14607 0088,18360,53630,71990,14500,50890,65390,12010BEL
R72 14607 0089,18190,45720,63910,14450,48900,63350,12010BEL
R72 14607 0090,17980,36340,54320,14240,31670,45910,12010BEL
R72 14607 0091,16300,37370,53670,12960,40170,53130,12010BEL
R72 14607 0092,16490,40480,56970,13130,45100,58230,12010BEL
R72 14607 0093,16490,44200,60690,13130,49170,62300,12010BEL
R72 14607 0094,16490,62610,79100,13130,62080,75210,12010BEL
R72 14607 0095,16490,43900,60390,13130,59330,72460,12010BEL
R72 14607 0096,16490,53890,70380,13130,59740,72870,12010BEL
R72 14607 0097,16490,40950,57440,13130,44710,57840,12010BEL
R72 14607 0098,16490,54260,70750,13130,60670,73800,12010BEL
R72 14607 0100,16050,38050,54100,13100,41230,54330,12010BEL
R72 14607 0102,20520,63850,84370,16650,69380,86030,12010BEL
R72 14607 0114,7280,0,7280,4900,0,4900,12010BEL
R72 14608 0001,7210,0,7210,4850,0,4850,12010BEL
R72 14608 0002,17850,80160,98010,14130,88950,103080,12010BEL
R72 14608 0003,8840,0,8840,6330,0,6330,12010BEL
R72 14608 0004,17680,48410,66090,14030,56490,70520,12010BEL
R72 14608 0005,24960,65980,90940,20750,75220,95970,12010BEL
R72 14608 0007,17510,50950,68460,13870,59110,72980,12010BEL
R72 14608 0008,17340,37840,55180,13820,40480,54300,12010BEL
R72 14608 0009,17340,42190,59530,13760,47270,61030,12010BEL
R72 14608 0010,17340,38990,56330,13710,45380,59090,12010BEL
R72 14608 0011,17170,39220,56390,13660,43320,56980,12010BEL
R72 14608 0012,24000,78500,102500,19910,106840,126750,12010BEL
R72 14608 0014,17000,60830,77830,13500,65170,78670,12010BEL
R72 14608 0015,19000,52140,71140,15230,62110,77340,12010BEL
R72 14608 0016,21780,39740,61520,17820,55480,73300,12010BEL
R72 14608 0018,16830,41930,58760,13340,53790,67130,12010BEL
R72 14608 0019,16830,48520,65350,13340,50860,64200,12010BEL
R72 14608 0020,19210,51650,70860,15450,64540,79990,12010BEL
R72 14608 0022,16000,50920,66920,12560,63230,75790,12010BEL
R72 14608 0023,22000,55740,77740,18090,56210,74300,12010BEL
R72 14608 0025,8080,0,8080,5700,0,5700,12010BEL
R72 14608 0026,16160,52750,68910,12740,72290,85030,12010BEL
R72 14608 0027,20400,48040,68440,16500,53120,69620,12010BEL
R72 14608 0028,20400,58120,78520,16580,75040,91620,12010BEL
R72 14608 0030,24720,59910,84630,20540,83720,104260,12010BEL
R72 14608 0032,17680,76350,94030,13970,91600,105570,12010BEL
R72 14608 0033,17680,48790,66470,14030,55220,69250,12010BEL
R72 14608 0036,17850,66620,84470,14130,99410,113540,12010BEL
R72 14608 0037,8930,0,8930,6360,0,6360,12010BEL
R72 14608 0038,18020,45800,63820,14240,60840,75080,12010BEL
R72 14608 0039,17850,39090,56940,14180,0,14180,12010BEL
R72 14608 0040,17850,42180,60030,14130,41800,55930,12010BEL
R72 14608 0041,17680,42720,60400,14080,67150,81230,12010BEL
R72 14608 0042,17680,46300,63980,14080,50680,64760,12010BEL
R72 14608 0043,17680,46710,64390,14030,57660,71690,12010BEL
R72 14608 0044,17680,59170,76850,14030,56220,70250,12010BEL
R72 14608 0045,18950,39960,58910,15260,40800,56060,12010BEL
R72 14608 0047,18770,44510,63280,15080,30540,45620,12010BEL
R72 14608 0048,18770,42480,61250,15080,46480,61560,12010BEL
R72 14608 0050,18580,47140,65720,14950,48890,63840,12010BEL
R72 14608 0051,18020,48010,66030,14400,45820,60220,12010BEL
R72 14608 0052,29850,38010,67860,24160,45730,69890,12010BEL
R72 14608 0056,15840,55050,70890,12470,77770,90240,12010BEL
R72 14608 0057,7920,0,7920,5600,0,5600,12010BEL
R72 14608 0058,13380,34350,47730,11190,36230,47420,12010BEL
R72 14608 0060,13380,35520,48900,11190,37440,48630,12010BEL
R72 14608 0062,13380,39780,53160,11190,36500,47690,12010BEL
R72 14608 0064,13380,34880,48260,11190,41070,52260,12010BEL
R72 14608 0066,15200,42930,58130,12450,52690,65140,12010BEL
R72 14608 0068,22800,43460,66260,17700,55450,73150,12010BEL
R72 14608 0070,18870,41010,59880,15080,44890,59970,12010BEL
R72 14608 0071,18870,43470,62340,15080,54110,69190,12010BEL
R72 14608 0072,31980,53130,85110,26590,87680,114270,12010BEL
R72 14608 0073,24600,60020,84620,21130,67150,88280,12010BEL
R72 14608 0074,24600,72970,97570,21130,82180,103310,12010BEL
R72 14608 0075,24600,62590,87190,21130,71040,92170,12010BEL
R72 14608 0076,22140,46310,68450,20220,48300,68520,12010BEL
R72 14608 0077,27060,48660,75720,22720,43840,66560,12010BEL
R72 14608 0079,25300,46110,71410,22230,48370,70600,12010BEL
R72 14608 0080,20700,44680,65380,17220,46430,63650,12010BEL
R72 14608 0081,12800,44750,57550,10300,41430,51730,12010BEL
R72 14608 0082,8150,34300,42450,6140,33480,39620,12010BEL
R72 14608 0083,7900,35080,42980,6020,37530,43550,12010BEL
R72 14608 0084,8160,53560,61720,6150,71010,77160,12010BEL
R72 14608 0085,21000,47220,68220,17100,58880,75980,12010BEL
R72 14608 0087,7210,0,7210,4850,0,4850,12010BEL
R72 14608 0089,6730,0,6730,4650,0,4650,12010BEL
R72 14608 0093,18950,43400,62350,15200,51360,66560,12010BEL
R72 14608 0096,24600,70070,94670,21130,38110,59240,12010BEL
R72 14608 0099,580,0,580,1730,0,1730,12010BEL
R72 14608 0100,7040,0,7040,5250,0,5250,12010BEL
R72 14608 0101,5760,0,5760,4310,0,4310,12010BEL
R72 14609 0001,22420,62580,85000,19550,69420,88970,12010BEL
R72 14609 0002,20340,49260,69600,16500,56840,73340,12010BEL
R72 14609 0003,10820,0,10820,7980,0,7980,12010BEL
R72 14609 0004,3070,0,3070,2220,0,2220,12010BEL
R72 14609 0005,15680,2360,18040,11610,2570,14180,12010BEL
R72 14609 0006,20880,64980,85860,17340,85340,102680,12010BEL
R72 14609 0007,8050,0,8050,5450,0,5450,12010BEL
R72 14609 0008,7980,0,7980,5410,0,5410,12010BEL
R72 14609 0009,20520,59050,79570,16800,66600,83400,12010BEL
R72 14609 0010,20520,57870,78390,16800,89690,106490,12010BEL
R72 14609 0011,23480,65590,89070,19920,71050,90970,12010BEL
R72 14609 0013,22800,63590,86390,19200,70260,89460,12010BEL
R72 14609 0015,7410,0,7410,4840,0,4840,12010BEL
R72 14609 0016,20520,48490,69010,16800,61520,78320,12010BEL
R72 14609 0017,20520,42660,63180,16800,50750,67550,12010BEL
R72 14609 0018,21200,60190,81390,17520,56540,74060,12010BEL
R72 14609 0019,20870,41640,62510,17100,46770,63870,12010BEL
R72 14609 0020,19980,71380,91360,16200,88440,104640,12010BEL
R72 14609 0021,19980,69800,89780,16200,86180,102380,12010BEL
R72 14609 0022,17280,58040,75320,13800,74350,88150,12010BEL
R72 14609 0023,1300,0,1300,970,0,970,12010BEL
R72 14609 0024,13500,53670,67170,11340,61950,73290,12010BEL
R72 14609 0026,21240,12030,33270,18060,60440,78500,12010BEL
R72 14609 0027,20590,44420,65010,17060,58110,75170,12010BEL
R72 14609 0028,20240,36700,56940,16610,40230,56840,12010BEL
R72 14609 0029,20110,38100,58210,16330,38800,55130,12010BEL
R72 14609 0030,19360,37520,56880,17230,26350,43580,12010BEL
R72 14609 0031,18440,57180,75620,14750,70120,84870,12010BEL
R72 14609 0034,14740,1020,15760,12870,0,12870,12010BEL
R72 14609 0036,19260,44110,63370,15420,53210,68630,12010BEL
R72 14609 0037,19310,39250,58560,15580,43030,58610,12010BEL
R72 14609 0038,20420,46230,66650,16830,68150,84980,12010BEL
R72 14609 0039,21120,53420,74540,18140,60830,78970,12010BEL
R72 14609 0040,19400,44720,64120,15680,60620,76300,12010BEL
R72 14609 0041,16380,40280,56660,12320,47170,59490,12010BEL
R72 14609 0042,16560,51260,67820,13200,56840,70040,12010BEL
R72 14609 0044,15640,46090,61730,12450,48840,61290,12010BEL
R72 14609 0046,19980,48630,68610,16200,54460,70660,12010BEL
R72 14609 0047,19980,53380,73360,12320,73190,85510,12010BEL
R72 14609 0049,18360,48590,66950,14700,68000,82700,12010BEL
R72 14609 0050,13620,67850,81470,16620,69030,85650,12010BEL
R72 14609 0051,20340,41510,61850,16500,45980,62480,12010BEL
R72 14609 0052,20340,56210,76550,16500,72850,89350,12010BEL
R72 14609 0054,20340,53320,73660,16500,56550,73050,12010BEL
R72 14609 0055,21020,41640,62660,17260,56020,73280,12010BEL
R72 14609 0056,20240,52770,73010,16340,63860,80200,12010BEL
R72 14609 0058,23300,97210,120510,19290,116840,136130,12010BEL
R72 14609 0060,9360,0,9360,6730,0,6730,12010BEL
R72 14609 0061,18720,90370,109090,14940,101210,116150,12010BEL
R72 14609 0062,18720,48310,67030,14940,67300,82240,12010BEL
R72 14609 0063,12730,0,12730,10200,0,10200,12010BEL
R72 14609 0064,12730,0,12730,3440,0,3440,12010BEL
R72 14609 0065,14000,95390,109390,11390,172750,184140,12010BEL
R72 14609 0066,19010,49190,68200,15380,70180,85560,12010BEL
R72 14609 0067,19710,73050,92760,15860,91860,107720,12010BEL
R72 14609 0068,9680,0,9680,6870,0,6870,12010BEL
R72 14609 0069,19180,95110,114290,15290,107340,122630,12010BEL
R72 14609 0072,17400,77040,94440,13860,97920,111780,12010BEL
R72 14609 0073,17400,41610,59010,13860,39200,53060,12010BEL
R72 14609 0074,17400,50060,67460,13860,61710,75570,12010BEL
R72 14609 0075,17400,52730,70130,13860,71300,85160,12010BEL
R72 14609 0076,17400,45860,63260,13860,63250,77110,12010BEL
R72 14609 0077,17400,42970,60370,13860,69980,83840,12010BEL
R72 14609 0078,17400,57970,75370,13860,74380,88240,12010BEL
R72 14609 0079,17400,67170,84570,13860,84850,98710,12010BEL
R72 14609 0081,16700,45380,62080,13310,62770,76080,12010BEL
R72 14609 0082,!,!,!
R72 14610 0001,19600,42120,61720,15840,97180,113020,12010BEL
R72 14610 0002,17800,30480,48280,14220,49860,64080,12010BEL
R72 14610 0003,17800,46110,63910,14220,44470,58690,12010BEL
R72 14610 0004,17800,44330,62130,14220,51620,65840,12010BEL
R72 14610 0005,8900,0,8900,6400,0,6400,12010BEL
R72 14610 0006,17800,48100,65900,14220,47310,61530,12010BEL
R72 14610 0007,17800,64320,82120,14220,81040,95260,12010BEL
R72 14610 0008,19200,45850,65050,15480,52130,67610,12010BEL
R72 14610 0009,17600,45270,62870,14040,51080,65120,12010BEL
R72 14610 0010,17600,52060,69660,14040,64540,78580,12010BEL
R72 14610 0011,17600,58520,76120,14040,64030,78070,12010BEL
R72 14610 0012,17600,41740,59340,14040,50520,64560,12010BEL
R72 14610 0013,6900,0,6900,4760,0,4760,12010BEL
R72 14610 0014,17600,46530,64130,14040,54980,69020,12010BEL
R72 14610 0015,17200,48270,65470,13730,60750,74480,12010BEL
R72 14610 0016,14960,45860,60820,12060,44620,56680,12010BEL
R72 14610 0017,17600,44650,62250,14040,49830,63870,12010BEL
R72 14610 0018,16200,35340,51540,4650,10350,15000,12010BEL
R72 14610 0019,16360,37830,54190,12870,59160,72030,12010BEL
R72 14610 0020,17260,58450,75710,13640,66900,80540,12010BEL
R72 14610 0021,20090,48090,68180,16170,51900,68070,12010BEL
R72 14610 0023,18660,65680,84340,14950,68980,83930,12010BEL
R72 14610 0024,18660,46310,64970,14840,48260,63100,12010BEL
R72 14610 0025,18220,71650,89870,14630,75380,90010,12010BEL
R72 14610 0026,17800,34270,52070,14160,41550,55710,12010BEL
R72 14610 0027,17840,58550,76390,14330,66470,80800,12010BEL
R72 14610 0028,17470,44940,62410,13900,23100,37000,12010BEL
R72 14610 0030,18380,49850,68230,14700,57900,72600,12010BEL
R72 14610 0031,18180,55560,73740,14580,74700,89280,12010BEL
R72 14610 0032,18360,57110,75470,14700,73670,88370,12010BEL
R72 14610 0033,18540,52060,70600,14820,68320,83140,12010BEL
R72 14610 0034,22850,80720,103570,19130,90600,109730,12010BEL
R72 14610 0035,17980,50910,68890,14400,62040,76440,12010BEL
R72 14610 0036,18510,35360,53870,14750,38140,52890,12010BEL
R72 14610 0039,19580,40570,60150,15860,45190,61050,12010BEL
R72 14610 0040,15680,42010,57690,12670,45030,57700,12010BEL
R72 14610 0041,15290,43580,58870,12370,47740,60110,12010BEL
R72 14610 0042,17400,49730,67130,13860,61680,75540,12010BEL
R72 14610 0043,17400,44150,61550,13860,69030,82890,12010BEL
R72 14610 0044,17400,44180,61580,13860,53060,66920,12010BEL
R72 14610 0045,17400,53590,70990,13860,57860,71720,12010BEL
R72 14610 0054,17640,79780,97420,13980,106410,120390,12010BEL
R72 14610 0056,21220,68600,89820,17260,87340,104600,12010BEL
R72 14610 0060,19550,47660,67210,15710,64180,79890,12010BEL
R72 14610 0064,17400,33060,50460,13860,48270,62130,12010BEL
R72 14610 0065,18720,47640,66360,14940,50180,65120,12010BEL
R72 14610 0066,17640,48400,66040,14160,65540,79700,12010BEL
R72 14610 0067,17860,49950,67810,14240,67530,81770,12010BEL
R72 14610 0068,6900,0,6900,4760,0,4760,12010BEL
R72 14610 0069,1470,0,1470,1000,0,1000,12010BEL
R72 14611 0001,17600,42740,60340,14040,54090,68130,12010BEL
R72 14611 0002,17600,58920,76520,14040,76040,90080,12010BEL
R72 14611 0003,7800,0,7800,5500,0,5500,12010BEL
R72 14611 0004,19600,38770,58370,15840,41980,57820,12010BEL
R72 14611 0005,17600,27800,45400,14040,30410,44450,12010BEL
R72 14611 0006,17600,51420,69020,14040,63510,77550,12010BEL
R72 14611 0007,17600,41760,59360,14040,43440,57480,12010BEL
R72 14611 0008,17600,48910,66510,14040,53140,67180,12010BEL
R72 14611 0009,17600,47100,64700,14040,67150,81190,12010BEL
R72 14611 0010,17600,33400,51000,14040,47980,62020,12010BEL
R72 14611 0011,17600,39450,57050,14040,53470,67510,12010BEL
R72 14611 0012,17600,40360,57960,14040,51160,65200,12010BEL
R72 14611 0013,17600,45400,63000,14040,55630,69670,12010BEL
R72 14611 0014,17600,49350,66950,14040,70420,84460,12010BEL
R72 14611 0015,17600,40590,58190,14040,54240,68280,12010BEL
R72 14611 0016,17600,54210,71810,14040,68580,82620,12010BEL
R72 14611 0017,17600,49680,67280,14040,57830,71870,12010BEL
R72 14611 0018,17600,4540,22140,14040,21960,36000,12010BEL
R72 14611 0019,17600,48020,65620,14040,61470,75510,12010BEL
R72 14611 0020,17600,43510,61110,14040,48970,63010,12010BEL
R72 14611 0021,17000,39170,56170,13500,55860,69360,12010BEL
R72 14611 0022,17600,42500,60100,14040,70330,84370,12010BEL
R72 14611 0023,19200,56900,76100,15480,65100,80580,12010BEL
R72 14611 0024,17800,50510,68310,14220,76160,90380,12010BEL
R72 14611 0025,17800,47360,65160,14220,57040,71260,12010BEL
R72 14611 0026,17800,44790,62590,14220,50470,64690,12010BEL
R72 14611 0027,17800,54010,71810,14220,62680,76900,12010BEL
R72 14611 0028,17800,45420,63220,14280,51450,65730,12010BEL
R72 14611 0029,17800,41020,58820,14280,46800,61080,12010BEL
R72 14611 0030,18000,39630,57630,14460,44730,59190,12010BEL
R72 14611 0031,17250,47090,64340,13810,57370,71180,12010BEL
R72 14611 0032,17250,45840,63090,13810,48250,62060,12010BEL
R72 14611 0033,17250,39830,57080,13810,60400,74210,12010BEL
R72 14611 0034,17250,46380,63630,13810,56270,70080,12010BEL
R72 14611 0035,17250,39790,57040,13810,50820,64630,12010BEL
R72 14611 0036,17250,46320,63570,13810,36520,50330,12010BEL
R72 14611 0037,16270,49670,65940,12940,61640,74580,12010BEL
R72 14611 0038,18580,36860,55440,14890,37920,52810,12010BEL
R72 14611 0039,17780,51190,68970,14150,63330,77480,12010BEL
R72 14611 0040,17780,53530,71310,14150,78840,92990,12010BEL
R72 14611 0041,17780,6730,24510,14150,6200,20350,12010BEL
R72 14611 0042,17780,43510,61290,14150,69950,84100,12010BEL
R72 14611 0043,17780,45130,62910,14150,76190,90340,12010BEL
R72 14611 0044,17780,43130,60910,14150,57670,71820,12010BEL
R72 14611 0045,17780,33640,51420,14150,36930,51080,12010BEL
R72 14611 0046,17780,36750,54530,14150,44310,58460,12010BEL
R72 14611 0047,17780,35700,53480,14150,42220,56370,12010BEL
R72 14611 0048,17780,39840,57620,14150,52620,66770,12010BEL
R72 14611 0049,21410,42250,63660,17450,46890,64340,12010BEL
R72 14611 0051,6970,0,6970,4780,0,4780,12010BEL
R72 14611 0052,17780,39520,57300,14150,50600,64750,12010BEL
R72 14611 0053,16560,45780,62340,13060,60790,73850,12010BEL
R72 14611 0054,17780,36560,54340,14150,42030,56180,12010BEL
R72 14611 0055,17780,37280,55060,14150,33270,47420,12010BEL
R72 14611 0056,17780,36410,54190,14150,42530,56680,12010BEL
R72 14611 0057,17780,35750,53530,14150,32540,46690,12010BEL
R72 14611 0058,17780,19410,37190,14150,46200,60350,12010BEL
R72 14611 0059,17780,42120,59900,14150,61970,76120,12010BEL
R72 14611 0060,17780,1700,19480,14150,2250,16400,12010BEL
R72 14611 0061,17780,46240,64020,14150,51820,65970,12010BEL
R72 14611 0062,17780,42040,59820,15710,17190,32900,12010BEL
R72 14611 0063,17780,20770,38550,14150,55650,69800,12010BEL
R72 14611 0064,17780,9220,27000,14150,49750,63900,12010BEL
R72 14611 0065,17780,20720,38500,14150,50290,64440,12010BEL
R72 14611 0066,17780,46130,63910,14150,57250,71400,12010BEL
R72 14611 0067,17570,39310,56880,13970,46100,60070,12010BEL
R72 14611 0068,16560,47510,64070,13060,54440,67500,12010BEL
R72 14611 0070,16630,11650,28280,13170,49430,62600,12010BEL
R72 14611 0071,16430,39450,55880,12990,76850,89840,12010BEL
R72 14611 0073,20390,37550,57940,16500,50450,66950,12010BEL
R72 14611 0076,24950,56100,81050,20540,48640,69180,12010BEL
R72 14611 0078,17420,53910,71330,13870,65330,79200,12010BEL
R72 14701 0005,19290,52720,72010,19480,34220,53700,33000BEL
R72 14701 0010,17170,44970,62140,17170,57090,74260,33000BEL
R72 14701 0011,17170,57860,75030,17170,79240,96410,33000BEL
R72 14701 0012,8580,0,8580,7730,0,7730,33000BEL
R72 14701 0013,17170,53240,70410,17170,75480,92650,33000BEL
R72 14701 0014,17170,52320,69490,17170,64440,81610,33000BEL
R72 14701 0015,18310,60740,79050,18430,63270,81700,33000BEL
R72 14701 0017,16700,62090,78790,16700,79930,96630,33000BEL
R72 14701 0021,16700,59110,75810,16700,67510,84210,33000BEL
R72 14701 0022,16700,54070,70770,16700,57750,74450,33000BEL
R72 14701 0023,16700,45360,62060,16700,57190,73890,33000BEL
R72 14701 0024,16700,53950,70650,16700,62720,79420,33000BEL
R72 14701 0025,16700,64550,81250,16700,70980,87680,33000BEL
R72 14701 0026,8340,0,8340,7520,0,7520,33000BEL
R72 14701 0027,16700,42240,58940,16700,43660,60360,33000BEL
R72 14701 0028,16700,49990,66690,16700,54530,71230,33000BEL
R72 14701 0029,16700,34210,50910,16700,34890,51590,33000BEL
R72 14701 0030,15910,54270,70180,15940,49250,65190,33000BEL
R72 14702 0009,18000,333860,351860,18000,361180,379180,33000BEL
R72 14703 0001,17010,41320,58330,16940,44560,61500,33000BEL
R72 14703 0002,17010,55570,72580,16940,62850,79790,33000BEL
R72 14703 0003,17010,47230,64240,16940,24470,41410,33000BEL
R72 14703 0004,17010,45200,62210,16940,20980,37920,33000BEL
R72 14703 0005,17010,49840,66850,16940,61680,78620,33000BEL
R72 14703 0006,17010,46030,63040,16940,44550,61490,33000BEL
R72 14703 0007,17010,46010,63020,16940,45680,62620,33000BEL
R72 14703 0008,17010,42940,59950,16940,44130,61070,33000BEL
R72 14703 0010,22310,42350,64660,22450,51190,73640,33000BEL
R72 14703 0011,16070,47020,63090,16060,55720,71780,33000BEL
R72 14703 0012,16070,47880,63950,16060,54660,70720,33000BEL
R72 14703 0013,16070,48240,64310,16060,55770,71830,33000BEL
R72 14703 0014,16070,46000,62070,16060,53340,69400,33000BEL
R72 14703 0015,16070,51230,67300,16060,55170,71230,33000BEL
R72 14703 0016,16070,42350,58420,16060,43140,59200,33000BEL
R72 14703 0017,16070,49900,65970,16060,55770,71830,33000BEL
R72 14703 0018,16070,42710,58780,16060,43720,59780,33000BEL
R72 14703 0019,16070,41540,57610,16060,43420,59480,33000BEL
R72 14703 0020,16070,45940,62010,16060,44050,60110,33000BEL
R72 14703 0021,16070,49820,65890,16060,56450,72510,33000BEL
R72 14703 0022,16070,46560,62630,16060,62300,78360,33000BEL
R72 14703 0023,16070,52510,68580,16060,56340,72400,33000BEL
R72 14703 0024,16070,44930,61000,16060,45680,61740,33000BEL
R72 14703 0025,16070,44600,60670,16060,44720,60780,33000BEL
R72 14703 0026,16070,55130,71200,16060,51820,67880,33000BEL
R72 14703 0027,16070,46780,62850,16060,47130,63190,33000BEL
R72 14703 0028,21060,72960,94020,21170,82120,103290,33000BEL
R72 14703 0029,19100,48340,67440,19160,63690,82850,33000BEL
R72 14703 0030,19640,47660,67300,19710,54010,73720,33000BEL
R72 14703 0031,19640,49470,69110,19710,62830,82540,33000BEL
R72 14703 0033,19640,50670,70310,19710,63250,82960,33000BEL
R72 14703 0035,19640,50570,70210,19710,54140,73850,33000BEL
R72 14703 0036,16070,47560,63630,16060,56650,72710,33000BEL
R72 14703 0037,19640,50520,70160,19710,58690,78400,33000BEL
R72 14703 0039,19640,45270,64910,19710,47200,66910,33000BEL
R72 14703 0040,19640,61460,81100,19710,68960,88670,33000BEL
R72 14703 0041,19640,46510,66150,19710,34710,54420,33000BEL
R72 14703 0042,19640,47570,67210,19710,52990,72700,33000BEL
R72 14703 0044,19640,61950,81590,19710,57070,76780,33000BEL
R72 14703 0045,19640,45770,65410,19710,50290,70000,33000BEL
R72 14703 0047,19640,47600,67240,19710,53200,72910,33000BEL
R72 14703 0048,19640,46000,65640,19710,51230,70940,33000BEL
R72 14703 0050,19810,51140,70950,19890,59030,78920,33000BEL
R72 14703 0051,16070,44920,60990,16060,98330,114390,33000BEL
R72 14703 0052,5120,0,5120,5090,0,5090,33000BEL
R72 14703 0053,5040,0,5040,5010,0,5010,33000BEL
R72 14703 0054,16070,44220,60290,16060,48970,65030,33000BEL
R72 14703 0055,16960,42910,59870,16970,46570,63540,33000BEL
R72 14703 0056,19640,49680,69320,19800,57870,77670,33000BEL
R72 14703 0057,20020,47290,67310,20240,51050,71290,33000BEL
R72 14703 0059,16850,46470,63320,16760,42780,59540,33000BEL
R72 14703 0060,17330,45040,62370,17230,44900,62130,33000BEL
R72 14703 0061,17640,47060,64700,17750,54320,72070,33000BEL
R72 14703 0062,18110,45390,63500,18450,46980,65430,33000BEL
R72 14703 0063,18590,54050,72640,19210,56540,75750,33000BEL
R72 14703 0064,19110,44750,63860,20130,52460,72590,33000BEL
R72 14703 0066,17330,59770,77100,17340,73610,90950,33000BEL
R72 14703 0067,1730,0,1730,640,0,640,33000BEL
R72 14703 0068,1580,0,1580,580,0,580,33000BEL
R72 14703 0069,17480,45900,63380,17520,50000,67520,33000BEL
R72 14703 0070,17850,54680,72530,17890,63550,81440,33000BEL
R72 14703 0071,17850,31620,49470,17890,75910,93800,33000BEL
R72 14703 0072,26780,41900,68680,27010,102170,129180,33000BEL
R72 14703 0074,18390,48340,66730,18430,72200,90630,33000BEL
R72 14703 0081,6230,0,6230,5580,0,5580,33000BEL
R72 14704 0001,17490,44970,62460,17520,57370,74890,33000BEL
R72 14704 0002,17490,45380,62870,17520,60900,78420,33000BEL
R72 14704 0003,17490,50110,67600,17520,54190,71710,33000BEL
R72 14704 0004,17850,50560,68410,17890,58730,76620,33000BEL
R72 14704 0005,17850,57410,75260,17890,63200,81090,33000BEL
R72 14704 0006,17850,45010,62860,17890,59870,77760,33000BEL
R72 14704 0007,17850,44330,62180,17890,58950,76840,33000BEL
R72 14704 0008,17850,45160,63010,17890,59840,77730,33000BEL
R72 14704 0009,17850,43090,60940,17890,54900,72790,33000BEL
R72 14704 0010,17850,43290,61140,17890,50570,68460,33000BEL
R72 14704 0011,17850,59890,77740,17890,60260,78150,33000BEL
R72 14704 0012,17850,43850,61700,17890,51860,69750,33000BEL
R72 14704 0013,17850,46030,63880,17890,63710,81600,33000BEL
R72 14704 0014,4800,0,4800,4760,0,4760,33000BEL
R72 14704 0015,21780,56920,78700,21900,71550,93450,33000BEL
R72 14704 0016,21420,47840,69260,21540,56360,77900,33000BEL
R72 14704 0017,19810,64340,84150,19890,65710,85600,33000BEL
R72 14704 0018,19640,48380,68020,19710,67280,86990,33000BEL
R72 14704 0020,19640,50170,69810,19710,58800,78510,33000BEL
R72 14704 0021,19640,46970,66610,19710,51760,71470,33000BEL
R72 14704 0023,19640,45210,64850,19710,52220,71930,33000BEL
R72 14704 0024,19640,50870,70510,19710,60360,80070,33000BEL
R72 14704 0025,6230,0,6230,5580,0,5580,33000BEL
R72 14704 0026,16070,43790,59860,16060,51280,67340,33000BEL
R72 14704 0027,16070,59870,75940,16060,70490,86550,33000BEL
R72 14704 0028,19640,46580,66220,19710,51210,70920,33000BEL
R72 14704 0029,16070,42840,58910,16060,49890,65950,33000BEL
R72 14704 0030,19640,55400,75040,19710,65200,84910,33000BEL
R72 14704 0032,19640,44770,64410,19710,52070,71780,33000BEL
R72 14704 0033,19640,47290,66930,19710,55000,74710,33000BEL
R72 14704 0035,19640,52710,72350,19710,62100,81810,33000BEL
R72 14704 0037,19640,44350,63990,19710,51140,70850,33000BEL
R72 14704 0038,20170,48280,68450,20260,59530,79790,33000BEL
R72 14704 0039,17670,44530,62200,17700,54350,72050,33000BEL
R72 14704 0040,17670,43130,60800,17700,55730,73430,33000BEL
R72 14704 0041,17670,41320,58990,17700,47180,64880,33000BEL
R72 14704 0042,17670,44970,62640,17700,57470,75170,33000BEL
R72 14704 0043,17670,42140,59810,17700,49490,67190,33000BEL
R72 14704 0044,17670,60460,78130,17700,70130,87830,33000BEL
R72 14704 0045,17670,42770,60440,17700,50630,68330,33000BEL
R72 14704 0046,17670,44310,61980,17700,55940,73640,33000BEL
R72 14704 0047,17670,43990,61660,17700,54790,72490,33000BEL
R72 14704 0048,17670,44050,61720,17700,54930,72630,33000BEL
R72 14704 0049,17670,44440,62110,17700,57940,75640,33000BEL
R72 14704 0050,17850,61720,79570,17890,78990,96880,33000BEL
R72 14704 0051,17670,43240,60910,17700,58790,76490,33000BEL
R72 14704 0052,17670,57970,75640,17700,68940,86640,33000BEL
R72 14704 0053,17670,56130,73800,17700,73500,91200,33000BEL
R72 14704 0054,17670,41170,58840,17700,47230,64930,33000BEL
R72 14704 0055,17670,42880,60550,17700,50760,68460,33000BEL
R72 14704 0056,17850,50050,67900,17890,50570,68460,33000BEL
R72 14704 0057,18200,49130,67330,18320,55020,73340,33000BEL
R72 14704 0058,18200,61000,79200,18320,69070,87390,33000BEL
R72 14704 0059,18200,42770,60970,18320,48100,66420,33000BEL
R72 14704 0060,18200,56780,74980,18320,66710,85030,33000BEL
R72 14704 0061,18200,44630,62830,18320,61990,80310,33000BEL
R72 14704 0062,18200,44620,62820,18320,57610,75930,33000BEL
R72 14704 0063,18200,59240,77440,18320,61050,79370,33000BEL
R72 14704 0064,18200,45060,63260,18320,60960,79280,33000BEL
R72 14704 0065,18200,45040,63240,18320,62450,80770,33000BEL
R72 14704 0066,19080,70870,89950,19270,84600,103870,33000BEL
R72 14704 0067,19080,60880,79960,19270,80760,100030,33000BEL
R72 14704 0068,19080,51220,70300,19270,68200,87470,33000BEL
R72 14704 0069,19080,58280,77360,19270,72730,92000,33000BEL
R72 14704 0070,19080,58420,77500,19270,67780,87050,33000BEL
R72 14704 0071,19080,47330,66410,19270,57220,76490,33000BEL
R72 14704 0072,19080,46200,65280,19270,58200,77470,33000BEL
R72 14704 0073,19080,59740,78820,19270,67360,86630,33000BEL
R72 14704 0074,19080,37940,57020,19270,34610,53880,33000BEL
R72 14704 0082,6230,0,6230,5580,0,5580,33000BEL
R72 14705 0001,9410,40820,50230,8940,44190,53130,C0300000
R72 14705 0007,13690,52030,65720,13870,23630,37500,33000BEL
R72 14705 0008,5460,0,5460,5120,0,5120,33000BEL
R72 14705 0009,16580,41630,58210,16500,55470,71970,33000BEL
R72 14705 0010,13690,58370,72060,13870,59050,72920,33000BEL
R72 14705 0011,16580,48620,65200,16500,51660,68160,33000BEL
R72 14705 0013,16580,43450,60030,16500,67660,84160,33000BEL
R72 14705 0014,14490,47540,62030,14600,45140,59740,33000BEL
R72 14705 0015,14490,52810,67300,14600,72120,86720,33000BEL
R72 14705 0016,15300,53490,68790,15330,68330,83660,33000BEL
R72 14705 0018,12880,52540,65420,13140,57920,71060,33000BEL
R72 14705 0019,12880,46410,59290,13140,48100,61240,33000BEL
R72 14705 0020,6430,0,6430,5910,0,5910,33000BEL
R72 14705 0021,12880,40850,53730,13140,44170,57310,33000BEL
R72 14705 0022,6430,0,6430,5910,0,5910,33000BEL
R72 14705 0023,6430,0,6430,5910,0,5910,33000BEL
R72 14705 0024,14490,37050,51540,14600,39960,54560,33000BEL
R72 14705 0025,14490,39370,53860,14600,44410,59010,33000BEL
R72 14705 0027,14490,38710,53200,14600,42150,56750,33000BEL
R72 14705 0028,15300,17920,33220,15330,33430,48760,33000BEL
R72 14705 0029,5790,2660,8450,5910,3470,9380,33000BEL
R72 14705 0030,6430,0,6430,5910,0,5910,33000BEL
R72 14705 0031,15300,34490,49790,15330,36500,51830,33000BEL
R72 14705 0032,5220,0,5220,4930,0,4930,33000BEL
R72 14705 0033,12880,34230,47110,13140,38910,52050,33000BEL
R72 14705 0034,17710,63690,81400,17520,78340,95860,33000BEL
R72 14705 0036,12880,44580,57460,13140,59130,72270,33000BEL
R72 14705 0037,6430,0,6430,5910,0,5910,33000BEL
R72 14705 0038,12880,39140,52020,13140,40760,53900,33000BEL
R72 14705 0039,12880,56620,69500,13140,79070,92210,33000BEL
R72 14705 0040,12880,41080,53960,13140,17860,31000,33000BEL
R72 14705 0041,12880,42120,55000,13140,27070,40210,33000BEL
R72 14705 0042,14490,43750,58240,14600,47570,62170,33000BEL
R72 14705 0043,14490,47180,61670,14600,44610,59210,33000BEL
R72 14705 0044,6840,1930,8770,13870,2540,16410,33000BEL
R72 14705 0045,13690,53600,67290,13870,62680,76550,33000BEL
R72 14705 0046,6840,0,6840,6240,0,6240,33000BEL
R72 14705 0047,13690,37810,51500,13870,53770,67640,33000BEL
R72 14705 0048,13690,49880,63570,13870,36430,50300,33000BEL
R72 14705 0049,13690,21610,35300,13870,46840,60710,33000BEL
R72 14705 0050,13690,20350,34040,13870,39110,52980,33000BEL
R72 14705 0052,12880,36370,49250,13100,46010,59110,33000BEL
R72 14705 0054,13690,43770,57460,13820,40290,54110,33000BEL
R72 14705 0055,13690,42720,56410,13820,46520,60340,33000BEL
R72 14705 0056,14490,48810,63300,14540,54150,68690,33000BEL
R72 14705 0058,14490,46690,61180,14540,53340,67880,33000BEL
R72 14705 0060,14490,44620,59110,14540,51460,66000,33000BEL
R72 14705 0062,5060,2140,7200,5240,2830,8070,33000BEL
R72 14705 0063,13690,46910,60600,13820,51120,64940,33000BEL
R72 14705 0064,13690,14770,28460,13820,31110,44930,33000BEL
R72 14705 0065,13690,39060,52750,13820,44120,57940,33000BEL
R72 14705 0066,13690,20380,34070,13820,32860,46680,33000BEL
R72 14705 0067,13690,40640,54330,13820,40860,54680,33000BEL
R72 14705 0068,12880,40680,53560,13100,36270,49370,33000BEL
R72 14705 0069,17710,51250,68960,17430,50020,67450,33000BEL
R72 14705 0074,12880,43460,56340,13100,41010,54110,33000BEL
R72 14705 0076,12880,43810,56690,13100,41330,54430,33000BEL
R72 14705 0077,12880,41560,54440,13100,36420,49520,33000BEL
R72 14705 0078,12880,42650,55530,13100,38380,51480,33000BEL
R72 14705 0079,12880,28970,41850,13100,37330,50430,33000BEL
R72 14705 0080,12880,40550,53430,13100,44420,57520,33000BEL
R72 14705 0081,17670,44250,61920,17700,49060,66760,33000BEL
R72 14705 0082,17670,47630,65300,17700,49340,67040,33000BEL
R72 14705 0083,17670,44040,61710,17700,54860,72560,33000BEL
R72 14705 0084,17670,51450,69120,17700,66330,84030,33000BEL
R72 14705 0085,17670,67210,84880,17700,78070,95770,33000BEL
R72 14705 0086,17670,45140,62810,17700,51540,69240,33000BEL
R72 14705 0087,17670,43130,60800,17700,54030,71730,33000BEL
R72 14705 0088,17670,59510,77180,17700,60050,77750,33000BEL
R72 14705 0089,17670,45000,62670,17700,51440,69140,33000BEL
R72 14705 0090,17670,53950,71620,17700,60590,78290,33000BEL
R72 14705 0091,19640,45550,65190,19710,53250,72960,33000BEL
R72 14705 0092,19640,49870,69510,19710,31690,51400,33000BEL
R72 14705 0093,16070,56270,72340,16060,50540,66600,33000BEL
R72 14705 0094,16070,24830,40900,16060,42380,58440,33000BEL
R72 14705 0095,16070,44600,60670,16060,45670,61730,33000BEL
R72 14705 0096,16070,46260,62330,16060,52820,68880,33000BEL
R72 14705 0097,16070,44490,60560,16060,30700,46760,33000BEL
R72 14705 0098,16070,46250,62320,16060,51980,68040,33000BEL
R72 14705 0101,17960,56190,74150,17960,70300,88260,33000BEL
R72 14705 0102,17010,47230,64240,16940,54800,71740,33000BEL
R72 14705 0103,17010,15990,33000,16940,22060,39000,33000BEL
R72 14705 0104,16070,47030,63100,16060,55010,71070,33000BEL
R72 14705 0105,16070,51420,67490,16060,55220,71280,33000BEL
R72 14705 0106,16070,46690,62760,16060,55240,71300,33000BEL
R72 14705 0107,16070,47530,63600,16060,47270,63330,33000BEL
R72 14705 0110,19640,55150,74790,19710,68690,88400,33000BEL
R72 14705 0112,6230,0,6230,5580,0,5580,33000BEL
R72 14705 0117,5220,0,5220,4930,0,4930,33000BEL
R72 14705 0120,4690,0,4690,4920,0,4920,33000BEL
R72 14705 0121,!,!,!
R72 14706 0002,16910,55730,72640,16790,65650,82440,33000BEL
R72 14706 0004,16380,42040,58420,16350,55020,71370,33000BEL
R72 14706 0005,12880,46230,59110,13140,45000,58140,33000BEL
R72 14706 0006,6570,0,6570,6030,0,6030,33000BEL
R72 14706 0007,18520,50900,69420,18250,48820,67070,33000BEL
R72 14706 0010,16910,56520,73430,16790,63390,80180,33000BEL
R72 14706 0011,12880,37440,50320,13140,37420,50560,33000BEL
R72 14706 0012,6430,0,6430,5910,0,5910,33000BEL
R72 14706 0013,12880,49220,62100,13140,51770,64910,33000BEL
R72 14706 0014,6430,0,6430,5910,0,5910,33000BEL
R72 14706 0015,12880,35290,48170,13140,42000,55140,33000BEL
R72 14706 0016,12880,44810,57690,13140,41990,55130,33000BEL
R72 14706 0017,12880,30720,43600,13140,38450,51590,33000BEL
R72 14706 0018,6430,0,6430,5910,0,5910,33000BEL
R72 14706 0019,14490,1580,16070,14600,2100,16700,33000BEL
R72 14706 0020,14490,49770,64260,14600,53270,67870,33000BEL
R72 14706 0021,5780,0,5780,5390,0,5390,33000BEL
R72 14706 0022,14170,40160,54330,14310,15900,30210,33000BEL
R72 14706 0024,12880,45200,58080,13140,4340,17480,33000BEL
R72 14706 0025,5790,3310,9100,5910,4330,10240,33000BEL
R72 14706 0026,4690,0,4690,4930,0,4930,33000BEL
R72 14706 0027,4690,0,4690,4930,0,4930,33000BEL
R72 14706 0028,6430,0,6430,5910,0,5910,33000BEL
R72 14706 0029,12880,40560,53440,13140,42740,55880,33000BEL
R72 14706 0030,12880,16960,29840,13140,12720,25860,33000BEL
R72 14706 0031,12880,30340,43220,13140,33010,46150,33000BEL
R72 14706 0032,14330,33830,48160,14450,32120,46570,33000BEL
R72 14706 0034,9760,15620,25380,9720,42190,51910,33000BEL
R72 14706 0036,12880,41550,54430,13140,46600,59740,33000BEL
R72 14706 0037,6430,0,6430,5910,0,5910,33000BEL
R72 14706 0038,14490,36370,50860,14600,38200,52800,33000BEL
R72 14706 0039,7240,2530,9770,7300,3310,10610,33000BEL
R72 14706 0040,12880,39780,52660,13140,45310,58450,33000BEL
R72 14706 0041,5790,2260,8050,5910,2960,8870,33000BEL
R72 14706 0042,12880,39260,52140,13140,32270,45410,33000BEL
R72 14706 0043,12880,50070,62950,13140,70240,83380,33000BEL
R72 14706 0044,4430,1940,6370,4650,2550,7200,33000BEL
R72 14706 0045,15300,50330,65630,15330,55860,71190,33000BEL
R72 14706 0047,17710,32310,50020,17520,37730,55250,33000BEL
R72 14706 0049,6430,0,6430,5910,0,5910,33000BEL
R72 14706 0050,12880,43780,56660,13140,53110,66250,33000BEL
R72 14706 0051,6430,0,6430,5910,0,5910,33000BEL
R72 14706 0052,6430,0,6430,5910,0,5910,33000BEL
R72 14706 0053,12880,45850,58730,13140,49460,62600,33000BEL
R72 14706 0054,12880,42090,54970,6570,0,6570,33000BEL
R72 14706 0055,12880,39850,52730,13140,36590,49730,33000BEL
R72 14706 0056,12880,47710,60590,13140,48440,61580,33000BEL
R72 14706 0057,6430,0,6430,5910,0,5910,33000BEL
R72 14706 0058,3220,0,3220,3290,0,3290,33000BEL
R72 14706 0059,13690,41290,54980,13870,40430,54300,33000BEL
R72 14706 0061,18520,55010,73530,18250,69590,87840,33000BEL
R72 14706 0063,17850,46140,63990,17890,47250,65140,33000BEL
R72 14706 0064,17850,45140,62990,17890,49640,67530,33000BEL
R72 14706 0065,17850,42100,59950,17890,50480,68370,33000BEL
R72 14706 0066,17850,48110,65960,17890,48830,66720,33000BEL
R72 14706 0067,17850,56120,73970,17890,58790,76680,33000BEL
R72 14706 0068,17850,45050,62900,17890,48750,66640,33000BEL
R72 14706 0069,17850,46080,63930,17890,50000,67890,33000BEL
R72 14706 0070,17850,44430,62280,17890,58750,76640,33000BEL
R72 14706 0071,17850,44420,62270,17890,48670,66560,33000BEL
R72 14706 0072,17850,41050,58900,17890,46760,64650,33000BEL
R72 14706 0073,17670,48700,66370,17700,63880,81580,33000BEL
R72 14706 0074,17670,47560,65230,17700,59350,77050,33000BEL
R72 14706 0075,19640,53060,72700,19710,65710,85420,33000BEL
R72 14706 0078,17850,63960,81810,17890,82660,100550,33000BEL
R72 14706 0079,17670,48090,65760,17700,58690,76390,33000BEL
R72 14706 0080,17670,47150,64820,17700,52080,69780,33000BEL
R72 14706 0081,17670,62520,80190,17700,67160,84860,33000BEL
R72 14706 0082,18200,47690,65890,18320,55690,74010,33000BEL
R72 14706 0083,18200,52840,71040,18320,58750,77070,33000BEL
R72 14706 0084,19080,64950,84030,19270,62660,81930,33000BEL
R72 14706 0085,19080,47080,66160,19270,49610,68880,33000BEL
R72 14706 0086,17490,48840,66330,17520,54240,71760,33000BEL
R72 14706 0087,17490,55190,72680,17520,51650,69170,33000BEL
R72 14706 0088,17490,44950,62440,17520,46750,64270,33000BEL
R72 14706 0089,22570,57550,80120,22810,69970,92780,33000BEL
R72 14706 0092,17150,56170,73320,17160,59290,76450,33000BEL
R72 14706 0097,14960,47550,62510,15010,40320,55330,33000BEL
R72 14706 0098,21030,60360,81390,20300,63830,84130,33000BEL
R72 14706 0101,17200,67550,84750,17040,74670,91710,33000BEL
R72 14706 0103,13650,30200,43850,13510,49390,62900,33000BEL
R72 14706 0104,260,0,260,250,0,250,33000BEL
R72 14706 0105,6810,5020,11830,6750,6330,13080,33000BEL
R72 14706 0106,6720,0,6720,5990,0,5990,33000BEL
R72 14706 0120,14780,59640,74420,14950,72070,87020,33000BEL
R72 14706 0124,6170,0,6170,5480,0,5480,33000BEL
R72 14707 0001,14490,49220,63710,14600,62030,76630,33000BEL
R72 14707 0002,12880,44500,57380,13140,51470,64610,33000BEL
R72 14707 0003,6430,0,6430,5910,0,5910,33000BEL
R72 14707 0004,12880,54130,67010,13140,86470,99610,33000BEL
R72 14707 0005,4430,0,4430,4650,0,4650,33000BEL
R72 14707 0006,15300,43210,58510,15330,43190,58520,33000BEL
R72 14707 0008,15300,43040,58340,15330,49080,64410,33000BEL
R72 14707 0010,13690,42870,56560,13870,43760,57630,33000BEL
R72 14707 0011,14490,47520,62010,14600,70050,84650,33000BEL
R72 14707 0012,24150,63100,87250,24820,65420,90240,33000BEL
R72 14707 0013,24150,55740,79890,24820,58540,83360,33000BEL
R72 14707 0015,14490,35370,49860,14600,33690,48290,33000BEL
R72 14707 0016,6030,0,6030,5580,0,5580,33000BEL
R72 14707 0017,12080,34640,46720,12410,34440,46850,33000BEL
R72 14707 0018,15780,38200,53980,15770,38100,53870,33000BEL
R72 14707 0021,14810,35120,49930,14890,35090,49980,33000BEL
R72 14707 0022,16100,48720,64820,16060,54310,70370,33000BEL
R72 14707 0024,11730,31860,43590,12780,32100,44880,33000BEL
R72 14707 0029,13690,33950,47640,13870,31490,45360,33000BEL
R72 14707 0030,6030,0,6030,5580,0,5580,33000BEL
R72 14707 0031,6030,0,6030,5580,0,5580,33000BEL
R72 14707 0032,12080,41060,53140,12410,38940,51350,33000BEL
R72 14707 0033,6030,0,6030,5580,0,5580,33000BEL
R72 14707 0034,16100,37180,53280,16060,38930,54990,33000BEL
R72 14707 0036,16100,37520,53620,16060,37240,53300,33000BEL
R72 14707 0038,16100,30960,47060,16060,31460,47520,33000BEL
R72 14707 0040,14490,47360,61850,14600,48250,62850,33000BEL
R72 14707 0041,13690,34380,48070,13870,36930,50800,33000BEL
R72 14707 0043,12880,42580,55460,13140,42470,55610,33000BEL
R72 14707 0044,6430,0,6430,5910,0,5910,33000BEL
R72 14707 0045,6430,0,6430,5910,0,5910,33000BEL
R72 14707 0046,6430,0,6430,5910,0,5910,33000BEL
R72 14707 0047,6430,0,6430,5910,0,5910,33000BEL
R72 14707 0048,12880,64980,77860,13140,78890,92030,33000BEL
R72 14707 0049,22540,68460,91000,21900,75370,97270,33000BEL
R72 14707 0052,12880,45730,58610,13140,47910,61050,33000BEL
R72 14707 0053,14490,39730,54220,14600,55330,69930,33000BEL
R72 14707 0054,14490,38250,52740,14600,43310,57910,33000BEL
R72 14707 0055,12880,39620,52500,13140,34180,47320,33000BEL
R72 14707 0056,6990,0,6990,6310,0,6310,33000BEL
R72 14707 0057,12880,35610,48490,13140,33530,46670,33000BEL
R72 14707 0058,6430,0,6430,5910,0,5910,33000BEL
R72 14707 0059,26250,50790,77040,26280,53420,79700,33000BEL
R72 14707 0061,5790,0,5790,5910,0,5910,33000BEL
R72 14707 0062,22540,74570,97110,21900,100280,122180,33000BEL
R72 14707 0065,23350,38710,62060,22630,36220,58850,33000BEL
R72 14707 0067,19320,55530,74850,18980,60740,79720,33000BEL
R72 14707 0069,15300,26920,42220,15330,29270,44600,33000BEL
R72 14707 0070,16100,33530,49630,16060,31040,47100,33000BEL
R72 14707 0072,16100,35450,51550,16060,33460,49520,33000BEL
R72 14707 0074,16100,35110,51210,16060,34200,50260,33000BEL
R72 14707 0076,20130,34910,55040,19710,35630,55340,33000BEL
R72 14707 0081,17710,69870,87580,17520,116530,134050,33000BEL
R72 14707 0084,18520,70840,89360,18250,77900,96150,33000BEL
R72 14707 0086,6030,0,6030,5580,0,5580,33000BEL
R72 14707 0087,12080,40630,52710,12410,42860,55270,33000BEL
R72 14707 0088,6030,0,6030,5580,0,5580,33000BEL
R72 14707 0089,12080,42790,54870,12410,44320,56730,33000BEL
R72 14707 0090,5120,0,5120,5270,0,5270,33000BEL
R72 14707 0091,5120,0,5120,5270,0,5270,33000BEL
R72 14707 0092,18520,91990,110510,18250,99070,117320,33000BEL
R72 14707 0093,18520,69300,87820,18250,77350,95600,33000BEL
R72 14707 0094,20130,68690,88820,19710,82420,102130,33000BEL
R72 14707 0096,20130,84540,104670,19710,84030,103740,33000BEL
R72 14707 0099,6430,0,6430,5910,0,5910,33000BEL
R72 14707 0100,12880,55560,68440,13140,53120,66260,33000BEL
R72 14707 0101,6430,0,6430,5910,0,5910,33000BEL
R72 14707 0102,5140,3000,8140,5260,3940,9200,33000BEL
R72 14707 0103,12880,47920,60800,13140,49360,62500,33000BEL
R72 14707 0104,6430,0,6430,5910,0,5910,33000BEL
R72 14707 0105,7240,0,7240,6570,0,6570,33000BEL
R72 14707 0106,14490,55260,69750,14540,63130,77670,33000BEL
R72 14707 0107,16100,38810,54910,15990,59500,75490,33000BEL
R72 14707 0109,16100,37370,53470,15990,38350,54340,33000BEL
R72 14707 0111,6030,0,6030,5570,0,5570,33000BEL
R72 14707 0112,12080,42260,54340,12370,45490,57860,33000BEL
R72 14707 0113,6030,0,6030,5570,0,5570,33000BEL
R72 14707 0114,12080,49620,61700,12370,51490,63860,33000BEL
R72 14707 0115,6030,0,6030,5570,0,5570,33000BEL
R72 14707 0116,16100,35180,51280,15990,41670,57660,33000BEL
R72 14707 0118,16100,32180,48280,15990,27790,43780,33000BEL
R72 14707 0120,16100,55770,71870,15990,58450,74440,33000BEL
R72 14707 0122,12080,35780,47860,12370,36990,49360,33000BEL
R72 14707 0123,6030,0,6030,5570,0,5570,33000BEL
R72 14707 0124,12080,35410,47490,12370,42010,54380,33000BEL
R72 14707 0125,6030,0,6030,5570,0,5570,33000BEL
R72 14707 0126,6030,0,6030,5570,0,5570,33000BEL
R72 14707 0127,16100,42910,59010,15990,47240,63230,33000BEL
R72 14707 0129,16100,50750,66850,15990,53620,69610,33000BEL
R72 14707 0131,16100,52380,68480,15990,51180,67170,33000BEL
R72 14707 0133,12080,65390,77470,12370,70890,83260,33000BEL
R72 14707 0134,6030,0,6030,5570,0,5570,33000BEL
R72 14707 0135,6030,0,6030,5570,0,5570,33000BEL
R72 14707 0140,5380,0,5380,5060,0,5060,33000BEL
R72 14707 0142,13690,35690,49380,13870,33650,47520,33000BEL
R72 14707 0145,880,0,880,950,0,950,33000BEL
R72 14707 0146,16720,39240,55960,16630,40620,57250,33000BEL
R72 14707 0147,3070,0,3070,3230,0,3230,33000BEL
R72 14707 0149,13130,70850,83980,13690,73100,86790,33000BEL
R72 14708 0001,20300,36860,57160,21320,38590,59910,33000BEL
R72 14708 0002,15070,41600,56670,15180,43420,58600,33000BEL
R72 14708 0003,17790,35150,52940,17400,42040,59440,33000BEL
R72 14708 0004,6620,0,6620,4790,0,4790,33000BEL
R72 14708 0005,16750,56780,73530,16640,57180,73820,33000BEL
R72 14708 0006,19220,44660,63880,20730,53950,74680,33000BEL
R72 14708 0007,19220,48380,67600,21140,56910,78050,33000BEL
R72 14708 0008,19370,45710,65080,21610,45460,67070,33000BEL
R72 14708 0009,19370,42630,62000,22020,50280,72300,33000BEL
R72 14708 0010,19370,36920,56290,22430,38660,61090,33000BEL
R72 14708 0011,15440,36980,52420,15510,38790,54300,33000BEL
R72 14708 0012,18380,36920,55300,17960,41980,59940,33000BEL
R72 14708 0015,6030,0,6030,5580,0,5580,33000BEL
R72 14708 0016,6030,0,6030,5580,0,5580,33000BEL
R72 14708 0017,12080,31920,44000,12410,32200,44610,33000BEL
R72 14708 0018,12080,66210,78290,12410,86250,98660,33000BEL
R72 14708 0019,6030,0,6030,5580,0,5580,33000BEL
R72 14708 0020,6030,0,6030,5580,0,5580,33000BEL
R72 14708 0021,16100,30220,46320,16100,38940,55040,33000BEL
R72 14708 0023,12080,46660,58740,12410,49300,61710,33000BEL
R72 14708 0024,8010,0,8010,8250,0,8250,33000BEL
R72 14708 0025,18520,48460,66980,18250,64890,83140,33000BEL
R72 14708 0027,15120,59440,74560,15240,65650,80890,33000BEL
R72 14708 0028,12600,47690,60290,12810,52330,65140,33000BEL
R72 14708 0029,10190,0,10190,10380,0,10380,33000BEL
R72 14708 0030,12600,47220,59820,12810,44660,57470,33000BEL
R72 14708 0031,10190,0,10190,9990,0,9990,33000BEL
R72 14708 0032,16300,52140,68440,16380,58010,74390,33000BEL
R72 14708 0034,16300,48850,65150,16380,65460,81840,33000BEL
R72 14708 0036,16300,47200,63500,16380,57100,73480,33000BEL
R72 14708 0038,14950,44640,59590,15080,52590,67670,33000BEL
R72 14708 0040,16170,43450,59620,16120,50600,66720,33000BEL
R72 14708 0041,16560,42470,59030,16470,45040,61510,33000BEL
R72 14708 0042,17290,35880,53170,17300,36550,53850,33000BEL
R72 14708 0043,17290,40300,57590,17300,45040,62340,33000BEL
R72 14708 0044,17290,40310,57600,17300,43320,60620,33000BEL
R72 14708 0045,19470,35030,54500,19580,53660,73240,33000BEL
R72 14708 0046,19370,44620,63990,19040,55900,74940,33000BEL
R72 14708 0053,17430,50240,67670,17140,50400,67540,33000BEL
R72 14708 0054,8640,0,8640,7820,0,7820,33000BEL
R72 14708 0055,18750,68210,86960,18900,77420,96320,33000BEL
R72 14709 0014,6640,0,6640,6070,0,6070,33000BEL
R72 14709 0015,14960,49530,64490,15070,44030,59100,33000BEL
R72 14709 0016,6220,0,6220,5720,0,5720,33000BEL
R72 14709 0017,12470,35830,48300,12700,33460,46160,33000BEL
R72 14709 0018,16630,59610,76240,16640,74530,91170,33000BEL
R72 14709 0020,16800,56030,72830,16720,68350,85070,33000BEL
R72 14709 0022,18480,48580,67060,18310,51520,69830,33000BEL
R72 14709 0024,13440,44780,58220,13530,57110,70640,33000BEL
R72 14709 0025,13440,38480,51920,13530,40470,54000,33000BEL
R72 14709 0026,18480,80500,98980,18400,82140,100540,33000BEL
R72 14709 0028,16460,48800,65260,16470,42970,59440,33000BEL
R72 14709 0030,15460,45210,60670,15510,42510,58020,33000BEL
R72 14709 0031,15120,26610,41730,15240,24080,39320,33000BEL
R72 14709 0032,14490,62510,77000,14600,56480,71080,33000BEL
R72 14709 0033,12880,20200,33080,13140,25860,39000,33000BEL
R72 14709 0034,17710,47360,65070,17520,48550,66070,33000BEL
R72 14709 0036,12880,37190,50070,13140,35080,48220,33000BEL
R72 14709 0037,6920,0,6920,6310,0,6310,33000BEL
R72 14709 0038,15300,52140,67440,15330,55850,71180,33000BEL
R72 14709 0040,15300,36270,51570,15330,36180,51510,33000BEL
R72 14709 0041,15300,39560,54860,15330,45830,61160,33000BEL
R72 14709 0043,15300,54090,69390,15330,54660,69990,33000BEL
R72 14709 0044,14490,41320,55810,14600,38740,53340,33000BEL
R72 14709 0045,12080,33420,45500,12410,36440,48850,33000BEL
R72 14709 0046,6030,0,6030,5580,0,5580,33000BEL
R72 14709 0047,14490,35800,50290,14600,36110,50710,33000BEL
R72 14709 0048,12880,51190,64070,13140,53800,66940,33000BEL
R72 14710 0001,13020,52760,65780,13270,58090,71360,33000BEL
R72 14710 0002,16970,70550,87520,16950,80050,97000,33000BEL
R72 14710 0004,14650,30180,44830,14780,33930,48710,33000BEL
R72 14710 0005,14650,51160,65810,14780,58910,73690,33000BEL
R72 14710 0006,17900,62180,80080,17780,72430,90210,33000BEL
R72 14710 0008,13020,27180,40200,13270,36050,49320,33000BEL
R72 14710 0009,13020,36750,49770,13270,40080,53350,33000BEL
R72 14710 0010,13160,26890,40050,13320,34470,47790,33000BEL
R72 14710 0011,15630,45410,61040,15590,58350,73940,33000BEL
R72 14710 0013,15630,26520,42150,15660,30170,45830,33000BEL
R72 14710 0015,21390,84650,106040,21020,90130,111150,33000BEL
R72 14710 0018,14810,36680,51490,14890,43990,58880,33000BEL
R72 14710 0020,13160,35290,48450,13400,45270,58670,33000BEL
R72 14710 0021,13160,62140,75300,13400,66520,79920,33000BEL
R72 14710 0022,12300,29060,41360,12740,34470,47210,33000BEL
R72 14710 0023,16450,53670,70120,16500,61990,78490,33000BEL
R72 14710 0024,16630,37770,54400,16570,58730,75300,33000BEL
R72 14710 0026,6640,0,6640,6050,0,6050,33000BEL
R72 14710 0027,13300,42190,55490,13450,52720,66170,33000BEL
R72 14710 0028,13300,62270,75570,13450,69160,82610,33000BEL
R72 14710 0029,14490,46440,60930,14600,61960,76560,33000BEL
R72 14710 0030,14490,42920,57410,14600,51670,66270,33000BEL
R72 14710 0032,12880,60290,73170,13140,64890,78030,33000BEL
R72 14710 0033,6430,0,6430,5910,0,5910,33000BEL
R72 14710 0034,14490,42580,57070,14600,60040,74640,33000BEL
R72 14710 0035,13360,50180,63540,13580,46420,60000,33000BEL
R72 14710 0036,14010,39440,53450,14160,52050,66210,33000BEL
R72 14710 0037,12880,44640,57520,13140,54800,67940,33000BEL
R72 14710 0038,6430,0,6430,5910,0,5910,33000BEL
R72 14710 0039,14170,49320,63490,14310,64250,78560,33000BEL
R72 14710 0040,14170,49040,63210,14310,64800,79110,33000BEL
R72 14710 0041,14170,44340,58510,14310,52530,66840,33000BEL
R72 14710 0042,3720,0,3720,3970,0,3970,33000BEL
R72 14710 0043,12880,53740,66620,13140,57150,70290,33000BEL
R72 14710 0044,12880,51350,64230,13140,51680,64820,33000BEL
R72 14710 0045,5220,0,5220,4930,0,4930,33000BEL
R72 14710 0046,15300,35000,50300,15330,43170,58500,33000BEL
R72 14710 0048,16910,41170,58080,16790,43880,60670,33000BEL
R72 14710 0050,20130,30950,51080,19710,31020,50730,33000BEL
R72 14710 0053,14490,47700,62190,14600,54010,68610,33000BEL
R72 14710 0055,14490,34440,48930,14600,48660,63260,33000BEL
R72 14710 0056,14490,45570,60060,14600,49010,63610,33000BEL
R72 14710 0058,14490,47400,61890,14600,53260,67860,33000BEL
R72 14710 0059,14490,23660,38150,14600,65750,80350,33000BEL
R72 14710 0060,14490,65540,80030,14600,81270,95870,33000BEL
R72 14710 0061,14490,27770,42260,14600,34250,48850,33000BEL
R72 14710 0062,12880,35540,48420,13140,37080,50220,33000BEL
R72 14710 0063,12880,35540,48420,13140,37080,50220,33000BEL
R72 14710 0064,15300,34310,49610,15330,39930,55260,33000BEL
R72 14710 0066,15300,36290,51590,15330,48330,63660,33000BEL
R72 14710 0068,12880,48730,61610,13140,54990,68130,33000BEL
R72 14710 0069,6430,0,6430,5910,0,5910,33000BEL
R72 14710 0070,12880,45810,58690,13140,48050,61190,33000BEL
R72 14710 0071,5620,0,5620,5260,0,5260,33000BEL
R72 14710 0072,15300,32610,47910,15330,42420,57750,33000BEL
R72 14710 0074,15300,35030,50330,15330,40940,56270,33000BEL
R72 14710 0075,7240,0,7240,6570,0,6570,33000BEL
R72 14710 0077,19320,51600,70920,18980,57760,76740,33000BEL
R72 14710 0079,17850,37550,55400,17890,38440,56330,33000BEL
R72 14710 0080,16070,45150,61220,16060,49390,65450,33000BEL
R72 14710 0081,16070,37120,53190,16060,48390,64450,33000BEL
R72 14710 0084,14490,45980,60470,14600,62390,76990,33000BEL
R72 14710 0085,5790,0,5790,5910,0,5910,33000BEL
R72 14710 0086,12880,41720,54600,13140,36630,49770,33000BEL
R72 14710 0087,6430,0,6430,5910,0,5910,33000BEL
R72 14710 0088,3220,0,3220,3290,0,3290,33000BEL
R72 14710 0089,6430,0,6430,5910,0,5910,33000BEL
R72 14710 0090,12880,37420,50300,13140,42280,55420,33000BEL
R72 14710 0091,12880,66140,79020,13140,81880,95020,33000BEL
R72 14710 0092,6430,0,6430,5910,0,5910,33000BEL
R72 14710 0093,17710,71920,89630,17520,94100,111620,33000BEL
R72 14710 0095,16740,44520,61260,16640,43760,60400,33000BEL
R72 14710 0097,3140,0,3140,3370,0,3370,33000BEL
R72 14710 0098,12880,50340,63220,13140,48670,61810,33000BEL
R72 14710 0099,19320,38940,58260,18980,38320,57300,33000BEL
R72 14710 0101,14490,33150,47640,14600,39500,54100,33000BEL
R72 14710 0102,12880,33830,46710,13140,40570,53710,33000BEL
R72 14710 0103,12880,44370,57250,13140,47190,60330,33000BEL
R72 14710 0106,6300,0,6300,4390,0,4390,33000BEL
R72 14710 0113,4330,0,4330,4600,0,4600,33000BEL
R72 14710 0119,8930,0,8930,8940,0,8940,33000BEL
R72 14710 0120,16070,44140,60210,16060,48810,64870,33000BEL
R72 14710 0121,16070,51700,67770,16060,61160,77220,33000BEL
R72 14711 0001,6430,0,6430,5910,0,5910,33000BEL
R72 14711 0002,12880,49940,62820,13140,30760,43900,33000BEL
R72 14711 0003,12880,40230,53110,13140,56210,69350,33000BEL
R72 14711 0004,6430,0,6430,5910,0,5910,33000BEL
R72 14711 0005,15300,38400,53700,15330,58310,73640,33000BEL
R72 14711 0007,15300,42270,57570,15330,55510,70840,33000BEL
R72 14711 0009,6430,2780,9210,6570,3620,10190,33000BEL
R72 14711 0010,12880,51280,64160,13140,70160,83300,33000BEL
R72 14711 0011,12880,47720,60600,13140,63400,76540,33000BEL
R72 14711 0012,5220,0,5220,4930,0,4930,33000BEL
R72 14711 0013,15300,56160,71460,15330,55940,71270,33000BEL
R72 14711 0014,14490,45020,59510,14600,49890,64490,33000BEL
R72 14711 0015,14490,39480,53970,14600,48950,63550,33000BEL
R72 14711 0016,13690,45160,58850,13870,43950,57820,33000BEL
R72 14711 0017,13690,44850,58540,13870,46400,60270,33000BEL
R72 14711 0018,15300,51090,66390,15330,51070,66400,33000BEL
R72 14711 0019,3010,0,3010,3100,0,3100,33000BEL
R72 14711 0020,13690,52060,65750,13870,66140,80010,33000BEL
R72 14711 0021,6840,0,6840,6240,0,6240,33000BEL
R72 14711 0022,13690,61890,75580,13870,87210,101080,33000BEL
R72 14711 0029,13690,26980,40670,13870,47510,61380,33000BEL
R72 14711 0030,13690,21400,35090,13870,41960,55830,33000BEL
R72 14711 0031,13690,33670,47360,13870,33810,47680,33000BEL
R72 14711 0032,13690,42060,55750,13870,43810,57680,33000BEL
R72 14711 0033,13690,38860,52550,13870,45790,59660,33000BEL
R72 14711 0034,13690,33540,47230,13870,38040,51910,33000BEL
R72 14711 0035,13690,42270,55960,13870,45550,59420,33000BEL
R72 14711 0036,14490,42270,56760,14600,45580,60180,33000BEL
R72 14711 0037,16100,42840,58940,16060,46770,62830,33000BEL
R72 14711 0038,5620,0,5620,5260,0,5260,33000BEL
R72 14711 0039,12880,37810,50690,13140,45990,59130,33000BEL
R72 14711 0040,17710,48320,66030,17520,68110,85630,33000BEL
R72 14711 0042,12880,51920,64800,13140,61400,74540,33000BEL
R72 14711 0043,12880,25160,38040,13140,20620,33760,33000BEL
R72 14711 0044,17710,48870,66580,17520,50420,67940,33000BEL
R72 14711 0046,17710,27540,45250,17520,4550,22070,33000BEL
R72 14711 0047,14490,44700,59190,14600,56560,71160,33000BEL
R72 14711 0048,14490,28660,43150,14600,29290,43890,33000BEL
R72 14711 0049,16100,54570,70670,16060,60330,76390,33000BEL
R72 14711 0051,12880,72040,84920,13140,90360,103500,33000BEL
R72 14711 0052,6430,4280,10710,6570,5580,12150,33000BEL
R72 14711 0053,6430,0,6430,5910,0,5910,33000BEL
R72 14711 0054,6430,0,6430,5910,0,5910,33000BEL
R72 14711 0055,12880,74560,87440,13140,83960,97100,33000BEL
R72 14711 0056,6430,4280,10710,6570,5580,12150,33000BEL
R72 14711 0057,6190,0,6190,5720,0,5720,33000BEL
R72 14711 0058,12880,40560,53440,13140,36960,50100,33000BEL
R72 14711 0059,14490,54620,69110,14600,75630,90230,33000BEL
R72 14711 0060,14170,50090,64260,14310,51500,65810,33000BEL
R72 14711 0061,13850,51190,65040,14020,64190,78210,33000BEL
R72 14711 0062,13360,38440,51800,13580,37110,50690,33000BEL
R72 14711 0063,14010,40510,54520,14160,42190,56350,33000BEL
R72 14711 0064,16580,31120,47700,16500,37410,53910,33000BEL
R72 14711 0066,16580,28010,44590,16500,37050,53550,33000BEL
R72 14711 0067,13690,35130,48820,13870,51230,65100,33000BEL
R72 14711 0070,15930,20990,36920,15840,47250,63090,33000BEL
R72 14711 0072,12600,15090,27690,12920,91020,103940,33000BEL
R72 14711 0073,3180,0,3180,3250,0,3250,33000BEL
R72 14711 0074,13850,65480,79330,14000,67180,81180,33000BEL
R72 14711 0075,16240,50490,66730,16200,56070,72270,33000BEL
R72 14711 0077,1260,0,1260,1380,0,1380,33000BEL
R72 14711 0078,15930,44810,60740,15910,75200,91110,33000BEL
R72 14711 0080,13690,50200,63890,13820,58070,71890,33000BEL
R72 14711 0081,13690,36850,50540,13820,38600,52420,33000BEL
R72 14711 0082,13690,51740,65430,13820,57350,71170,33000BEL
R72 14711 0083,13690,51540,65230,13820,54880,68700,33000BEL
R72 14711 0084,14490,63560,78050,14540,53060,67600,33000BEL
R72 14711 0085,18030,41820,59850,17810,55540,73350,33000BEL
R72 14711 0087,7080,0,7080,6440,0,6440,33000BEL
R72 14711 0089,11910,42900,54810,12260,46020,58280,33000BEL
R72 14711 0090,6920,1940,8860,7030,2550,9580,33000BEL
R72 14711 0092,12240,49100,61340,12590,91300,103890,33000BEL
R72 14711 0093,13520,63070,76590,13770,63740,77510,33000BEL
R72 14711 0095,6430,0,6430,5930,0,5930,33000BEL
R72 14711 0096,6430,0,6430,5930,0,5930,33000BEL
R72 14711 0097,12880,40130,53010,13180,39250,52430,33000BEL
R72 14711 0098,13020,40410,53430,13230,59620,72850,33000BEL
R72 14711 0099,5270,0,5270,4950,0,4950,33000BEL
R72 14711 0100,1270,0,1270,1380,0,1380,33000BEL
R72 14711 0101,1920,0,1920,2040,0,2040,33000BEL
R72 14711 0108,1270,0,1270,1380,0,1380,33000BEL
R72 14711 0110,5220,0,5220,4930,0,4930,33000BEL
R72 14713 0001,19990,53280,73270,20080,60260,80340,33000BEL
R72 14713 0002,19990,65570,85560,20080,73320,93400,33000BEL
R72 14713 0003,19100,59940,79040,19160,60800,79960,33000BEL
R72 14713 0004,19100,62980,82080,19160,64380,83540,33000BEL
R72 14713 0005,19990,70700,90690,20080,77070,97150,33000BEL
R72 14713 0006,19990,55530,75520,20080,62360,82440,33000BEL
R72 14713 0007,19640,60480,80120,19710,75830,95540,33000BEL
R72 14713 0008,19640,61660,81300,19710,68210,87920,33000BEL
R72 14713 0009,19640,70880,90520,19710,80670,100380,33000BEL
R72 14713 0010,19640,53070,72710,19710,67960,87670,33000BEL
R72 14713 0011,20880,70520,91400,20990,70250,91240,33000BEL
R72 14713 0012,18870,72890,91760,18830,86640,105470,33000BEL
R72 14713 0013,19890,61710,81600,19840,59420,79260,33000BEL
R72 14713 0014,19720,54060,73780,19770,70270,90040,33000BEL
R72 14713 0015,18520,76070,94590,18580,88560,107140,33000BEL
R72 14713 0016,21560,50940,72500,21690,66970,88660,33000BEL
R72 14713 0017,19440,57660,77100,19530,62250,81780,33000BEL
R72 14713 0018,19440,69220,88660,19530,77340,96870,33000BEL
R72 14713 0019,19440,57600,77040,19530,38850,58380,33000BEL
R72 14713 0020,19440,72940,92380,19530,88890,108420,33000BEL
R72 14713 0021,18910,48010,66920,19000,54820,73820,33000BEL
R72 14713 0022,19800,48520,68320,19890,64500,84390,33000BEL
R72 14713 0023,18910,73790,92700,19000,74020,93020,33000BEL
R72 14713 0024,19800,35760,55560,19890,56520,76410,33000BEL
R72 14713 0025,18910,64650,83560,19000,63430,82430,33000BEL
R72 14713 0026,19800,56470,76270,19890,62760,82650,33000BEL
R72 14713 0027,21780,55350,77130,22010,63730,85740,33000BEL
R72 14713 0028,27640,69390,97030,29060,77480,106540,33000BEL
R72 14713 0029,25590,50800,76390,25750,61590,87340,33000BEL
R72 14713 0030,20450,58570,79020,20110,64060,84170,33000BEL
R72 14713 0031,23600,66910,90510,22910,64720,87630,33000BEL
R72 14713 0032,26080,50640,76720,26990,55660,82650,33000BEL
R72 14713 0033,26450,57370,83820,27100,60210,87310,33000BEL
R72 14713 0034,20170,53360,73530,20260,59390,79650,33000BEL
R72 14713 0035,20340,53740,74080,19340,60820,80160,33000BEL
R72 14713 0036,19740,59240,78980,19490,59380,78870,33000BEL
R72 14713 0037,20340,51540,71880,19340,57190,76530,33000BEL
R72 14713 0038,19640,59370,79010,19710,60540,80250,33000BEL
R72 14713 0039,19640,63010,82650,19710,63070,82780,33000BEL
R72 14713 0040,19640,63900,83540,19710,80000,99710,33000BEL
R72 14713 0041,19640,79270,98910,19710,78900,98610,33000BEL
R72 14713 0042,19640,61550,81190,19620,72970,92590,33000BEL
R72 14713 0043,19640,54800,74440,19620,71430,91050,33000BEL
R72 14713 0044,19900,68950,88850,19540,77120,96660,33000BEL
R72 14713 0045,18870,66970,85840,18920,74480,93400,33000BEL
R72 14713 0046,18880,73100,91980,18840,76080,94920,33000BEL
R72 14713 0047,26660,54100,80760,27330,61040,88370,33000BEL
R72 14713 0048,25230,52430,77660,26000,51700,77700,33000BEL
R72 14713 0049,17490,51780,69270,17450,66970,84420,33000BEL
R72 14713 0050,19640,62980,82620,19620,37310,56930,33000BEL
R72 14713 0051,19640,55520,75160,19620,69610,89230,33000BEL
R72 14713 0052,19640,62250,81890,19620,67060,86680,33000BEL
R72 14713 0053,19640,66840,86480,19620,66920,86540,33000BEL
R72 14713 0054,19640,87850,107490,19620,123570,143190,33000BEL
R72 14713 0055,19280,58960,78240,19260,60480,79740,33000BEL
R72 14713 0056,19280,53170,72450,19260,59710,78970,33000BEL
R72 14713 0057,19280,57040,76320,19260,71760,91020,33000BEL
R72 14713 0058,19280,54900,74180,19260,71540,90800,33000BEL
R72 14713 0059,19280,65100,84380,19260,67280,86540,33000BEL
R72 14713 0060,19280,55540,74820,19260,60770,80030,33000BEL
R72 14713 0061,19280,65400,84680,19260,71820,91080,33000BEL
R72 14713 0062,19280,62450,81730,19260,66780,86040,33000BEL
R72 14713 0063,19280,53220,72500,19260,68400,87660,33000BEL
R72 14713 0064,19280,55830,75110,19260,62250,81510,33000BEL
R72 14713 0065,19460,52330,71790,19440,58340,77780,33000BEL
R72 14713 0066,20170,58400,78570,20260,58830,79090,33000BEL
R72 14713 0067,19640,55040,74680,19710,71370,91080,33000BEL
R72 14713 0068,19640,66700,86340,19710,72780,92490,33000BEL
R72 14713 0069,19640,50530,70170,19710,66970,86680,33000BEL
R72 14713 0070,19640,64690,84330,19710,70550,90260,33000BEL
R72 14713 0071,19640,50470,70110,19710,76080,95790,33000BEL
R72 14713 0072,19640,56580,76220,19710,80060,99770,33000BEL
R72 14713 0073,19640,76330,95970,19710,79930,99640,33000BEL
R72 14713 0074,19640,92420,112060,19710,99460,119170,33000BEL
R72 14713 0075,19990,55060,75050,20080,70330,90410,33000BEL
R72 14713 0076,17710,39920,57630,17520,44940,62460,33000BEL
R72 14713 0077,18520,53600,72120,18250,61180,79430,33000BEL
R72 14713 0078,18840,53750,72590,18540,53730,72270,33000BEL
R72 14713 0079,18030,43830,61860,17810,44380,62190,33000BEL
R72 14713 0080,18030,51620,69650,17810,48930,66740,33000BEL
R72 14713 0081,18030,49060,67090,17810,55420,73230,33000BEL
R72 14713 0082,18030,46090,64120,17810,59050,76860,33000BEL
R72 14713 0083,18840,56450,75290,18540,84390,102930,33000BEL
R72 14713 0084,19800,52670,72470,19420,56520,75940,33000BEL
R72 14713 0085,19320,39640,58960,18980,45200,64180,33000BEL
R72 14713 0086,19320,61690,81010,18980,64220,83200,33000BEL
R72 14713 0087,19320,55960,75280,18980,58720,77700,33000BEL
R72 14801 0001,9010,0,9010,6430,0,6430,12010BEL
R72 14801 0002,18020,39960,57980,14290,47370,61660,12010BEL
R72 14801 0003,18020,41990,60010,14290,47660,61950,12010BEL
R72 14801 0004,9100,0,9100,6480,0,6480,12010BEL
R72 14801 0005,18360,38470,56830,14550,45910,60460,12010BEL
R72 14801 0006,18360,51070,69430,14550,71310,85860,12010BEL
R72 14801 0007,22900,51420,74320,19040,60730,79770,12010BEL
R72 14801 0009,26400,127540,153940,22740,170150,192890,12010BEL
R72 14801 0012,8250,0,8250,5730,0,5730,12010BEL
R72 14801 0013,18700,47230,65930,14970,64710,79680,12010BEL
R72 14801 0014,18700,47160,65860,14970,57670,72640,12010BEL
R72 14801 0015,18700,47680,66380,14970,66840,81810,12010BEL
R72 14801 0016,9350,0,9350,6740,0,6740,12010BEL
R72 14801 0017,28380,53330,81710,24380,57270,81650,12010BEL
R72 14801 0018,21560,48890,70450,17640,65080,82720,12010BEL
R72 14801 0019,18530,33900,52430,14760,40760,55520,12010BEL
R72 14801 0020,18530,38080,56610,14710,45550,60260,12010BEL
R72 14801 0021,18360,35680,54040,14600,51270,65870,12010BEL
R72 14801 0022,9180,0,9180,6550,0,6550,12010BEL
R72 14801 0023,18360,34820,53180,14500,43930,58430,12010BEL
R72 14801 0024,18190,34540,52730,14450,39830,54280,12010BEL
R72 14801 0025,17550,34010,51560,13820,42980,56800,12010BEL
R72 14801 0026,18020,36840,54860,14340,44660,59000,12010BEL
R72 14801 0027,6720,0,6720,4990,0,4990,12010BEL
R72 14801 0028,13430,40640,54070,11140,49440,60580,12010BEL
R72 14801 0029,14740,47840,62580,12140,61750,73890,12010BEL
R72 14801 0031,14740,51550,66290,12140,61170,73310,12010BEL
R72 14801 0033,14740,49320,64060,12140,58120,70260,12010BEL
R72 14801 0035,14740,52130,66870,12140,61610,73750,12010BEL
R72 14801 0037,15960,49590,65550,12980,58520,71500,12010BEL
R72 14801 0039,18700,25320,44020,14970,42760,57730,12010BEL
R72 14801 0040,18700,42990,61690,14970,67140,82110,12010BEL
R72 14801 0041,18360,39640,58000,14700,48010,62710,12010BEL
R72 14801 0042,18360,51730,70090,14700,75050,89750,12010BEL
R72 14801 0043,14690,33180,47870,11760,50560,62320,12010BEL
R72 14801 0044,18360,40440,58800,14700,49390,64090,12010BEL
R72 14801 0045,18360,40640,59000,14700,54510,69210,12010BEL
R72 14801 0046,18360,38090,56450,14700,44460,59160,12010BEL
R72 14801 0047,18360,50630,68990,14700,58000,72700,12010BEL
R72 14801 0048,18360,41930,60290,14700,50130,64830,12010BEL
R72 14801 0049,18360,42120,60480,14700,49750,64450,12010BEL
R72 14801 0050,18360,34110,52470,14700,36110,50810,12010BEL
R72 14801 0051,18360,40370,58730,14700,48050,62750,12010BEL
R72 14801 0052,18360,41140,59500,14700,50900,65600,12010BEL
R72 14801 0053,18360,51000,69360,14700,79220,93920,12010BEL
R72 14801 0054,18360,40790,59150,14700,42620,57320,12010BEL
R72 14801 0055,18360,42650,61010,14700,57610,72310,12010BEL
R72 14801 0056,18360,37580,55940,14700,53470,68170,12010BEL
R72 14801 0057,18360,51850,70210,14700,77010,91710,12010BEL
R72 14801 0058,18360,55820,74180,14700,84550,99250,12010BEL
R72 14801 0059,18360,56090,74450,14700,57300,72000,12010BEL
R72 14801 0060,18360,47880,66240,14700,55240,69940,12010BEL
R72 14801 0061,18360,13210,31570,14700,74510,89210,12010BEL
R72 14801 0062,18360,48690,67050,14700,67550,82250,12010BEL
R72 14801 0063,18360,42480,60840,14700,52010,66710,12010BEL
R72 14801 0064,18360,61420,79780,14700,95760,110460,12010BEL
R72 14801 0065,19160,42890,62050,15390,56430,71820,12010BEL
R72 14801 0066,18950,43490,62440,15260,58240,73500,12010BEL
R72 14801 0067,18950,44880,63830,15260,59210,74470,12010BEL
R72 14801 0068,18750,43710,62460,15070,54080,69150,12010BEL
R72 14801 0069,18720,52300,71020,14940,63790,78730,12010BEL
R72 14801 0070,18720,46370,65090,14940,59580,74520,12010BEL
R72 14801 0071,18720,43060,61780,14940,60080,75020,12010BEL
R72 14801 0072,18720,43840,62560,15000,53880,68880,12010BEL
R72 14801 0073,18720,53810,72530,15000,65310,80310,12010BEL
R72 14801 0074,18720,60630,79350,15060,71870,86930,12010BEL
R72 14801 0075,18720,46610,65330,15060,58780,73840,12010BEL
R72 14801 0076,18510,43630,62140,14860,50440,65300,12010BEL
R72 14801 0077,18690,43730,62420,14920,56060,70980,12010BEL
R72 14801 0078,18480,43440,61920,14720,59850,74570,12010BEL
R72 14801 0079,18400,34280,52680,14700,41020,55720,12010BEL
R72 14801 0080,17480,33140,50620,13950,39570,53520,12010BEL
R72 14801 0081,21210,39190,60400,17350,49780,67130,12010BEL
R72 14801 0082,19190,45970,65160,15500,50990,66490,12010BEL
R72 14801 0083,18200,38310,56510,14400,46430,60830,12010BEL
R72 14801 0084,12420,35000,47420,9550,34260,43810,12010BEL
R72 14801 0085,14450,37860,52310,11660,46070,57730,12010BEL
R72 14801 0087,19000,46780,65780,15080,68500,83580,12010BEL
R72 14802 0001,17570,68910,86480,13970,103330,117300,12010BEL
R72 14802 0002,17920,55220,73140,14300,84450,98750,12010BEL
R72 14802 0003,8400,0,8400,5910,0,5910,12010BEL
R72 14802 0004,6970,33030,40000,12420,183240,195660,12010BEL
R72 14802 0005,17600,49370,66970,14040,57310,71350,12010BEL
R72 14802 0006,17600,49100,66700,15580,49320,64900,12010BEL
R72 14802 0007,17600,37200,54800,14040,44160,58200,12010BEL
R72 14802 0008,17600,46730,64330,14040,57230,71270,12010BEL
R72 14802 0009,17600,49510,67110,14040,55380,69420,12010BEL
R72 14802 0010,17600,58820,76420,14040,63510,77550,12010BEL
R72 14802 0011,17600,53020,70620,14040,69800,83840,12010BEL
R72 14802 0012,17600,47470,65070,14040,64770,78810,12010BEL
R72 14802 0013,17600,52590,70190,14040,59100,73140,12010BEL
R72 14802 0014,17600,30080,47680,14040,60830,74870,12010BEL
R72 14802 0015,17640,44660,62300,14100,43930,58030,12010BEL
R72 14802 0016,17640,48770,66410,14100,59440,73540,12010BEL
R72 14802 0017,17640,45840,63480,14100,59550,73650,12010BEL
R72 14802 0018,17640,56840,74480,14100,71420,85520,12010BEL
R72 14802 0019,17640,53120,70760,14100,61420,75520,12010BEL
R72 14802 0020,17850,52300,70150,14250,76040,90290,12010BEL
R72 14802 0023,19080,58250,77330,15300,78550,93850,12010BEL
R72 14802 0024,19080,44240,63320,15300,59680,74980,12010BEL
R72 14802 0025,19080,41620,60700,15300,45910,61210,12010BEL
R72 14802 0026,19080,56990,76070,15300,65720,81020,12010BEL
R72 14802 0027,19080,50980,70060,15300,73040,88340,12010BEL
R72 14802 0028,19080,50010,69090,15300,57050,72350,12010BEL
R72 14802 0029,19080,48720,67800,15300,57220,72520,12010BEL
R72 14802 0030,21000,48190,69190,17100,60120,77220,12010BEL
R72 14802 0031,17800,68870,86670,14220,86580,100800,12010BEL
R72 14802 0032,17800,45920,63720,14220,60750,74970,12010BEL
R72 14802 0033,19530,61340,80870,15710,80770,96480,12010BEL
R72 14802 0034,19290,44770,64060,15500,28000,43500,12010BEL
R72 14802 0035,19290,40230,59520,15500,65570,81070,12010BEL
R72 14802 0036,19290,58240,77530,17210,44360,61570,12010BEL
R72 14802 0037,19800,48750,68550,17850,37980,55830,12010BEL
R72 14802 0038,18700,39230,57930,14970,82360,97330,12010BEL
R72 14802 0042,19800,39820,59620,16080,59340,75420,12010BEL
R72 14802 0043,20160,48190,68350,16440,54310,70750,12010BEL
R72 14802 0045,19490,45330,64820,12550,0,12550,12010BEL
R72 14802 0047,19490,52330,71820,15750,68790,84540,12010BEL
R72 14802 0049,20160,48600,68760,16440,58670,75110,12010BEL
R72 14802 0051,20160,57390,77550,16440,56850,73290,12010BEL
R72 14802 0052,20160,46840,67000,16440,64290,80730,12010BEL
R72 14802 0054,36960,43810,80770,33770,10340,44110,12010BEL
R72 14802 0055,22400,51230,73630,18750,80470,99220,12010BEL
R72 14802 0056,27060,64590,91650,23260,103340,126600,12010BEL
R72 14802 0057,23310,53080,76390,19280,56150,75430,12010BEL
R72 14802 0058,17850,42900,60750,14130,43730,57860,12010BEL
R72 14802 0059,17850,44170,62020,14130,45260,59390,12010BEL
R72 14802 0060,17850,39610,57460,14130,41090,55220,12010BEL
R72 14803 0001,17600,43360,60960,14040,67190,81230,12010BEL
R72 14803 0002,17600,44470,62070,14040,60310,74350,12010BEL
R72 14803 0003,18720,36690,55410,14940,71400,86340,12010BEL
R72 14803 0004,19080,45660,64740,15240,54070,69310,12010BEL
R72 14803 0005,17820,30710,48530,14280,44380,58660,12010BEL
R72 14803 0006,17140,54770,71910,13580,58210,71790,12010BEL
R72 14803 0007,16460,55180,71640,13070,60260,73330,12010BEL
R72 14803 0008,15790,48610,64400,12560,52610,65170,12010BEL
R72 14803 0009,15120,50550,65670,12100,54640,66740,12010BEL
R72 14803 0010,17600,40990,58590,14040,50990,65030,12010BEL
R72 14803 0011,17600,56790,74390,14040,71520,85560,12010BEL
R72 14803 0012,20340,67460,87800,16680,83470,100150,12010BEL
R72 14803 0013,19980,40950,60930,16140,55710,71850,12010BEL
R72 14803 0014,19620,41780,61400,15720,52510,68230,12010BEL
R72 14803 0015,19080,41990,61070,15360,55860,71220,12010BEL
R72 14803 0016,18060,49880,67940,14380,63970,78350,12010BEL
R72 14803 0017,18560,59190,77750,14890,68120,83010,12010BEL
R72 14803 0018,17540,45370,62910,13950,57470,71420,12010BEL
R72 14803 0019,22030,72970,95000,18160,95780,113940,12010BEL
R72 14803 0020,15460,36910,52370,12350,55010,67360,12010BEL
R72 14803 0021,16130,42670,58800,12860,59510,72370,12010BEL
R72 14803 0022,16800,37330,54130,13320,46720,60040,12010BEL
R72 14803 0023,17470,46270,63740,13880,46250,60130,12010BEL
R72 14803 0024,16560,47100,63660,13200,56780,69980,12010BEL
R72 14803 0025,17510,24280,41790,15100,44500,59600,12010BEL
R72 14803 0026,16200,50400,66600,13130,75640,88770,12010BEL
R72 14803 0027,16380,39850,56230,13080,48260,61340,12010BEL
R72 14803 0028,16860,36840,53700,13410,44420,57830,12010BEL
R72 14803 0029,17890,43240,61130,14220,71450,85670,12010BEL
R72 14803 0030,18920,36390,55310,15080,43210,58290,12010BEL
R72 14803 0031,19610,46510,66120,15890,59100,74990,12010BEL
R72 14803 0032,19260,23270,42530,15410,31300,46710,12010BEL
R72 14803 0033,18030,61510,79540,14450,96250,110700,12010BEL
R72 14803 0034,17460,47620,65080,13980,45480,59460,12010BEL
R72 14803 0035,17280,54700,71980,13860,73660,87520,12010BEL
R72 14803 0036,17280,48500,65780,13800,73870,87670,12010BEL
R72 14803 0037,17280,54870,72150,13800,52920,66720,12010BEL
R72 14803 0038,17470,55410,72880,13970,71630,85600,12010BEL
R72 14803 0039,17850,39260,57110,14260,47580,61840,12010BEL
R72 14803 0040,17850,45750,63600,14320,62700,77020,12010BEL
R72 14803 0041,9020,0,9020,6500,0,6500,12010BEL
R72 14803 0042,17660,43660,61320,14130,54680,68810,12010BEL
R72 14803 0043,17100,46810,63910,13680,56650,70330,12010BEL
R72 14803 0044,7890,0,7890,5610,0,5610,12010BEL
R72 14803 0045,16490,54060,70550,13080,71450,84530,12010BEL
R72 14803 0046,17030,40360,57390,13520,47780,61300,12010BEL
R72 14803 0047,17200,58980,76180,13630,102470,116100,12010BEL
R72 14803 0048,17200,59720,76920,13730,90280,104010,12010BEL
R72 14803 0049,17370,39120,56490,13790,47930,61720,12010BEL
R72 14803 0050,17370,47100,64470,13840,51110,64950,12010BEL
R72 14803 0051,17370,35850,53220,13840,43830,57670,12010BEL
R72 14803 0052,17370,41340,58710,13840,51520,65360,12010BEL
R72 14803 0053,17370,57270,74640,13790,67310,81100,12010BEL
R72 14803 0054,17170,37130,54300,13610,44120,57730,12010BEL
R72 14803 0055,18510,45560,64070,14860,43390,58250,12010BEL
R72 14803 0056,18510,38700,57210,14860,38670,53530,12010BEL
R72 14803 0057,16560,40820,57380,13230,49980,63210,12010BEL
R72 14803 0058,16360,39290,55650,12920,56110,69030,12010BEL
R72 14803 0059,17000,39020,56020,13550,51620,65170,12010BEL
R72 14803 0060,17000,31380,48380,13450,31850,45300,12010BEL
R72 14803 0061,16830,40330,57160,13400,49840,63240,12010BEL
R72 14803 0062,16830,49260,66090,13340,92630,105970,12010BEL
R72 14803 0063,16460,55610,72070,13120,65180,78300,12010BEL
R72 14803 0064,17640,44880,62520,14100,61600,75700,12010BEL
R72 14803 0065,18540,44370,62910,14880,58100,72980,12010BEL
R72 14803 0066,19440,43650,63090,15600,64880,80480,12010BEL
R72 14803 0067,17400,40020,57420,13860,52840,66700,12010BEL
R72 14803 0068,17400,40200,57600,13860,52610,66470,12010BEL
R72 14803 0069,17400,41560,58960,13860,51250,65110,12010BEL
R72 14803 0070,17400,43810,61210,13860,54570,68430,12010BEL
R72 14803 0071,17400,56410,73810,13860,78490,92350,12010BEL
R72 14803 0072,17400,61840,79240,13860,79120,92980,12010BEL
R72 14803 0074,1260,0,1260,300,0,300,12010BEL
R72 14804 0001,17980,48020,66000,14340,47370,61710,12010BEL
R72 14804 0002,17980,49880,67860,14340,49640,63980,12010BEL
R72 14804 0003,17980,47380,65360,14340,56460,70800,12010BEL
R72 14804 0004,17980,40750,58730,14340,58120,72460,12010BEL
R72 14804 0005,17980,41500,59480,14340,66450,80790,12010BEL
R72 14804 0006,8990,0,8990,6450,0,6450,12010BEL
R72 14804 0007,17980,37090,55070,14340,43770,58110,12010BEL
R72 14804 0008,17170,40520,57690,13610,53730,67340,12010BEL
R72 14804 0009,17980,46050,64030,14340,65590,79930,12010BEL
R72 14804 0010,17980,49230,67210,14340,59540,73880,12010BEL
R72 14804 0011,17980,57980,75960,14340,61810,76150,12010BEL
R72 14804 0012,17980,17910,35890,14340,16290,30630,12010BEL
R72 14804 0013,17980,35840,53820,14340,42230,56570,12010BEL
R72 14804 0014,17780,60810,78590,14150,95490,109640,12010BEL
R72 14804 0015,8890,0,8890,6370,0,6370,12010BEL
R72 14804 0016,17780,45880,63660,14150,62970,77120,12010BEL
R72 14804 0017,17780,47370,65150,14150,59440,73590,12010BEL
R72 14804 0018,17780,41220,59000,14150,53990,68140,12010BEL
R72 14804 0019,17780,51520,69300,10620,73900,84520,12010BEL
R72 14804 0020,17980,39030,57010,14340,47690,62030,12010BEL
R72 14804 0021,17980,56380,74360,14340,62400,76740,12010BEL
R72 14804 0022,17980,53430,71410,14340,62550,76890,12010BEL
R72 14804 0023,17980,48420,66400,14340,63040,77380,12010BEL
R72 14804 0024,17980,35460,53440,14340,47920,62260,12010BEL
R72 14804 0025,17980,51660,69640,14340,79310,93650,12010BEL
R72 14804 0026,17980,38710,56690,14340,44860,59200,12010BEL
R72 14804 0027,17980,45660,63640,14340,60130,74470,12010BEL
R72 14804 0028,17980,61610,79590,14340,73540,87880,12010BEL
R72 14804 0029,8990,0,8990,6450,0,6450,12010BEL
R72 14804 0030,17980,41770,59750,14340,50280,64620,12010BEL
R72 14804 0031,17980,44770,62750,14340,86830,101170,12010BEL
R72 14804 0032,17980,35510,53490,14340,45750,60090,12010BEL
R72 14804 0033,20980,53660,74640,17280,67020,84300,12010BEL
R72 14804 0034,19840,41620,61460,16080,41420,57500,12010BEL
R72 14804 0035,19840,43780,63620,16080,59790,75870,12010BEL
R72 14804 0036,19840,41480,61320,16080,50680,66760,12010BEL
R72 14804 0037,19840,40550,60390,16080,49720,65800,12010BEL
R72 14804 0038,19840,33500,53340,16080,39950,56030,12010BEL
R72 14804 0039,19840,39550,59390,16080,47940,64020,12010BEL
R72 14804 0040,19840,56540,76380,16080,73260,89340,12010BEL
R72 14804 0041,19840,42300,62140,16080,52960,69040,12010BEL
R72 14804 0042,19840,51430,71270,16080,63430,79510,12010BEL
R72 14804 0043,17200,40720,57920,13680,30840,44520,12010BEL
R72 14804 0044,17200,40980,58180,13680,41010,54690,12010BEL
R72 14804 0046,18400,40860,59260,14760,47290,62050,12010BEL
R72 14804 0048,17600,40930,58530,14040,49810,63850,12010BEL
R72 14804 0049,8700,0,8700,6230,0,6230,12010BEL
R72 14804 0050,17600,58400,76000,14040,69550,83590,12010BEL
R72 14804 0051,17600,36830,54430,14040,55640,69680,12010BEL
R72 14804 0052,17600,35540,53140,14040,49310,63350,12010BEL
R72 14804 0053,17600,53100,70700,14040,64940,78980,12010BEL
R72 14804 0054,12320,35180,47500,9480,43220,52700,12010BEL
R72 14804 0055,12320,34150,46470,9560,42330,51890,12010BEL
R72 14804 0056,17600,57520,75120,14040,59690,73730,12010BEL
R72 14804 0057,17600,42200,59800,14040,49890,63930,12010BEL
R72 14804 0058,17600,52510,70110,14040,77040,91080,12010BEL
R72 14804 0059,21720,21620,43340,18960,46910,65870,12010BEL
R72 14804 0060,21360,42330,63690,18370,45970,64340,12010BEL
R72 14804 0061,21000,62150,83150,17730,77690,95420,12010BEL
R72 14804 0062,20650,53690,74340,17200,66090,83290,12010BEL
R72 14804 0063,20470,41440,61910,16740,49820,66560,12010BEL
R72 14804 0064,20110,40770,60880,16330,50590,66920,12010BEL
R72 14804 0065,19760,41160,60920,15920,45450,61370,12010BEL
R72 14804 0066,19400,37350,56750,15570,46600,62170,12010BEL
R72 14804 0067,19050,35810,54860,15270,51660,66930,12010BEL
R72 14805 0001,17600,43340,60940,14040,55290,69330,12010BEL
R72 14805 0002,17800,49610,67410,14220,57950,72170,12010BEL
R72 14805 0003,17600,40930,58530,14040,69250,83290,12010BEL
R72 14805 0004,17800,44890,62690,14220,60660,74880,12010BEL
R72 14805 0005,17800,54700,72500,14220,76720,90940,12010BEL
R72 14805 0006,17800,51900,69700,14220,60800,75020,12010BEL
R72 14805 0007,17800,54550,72350,14220,65490,79710,12010BEL
R72 14805 0008,17800,44040,61840,14220,57190,71410,12010BEL
R72 14805 0009,17800,56340,74140,14220,68110,82330,12010BEL
R72 14805 0010,17800,56310,74110,14220,74660,88880,12010BEL
R72 14805 0011,17800,46110,63910,14220,62020,76240,12010BEL
R72 14805 0012,17800,36580,54380,14220,49110,63330,12010BEL
R72 14805 0013,17800,48400,66200,14220,59650,73870,12010BEL
R72 14805 0014,17800,60630,78430,14220,70590,84810,12010BEL
R72 14805 0015,17800,42290,60090,14220,51660,65880,12010BEL
R72 14805 0016,17800,45020,62820,14220,55810,70030,12010BEL
R72 14805 0017,17800,42130,59930,14220,51640,65860,12010BEL
R72 14805 0018,17800,54510,72310,15780,19560,35340,12010BEL
R72 14805 0019,17800,38360,56160,14220,52310,66530,12010BEL
R72 14805 0020,17800,41020,58820,14220,39780,54000,12010BEL
R72 14805 0021,17800,54440,72240,14220,76240,90460,12010BEL
R72 14805 0022,17800,42110,59910,14220,55990,70210,12010BEL
R72 14805 0023,17800,38140,55940,14220,49810,64030,12010BEL
R72 14805 0024,17600,41110,58710,14040,59540,73580,12010BEL
R72 14805 0025,17600,40420,58020,14040,50160,64200,12010BEL
R72 14805 0026,17600,35490,53090,14040,45300,59340,12010BEL
R72 14805 0027,17600,50730,68330,14040,64700,78740,12010BEL
R72 14805 0028,17600,43290,60890,14040,55870,69910,12010BEL
R72 14805 0029,17600,50810,68410,14040,59430,73470,12010BEL
R72 14805 0030,17600,53480,71080,14040,77760,91800,12010BEL
R72 14805 0031,17400,48350,65750,13860,59880,73740,12010BEL
R72 14805 0032,17400,52920,70320,13860,49400,63260,12010BEL
R72 14805 0033,8600,0,8600,6150,0,6150,12010BEL
R72 14805 0034,17200,52230,69430,13680,59200,72880,12010BEL
R72 14805 0035,17200,38670,55870,13680,51460,65140,12010BEL
R72 14805 0036,17400,45820,63220,13860,56160,70020,12010BEL
R72 14805 0037,17400,49460,66860,13860,47710,61570,12010BEL
R72 14805 0038,18000,39730,57730,14400,44720,59120,12010BEL
R72 14805 0039,18000,40070,58070,14400,50670,65070,12010BEL
R72 14805 0040,18000,48430,66430,14400,59440,73840,12010BEL
R72 14805 0041,17200,39590,56790,13680,51180,64860,12010BEL
R72 14805 0042,17200,41020,58220,13680,49830,63510,12010BEL
R72 14805 0043,17200,40860,58060,13680,63670,77350,12010BEL
R72 14805 0044,17200,1940,19140,13680,2550,16230,12010BEL
R72 14805 0045,17200,53290,70490,13680,65910,79590,12010BEL
R72 14805 0046,17200,37340,54540,13680,46980,60660,12010BEL
R72 14805 0047,17200,39020,56220,13680,48600,62280,12010BEL
R72 14805 0048,8600,0,8600,6150,0,6150,12010BEL
R72 14805 0049,17400,42510,59910,13860,55190,69050,12010BEL
R72 14805 0050,17370,30970,48340,13790,38980,52770,12010BEL
R72 14805 0051,17400,47520,64920,13920,53440,67360,12010BEL
R72 14805 0052,17400,37310,54710,13860,36650,50510,12010BEL
R72 14805 0053,18800,44780,63580,15120,54120,69240,12010BEL
R72 14805 0054,17600,43680,61280,14040,57830,71870,12010BEL
R72 14805 0055,17600,41260,58860,14040,45540,59580,12010BEL
R72 14805 0056,17600,39370,56970,14040,59210,73250,12010BEL
R72 14805 0057,17600,49270,66870,14040,58530,72570,12010BEL
R72 14805 0058,17600,50060,67660,14040,59300,73340,12010BEL
R72 14805 0059,17600,51340,68940,14040,59550,73590,12010BEL
R72 14805 0060,17600,45980,63580,14040,47740,61780,12010BEL
R72 14805 0061,18000,41030,59030,14400,50540,64940,12010BEL
R72 14805 0062,18000,37610,55610,14400,44100,58500,12010BEL
R72 14805 0063,18000,50210,68210,14400,56010,70410,12010BEL
R72 14805 0064,18000,46570,64570,14400,56510,70910,12010BEL
R72 14805 0065,9000,0,9000,6480,0,6480,12010BEL
R72 14805 0066,18000,54150,72150,14400,80540,94940,12010BEL
R72 14805 0067,18200,31220,49420,14580,41630,56210,12010BEL
R72 14805 0068,19600,49640,69240,15840,55450,71290,12010BEL
R72 14805 0069,18000,70790,88790,14400,76770,91170,12010BEL
R72 14805 0070,18000,45100,63100,14400,60400,74800,12010BEL
R72 14805 0071,18000,38690,56690,14400,49820,64220,12010BEL
R72 14805 0072,18000,42370,60370,14400,52300,66700,12010BEL
R72 14805 0073,18000,46720,64720,14400,60390,74790,12010BEL
R72 14805 0075,21830,54050,75880,17970,68050,86020,12010BEL
R72 14805 0076,17950,28720,46670,14270,46190,60460,12010BEL
R72 14805 0077,17600,42010,59610,14100,57530,71630,12010BEL
R72 14805 0078,17800,41290,59090,14280,42320,56600,12010BEL
R72 14805 0079,17570,42080,59650,13970,48820,62790,12010BEL
R72 14805 0080,17570,42840,60410,14030,52340,66370,12010BEL
R72 14805 0081,17570,44820,62390,14030,57390,71420,12010BEL
R72 14805 0082,17570,58270,75840,13970,86560,100530,12010BEL
R72 14805 0083,17400,46090,63490,13920,59490,73410,12010BEL
R72 14805 0084,17400,44520,61920,13860,54620,68480,12010BEL
R72 14806 0001,19290,56220,75510,17210,36400,53610,12010BEL
R72 14806 0002,19290,44740,64030,15500,64680,80180,12010BEL
R72 14806 0003,19720,53420,73140,15910,93940,109850,12010BEL
R72 14806 0004,19400,48680,68080,15600,61620,77220,12010BEL
R72 14806 0005,18000,52150,70150,14400,67640,82040,12010BEL
R72 14806 0006,18000,40240,58240,14400,49490,63890,12010BEL
R72 14806 0007,18000,49360,67360,14400,57270,71670,12010BEL
R72 14806 0008,17600,49440,67040,14040,71270,85310,12010BEL
R72 14806 0009,18400,40200,58600,14760,54400,69160,12010BEL
R72 14806 0011,18000,43240,61240,14400,53190,67590,12010BEL
R72 14806 0012,18000,40380,58380,14400,45970,60370,12010BEL
R72 14806 0013,18000,50700,68700,14400,58790,73190,12010BEL
R72 14806 0014,19200,47380,66580,4640,52180,56820,12010BEL
R72 14806 0015,18000,35270,53270,14400,41240,55640,12010BEL
R72 14806 0016,18000,53290,71290,14400,67510,81910,12010BEL
R72 14806 0017,18000,55240,73240,14400,77780,92180,12010BEL
R72 14806 0018,18000,49820,67820,14400,52020,66420,12010BEL
R72 14806 0019,18000,57240,75240,14400,67100,81500,12010BEL
R72 14806 0020,18000,51560,69560,14400,59700,74100,12010BEL
R72 14806 0021,18000,44600,62600,14400,68830,83230,12010BEL
R72 14806 0022,22200,61070,83270,18180,75990,94170,12010BEL
R72 14806 0023,19290,54820,74110,15500,77640,93140,12010BEL
R72 14806 0024,19290,53580,72870,15500,74940,90440,12010BEL
R72 14806 0025,19290,30110,49400,15500,58910,74410,12010BEL
R72 14806 0026,19290,50160,69450,15500,57190,72690,12010BEL
R72 14806 0027,15840,40750,56590,12720,42110,54830,12010BEL
R72 14806 0028,16320,37700,54020,13030,50040,63070,12010BEL
R72 14806 0029,18000,51450,69450,14400,56160,70560,12010BEL
R72 14806 0030,18000,41320,59320,14400,53020,67420,12010BEL
R72 14806 0031,18000,36530,54530,14400,43980,58380,12010BEL
R72 14806 0032,18000,36490,54490,14400,43900,58300,12010BEL
R72 14806 0033,18000,37280,55280,14400,45190,59590,12010BEL
R72 14806 0034,18000,43790,61790,14400,50310,64710,12010BEL
R72 14806 0035,18000,57790,75790,14400,70140,84540,12010BEL
R72 14806 0036,18000,62680,80680,14400,69200,83600,12010BEL
R72 14806 0037,18000,42530,60530,14400,70220,84620,12010BEL
R72 14806 0038,18000,53920,71920,14400,66530,80930,12010BEL
R72 14806 0039,18000,47060,65060,14400,57940,72340,12010BEL
R72 14806 0040,18000,47700,65700,14400,59650,74050,12010BEL
R72 14806 0041,17800,59470,77270,15780,34170,49950,12010BEL
R72 14806 0042,17800,60240,78040,14220,66780,81000,12010BEL
R72 14806 0043,17800,43990,61790,14220,60450,74670,12010BEL
R72 14806 0044,17800,37080,54880,14220,44620,58840,12010BEL
R72 14806 0045,17800,45760,63560,14220,58350,72570,12010BEL
R72 14806 0046,17800,51130,68930,14220,58540,72760,12010BEL
R72 14806 0047,17800,44060,61860,14220,54730,68950,12010BEL
R72 14806 0048,17800,30360,48160,14220,39540,53760,12010BEL
R72 14806 0049,17800,52970,70770,14220,59270,73490,12010BEL
R72 14806 0050,17800,47460,65260,14220,44810,59030,12010BEL
R72 14806 0051,17800,47250,65050,14220,64430,78650,12010BEL
R72 14806 0052,17800,58510,76310,14220,68060,82280,12010BEL
R72 14806 0053,17800,43190,60990,14220,50790,65010,12010BEL
R72 14806 0054,17640,34400,52040,14100,58240,72340,12010BEL
R72 14806 0055,17640,39850,57490,14100,47760,61860,12010BEL
R72 14806 0056,17640,35810,53450,14100,47130,61230,12010BEL
R72 14806 0057,17640,34470,52110,14100,56230,70330,12010BEL
R72 14806 0058,17640,45820,63460,14100,55930,70030,12010BEL
R72 14806 0059,17640,36080,53720,14100,57280,71380,12010BEL
R72 14806 0060,17640,30790,48430,14100,81560,95660,12010BEL
R72 14806 0061,17640,63170,80810,14100,67800,81900,12010BEL
R72 14806 0062,17640,40790,58430,14100,54060,68160,12010BEL
R72 14806 0063,17640,41810,59450,14100,71480,85580,12010BEL
R72 14806 0064,17640,46440,64080,14100,52010,66110,12010BEL
R72 14806 0065,17640,42510,60150,14100,56040,70140,12010BEL
R72 14806 0066,17640,46900,64540,14100,73410,87510,12010BEL
R72 14807 0001,4000,0,4000,3930,0,3930,12000BEL
R72 14807 0002,14220,43620,57840,14160,52270,66430,12000BEL
R72 14807 0003,15170,41670,56840,15070,86280,101350,12000BEL
R72 14807 0004,15960,55410,71370,15980,63380,79360,12000BEL
R72 14807 0005,16910,42250,59160,16960,77300,94260,12000BEL
R72 14807 0006,17700,52280,69980,17870,64660,82530,12000BEL
R72 14807 0007,18170,46810,64980,18780,84480,103260,12000BEL
R72 14807 0010,21980,77880,99860,17910,129830,147740,12010BEL
R72 14807 0011,15040,1710,16750,14920,2260,17180,12000BEL
R72 14807 0012,16020,54960,70980,12840,65460,78300,12010BEL
R72 14807 0013,15120,42340,57460,12240,67650,79890,12010BEL
R72 14807 0014,21060,68570,89630,16680,87700,104380,12010BEL
R72 14807 0020,18930,46780,65710,15130,72250,87380,12010BEL
R72 14807 0022,19260,55640,74900,15480,70570,86050,12010BEL
R72 14807 0025,20000,49720,69720,18000,71910,89910,12010BEL
R72 14807 0026,17800,44560,62360,14220,65150,79370,12010BEL
R72 14807 0027,17800,52280,70080,14220,64210,78430,12010BEL
R72 14807 0028,17800,46520,64320,14220,61290,75510,12010BEL
R72 14807 0029,19400,47380,66780,15660,93690,109350,12010BEL
R72 14807 0030,19600,41200,60800,15840,56080,71920,12010BEL
R72 14807 0031,14760,55990,70750,14650,67980,82630,12000BEL
R72 14807 0033,10500,13760,24260,11110,14400,25510,12000BEL
R72 14807 0035,14270,55530,69800,14250,67610,81860,12000BEL
R72 14807 0037,16600,54290,70890,16590,62260,78850,12000BEL
R72 14807 0038,16600,41780,58380,16590,46440,63030,12000BEL
R72 14807 0039,16600,50980,67580,16590,62970,79560,12000BEL
R72 14807 0040,16600,70820,87420,16590,84630,101220,12000BEL
R72 14807 0041,17800,15240,33040,14220,52170,66390,12010BEL
R72 14807 0042,17800,54850,72650,14220,47670,61890,12010BEL
R72 14807 0043,17800,54170,71970,14220,65610,79830,12010BEL
R72 14807 0044,17200,76300,93500,13680,95550,109230,12010BEL
R72 14807 0045,20000,52390,72390,16200,76330,92530,12010BEL
R72 14807 0047,19290,71400,90690,15500,85530,101030,12010BEL
R72 14807 0048,19290,51220,70510,15500,61090,76590,12010BEL
R72 14807 0049,19290,55120,74410,15500,70310,85810,12010BEL
R72 14807 0050,19290,44760,64050,15500,51210,66710,12010BEL
R72 14807 0053,18360,84680,103040,14700,101340,116040,12010BEL
R72 14807 0054,15840,40680,56520,12660,56640,69300,12010BEL
R72 14807 0055,14080,50790,64870,14050,63180,77230,12000BEL
R72 14807 0056,19440,50730,70170,15540,60260,75800,12010BEL
R72 14807 0057,19440,41030,60470,15540,48970,64510,12010BEL
R72 14807 0058,19260,31440,50700,15480,65640,81120,12010BEL
R72 14807 0059,19260,28260,47520,15480,54120,69600,12010BEL
R72 14807 0061,23980,8680,32660,20160,93530,113690,12010BEL
R72 14807 0062,18360,51290,69650,14700,64050,78750,12010BEL
R72 14807 0063,19160,19700,38860,15390,65710,81100,12010BEL
R72 14807 0064,19180,47400,66580,15520,60770,76290,12010BEL
R72 14807 0065,18750,43010,61760,15010,59480,74490,12010BEL
R72 14807 0066,17840,58120,75960,14330,83240,97570,12010BEL
R72 14807 0067,1100,0,1100,430,0,430,12000BEL
R72 14807 0068,19500,77680,97180,15770,97330,113100,12010BEL
R72 14807 0069,9100,0,9100,8320,0,8320,12000BEL
R72 14807 0070,20240,58190,78430,16520,93100,109620,12010BEL
R72 14807 0071,11240,0,11240,8350,0,8350,12010BEL
R72 14807 0072,19600,47050,66650,15840,84560,100400,12010BEL
R72 14808 0001,18800,36580,55380,16340,59080,75420,12000LIN
R72 14808 0002,18000,37400,55400,15710,61320,77030,12000LIN
R72 14808 0004,6000,0,6000,4980,0,4980,12000LIN
R72 14808 0005,16800,37740,54540,14770,52640,67410,12000LIN
R72 14808 0006,16800,39850,56650,14770,51960,66730,12000LIN
R72 14808 0009,17600,50660,68260,15400,56320,71720,12000LIN
R72 14808 0010,17000,41940,58940,14930,69890,84820,12000LIN
R72 14808 0013,16000,65410,81410,14200,67160,81360,12000LIN
R72 14808 0014,17600,37170,54770,15400,79860,95260,12000LIN
R72 14808 0015,15200,46030,61230,13560,80410,93970,12000LIN
R72 14808 0016,16400,42350,58750,14510,53360,67870,12000LIN
R72 14808 0017,16400,45220,61620,14510,59470,73980,12000LIN
R72 14808 0018,16400,38920,55320,14510,47330,61840,12000LIN
R72 14808 0019,16400,47420,63820,14510,54660,69170,12000LIN
R72 14808 0020,14580,20520,35100,10680,45370,56050,12000LIN
R72 14808 0021,19520,55470,74990,16860,69750,86610,12000LIN
R72 14808 0022,19520,29180,48700,16860,47480,64340,12000LIN
R72 14808 0023,19520,42850,62370,16860,65370,82230,12000LIN
R72 14808 0024,19520,42780,62300,16860,53640,70500,12000LIN
R72 14808 0025,19520,38260,57780,16860,66450,83310,12000LIN
R72 14808 0026,19520,35940,55460,16860,41070,57930,12000LIN
R72 14808 0027,19520,41510,61030,16860,42330,59190,12000LIN
R72 14808 0028,19520,15510,35030,16860,19400,36260,12000LIN
R72 14808 0029,16000,16160,32160,14200,39370,53570,12000LIN
R72 14808 0030,16000,34380,50380,14200,34020,48220,12000LIN
R72 14808 0031,16000,46260,62260,14200,51760,65960,12000LIN
R72 14808 0032,8000,0,8000,6420,0,6420,12000LIN
R72 14808 0033,16000,47540,63540,14200,67360,81560,12000LIN
R72 14808 0034,16000,50760,66760,14200,56650,70850,12000LIN
R72 14808 0035,16000,47630,63630,14200,47890,62090,12000LIN
R72 14808 0036,16000,33660,49660,14200,39900,54100,12000LIN
R72 14808 0038,16600,48340,64940,14670,61560,76230,12000LIN
R72 14808 0039,16600,40200,56800,14670,49360,64030,12000LIN
R72 14808 0040,16600,25280,41880,14670,65350,80020,12000LIN
R72 14808 0041,16600,35670,52270,14670,36080,50750,12000LIN
R72 14808 0042,16600,25520,42120,14670,57430,72100,12000LIN
R72 14808 0043,16000,33670,49670,14200,38990,53190,12000LIN
R72 14808 0044,16000,39450,55450,14200,45470,59670,12000LIN
R72 14808 0045,16000,40490,56490,14200,45370,59570,12000LIN
R72 14808 0046,16000,72550,88550,14200,86610,100810,12000LIN
R72 14808 0047,24000,60060,84060,20530,95060,115590,12000LIN
R72 14808 0049,16000,49330,65330,14200,58360,72560,12000LIN
R72 14808 0050,16000,31910,47910,14200,37310,51510,12000LIN
R72 14808 0051,16000,33980,49980,14200,39200,53400,12000LIN
R72 14808 0052,16000,29820,45820,14200,34140,48340,12000LIN
R72 14808 0053,16000,24390,40390,14200,45240,59440,12000LIN
R72 14808 0054,16000,40030,56030,14200,52430,66630,12000LIN
R72 14808 0055,16000,35960,51960,14200,46060,60260,12000LIN
R72 14808 0056,16000,64310,80310,14200,66540,80740,12000LIN
R72 14808 0057,15400,15110,30510,13720,47780,61500,12000LIN
R72 14808 0058,16600,49650,66250,14670,84140,98810,12000LIN
R72 14808 0059,16600,20240,36840,14670,56850,71520,12000LIN
R72 14808 0060,16600,33900,50500,14670,38740,53410,12000LIN
R72 14808 0061,16000,39570,55570,14200,47730,61930,12000LIN
R72 14808 0062,16000,59250,75250,15980,64280,80260,12000BEL
R72 14808 0063,16600,48450,65050,16590,49800,66390,12000BEL
R72 14808 0065,16000,58460,74460,15980,72800,88780,12000BEL
R72 14808 0066,16000,39630,55630,15980,15850,31830,12000BEL
R72 14808 0067,17600,27490,45090,17590,43060,60650,12000BEL
R72 14808 0068,17600,55600,73200,17590,60840,78430,12000BEL
R72 14808 0069,16000,46410,62410,15980,58350,74330,12000BEL
R72 14808 0070,16000,40870,56870,15980,56950,72930,12000BEL
R72 14808 0071,16400,87560,103960,16380,97170,113550,12000BEL
R72 14808 0072,16600,55890,72490,16590,75390,91980,12000BEL
R72 14808 0073,18270,43180,61450,11630,51380,63010,12000LIN
R72 14808 0076,18000,48170,66170,15710,50430,66140,12000LIN
R72 14809 0001,21600,51270,72870,18950,58870,77820,12000LIN
R72 14809 0002,6480,0,6480,5230,0,5230,12000LIN
R72 14809 0003,17280,41810,59090,15250,52310,67560,12000LIN
R72 14809 0004,17280,38010,55290,15250,44310,59560,12000LIN
R72 14809 0005,17280,38630,55910,15250,45700,60950,12000LIN
R72 14809 0006,17280,35260,52540,15250,42190,57440,12000LIN
R72 14809 0007,17280,48730,66010,15250,64400,79650,12000LIN
R72 14809 0008,17280,40520,57800,15250,65980,81230,12000LIN
R72 14809 0011,16640,68280,84920,14720,113900,128620,12000LIN
R72 14809 0012,16640,37630,54270,14720,38140,52860,12000LIN
R72 14809 0013,17260,34880,52140,15240,66320,81560,12000LIN
R72 14809 0015,16020,39590,55610,14210,47230,61440,12000LIN
R72 14809 0016,16640,43630,60270,14720,52400,67120,12000LIN
R72 14809 0017,16640,32880,49520,14720,35870,50590,12000LIN
R72 14809 0018,16640,39670,56310,14720,51930,66650,12000LIN
R72 14809 0019,17280,38800,56080,15250,40890,56140,12000LIN
R72 14809 0020,17280,49020,66300,15250,50330,65580,12000LIN
R72 14809 0021,17280,38100,55380,15250,44140,59390,12000LIN
R72 14809 0022,17280,43510,60790,15250,49540,64790,12000LIN
R72 14809 0023,17280,54520,71800,15250,59530,74780,12000LIN
R72 14809 0024,17280,40680,57960,15250,63480,78730,12000LIN
R72 14809 0025,17280,56430,73710,15250,97020,112270,12000LIN
R72 14809 0026,17280,40710,57990,15250,61210,76460,12000LIN
R72 14809 0027,16480,37980,54460,14620,49000,63620,12000LIN
R72 14809 0028,16480,42210,58690,14620,48100,62720,12000LIN
R72 14809 0029,16480,39620,56100,14620,49150,63770,12000LIN
R72 14809 0030,16480,42820,59300,14620,49510,64130,12000LIN
R72 14809 0031,16480,39470,55950,14620,80140,94760,12000LIN
R72 14809 0032,16480,42800,59280,14620,59330,73950,12000LIN
R72 14809 0033,16480,48730,65210,14620,54020,68640,12000LIN
R72 14809 0034,16480,44760,61240,14620,54740,69360,12000LIN
R72 14809 0035,18300,51110,69410,16100,70780,86880,12000LIN
R72 14809 0036,16640,18870,35510,14720,46910,61630,12000LIN
R72 14809 0037,16640,40960,57600,14720,48400,63120,12000LIN
R72 14809 0038,16640,35910,52550,14720,42720,57440,12000LIN
R72 14809 0039,16640,33900,50540,14720,63950,78670,12000LIN
R72 14809 0040,18510,45080,63590,16270,76860,93130,12000LIN
R72 14809 0041,16640,54450,71090,14720,71260,85980,12000LIN
R72 14809 0042,16640,39790,56430,14720,48350,63070,12000LIN
R72 14809 0043,16640,39880,56520,14720,51880,66600,12000LIN
R72 14809 0044,16640,36250,52890,14720,41650,56370,12000LIN
R72 14809 0045,16640,34870,51510,14720,62530,77250,12000LIN
R72 14809 0046,16640,36010,52650,14720,37780,52500,12000LIN
R72 14809 0047,16640,47020,63660,14720,49090,63810,12000LIN
R72 14809 0048,16640,35510,52150,14720,41570,56290,12000LIN
R72 14809 0049,15680,36740,52420,13930,42890,56820,12000LIN
R72 14809 0050,15680,47300,62980,13930,52900,66830,12000LIN
R72 14809 0051,15680,37670,53350,13930,45260,59190,12000LIN
R72 14809 0052,15680,32160,47840,13930,49780,63710,12000LIN
R72 14809 0053,15680,40460,56140,13930,68350,82280,12000LIN
R72 14809 0054,15680,42270,57950,13930,51080,65010,12000LIN
R72 14809 0055,15680,39110,54790,13930,66840,80770,12000LIN
R72 14809 0056,15680,39820,55500,13930,51180,65110,12000LIN
R72 14809 0057,13600,16600,30200,12350,36230,48580,12000LIN
R72 14809 0061,16000,34810,50810,14200,61580,75780,12000LIN
R72 14809 0062,16000,50570,66570,15980,66060,82040,12000BEL
R72 14809 0063,16600,49800,66400,16590,54790,71380,12000BEL
R72 14809 0064,16600,45860,62460,16590,70090,86680,12000BEL
R72 14809 0065,15400,52580,67980,15380,52100,67480,12000BEL
R72 14809 0066,15400,34960,50360,15380,39940,55320,12000BEL
R72 14809 0067,15200,50110,65310,15180,67090,82270,12000BEL
R72 14809 0068,15200,52760,67960,15180,86820,102000,12000BEL
R72 14809 0069,15200,40210,55410,15180,44340,59520,12000BEL
R72 14809 0070,15400,26460,41860,15380,42720,58100,12000BEL
R72 14809 0071,15400,38680,54080,15380,45240,60620,12000BEL
R72 14809 0072,15400,61350,76750,15380,64530,79910,12000BEL
R72 14809 0073,15400,49930,65330,15380,87450,102830,12000BEL
R72 14809 0074,15400,32110,47510,15380,28470,43850,12000BEL
R72 14809 0075,15400,49040,64440,15380,55480,70860,12000BEL
R72 14809 0076,15400,23940,39340,15380,27040,42420,12000BEL
R72 14809 0077,15400,56820,72220,15380,58310,73690,12000BEL
R72 14809 0078,15400,55060,70460,15380,61980,77360,12000BEL
R72 14809 0079,15400,52820,68220,15380,58170,73550,12000BEL
R72 14809 0080,15400,52590,67990,15380,61140,76520,12000BEL
R72 14809 0081,15400,49610,65010,15380,69480,84860,12000BEL
R72 14809 0082,15400,33950,49350,15380,40550,55930,12000BEL
R72 14810 0004,33280,59240,92520,28450,103410,131860,12000LIN
R72 14810 0012,16640,53370,70010,14720,61400,76120,12000LIN
R72 14810 0013,16640,56980,73620,14720,68310,83030,12000LIN
R72 14810 0014,16640,52540,69180,14720,59270,73990,12000LIN
R72 14810 0015,17680,45450,63130,15580,101950,117530,12000LIN
R72 14810 0016,16640,50720,67360,14720,69160,83880,12000LIN
R72 14810 0017,16640,45460,62100,14720,45290,60010,12000LIN
R72 14810 0018,16640,32480,49120,14720,61580,76300,12000LIN
R72 14810 0019,16640,18560,35200,14720,71240,85960,12000LIN
R72 14810 0021,15400,41590,56990,15380,76770,92150,12000BEL
R72 14810 0022,14600,36120,50720,14580,37880,52460,12000BEL
R72 14810 0023,15400,37680,53080,15380,69670,85050,12000BEL
R72 14810 0024,15400,43110,58510,15440,51950,67390,12000BEL
R72 14810 0025,15350,37200,52550,15300,31830,47130,12000BEL
R72 14810 0026,15350,27120,42470,15300,47520,62820,12000BEL
R72 14810 0027,16590,54760,71350,16630,62860,79490,12000BEL
R72 14810 0028,24070,61460,85530,24380,67290,91670,12000BEL
R72 14810 0030,7900,710,8610,7950,760,8710,12000BEL
R72 14810 0031,15640,45960,61600,15650,56480,72130,12000BEL
R72 14810 0032,15480,40840,56320,15460,58850,74310,12000BEL
R72 14810 0033,5720,0,5720,5210,0,5210,12000BEL
R72 14810 0034,15330,42770,58100,15260,49710,64970,12000BEL
R72 14810 0035,15170,32870,48040,15200,44100,59300,12000BEL
R72 14810 0036,15170,36250,51420,15130,60530,75660,12000BEL
R72 14810 0037,16000,43180,59180,15980,51120,67100,12000BEL
R72 14810 0038,16000,44170,60170,15980,55730,71710,12000BEL
R72 14810 0039,16000,61120,77120,15980,65760,81740,12000BEL
R72 14810 0040,16000,45660,61660,15980,66480,82460,12000BEL
R72 14810 0041,17560,69340,86900,17850,60010,77860,12000BEL
R72 14810 0042,17560,54310,71870,17850,56370,74220,12000BEL
R72 14810 0043,17560,59940,77500,17850,78900,96750,12000BEL
R72 14810 0044,17560,60190,77750,17850,68800,86650,12000BEL
R72 14810 0045,7870,0,7870,7090,0,7090,12000BEL
R72 14810 0047,15960,41450,57410,15910,41670,57580,12000BEL
R72 14810 0048,15960,42010,57970,15910,52860,68770,12000BEL
R72 14810 0049,7980,0,7980,7980,0,7980,12000BEL
R72 14810 0050,15960,65330,81290,15910,50710,66620,12000BEL
R72 14810 0051,15960,45890,61850,15910,48470,64380,12000BEL
R72 14810 0052,15960,47200,63160,15910,51410,67320,12000BEL
R72 14810 0055,15000,60220,75220,14980,0,14980,12000BEL
R72 14810 0063,15960,44060,60020,15910,45350,61260,12000BEL
R72 14810 0064,23840,54990,78830,23860,61350,85210,12000BEL
R72 14810 0066,5720,0,5720,5210,0,5210,12000BEL
R72 14810 0067,18700,56080,74780,19190,59440,78630,12000BEL
R72 14901 0001,16000,31480,47480,14200,50620,64820,12000LIN
R72 14901 0002,16000,42380,58380,14200,49110,63310,12000LIN
R72 14901 0003,16000,45400,61400,14200,56250,70450,12000LIN
R72 14901 0004,16000,34400,50400,14200,37270,51470,12000LIN
R72 14901 0005,16000,37890,53890,14200,41470,55670,12000LIN
R72 14901 0006,16000,34000,50000,14200,39270,53470,12000LIN
R72 14901 0007,16000,41920,57920,14200,47120,61320,12000LIN
R72 14901 0008,16000,44700,60700,14200,89450,103650,12000LIN
R72 14901 0009,16000,41370,57370,14200,80480,94680,12000LIN
R72 14901 0010,16000,36830,52830,14200,49570,63770,12000LIN
R72 14901 0011,16000,41590,57590,14200,68960,83160,12000LIN
R72 14901 0012,16000,49380,65380,14200,63800,78000,12000LIN
R72 14901 0013,16000,43430,59430,14200,46680,60880,12000LIN
R72 14901 0014,16000,17090,33090,14200,20520,34720,12000LIN
R72 14901 0015,16000,38180,54180,14200,45100,59300,12000LIN
R72 14901 0016,16000,48450,64450,14200,47470,61670,12000LIN
R72 14901 0017,16000,27930,43930,14200,30610,44810,12000LIN
R72 14901 0018,16000,40240,56240,14200,41970,56170,12000LIN
R72 14901 0019,16000,40000,56000,14200,45040,59240,12000LIN
R72 14901 0020,16000,27570,43570,14200,32320,46520,12000LIN
R72 14901 0021,16000,30370,46370,14200,43970,58170,12000LIN
R72 14901 0022,24000,33370,57370,20530,47310,67840,12000LIN
R72 14901 0024,16000,42360,58360,14200,45080,59280,12000LIN
R72 14901 0025,16000,40300,56300,14200,40250,54450,12000LIN
R72 14901 0026,16000,40500,56500,14200,36330,50530,12000LIN
R72 14901 0027,19520,33820,53340,16820,40480,57300,12000LIN
R72 14901 0028,19520,34880,54400,16820,36670,53490,12000LIN
R72 14901 0029,19520,40970,60490,16820,47230,64050,12000LIN
R72 14901 0030,19520,52170,71690,16820,54740,71560,12000LIN
R72 14901 0031,19520,36970,56490,16820,47960,64780,12000LIN
R72 14901 0032,19520,51500,71020,16820,81560,98380,12000LIN
R72 14901 0033,19520,48990,68510,12010,39990,52000,12000LIN
R72 14901 0034,19520,33080,52600,16820,40700,57520,12000LIN
R72 14901 0035,6240,0,6240,1520,0,1520,12000LIN
R72 14901 0036,17280,44510,61790,15250,87080,102330,12000LIN
R72 14901 0037,12180,32740,44920,11290,38330,49620,12000LIN
R72 14901 0042,19520,37500,57020,16820,49520,66340,12000LIN
R72 14901 0043,16460,38480,54940,14600,49040,63640,12000LIN
R72 14901 0044,16000,42080,58080,14140,51490,65630,12000LIN
R72 14901 0045,16000,44770,60770,14140,51020,65160,12000LIN
R72 14901 0046,16000,43200,59200,14140,78760,92900,12000LIN
R72 14901 0047,16000,45790,61790,14140,71430,85570,12000LIN
R72 14901 0048,16000,40200,56200,14140,60130,74270,12000LIN
R72 14901 0049,16000,39520,55520,14140,56690,70830,12000LIN
R72 14901 0050,16000,37370,53370,14140,48510,62650,12000LIN
R72 14901 0051,16000,44810,60810,14140,58690,72830,12000LIN
R72 14901 0052,16800,40700,57500,14770,51330,66100,12000LIN
R72 14901 0053,16800,43340,60140,14770,54990,69760,12000LIN
R72 14901 0054,16000,39690,55690,14140,39980,54120,12000LIN
R72 14901 0055,8000,0,8000,6390,0,6390,12000LIN
R72 14901 0056,16000,39710,55710,14140,47870,62010,12000LIN
R72 14901 0057,16000,49540,65540,14140,65920,80060,12000LIN
R72 14901 0058,16800,38260,55060,14770,45930,60700,12000LIN
R72 14901 0059,16000,47180,63180,14140,59190,73330,12000LIN
R72 14901 0060,16000,41340,57340,14140,49080,63220,12000LIN
R72 14901 0061,16000,41670,57670,14140,49380,63520,12000LIN
R72 14901 0062,16000,43710,59710,14140,53920,68060,12000LIN
R72 14901 0063,7840,0,7840,6300,0,6300,12000LIN
R72 14902 0001,17280,52650,69930,15250,51440,66690,12000LIN
R72 14902 0002,17280,48660,65940,15250,59510,74760,12000LIN
R72 14902 0003,8640,0,8640,6890,0,6890,12000LIN
R72 14902 0004,5760,12240,18000,15250,42490,57740,12000LIN
R72 14902 0005,18360,39960,58320,16180,47700,63880,12000LIN
R72 14902 0006,17280,45940,63220,15250,57340,72590,12000LIN
R72 14902 0007,17280,38840,56120,15250,46660,61910,12000LIN
R72 14902 0008,17280,46480,63760,15250,107610,122860,12000LIN
R72 14902 0009,17280,44990,62270,15250,57930,73180,12000LIN
R72 14902 0010,17280,44590,61870,15250,50110,65360,12000LIN
R72 14902 0011,17280,44890,62170,15250,50100,65350,12000LIN
R72 14902 0012,17280,41460,58740,15250,48350,63600,12000LIN
R72 14902 0013,17280,41000,58280,15250,50190,65440,12000LIN
R72 14902 0014,17280,38530,55810,15250,58850,74100,12000LIN
R72 14902 0015,17280,39900,57180,15250,50660,65910,12000LIN
R72 14902 0016,17280,45840,63120,15250,58860,74110,12000LIN
R72 14902 0017,17280,48540,65820,15250,54190,69440,12000LIN
R72 14902 0018,17280,41410,58690,15250,50870,66120,12000LIN
R72 14902 0019,17280,39040,56320,15250,41780,57030,12000LIN
R72 14902 0020,17280,47720,65000,15250,57430,72680,12000LIN
R72 14902 0021,17280,47000,64280,15250,86210,101460,12000LIN
R72 14902 0022,17280,47150,64430,15250,52900,68150,12000LIN
R72 14902 0023,17280,44490,61770,15250,48620,63870,12000LIN
R72 14902 0024,17280,36540,53820,15250,43580,58830,12000LIN
R72 14902 0025,17280,46500,63780,15250,51890,67140,12000LIN
R72 14902 0026,18360,43140,61500,16180,53610,69790,12000LIN
R72 14902 0027,25920,49410,75330,22640,64980,87620,12000LIN
R72 14902 0029,17280,42300,59580,15250,47040,62290,12000LIN
R72 14902 0030,17280,41460,58740,15250,44150,59400,12000LIN
R72 14902 0031,16640,57400,74040,14720,66110,80830,12000LIN
R72 14902 0032,6240,0,6240,5110,0,5110,12000LIN
R72 14902 0033,16640,47640,64280,14720,49660,64380,12000LIN
R72 14902 0034,16640,43450,60090,14720,55860,70580,12000LIN
R72 14902 0035,17680,56560,74240,15580,59840,75420,12000LIN
R72 14902 0036,16480,43510,59990,14620,43130,57750,12000LIN
R72 14902 0037,16480,47080,63560,14620,55370,69990,12000LIN
R72 14902 0038,16480,41240,57720,14620,43460,58080,12000LIN
R72 14902 0039,16480,41550,58030,14620,64060,78680,12000LIN
R72 14902 0040,16480,44720,61200,14620,41480,56100,12000LIN
R72 14902 0041,16480,41120,57600,14620,57750,72370,12000LIN
R72 14902 0042,16480,49130,65610,14620,63300,77920,12000LIN
R72 14902 0043,16480,39410,55890,14620,55560,70180,12000LIN
R72 14902 0044,16480,44090,60570,14620,56360,70980,12000LIN
R72 14902 0045,16480,48880,65360,14620,56000,70620,12000LIN
R72 14902 0046,16960,47530,64490,14990,58940,73930,12000LIN
R72 14902 0047,16960,43350,60310,15040,44970,60010,12000LIN
R72 14902 0048,17120,53470,70590,15090,56640,71730,12000LIN
R72 14902 0049,17120,41330,58450,15090,42720,57810,12000LIN
R72 14902 0050,17120,44900,62020,15150,61590,76740,12000LIN
R72 14902 0051,17120,44560,61680,15150,58490,73640,12000LIN
R72 14902 0052,17280,43230,60510,15200,52980,68180,12000LIN
R72 14902 0053,17120,37400,54520,15090,51790,66880,12000LIN
R72 14902 0054,16640,46030,62670,14720,54820,69540,12000LIN
R72 14902 0055,17280,45500,62780,15200,61020,76220,12000LIN
R72 14902 0056,18360,53010,71370,16120,63350,79470,12000LIN
R72 14902 0057,6480,0,6480,5220,0,5220,12000LIN
R72 14902 0058,21600,43650,65250,18870,49370,68240,12000LIN
R72 14902 0059,16850,37210,54060,14830,36000,50830,12000LIN
R72 14902 0060,17710,36430,54140,15570,50510,66080,12000LIN
R72 14902 0061,15680,36090,51770,13930,45880,59810,12000LIN
R72 14902 0062,15680,45120,60800,13930,52590,66520,12000LIN
R72 14902 0063,15680,40430,56110,13930,61140,75070,12000LIN
R72 14902 0064,15680,64670,80350,13930,70130,84060,12000LIN
R72 14902 0065,15680,39350,55030,13930,40990,54920,12000LIN
R72 14902 0066,15680,30980,46660,13930,35090,49020,12000LIN
R72 14902 0067,7840,0,7840,6300,0,6300,12000LIN
R72 14902 0068,15680,43900,59580,13930,58290,72220,12000LIN
R72 14902 0069,15680,34490,50170,13930,38400,52330,12000LIN
R72 14902 0070,15680,37270,52950,13930,55520,69450,12000LIN
R72 14902 0071,15680,37140,52820,13930,43050,56980,12000LIN
R72 14902 0072,15680,50270,65950,13930,60070,74000,12000LIN
R72 14902 0073,15680,43260,58940,13930,49790,63720,12000LIN
R72 14902 0074,15680,37600,53280,13930,37740,51670,12000LIN
R72 14902 0075,7840,0,7840,6300,0,6300,12000LIN
R72 14902 0076,16000,43370,59370,14200,58150,72350,12000LIN
R72 14902 0077,16000,38240,54240,14200,42650,56850,12000LIN
R72 14902 0078,16000,40950,56950,14200,46360,60560,12000LIN
R72 14902 0079,16000,42190,58190,14200,49630,63830,12000LIN
R72 14902 0080,16000,40800,56800,14200,52620,66820,12000LIN
R72 14902 0081,16000,39460,55460,14200,70250,84450,12000LIN
R72 14902 0082,16000,35740,51740,14200,38730,52930,12000LIN
R72 14902 0083,16000,42790,58790,14200,63140,77340,12000LIN
R72 14902 0084,16000,34630,50630,14200,38840,53040,12000LIN
R72 14902 0085,16000,37670,53670,14200,47180,61380,12000LIN
R72 14902 0086,16000,28340,44340,14200,31900,46100,12000LIN
R72 14902 0087,16000,43070,59070,14200,46380,60580,12000LIN
R72 14902 0088,16000,37550,53550,14200,46390,60590,12000LIN
R72 14902 0089,16000,45560,61560,14200,53720,67920,12000LIN
R72 14902 0090,16000,34730,50730,14200,0,14200,12000LIN
R72 14902 0092,6240,0,6240,5110,0,5110,12000LIN
R72 14903 0001,16320,45920,62240,14460,60220,74680,12000LIN
R72 14903 0002,16320,34160,50480,14460,37070,51530,12000LIN
R72 14903 0003,16320,39530,55850,14460,57630,72090,12000LIN
R72 14903 0004,24480,50900,75380,21060,61320,82380,12000LIN
R72 14903 0006,16320,38490,54810,14460,46940,61400,12000LIN
R72 14903 0007,16320,58560,74880,14460,79200,93660,12000LIN
R72 14903 0008,16320,34960,51280,14460,40710,55170,12000LIN
R72 14903 0009,16320,33610,49930,14460,36540,51000,12000LIN
R72 14903 0010,16730,35170,51900,14790,66280,81070,12000LIN
R72 14903 0011,16320,38950,55270,14460,65230,79690,12000LIN
R72 14903 0012,16320,42110,58430,14460,50040,64500,12000LIN
R72 14903 0013,16320,41610,57930,14460,49850,64310,12000LIN
R72 14903 0014,16320,35040,51360,14460,45740,60200,12000LIN
R72 14903 0015,22440,37040,59480,19410,42450,61860,12000LIN
R72 14903 0016,2550,0,2550,2390,0,2390,12000LIN
R72 14903 0017,16800,46250,63050,14880,70670,85550,12000LIN
R72 14903 0018,16800,34770,51570,14880,39620,54500,12000LIN
R72 14903 0019,16800,37580,54380,14880,43590,58470,12000LIN
R72 14903 0020,16800,35310,52110,14880,43400,58280,12000LIN
R72 14903 0021,16800,43020,59820,14880,55050,69930,12000LIN
R72 14903 0022,16800,38890,55690,14880,46730,61610,12000LIN
R72 14903 0023,16800,45110,61910,14880,78320,93200,12000LIN
R72 14903 0024,16800,39400,56200,14880,47090,61970,12000LIN
R72 14903 0025,16800,43130,59930,14880,49180,64060,12000LIN
R72 14903 0026,16800,57040,73840,14880,60860,75740,12000LIN
R72 14903 0027,16800,37930,54730,14880,42830,57710,12000LIN
R72 14903 0028,16800,60860,77660,14880,69520,84400,12000LIN
R72 14903 0029,16800,37370,54170,14880,45010,59890,12000LIN
R72 14903 0030,16800,45710,62510,14880,50630,65510,12000LIN
R72 14903 0031,16800,37910,54710,14880,45840,60720,12000LIN
R72 14903 0032,16800,45850,62650,14880,51440,66320,12000LIN
R72 14903 0033,16800,47060,63860,14880,47920,62800,12000LIN
R72 14903 0034,16800,50550,67350,14880,69650,84530,12000LIN
R72 14903 0035,16800,44740,61540,14880,52900,67780,12000LIN
R72 14903 0036,16800,37570,54370,14880,43500,58380,12000LIN
R72 14903 0037,16800,42640,59440,14880,44090,58970,12000LIN
R72 14903 0038,16800,39510,56310,14880,50460,65340,12000LIN
R72 14903 0039,16800,38810,55610,14880,46410,61290,12000LIN
R72 14903 0040,16800,43220,60020,14880,44990,59870,12000LIN
R72 14903 0041,16800,45770,62570,14880,52390,67270,12000LIN
R72 14903 0042,16800,41900,58700,14880,54230,69110,12000LIN
R72 14903 0043,16800,45810,62610,14880,49550,64430,12000LIN
R72 14903 0044,16800,41600,58400,14880,51540,66420,12000LIN
R72 14903 0045,16800,53480,70280,14880,60480,75360,12000LIN
R72 14903 0046,16800,38850,55650,14880,42000,56880,12000LIN
R72 14903 0047,16800,43700,60500,14880,46720,61600,12000LIN
R72 14903 0048,16800,43190,59990,14880,50670,65550,12000LIN
R72 14903 0049,25920,47480,73400,22640,55270,77910,12000LIN
R72 14903 0050,17280,44000,61280,15250,55750,71000,12000LIN
R72 14903 0051,17280,51610,68890,15250,58610,73860,12000LIN
R72 14903 0052,17280,44370,61650,15250,46860,62110,12000LIN
R72 14903 0053,17280,37130,54410,15250,58660,73910,12000LIN
R72 14903 0054,17280,44720,62000,15250,55550,70800,12000LIN
R72 14903 0055,17280,47720,65000,15250,61640,76890,12000LIN
R72 14903 0056,17280,41280,58560,15250,65630,80880,12000LIN
R72 14903 0057,17280,31480,48760,15250,31780,47030,12000LIN
R72 14903 0058,17280,49210,66490,15250,48960,64210,12000LIN
R72 14903 0059,17280,43270,60550,15250,52490,67740,12000LIN
R72 14903 0060,17280,37870,55150,15250,40900,56150,12000LIN
R72 14903 0061,17280,45200,62480,15250,49070,64320,12000LIN
R72 14903 0062,17280,46580,63860,15250,73640,88890,12000LIN
R72 14903 0063,17280,44960,62240,15250,51030,66280,12000LIN
R72 14903 0064,17280,46000,63280,15250,52410,67660,12000LIN
R72 14903 0065,17280,33720,51000,15250,40900,56150,12000LIN
R72 14903 0066,17280,46570,63850,15250,51970,67220,12000LIN
R72 14903 0067,17280,34710,51990,15250,38340,53590,12000LIN
R72 14903 0068,17280,45060,62340,15250,51860,67110,12000LIN
R72 14903 0069,17280,44500,61780,15250,50240,65490,12000LIN
R72 14903 0070,17280,39760,57040,15250,52600,67850,12000LIN
R72 14903 0071,17280,39450,56730,15250,48540,63790,12000LIN
R72 14903 0072,17280,38060,55340,15250,44260,59510,12000LIN
R72 14903 0073,17280,43810,61090,15250,45910,61160,12000LIN
R72 14903 0074,17280,52950,70230,15250,63900,79150,12000LIN
R72 14903 0075,6480,0,6480,5230,0,5230,12000LIN
R72 14903 0076,17280,61780,79060,15250,76880,92130,12000LIN
R72 14903 0077,17280,46650,63930,15250,61810,77060,12000LIN
R72 14903 0078,17280,47330,64610,15250,49070,64320,12000LIN
R72 14903 0079,18240,50350,68590,16310,59420,75730,12000LIN
R72 14903 0080,17280,41860,59140,15250,52780,68030,12000LIN
R72 14903 0081,6480,0,6480,5230,0,5230,12000LIN
R72 14904 0001,16800,36370,53170,14880,42720,57600,12000LIN
R72 14904 0002,16800,37920,54720,14880,45520,60400,12000LIN
R72 14904 0003,18900,41650,60550,16640,49130,65770,12000LIN
R72 14904 0004,16640,39080,55720,14720,46030,60750,12000LIN
R72 14904 0005,16800,43900,60700,14880,49590,64470,12000LIN
R72 14904 0006,16320,36540,52860,14460,60090,74550,12000LIN
R72 14904 0007,16320,41730,58050,14460,47990,62450,12000LIN
R72 14904 0008,18360,37120,55480,16110,38090,54200,12000LIN
R72 14904 0009,16320,42460,58780,14460,56100,70560,12000LIN
R72 14904 0010,16320,41060,57380,14460,51650,66110,12000LIN
R72 14904 0011,8160,0,8160,6530,0,6530,12000LIN
R72 14904 0012,8160,0,8160,6530,0,6530,12000LIN
R72 14904 0013,18360,64410,82770,16110,83500,99610,12000LIN
R72 14904 0014,16320,50710,67030,14460,55160,69620,12000LIN
R72 14904 0015,16320,56010,72330,14460,66610,81070,12000LIN
R72 14904 0016,8160,0,8160,6530,0,6530,12000LIN
R72 14904 0017,16320,45040,61360,14460,50840,65300,12000LIN
R72 14904 0018,16320,44500,60820,14460,49900,64360,12000LIN
R72 14904 0019,16320,39380,55700,14460,43570,58030,12000LIN
R72 14904 0020,16320,46240,62560,14460,61190,75650,12000LIN
R72 14904 0021,20400,54470,74870,17760,52240,70000,12000LIN
R72 14904 0023,20400,39800,60200,17760,37120,54880,12000LIN
R72 14904 0025,16320,42700,59020,14460,51050,65510,12000LIN
R72 14904 0026,8160,0,8160,6530,0,6530,12000LIN
R72 14905 0001,17950,43690,61640,15780,58950,74730,12000LIN
R72 14905 0003,17750,55430,73180,15620,66090,81710,12000LIN
R72 14905 0004,17750,39240,56990,15620,55180,70800,12000LIN
R72 14905 0005,17340,28750,46090,15290,57700,72990,12000LIN
R72 14905 0006,16320,35820,52140,14460,42240,56700,12000LIN
R72 14905 0007,16320,49550,65870,14460,56450,70910,12000LIN
R72 14905 0008,16320,43480,59800,14460,44260,58720,12000LIN
R72 14905 0009,16320,40520,56840,14460,62330,76790,12000LIN
R72 14905 0010,16320,48170,64490,14460,68530,82990,12000LIN
R72 14905 0011,16320,32990,49310,14460,38070,52530,12000LIN
R72 14905 0012,16320,40180,56500,14460,50660,65120,12000LIN
R72 14905 0013,16320,36990,53310,14460,23760,38220,12000LIN
R72 14905 0014,16320,40510,56830,14460,49350,63810,12000LIN
R72 14905 0015,16320,38320,54640,14460,48130,62590,12000LIN
R72 14905 0016,16320,39570,55890,14460,43820,58280,12000LIN
R72 14905 0017,16320,40700,57020,14460,45750,60210,12000LIN
R72 14905 0018,16320,36910,53230,14460,43250,57710,12000LIN
R72 14905 0019,16320,39920,56240,14460,45600,60060,12000LIN
R72 14905 0020,16320,38870,55190,14460,43510,57970,12000LIN
R72 14905 0021,16320,39230,55550,14460,47970,62430,12000LIN
R72 14905 0022,16320,48030,64350,14460,58420,72880,12000LIN
R72 14905 0023,16320,28530,44850,14460,38520,52980,12000LIN
R72 14905 0024,16930,37150,54080,14960,81330,96290,12000LIN
R72 14905 0025,17750,41730,59480,15620,47450,63070,12000LIN
R72 14905 0026,17750,44160,61910,15550,52660,68210,12000LIN
R72 14905 0027,17750,51540,69290,15620,67040,82660,12000LIN
R72 14905 0028,17950,49690,67640,15780,62390,78170,12000LIN
R72 14905 0029,16550,46460,63010,14440,55160,69600,12000LIN
R72 14905 0030,16550,54780,71330,14440,58930,73370,12000LIN
R72 14905 0031,16550,41550,58100,14440,44380,58820,12000LIN
R72 14905 0032,2400,0,2400,2410,0,2410,12000LIN
R72 14905 0033,16910,42530,59440,14680,55590,70270,12000LIN
R72 14905 0035,18960,44000,62960,17900,38420,56320,12000LIN
R72 14905 0036,17280,39710,56990,14880,54640,69520,12000LIN
R72 14905 0037,17280,58270,75550,14880,72200,87080,12000LIN
R72 14905 0038,17280,52630,69910,14880,60300,75180,12000LIN
R72 14905 0039,17280,42160,59440,14880,61280,76160,12000LIN
R72 14905 0040,17090,57060,74150,14810,64810,79620,12000LIN
R72 14905 0041,17090,56300,73390,14810,81910,96720,12000LIN
R72 14905 0042,17090,43520,60610,14810,56270,71080,12000LIN
R72 14905 0043,17090,62320,79410,14810,68930,83740,12000LIN
R72 14905 0044,16730,46080,62810,14560,59850,74410,12000LIN
R72 14905 0045,16550,51910,68460,14440,53010,67450,12000LIN
R72 14905 0046,16550,42230,58780,14440,52560,67000,12000LIN
R72 14905 0047,16550,40540,57090,14440,53570,68010,12000LIN
R72 14905 0048,16550,46110,62660,14440,59810,74250,12000LIN
R72 14905 0049,17430,37060,54490,15410,41810,57220,12000LIN
R72 14905 0050,16800,36060,52860,10640,22700,33340,12000LIN
R72 14905 0051,16800,48710,65510,14880,57820,72700,12000LIN
R72 14905 0052,16800,39110,55910,14880,46690,61570,12000LIN
R72 14905 0053,16800,36040,52840,14880,41880,56760,12000LIN
R72 14905 0054,16800,35620,52420,14880,40250,55130,12000LIN
R72 14905 0055,16800,40040,56840,14880,46350,61230,12000LIN
R72 14905 0056,16800,36410,53210,14880,42680,57560,12000LIN
R72 14905 0057,16800,46200,63000,14880,56930,71810,12000LIN
R72 14905 0058,16800,42720,59520,14880,49130,64010,12000LIN
R72 14906 0001,16800,44470,61270,14880,47360,62240,12000LIN
R72 14906 0002,16800,47160,63960,14880,52640,67520,12000LIN
R72 14906 0003,18900,40040,58940,16640,49800,66440,12000LIN
R72 14906 0004,16800,41320,58120,14880,53740,68620,12000LIN
R72 14906 0005,16800,35890,52690,14880,42090,56970,12000LIN
R72 14906 0006,16800,44320,61120,14880,51950,66830,12000LIN
R72 14906 0007,16800,34620,51420,14880,66090,80970,12000LIN
R72 14906 0008,16800,35690,52490,14880,41640,56520,12000LIN
R72 14906 0009,16800,37160,53960,14880,50520,65400,12000LIN
R72 14906 0010,16800,35690,52490,14880,41640,56520,12000LIN
R72 14906 0011,16800,45210,62010,14880,50620,65500,12000LIN
R72 14906 0012,16800,47040,63840,14880,53080,67960,12000LIN
R72 14906 0013,16800,32800,49600,14880,43960,58840,12000LIN
R72 14906 0014,16800,38620,55420,14880,44880,59760,12000LIN
R72 14906 0015,17010,34590,51600,15060,40370,55430,12000LIN
R72 14906 0016,18360,37070,55430,16180,41660,57840,12000LIN
R72 14906 0017,6480,0,6480,5230,0,5230,12000LIN
R72 14906 0018,17280,46340,63620,15250,60170,75420,12000LIN
R72 14906 0019,17280,57090,74370,15250,55460,70710,12000LIN
R72 14906 0020,17280,35000,52280,15250,42010,57260,12000LIN
R72 14906 0021,17280,38820,56100,15250,57640,72890,12000LIN
R72 14906 0022,17280,38300,55580,15250,62950,78200,12000LIN
R72 14906 0023,23760,65410,89170,20800,77220,98020,12000LIN
R72 14906 0024,19440,48660,68100,17100,57830,74930,12000LIN
R72 14906 0026,17280,43200,60480,15250,62900,78150,12000LIN
R72 14906 0027,17280,46480,63760,15250,50350,65600,12000LIN
R72 14906 0028,18360,46710,65070,16180,55520,71700,12000LIN
R72 14906 0029,17280,40940,58220,15250,50020,65270,12000LIN
R72 14906 0031,17280,42990,60270,15250,49800,65050,12000LIN
R72 14906 0032,17280,56590,73870,15250,75000,90250,12000LIN
R72 14906 0033,18360,44890,63250,16180,51940,68120,12000LIN
R72 14906 0034,17280,42700,59980,15250,55820,71070,12000LIN
R72 14906 0035,17280,42670,59950,15250,50080,65330,12000LIN
R72 14906 0036,17280,39600,56880,15250,48080,63330,12000LIN
R72 14906 0037,17280,38590,55870,15250,51860,67110,12000LIN
R72 14906 0038,17280,40610,57890,15250,86030,101280,12000LIN
R72 14906 0039,17280,49840,67120,15250,57960,73210,12000LIN
R72 14906 0040,17280,46360,63640,15250,54600,69850,12000LIN
R72 14906 0041,17280,35990,53270,15250,40550,55800,12000LIN
R72 14906 0042,17280,47440,64720,15250,46610,61860,12000LIN
R72 14906 0043,17280,37350,54630,15250,41570,56820,12000LIN
R72 14906 0044,17280,39100,56380,15250,43930,59180,12000LIN
R72 14906 0045,18140,39040,57180,15990,45990,61980,12000LIN
R72 14906 0046,17930,43250,61180,15810,52140,67950,12000LIN
R72 14906 0047,17280,42530,59810,15250,57490,72740,12000LIN
R72 14906 0048,17280,44080,61360,15250,50470,65720,12000LIN
R72 14906 0049,17280,36820,54100,15250,38300,53550,12000LIN
R72 14906 0050,17280,42680,59960,15250,49200,64450,12000LIN
R72 14906 0051,17280,46540,63820,15250,53940,69190,12000LIN
R72 14906 0052,17280,38220,55500,15250,50710,65960,12000LIN
R72 14906 0053,17280,37510,54790,15250,43600,58850,12000LIN
R72 14906 0054,17280,39340,56620,15250,47410,62660,12000LIN
R72 14906 0055,17280,43620,60900,15250,45020,60270,12000LIN
R72 14906 0056,17280,45750,63030,15250,54100,69350,12000LIN
R72 14906 0057,17280,46470,63750,15250,55950,71200,12000LIN
R72 14906 0058,17280,38290,55570,15250,45110,60360,12000LIN
R72 14906 0059,17280,36160,53440,15250,41640,56890,12000LIN
R72 14906 0060,17280,37150,54430,15250,42410,57660,12000LIN
R72 14906 0061,17710,44830,62540,15620,68560,84180,12000LIN
R72 14906 0062,6480,0,6480,5230,0,5230,12000LIN
R72 14907 0001,17100,42700,59800,14760,51810,66570,12000LIN
R72 14907 0002,17100,50850,67950,14760,77180,91940,12000LIN
R72 14907 0003,17100,34180,51280,14760,42350,57110,12000LIN
R72 14907 0004,17100,44450,61550,14760,61370,76130,12000LIN
R72 14907 0005,17460,49140,66600,15010,55490,70500,12000LIN
R72 14907 0006,18000,25930,43930,15380,40680,56060,12000LIN
R72 14907 0007,22680,46130,68810,18640,52030,70670,12000LIN
R72 14907 0008,25380,42740,68120,21930,54900,76830,12000LIN
R72 14907 0009,16910,47720,64630,14680,56310,70990,12000LIN
R72 14907 0010,16910,50410,67320,14680,60860,75540,12000LIN
R72 14907 0011,16910,45450,62360,14680,50450,65130,12000LIN
R72 14907 0012,16910,42910,59820,14680,54490,69170,12000LIN
R72 14907 0013,16910,40750,57660,14680,41990,56670,12000LIN
R72 14907 0014,16850,43070,59920,14900,54130,69030,12000LIN
R72 14907 0015,16640,40180,56820,14720,48400,63120,12000LIN
R72 14907 0016,16640,44020,60660,14720,52900,67620,12000LIN
R72 14907 0017,16640,45660,62300,14720,53640,68360,12000LIN
R72 14907 0018,16640,47590,64230,14720,53060,67780,12000LIN
R72 14907 0019,16640,50080,66720,14720,95880,110600,12000LIN
R72 14907 0020,16640,48420,65060,14720,56510,71230,12000LIN
R72 14907 0021,16640,41990,58630,14720,49880,64600,12000LIN
R72 14907 0022,8640,0,8640,6890,0,6890,12000LIN
R72 14907 0023,17440,63500,80940,15460,71800,87260,12000LIN
R72 14907 0024,17600,34110,51710,15520,37200,52720,12000LIN
R72 14907 0025,17600,47720,65320,15520,59350,74870,12000LIN
R72 14907 0026,17600,37160,54760,15520,41430,56950,12000LIN
R72 14907 0027,17600,58150,75750,15520,60440,75960,12000LIN
R72 14907 0028,17600,53480,71080,15520,54560,70080,12000LIN
R72 14907 0029,17600,32390,49990,15520,34090,49610,12000LIN
R72 14907 0030,20800,60570,81370,18160,55840,74000,12000LIN
R72 14907 0031,15680,48820,64500,13930,58090,72020,12000LIN
R72 14907 0032,17820,42750,60570,15580,72560,88140,12000LIN
R72 14907 0034,18300,49280,67580,16100,74280,90380,12000LIN
R72 14907 0035,18600,34270,52870,16150,53350,69500,12000LIN
R72 14907 0036,23360,46080,69440,22160,43660,65820,12000LIN
R72 14907 0037,16000,46570,62570,14200,54820,69020,12000LIN
R72 14907 0038,16000,39820,55820,14200,45820,60020,12000LIN
R72 14907 0039,16000,32970,48970,14200,34780,48980,12000LIN
R72 14907 0040,16000,42380,58380,14200,66170,80370,12000LIN
R72 14907 0041,16000,36210,52210,10150,30090,40240,12000LIN
R72 14907 0042,16000,34260,50260,14200,34420,48620,12000LIN
R72 14907 0043,16000,42530,58530,14200,44790,58990,12000LIN
R72 14907 0044,16000,41270,57270,14200,47170,61370,12000LIN
R72 14907 0045,16000,40000,56000,14200,51150,65350,12000LIN
R72 14907 0046,16000,33820,49820,14200,35350,49550,12000LIN
R72 14907 0047,16000,35690,51690,14200,43930,58130,12000LIN
R72 14907 0048,16000,37280,53280,14200,48990,63190,12000LIN
R72 14907 0049,16000,42050,58050,14200,48450,62650,12000LIN
R72 14907 0050,16000,49890,65890,14200,77180,91380,12000LIN
R72 14907 0051,16000,50570,66570,14200,63690,77890,12000LIN
R72 14907 0052,16000,36960,52960,14200,52710,66910,12000LIN
R72 14907 0053,16000,35800,51800,14200,38200,52400,12000LIN
R72 14907 0054,16000,40840,56840,14200,64900,79100,12000LIN
R72 14907 0055,16000,44150,60150,14200,51370,65570,12000LIN
R72 14907 0056,16000,47010,63010,14200,57190,71390,12000LIN
R72 14907 0057,16000,36760,52760,14200,42880,57080,12000LIN
R72 14907 0058,16000,40880,56880,14200,47010,61210,12000LIN
R72 14907 0059,16000,41960,57960,14200,45370,59570,12000LIN
R72 14907 0060,16000,56660,72660,14200,60990,75190,12000LIN
R72 14907 0061,16000,41860,57860,14200,47170,61370,12000LIN
R72 14907 0062,16000,34360,50360,14200,40340,54540,12000LIN
R72 14907 0063,18180,51000,69180,15910,46220,62130,12000LIN
R72 14907 0064,18130,50120,68250,15910,47200,63110,12000LIN
R72 14907 0065,18300,48980,67280,16100,45590,61690,12000LIN
R72 14908 0001,16000,29550,45550,14200,29510,43710,12000LIN
R72 14908 0002,16000,18760,34760,14200,28190,42390,12000LIN
R72 14908 0003,16000,31230,47230,14200,39750,53950,12000LIN
R72 14908 0004,16000,26640,42640,14200,28410,42610,12000LIN
R72 14908 0005,16000,40150,56150,14200,44240,58440,12000LIN
R72 14908 0006,16000,41820,57820,14200,49580,63780,12000LIN
R72 14908 0007,16000,38980,54980,14200,47420,61620,12000LIN
R72 14908 0008,8000,0,8000,6420,0,6420,12000LIN
R72 14908 0009,16000,37440,53440,14200,50790,64990,12000LIN
R72 14908 0010,16000,47480,63480,14200,56910,71110,12000LIN
R72 14908 0011,16000,35930,51930,14200,44290,58490,12000LIN
R72 14908 0012,16000,33510,49510,14200,38240,52440,12000LIN
R72 14908 0013,16000,32230,48230,14200,43860,58060,12000LIN
R72 14908 0014,16000,40950,56950,14200,24720,38920,12000LIN
R72 14908 0015,16000,34310,50310,14200,34620,48820,12000LIN
R72 14908 0016,16000,44210,60210,14200,49280,63480,12000LIN
R72 14908 0017,19200,39490,58690,18160,41210,59370,12000LIN
R72 14908 0018,9600,0,9600,8200,0,8200,12000LIN
R72 14908 0019,19200,36680,55880,18160,65360,83520,12000LIN
R72 14908 0020,15840,56020,71860,14040,61420,75460,12000LIN
R72 14908 0021,15840,35880,51720,14040,42760,56800,12000LIN
R72 14908 0022,15840,42780,58620,14040,50570,64610,12000LIN
R72 14908 0023,6480,0,6480,5420,0,5420,12000LIN
R72 14908 0024,12960,6470,19430,11980,8340,20320,12000LIN
R72 14908 0025,16240,46570,62810,14350,52340,66690,12000LIN
R72 14908 0026,15680,49420,65100,13980,57970,71950,12000LIN
R72 14908 0027,17640,42000,59640,15520,80620,96140,12000LIN
R72 14908 0028,18000,60130,78130,11280,63970,75250,12000LIN
R72 14908 0029,16000,41430,57430,14200,64560,78760,12000LIN
R72 14908 0030,16000,41920,57920,14200,55360,69560,12000LIN
R72 14908 0031,16000,41820,57820,14200,64800,79000,12000LIN
R72 14908 0032,16000,37480,53480,14200,53460,67660,12000LIN
R72 14908 0033,16800,52890,69690,14830,60860,75690,12000LIN
R72 14908 0036,16000,43860,59860,14140,53860,68000,12000LIN
R72 14908 0037,16000,25680,41680,14140,37150,51290,12000LIN
R72 14908 0038,16000,15240,31240,14140,3810,17950,12000LIN
R72 14908 0039,16000,44260,60260,14140,61960,76100,12000LIN
R72 14908 0040,16000,45340,61340,14140,62890,77030,12000LIN
R72 14908 0041,24000,25940,49940,20430,37580,58010,12000LIN
R72 14908 0044,16000,42990,58990,14140,61230,75370,12000LIN
R72 14908 0045,16000,36760,52760,14140,56640,70780,12000LIN
R72 14908 0046,16000,42320,58320,14140,86870,101010,12000LIN
R72 14908 0047,16000,39480,55480,14140,58680,72820,12000LIN
R72 14908 0048,16800,38320,55120,14770,73020,87790,12000LIN
R72 14908 0049,8000,0,8000,6390,0,6390,12000LIN
R72 14908 0050,16000,46080,62080,14140,67940,82080,12000LIN
R72 14908 0051,16000,41310,57310,14140,48340,62480,12000LIN
R72 14908 0052,16000,42880,58880,14140,50630,64770,12000LIN
R72 14908 0053,16000,36190,52190,14140,46710,60850,12000LIN
R72 14908 0054,16000,47870,63870,14140,50590,64730,12000LIN
R72 14908 0055,16800,41350,58150,14770,48730,63500,12000LIN
R72 14908 0056,16800,45250,62050,14770,47760,62530,12000LIN
R72 14908 0057,16000,49220,65220,14140,55880,70020,12000LIN
R72 14908 0058,16000,51380,67380,14140,59960,74100,12000LIN
R72 14908 0059,16000,52840,68840,14140,64920,79060,12000LIN
R72 14908 0060,16000,47090,63090,14140,55200,69340,12000LIN
R72 14908 0061,16240,50750,66990,14350,59260,73610,12000LIN
R72 14908 0062,6480,0,6480,5420,0,5420,12000LIN
R72 14908 0063,6480,0,6480,5420,0,5420,12000LIN
R72 14909 0001,18440,40890,59330,16170,47470,63640,12000LIN
R72 14909 0002,17220,40420,57640,15230,46760,61990,12000LIN
R72 14909 0003,17430,41180,58610,15410,56810,72220,12000LIN
R72 14909 0004,17430,31830,49260,15350,62720,78070,12000LIN
R72 14909 0005,17430,34890,52320,15350,42280,57630,12000LIN
R72 14909 0006,17260,40030,57290,15300,53750,69050,12000LIN
R72 14909 0007,17260,30550,47810,15300,42270,57570,12000LIN
R72 14909 0008,17260,31840,49100,15300,38480,53780,12000LIN
R72 14909 0009,17430,42580,60010,15350,45050,60400,12000LIN
R72 14909 0010,17430,36100,53530,15350,41450,56800,12000LIN
R72 14909 0011,17430,41840,59270,15410,56310,71720,12000LIN
R72 14909 0012,17430,42670,60100,15410,62390,77800,12000LIN
R72 14909 0013,19080,39470,58550,16700,51120,67820,12000LIN
R72 14909 0014,4790,0,4790,1270,0,1270,12000LIN
R72 14909 0015,18260,40700,58960,16090,48980,65070,12000LIN
R72 14909 0016,18260,40130,58390,16150,41890,58040,12000LIN
R72 14909 0017,18260,37090,55350,16150,43930,60080,12000LIN
R72 14909 0018,18260,34310,52570,16200,80200,96400,12000LIN
R72 14909 0019,18260,36800,55060,16150,43910,60060,12000LIN
R72 14909 0020,18260,38190,56450,16150,43220,59370,12000LIN
R72 14909 0021,18260,35580,53840,16090,43370,59460,12000LIN
R72 14909 0022,18090,35210,53300,16030,51270,67300,12000LIN
R72 14909 0023,18090,40150,58240,15920,49040,64960,12000LIN
R72 14909 0024,17930,38250,56180,15860,49550,65410,12000LIN
R72 14909 0025,17120,34310,51430,15150,36610,51760,12000LIN
R72 14909 0026,18440,38690,57130,16300,45500,61800,12000LIN
R72 14909 0027,22560,37000,59560,18840,42000,60840,12000LIN
R72 14909 0028,16930,49920,66850,14790,49560,64350,12000LIN
R72 14909 0029,16930,38370,55300,14730,40850,55580,12000LIN
R72 14909 0031,16930,38380,55310,14790,41790,56580,12000LIN
R72 14909 0032,16930,37070,54000,14790,41360,56150,12000LIN
R72 14909 0033,17110,38090,55200,14930,50560,65490,12000LIN
R72 14909 0034,17290,40190,57480,15060,43440,58500,12000LIN
R72 14909 0035,17470,43910,61380,15200,49350,64550,12000LIN
R72 14909 0037,17650,41970,59620,15400,47800,63200,12000LIN
R72 14909 0042,16930,36640,53570,14730,40310,55040,12000LIN
R72 14909 0044,16930,42430,59360,14790,49080,63870,12000LIN
R72 14909 0047,3920,0,3920,1170,0,1170,12000LIN
R72 14910 0001,18720,47900,66620,16510,53960,70470,12000LIN
R72 14910 0002,17600,39870,57470,15470,44500,59970,12000LIN
R72 14910 0003,17600,44220,61820,15580,52360,67940,12000LIN
R72 14910 0004,17760,50730,68490,15690,58010,73700,12000LIN
R72 14910 0005,17930,25570,43500,15810,50080,65890,12000LIN
R72 14910 0006,17930,47900,65830,15860,50640,66500,12000LIN
R72 14910 0007,18090,47740,65830,15920,55490,71410,12000LIN
R72 14910 0008,17260,39930,57190,15240,42340,57580,12000LIN
R72 14910 0009,18090,44310,62400,15980,47390,63370,12000LIN
R72 14910 0010,18090,47760,65850,15980,74240,90220,12000LIN
R72 14910 0011,18090,38290,56380,15980,42410,58390,12000LIN
R72 14910 0012,17930,49800,67730,15860,57720,73580,12000LIN
R72 14910 0013,19440,47000,66440,17100,58480,75580,12000LIN
R72 14910 0014,17280,48640,65920,14880,57470,72350,12000LIN
R72 14910 0015,17280,46480,63760,14880,54600,69480,12000LIN
R72 14910 0016,17280,43270,60550,14880,43680,58560,12000LIN
R72 14910 0017,17280,53040,70320,14880,70430,85310,12000LIN
R72 14910 0018,19440,40310,59750,17030,47240,64270,12000LIN
R72 14910 0019,17100,44460,61560,15070,97840,112910,12000LIN
R72 14910 0020,17760,38910,56670,15640,43040,58680,12000LIN
R72 14910 0021,17600,37980,55580,15580,43740,59320,12000LIN
R72 14910 0022,17600,41010,58610,15580,45790,61370,12000LIN
R72 14910 0023,17600,46490,64090,15580,54010,69590,12000LIN
R72 14910 0024,17760,38810,56570,15640,43450,59090,12000LIN
R72 14910 0025,17760,46790,64550,15690,52550,68240,12000LIN
R72 14910 0026,17260,43710,60970,15240,49170,64410,12000LIN
R72 14910 0027,17930,43960,61890,15860,52640,68500,12000LIN
R72 14910 0028,18090,47980,66070,15980,57290,73270,12000LIN
R72 14910 0029,9130,0,9130,7270,0,7270,12000LIN
R72 14910 0030,19360,77480,96840,17240,121030,138270,12000LIN
R72 14910 0031,18700,42010,60710,16650,50210,66860,12000LIN
R72 14910 0032,18260,43050,61310,16260,48970,65230,12000LIN
R72 14910 0033,18260,39420,57680,16260,43560,59820,12000LIN
R72 14910 0034,18260,42530,60790,16260,47000,63260,12000LIN
R72 14910 0035,18480,45620,64100,16460,53550,70010,12000LIN
R72 14910 0037,18040,37530,55570,16010,45630,61640,12000LIN
R72 14910 0038,18260,44160,62420,16200,55740,71940,12000LIN
R72 14910 0039,18260,41370,59630,16150,46360,62510,12000LIN
R72 14910 0040,18260,50120,68380,16090,61380,77470,12000LIN
R72 14910 0041,18090,40600,58690,16030,44510,60540,12000LIN
R72 14910 0042,18090,38660,56750,15980,46170,62150,12000LIN
R72 14910 0043,18090,44060,62150,15920,52220,68140,12000LIN
R72 14910 0044,19440,55360,74800,17100,66750,83850,12000LIN
R72 14910 0045,17280,54530,71810,14880,63190,78070,12000LIN
R72 14910 0046,17280,46790,64070,14880,77220,92100,12000LIN
R72 14910 0047,17280,57280,74560,14880,70110,84990,12000LIN
R72 14910 0048,17280,37900,55180,14880,44050,58930,12000LIN
R72 14910 0049,17280,37430,54710,14880,42190,57070,12000LIN
R72 14910 0050,17280,43850,61130,14880,59000,73880,12000LIN
R72 14910 0051,17280,42790,60070,14880,53920,68800,12000LIN
R72 14910 0052,17280,55670,72950,14880,62620,77500,12000LIN
R72 14911 0001,18160,51830,69990,15950,67880,83830,12000LIN
R72 14911 0002,18360,49870,68230,16110,57710,73820,12000LIN
R72 14911 0003,20200,59070,79270,17600,116550,134150,12000LIN
R72 14911 0004,18360,36820,55180,16110,53860,69970,12000LIN
R72 14911 0005,17540,43840,61380,15450,51050,66500,12000LIN
R72 14911 0006,17540,47780,65320,15450,52550,68000,12000LIN
R72 14911 0007,17540,44900,62440,15450,61360,76810,12000LIN
R72 14911 0008,17540,39350,56890,15450,50780,66230,12000LIN
R72 14911 0009,17540,36620,54160,15450,60690,76140,12000LIN
R72 14911 0010,17540,30530,48070,15450,55390,70840,12000LIN
R72 14911 0011,17540,40820,58360,15450,43170,58620,12000LIN
R72 14911 0012,18360,43440,61800,16110,55100,71210,12000LIN
R72 14911 0013,18360,43840,62200,16110,53050,69160,12000LIN
R72 14911 0014,16930,40880,57810,14960,51560,66520,12000LIN
R72 14911 0015,16930,39930,56860,14960,47970,62930,12000LIN
R72 14911 0016,16930,49910,66840,14960,76270,91230,12000LIN
R72 14911 0017,16930,54260,71190,14960,60450,75410,12000LIN
R72 14911 0018,16930,36650,53580,14960,40910,55870,12000LIN
R72 14911 0019,16930,41030,57960,14960,46210,61170,12000LIN
R72 14911 0020,16930,38820,55750,14960,43360,58320,12000LIN
R72 14911 0021,16930,40040,56970,14960,53760,68720,12000LIN
R72 14911 0022,16930,42420,59350,14960,47060,62020,12000LIN
R72 14911 0023,16930,47310,64240,14960,57950,72910,12000LIN
R72 14911 0024,16930,40540,57470,14960,46600,61560,12000LIN
R72 14911 0025,19580,42640,62220,17100,60520,77620,12000LIN
R72 14911 0026,19740,42390,62130,17270,55740,73010,12000LIN
R72 14911 0027,17430,44070,61500,15350,58170,73520,12000LIN
R72 14911 0028,17430,42340,59770,15350,51820,67170,12000LIN
R72 14911 0029,17850,42140,59990,15700,50080,65780,12000LIN
R72 14911 0031,17010,42570,59580,15000,47950,62950,12000LIN
R72 14911 0032,17220,41510,58730,15180,46910,62090,12000LIN
R72 14911 0033,17850,48630,66480,15700,57440,73140,12000LIN
R72 14911 0034,17220,36970,54190,15180,47080,62260,12000LIN
R72 14911 0035,16800,42890,59690,14830,52930,67760,12000LIN
R72 14911 0036,17850,50410,68260,15700,71520,87220,12000LIN
R72 14911 0038,17640,54980,72620,15530,63150,78680,12000LIN
R72 14911 0040,17430,45290,62720,15350,59370,74720,12000LIN
R72 14911 0041,18720,49890,68610,16440,48700,65140,12000LIN
R72 14911 0042,18900,46300,65200,16640,55800,72440,12000LIN
R72 14911 0043,17430,39960,57390,15350,47100,62450,12000LIN
R72 14911 0044,17260,53780,71040,15240,62160,77400,12000LIN
R72 14911 0045,17430,44190,61620,15410,49420,64830,12000LIN
R72 14911 0046,17260,41230,58490,15240,49750,64990,12000LIN
R72 14911 0047,17430,44150,61580,15410,52000,67410,12000LIN
R72 14911 0048,17430,51650,69080,15410,56170,71580,12000LIN
R72 14911 0049,17430,42040,59470,15410,48330,63740,12000LIN
R72 14911 0050,17430,43550,60980,15410,53420,68830,12000LIN
R72 14911 0051,17760,42040,59800,15640,49680,65320,12000LIN
R72 14911 0052,17430,40910,58340,15350,87180,102530,12000LIN
R72 14911 0053,17430,39090,56520,15350,47370,62720,12000LIN
R72 14911 0054,19320,41920,61240,16920,51390,68310,12000LIN
R72 14911 0055,18360,41610,59970,16110,52930,69040,12000LIN
R72 14911 0056,16930,41210,58140,15010,51620,66630,12000LIN
R72 14911 0057,17100,36410,53510,15070,44090,59160,12000LIN
R72 14911 0058,17100,53560,70660,15130,59580,74710,12000LIN
R72 14911 0059,17260,40950,58210,15180,55710,70890,12000LIN
R72 14911 0060,17260,40710,57970,15300,63690,78990,12000LIN
R72 14911 0061,17430,39260,56690,15350,36810,52160,12000LIN
R72 14911 0062,17430,45550,62980,15410,56520,71930,12000LIN
R72 14911 0063,17600,42800,60400,15520,55510,71030,12000LIN
R72 14911 0064,17600,43430,61030,15520,52680,68200,12000LIN
R72 14911 0065,17600,46400,64000,15580,50420,66000,12000LIN
R72 14911 0066,17760,43310,61070,15690,50370,66060,12000LIN
R72 14911 0067,19440,45170,64610,17030,56550,73580,12000LIN
R72 15001 0001,23030,67240,90270,16410,91810,108220,33000HEA
R72 15001 0002,16780,38520,55300,11910,70940,82850,33000HEA
R72 15001 0003,16600,35570,52170,11780,43180,54960,33000HEA
R72 15001 0004,16600,41660,58260,11780,55850,67630,33000HEA
R72 15001 0005,16420,43100,59520,11690,55450,67140,33000HEA
R72 15001 0006,16740,43340,60080,11860,62710,74570,33000HEA
R72 15001 0007,16720,33160,49880,11860,41480,53340,33000HEA
R72 15001 0008,17250,36030,53280,12260,44660,56920,33000HEA
R72 15001 0009,16480,15140,31620,11600,54920,66520,33000HEA
R72 15001 0010,17040,41840,58880,12070,55650,67720,33000HEA
R72 15001 0011,17200,42060,59260,12110,64980,77090,33000HEA
R72 15001 0012,16850,37480,54330,11930,45140,57070,33000HEA
R72 15001 0013,17230,51530,68760,12210,82850,95060,33000HEA
R72 15001 0014,17410,35840,53250,11220,16780,28000,33000HEA
R72 15001 0015,17790,54380,72170,11480,31210,42690,33000HEA
R72 15001 0016,16510,46790,63300,11600,56660,68260,33000HEA
R72 15001 0017,18120,42660,60780,12640,60360,73000,33000HEA
R72 15001 0018,16960,45660,62620,12030,59260,71290,33000HEA
R72 15001 0019,7610,8390,16000,12030,51930,63960,33000HEA
R72 15001 0020,28700,43540,72240,22740,61170,83910,33000HEA
R72 15001 0021,16140,51180,67320,11370,69220,80590,33000HEA
R72 15001 0022,18030,38550,56580,12780,50510,63290,33000HEA
R72 15001 0023,8360,0,8360,5290,0,5290,33000HEA
R72 15001 0024,16720,42260,58980,11810,51640,63450,33000HEA
R72 15001 0025,16720,36340,53060,11810,49820,61630,33000HEA
R72 15001 0026,16560,49260,65820,11770,63530,75300,33000HEA
R72 15001 0027,16740,38900,55640,11860,49630,61490,33000HEA
R72 15001 0028,16740,31210,47950,11820,52610,64430,33000HEA
R72 15001 0029,16580,32750,49330,11780,45250,57030,33000HEA
R72 15001 0030,16580,41070,57650,11780,54550,66330,33000HEA
R72 15001 0031,16740,45770,62510,11820,70910,82730,33000HEA
R72 15001 0032,8370,0,8370,5310,0,5310,33000HEA
R72 15001 0033,18200,36410,54610,12880,46710,59590,33000HEA
R72 15001 0034,18030,40830,58860,12830,56940,69770,33000HEA
R72 15001 0035,18030,44830,62860,12830,58650,71480,33000HEA
R72 15001 0036,18030,40820,58850,12830,58220,71050,33000HEA
R72 15001 0037,19470,44040,63510,13810,68220,82030,33000HEA
R72 15001 0038,16980,45990,62970,12050,56660,68710,33000HEA
R72 15001 0039,16630,42530,59160,11800,59590,71390,33000HEA
R72 15001 0040,16630,49260,65890,11800,62970,74770,33000HEA
R72 15001 0041,16980,42310,59290,12000,59760,71760,33000HEA
R72 15001 0042,16280,33740,50020,11510,61910,73420,33000HEA
R72 15001 0043,16630,47510,64140,11830,57770,69600,33000HEA
R72 15001 0044,16630,44210,60840,11830,66890,78720,33000HEA
R72 15001 0045,16460,40910,57370,11660,58460,70120,33000HEA
R72 15001 0046,16460,44490,60950,11740,54780,66520,33000HEA
R72 15001 0047,16300,43850,60150,11590,66940,78530,33000HEA
R72 15001 0048,16300,45150,61450,11570,66480,78050,33000HEA
R72 15001 0049,16290,49090,65380,11530,60230,71760,33000HEA
R72 15001 0050,15960,40070,56030,11270,57550,68820,33000HEA
R72 15001 0051,15790,32490,48280,11180,67520,78700,33000HEA
R72 15001 0052,14810,47160,61970,10570,57940,68510,33000HEA
R72 15001 0053,15940,41520,57460,11240,57600,68840,33000HEA
R72 15001 0054,16910,45000,61910,11850,72490,84340,33000HEA
R72 15001 0055,19110,52050,71160,13310,66800,80110,33000HEA
R72 15001 0056,19110,44310,63420,13230,56910,70140,33000HEA
R72 15001 0057,15450,42680,58130,10940,60000,70940,33000HEA
R72 15001 0058,15450,45430,60880,10980,69010,79990,33000HEA
R72 15001 0059,15620,44940,60560,11080,67110,78190,33000HEA
R72 15001 0060,16130,41130,57260,11420,57620,69040,33000HEA
R72 15001 0061,15960,43950,59910,11270,60720,71990,33000HEA
R72 15001 0062,15960,42080,58040,11370,63580,74950,33000HEA
R72 15001 0063,16130,41890,58020,11470,58120,69590,33000HEA
R72 15001 0064,16300,41020,57320,11570,56570,68140,33000HEA
R72 15001 0065,16470,45510,61980,11710,56580,68290,33000HEA
R72 15001 0066,16470,41220,57690,11710,57260,68970,33000HEA
R72 15001 0067,15940,42180,58120,11300,58580,69880,33000HEA
R72 15001 0068,16980,42320,59300,12000,60500,72500,33000HEA
R72 15001 0069,16980,50330,67310,12050,71400,83450,33000HEA
R72 15001 0070,16980,42130,59110,12050,61230,73280,33000HEA
R72 15001 0071,16980,46640,63620,12050,71540,83590,33000HEA
R72 15002 0001,16290,39710,56000,11520,74510,86030,33000HEA
R72 15002 0002,16440,51180,67620,11640,54730,66370,33000HEA
R72 15002 0004,17670,40850,58520,12550,48920,61470,33000HEA
R72 15002 0005,16420,42260,58680,11650,55630,67280,33000HEA
R72 15002 0006,16420,40300,56720,11650,73500,85150,33000HEA
R72 15002 0007,16420,39650,56070,11650,52030,63680,33000HEA
R72 15002 0008,16420,36370,52790,11650,45050,56700,33000HEA
R72 15002 0009,16420,45490,61910,11650,72330,83980,33000HEA
R72 15002 0010,16420,43030,59450,11650,63210,74860,33000HEA
R72 15002 0011,16420,36330,52750,11650,44020,55670,33000HEA
R72 15002 0012,16420,48690,65110,11650,66350,78000,33000HEA
R72 15002 0013,16420,35450,51870,11650,44510,56160,33000HEA
R72 15002 0014,16420,35990,52410,11650,46890,58540,33000HEA
R72 15002 0015,16420,47320,63740,11650,72500,84150,33000HEA
R72 15002 0016,16420,33060,49480,11650,50490,62140,33000HEA
R72 15002 0017,16420,47990,64410,11650,76640,88290,33000HEA
R72 15002 0018,17490,49750,67240,12420,100700,113120,33000HEA
R72 15002 0019,17140,55930,73070,12120,77140,89260,33000HEA
R72 15002 0020,17790,41940,59730,12310,68690,81000,33000HEA
R72 15002 0021,18030,31370,49400,12780,60150,72930,33000HEA
R72 15002 0022,18030,43310,61340,12780,62750,75530,33000HEA
R72 15002 0023,17300,44740,62040,12260,81210,93470,33000HEA
R72 15002 0024,16220,56660,72880,11470,65090,76560,33000HEA
R72 15002 0025,17660,49590,67250,12520,66220,78740,33000HEA
R72 15002 0026,17660,41860,59520,12520,58740,71260,33000HEA
R72 15002 0027,17660,50540,68200,12520,77030,89550,33000HEA
R72 15002 0028,17660,43820,61480,12520,63890,76410,33000HEA
R72 15002 0029,17660,47550,65210,12520,77070,89590,33000HEA
R72 15002 0030,16420,44770,61190,11690,66920,78610,33000HEA
R72 15002 0031,18920,53570,72490,13420,81100,94520,33000HEA
R72 15002 0032,18930,48470,67400,13430,85330,98760,33000HEA
R72 15002 0033,17230,49660,66890,12210,63440,75650,33000HEA
R72 15002 0040,16630,42400,59030,11800,59210,71010,33000HEA
R72 15002 0041,16630,20810,37440,11800,54470,66270,33000HEA
R72 15002 0042,16630,52940,69570,11800,62600,74400,33000HEA
R72 15002 0043,16630,44010,60640,11800,54180,65980,33000HEA
R72 15002 0044,16630,44580,61210,11800,54540,66340,33000HEA
R72 15002 0045,16630,47260,63890,11800,72920,84720,33000HEA
R72 15002 0046,16630,48070,64700,11800,63320,75120,33000HEA
R72 15002 0047,16630,46150,62780,11800,69080,80880,33000HEA
R72 15002 0048,16630,47890,64520,11800,65610,77410,33000HEA
R72 15002 0049,16630,43870,60500,11800,64830,76630,33000HEA
R72 15002 0050,17500,45050,62550,12390,63030,75420,33000HEA
R72 15002 0051,15890,49170,65060,11260,68360,79620,33000HEA
R72 15002 0052,16630,43410,60040,11800,64740,76540,33000HEA
R72 15002 0053,16980,49320,66300,12050,59650,71700,33000HEA
R72 15002 0054,16980,51740,68720,12050,67040,79090,33000HEA
R72 15002 0055,16630,41460,58090,11800,58400,70200,33000HEA
R72 15002 0056,16630,43050,59680,11800,68830,80630,33000HEA
R72 15002 0057,16630,47980,64610,11800,58480,70280,33000HEA
R72 15002 0058,16630,37520,54150,11800,54790,66590,33000HEA
R72 15002 0059,16630,42430,59060,11800,73130,84930,33000HEA
R72 15002 0060,16630,46330,62960,11800,68540,80340,33000HEA
R72 15002 0061,16630,43570,60200,11800,63900,75700,33000HEA
R72 15002 0062,16630,42840,59470,11800,60280,72080,33000HEA
R72 15002 0063,16630,50240,66870,11800,71990,83790,33000HEA
R72 15002 0064,16630,47140,63770,11800,63990,75790,33000HEA
R72 15002 0065,16630,36870,53500,11800,57180,68980,33000HEA
R72 15002 0068,18020,47940,65960,12750,59220,71970,33000HEA
R72 15002 0070,1940,0,1940,1330,0,1330,33000HEA
R72 15003 0001,16420,35720,52140,11540,43600,55140,33000HEA
R72 15003 0002,17480,34010,51490,12410,46460,58870,33000HEA
R72 15003 0003,17500,36940,54440,12390,44950,57340,33000HEA
R72 15003 0004,17140,35150,52290,12120,44600,56720,33000HEA
R72 15003 0005,18670,37190,55860,13220,51160,64380,33000HEA
R72 15003 0006,16460,39070,55530,11740,50350,62090,33000HEA
R72 15003 0007,20790,35510,56300,14830,49970,64800,33000HEA
R72 15003 0008,21400,40490,61890,18410,51890,70300,33000HEA
R72 15003 0009,17690,35360,53050,12490,42520,55010,33000HEA
R72 15003 0010,24080,40160,64240,17010,50500,67510,33000HEA
R72 15003 0011,19190,36740,55930,13430,37640,51070,33000HEA
R72 15003 0012,15450,37030,52480,11180,44420,55600,33000HEA
R72 15003 0013,16280,33880,50160,11540,35600,47140,33000HEA
R72 15003 0026,18520,46240,64760,13110,63010,76120,33000HEA
R72 15003 0027,18500,43280,61780,13110,62230,75340,33000HEA
R72 15003 0028,18870,53540,72410,13510,78960,92470,33000HEA
R72 15003 0029,19040,39970,59010,13710,56670,70380,33000HEA
R72 15003 0030,19380,46400,65780,13900,66860,80760,33000HEA
R72 15003 0031,18000,47350,65350,19800,65280,85080,33000HEA
R72 15003 0032,17300,44140,61440,12190,66260,78450,33000HEA
R72 15003 0033,15750,48510,64260,11130,65650,76780,33000HEA
R72 15003 0034,15750,41860,57610,11130,58350,69480,33000HEA
R72 15003 0035,16170,36400,52570,11450,44970,56420,33000HEA
R72 15003 0036,17110,44880,61990,12000,53360,65360,33000HEA
R72 15003 0037,17680,46510,64190,12490,64770,77260,33000HEA
R72 15003 0038,17320,42910,60230,12330,67560,79890,33000HEA
R72 15003 0039,16290,43960,60250,11520,52130,63650,33000HEA
R72 15003 0040,16290,44440,60730,11520,66490,78010,33000HEA
R72 15003 0041,4620,0,4620,3520,0,3520,33000HEA
R72 15003 0042,9450,0,9450,6030,0,6030,33000HEA
R72 15003 0043,11680,72350,84030,8630,130370,139000,33000HEA
R72 15003 0044,5030,1940,6970,3650,2550,6200,33000HEA
R72 15003 0046,17680,46000,63680,12530,64840,77370,33000HEA
R72 15003 0047,30000,42560,72560,20810,84800,105610,33000HEA
R72 15003 0048,17170,39620,56790,12010,49810,61820,33000HEA
R72 15003 0049,18730,39690,58420,13350,55820,69170,33000HEA
R72 15003 0050,16630,41650,58280,11800,60000,71800,33000HEA
R72 15003 0051,17490,39430,56920,12210,55240,67450,33000HEA
R72 15003 0052,17150,42710,59860,12120,66850,78970,33000HEA
R72 15003 0053,20030,47910,67940,14910,71100,86010,33000HEA
R72 15003 0054,19660,47560,67220,14480,44060,58540,33000HEA
R72 15003 0055,19690,51300,70990,14370,66380,80750,33000HEA
R72 15003 0056,19550,47100,66650,14100,64940,79040,33000HEA
R72 15003 0057,19060,50370,69430,13560,66270,79830,33000HEA
R72 15003 0058,18200,48260,66460,12940,60930,73870,33000HEA
R72 15003 0059,19820,45040,64860,13870,57870,71740,33000HEA
R72 15004 0001,16280,32020,48300,11490,41230,52720,33000HEA
R72 15004 0002,16280,38930,55210,11540,48490,60030,33000HEA
R72 15004 0003,16280,32940,49220,11540,41250,52790,33000HEA
R72 15004 0004,21000,40940,61940,16280,55260,71540,33000HEA
R72 15004 0005,18550,35950,54500,13190,50190,63380,33000HEA
R72 15004 0006,18680,40020,58700,12270,30070,42340,33000HEA
R72 15004 0007,18380,52420,70800,13090,29910,43000,33000HEA
R72 15004 0008,16750,42350,59100,10660,48390,59050,33000HEA
R72 15004 0009,27490,38840,66330,17950,52070,70020,33000HEA
R72 15004 0010,18150,36640,54790,12620,46850,59470,33000HEA
R72 15004 0011,16870,38730,55600,11850,51520,63370,33000HEA
R72 15004 0012,20550,47100,67650,13870,69940,83810,33000HEA
R72 15004 0013,15500,37690,53190,11060,48980,60040,33000HEA
R72 15004 0014,18910,32700,51610,13460,38680,52140,33000HEA
R72 15004 0015,19480,37920,57400,13550,50390,63940,33000HEA
R72 15004 0016,19410,42000,61410,13520,59940,73460,33000HEA
R72 15004 0017,17980,40730,58710,12700,52490,65190,33000HEA
R72 15004 0018,20400,43270,63670,14790,61460,76250,33000HEA
R72 15004 0019,21700,44060,65760,19530,75300,94830,33000HEA
R72 15004 0020,21530,40100,61630,18910,51050,69960,33000HEA
R72 15004 0021,19370,66370,85740,15920,94000,109920,33000HEA
R72 15004 0022,21530,38790,60320,17780,70060,87840,33000HEA
R72 15004 0023,21350,46670,68020,17210,57170,74380,33000HEA
R72 15004 0024,21350,37130,58480,16690,41690,58380,33000HEA
R72 15004 0025,21000,37760,58760,16230,49210,65440,33000HEA
R72 15004 0026,20830,44270,65100,15820,66740,82560,33000HEA
R72 15004 0027,20650,40250,60900,15510,51000,66510,33000HEA
R72 15004 0028,20480,40300,60780,15250,60150,75400,33000HEA
R72 15005 0001,26120,39000,65120,17630,48160,65790,33000HEA
R72 15005 0002,16740,34390,51130,11800,42130,53930,33000HEA
R72 15005 0003,19960,35840,55800,13860,44110,57970,33000HEA
R72 15005 0004,19440,36710,56150,13840,44210,58050,33000HEA
R72 15005 0006,17500,38500,56000,12420,48250,60670,33000HEA
R72 15005 0007,17500,36920,54420,12420,46930,59350,33000HEA
R72 15005 0009,17850,37990,55840,12670,50190,62860,33000HEA
R72 15005 0011,17150,36080,53230,12170,42950,55120,33000HEA
R72 15005 0012,17500,48310,65810,12420,61070,73490,33000HEA
R72 15005 0013,17500,42150,59650,12420,58450,70870,33000HEA
R72 15005 0014,17500,39870,57370,12420,50010,62430,33000HEA
R72 15005 0016,17500,32840,50340,12420,41550,53970,33000HEA
R72 15005 0017,16100,32940,49040,11430,38880,50310,33000HEA
R72 15005 0018,17500,32710,50210,12420,36090,48510,33000HEA
R72 15005 0019,17500,30530,48030,12420,40370,52790,33000HEA
R72 15005 0020,17500,29610,47110,12420,41260,53680,33000HEA
R72 15005 0022,17330,26560,43890,11170,21410,32580,33000HEA
R72 15005 0023,17330,36020,53350,12250,44370,56620,33000HEA
R72 15005 0024,17850,36050,53900,12610,45050,57660,33000HEA
R72 15005 0025,17670,35600,53270,12560,44300,56860,33000HEA
R72 15005 0027,17330,34820,52150,11190,20380,31570,33000HEA
R72 15005 0028,17330,38260,55590,12270,48860,61130,33000HEA
R72 15005 0030,10290,45670,55960,7290,86070,93360,33000HEA
R72 15005 0031,5710,0,5710,3540,0,3540,33000HEA
R72 15005 0032,17290,32830,50120,12270,46610,58880,33000HEA
R72 15005 0034,17290,44600,61890,12270,60120,72390,33000HEA
R72 15005 0036,17120,18300,35420,12130,40440,52570,33000HEA
R72 15005 0037,16790,36880,53670,11940,47070,59010,33000HEA
R72 15005 0038,16630,34270,50900,11760,41390,53150,33000HEA
R72 15005 0039,16290,34820,51110,11570,42770,54340,33000HEA
R72 15005 0040,15960,34780,50740,11340,42160,53500,33000HEA
R72 15005 0041,15630,37310,52940,11150,46060,57210,33000HEA
R72 15005 0042,16720,41660,58380,11790,48450,60240,33000HEA
R72 15005 0043,16560,28460,45020,11620,45310,56930,33000HEA
R72 15005 0044,39160,39180,78340,27050,58270,85320,33000HEA
R72 15005 0045,17290,38480,55770,12220,51490,63710,33000HEA
R72 15005 0046,16800,35400,52200,11850,44630,56480,33000HEA
R72 15005 0047,17290,35780,53070,12270,50470,62740,33000HEA
R72 15005 0052,17850,39020,56870,12670,63540,76210,33000HEA
R72 15005 0057,17290,33550,50840,12270,40330,52600,33000HEA
R72 15005 0063,17330,26100,43430,12320,41980,54300,33000HEA
R72 15005 0071,17500,46480,63980,12420,57580,70000,33000HEA
R72 15005 0080,16630,36330,52960,11830,44520,56350,33000HEA
R72 15005 0081,16780,34790,51570,11920,37520,49440,33000HEA
R72 15005 0082,20120,36750,56870,14060,60980,75040,33000HEA
R72 15005 0083,20330,30190,50520,14210,31160,45370,33000HEA
R72 15005 0084,17140,34340,51480,12180,42180,54360,33000HEA
R72 15005 0085,3470,0,3470,2440,0,2440,33000HEA
R72 15005 0086,15230,32690,47920,10810,40360,51170,33000HEA
R72 15005 0087,720,0,720,790,0,790,33000HEA
R72 15005 0088,16380,40710,57090,11600,52440,64040,33000HEA
R72 15005 0089,16380,35190,51570,11600,45890,57490,33000HEA
R72 15005 0090,16380,42730,59110,11600,57120,68720,33000HEA
R72 15006 0001,14800,39810,54610,10600,54660,65260,33000HEA
R72 15006 0002,16130,35200,51330,11430,42070,53500,33000HEA
R72 15006 0003,17650,47610,65260,12530,59270,71800,33000HEA
R72 15006 0004,19060,55180,74240,13660,71020,84680,33000HEA
R72 15006 0005,18350,45110,63460,13120,54950,68070,33000HEA
R72 15006 0006,18720,44980,63700,13590,68930,82520,33000HEA
R72 15006 0007,19290,35140,54430,14170,43520,57690,33000HEA
R72 15006 0008,18220,41440,59660,13190,52980,66170,33000HEA
R72 15006 0009,17870,41820,59690,12520,51440,63960,33000HEA
R72 15006 0010,16240,40320,56560,11490,46830,58320,33000HEA
R72 15006 0012,18360,46740,65100,12990,64960,77950,33000HEA
R72 15006 0013,18790,45940,64730,13180,58960,72140,33000HEA
R72 15006 0014,19350,37340,56690,14080,33250,47330,33000HEA
R72 15006 0015,19010,38920,57930,13700,49950,63650,33000HEA
R72 15006 0016,18840,37380,56220,13500,46650,60150,33000HEA
R72 15006 0017,18840,37240,56080,13500,45760,59260,33000HEA
R72 15006 0018,18840,34210,53050,13500,41380,54880,33000HEA
R72 15006 0019,18840,36890,55730,13500,45710,59210,33000HEA
R72 15006 0020,18840,40410,59250,13500,56680,70180,33000HEA
R72 15006 0021,18840,36380,55220,13500,50800,64300,33000HEA
R72 15006 0022,18840,40530,59370,13500,57960,71460,33000HEA
R72 15006 0023,18650,35080,53730,13350,42340,55690,33000HEA
R72 15006 0024,18840,34800,53640,13500,41680,55180,33000HEA
R72 15006 0025,18840,40450,59290,13500,48540,62040,33000HEA
R72 15006 0026,18840,26630,45470,13500,38130,51630,33000HEA
R72 15006 0027,18840,37230,56070,13500,46520,60020,33000HEA
R72 15006 0028,17710,34130,51840,12420,36740,49160,33000HEA
R72 15006 0029,17710,35000,52710,12420,42560,54980,33000HEA
R72 15006 0030,16100,35650,51750,11440,43410,54850,33000HEA
R72 15006 0031,16450,35120,51570,11600,43300,54900,33000HEA
R72 15006 0032,17110,32080,49190,11930,43320,55250,33000HEA
R72 15006 0033,16360,46290,62650,11490,76460,87950,33000HEA
R72 15006 0034,16240,37010,53250,11560,50530,62090,33000HEA
R72 15006 0035,16240,48830,65070,11560,68200,79760,33000HEA
R72 15006 0036,16780,39730,56510,11950,48690,60640,33000HEA
R72 15006 0037,17850,42920,60770,12730,68870,81600,33000HEA
R72 15006 0038,17140,45280,62420,12160,65320,77480,33000HEA
R72 15006 0039,18290,45640,63930,13010,35560,48570,33000HEA
R72 15006 0040,17670,41000,58670,12550,64120,76670,33000HEA
R72 15006 0041,18270,42740,61010,12730,73410,86140,33000HEA
R72 15006 0042,18000,51690,69690,19800,65750,85550,33000HEA
R72 15006 0044,14460,33600,48060,9400,22620,32020,33000HEA
R72 15006 0045,15400,31070,46470,10980,38130,49110,33000HEA
R72 15006 0046,17050,37790,54840,11990,51770,63760,33000HEA
R72 15006 0047,16630,43420,60050,11850,70740,82590,33000HEA
R72 15006 0048,17850,46190,64040,12630,63000,75630,33000HEA
R72 15006 0049,16460,49450,65910,11660,68200,79860,33000HEA
R72 15006 0050,16980,46200,63180,12100,95930,108030,33000HEA
R72 15006 0051,17140,44960,62100,12190,70710,82900,33000HEA
R72 15006 0052,17840,43080,60920,12620,61220,73840,33000HEA
R72 15006 0053,17990,40980,58970,12820,52690,65510,33000HEA
R72 15006 0054,18730,49470,68200,13300,61780,75080,33000HEA
R72 15006 0055,17290,42220,59510,12220,61910,74130,33000HEA
R72 15007 0001,17840,48580,66420,12670,71950,84620,33000HEA
R72 15007 0002,8370,0,8370,5310,0,5310,33000HEA
R72 15007 0003,16740,41250,57990,11860,47180,59040,33000HEA
R72 15007 0004,16740,43980,60720,11860,72220,84080,33000HEA
R72 15007 0005,16740,45450,62190,11860,58920,70780,33000HEA
R72 15007 0006,16740,45110,61850,11860,37790,49650,33000HEA
R72 15007 0007,16740,39420,56160,11860,52510,64370,33000HEA
R72 15007 0008,16740,36680,53420,11860,47670,59530,33000HEA
R72 15007 0009,16740,47760,64500,11860,114460,126320,33000HEA
R72 15007 0016,17250,47620,64870,11000,39630,50630,33000HEA
R72 15007 0017,16400,43620,60020,11590,62160,73750,33000HEA
R72 15007 0018,17390,48870,66260,12340,66350,78690,33000HEA
R72 15007 0019,16630,43790,60420,11840,68770,80610,33000HEA
R72 15007 0020,17840,37980,55820,12720,50780,63500,33000HEA
R72 15007 0021,17470,41460,58930,12400,57320,69720,33000HEA
R72 15007 0022,17470,50430,67900,12400,64610,77010,33000HEA
R72 15007 0023,17470,42530,60000,12400,59740,72140,33000HEA
R72 15007 0024,17470,42410,59880,12400,58420,70820,33000HEA
R72 15007 0025,17470,42210,59680,12400,51480,63880,33000HEA
R72 15007 0026,17470,50150,67620,12400,62160,74560,33000HEA
R72 15007 0027,17470,45030,62500,12400,63100,75500,33000HEA
R72 15007 0028,17470,41380,58850,12400,66010,78410,33000HEA
R72 15007 0029,16240,40150,56390,11560,47580,59140,33000HEA
R72 15007 0030,17470,43590,61060,12400,83990,96390,33000HEA
R72 15007 0031,17470,42420,59890,12400,59770,72170,33000HEA
R72 15007 0032,17470,52550,70020,12400,69370,81770,33000HEA
R72 15007 0033,18380,35750,54130,13070,39160,52230,33000HEA
R72 15007 0034,18740,48220,66960,13330,92860,106190,33000HEA
R72 15007 0035,18180,45150,63330,12910,60280,73190,33000HEA
R72 15007 0036,18180,46550,64730,12910,66380,79290,33000HEA
R72 15007 0037,18180,47980,66160,12910,68270,81180,33000HEA
R72 15007 0038,18180,46320,64500,12910,70840,83750,33000HEA
R72 15007 0039,16600,45450,62050,11820,56620,68440,33000HEA
R72 15007 0040,18180,46570,64750,12910,62400,75310,33000HEA
R72 15007 0041,16700,42530,59230,11800,68480,80280,33000HEA
R72 15007 0042,16700,40020,56720,11800,59320,71120,33000HEA
R72 15007 0043,16700,49680,66380,11800,68410,80210,33000HEA
R72 15007 0044,16700,31890,48590,11800,37290,49090,33000HEA
R72 15007 0045,16700,35670,52370,11800,47820,59620,33000HEA
R72 15007 0046,16700,42460,59160,11800,58030,69830,33000HEA
R72 15007 0047,18360,43920,62280,13050,52050,65100,33000HEA
R72 15007 0048,17440,34080,51520,12400,53540,65940,33000HEA
R72 15007 0049,16930,36620,53550,12000,44460,56460,33000HEA
R72 15007 0050,16440,43340,59780,11690,60770,72460,33000HEA
R72 15007 0051,16280,35810,52090,11510,44060,55570,33000HEA
R72 15007 0052,16630,38180,54810,11800,53180,64980,33000HEA
R72 15007 0053,16630,37600,54230,11800,53470,65270,33000HEA
R72 15007 0054,16630,34770,51400,11800,42920,54720,33000HEA
R72 15007 0055,17140,52580,69720,12210,89330,101540,33000HEA
R72 15007 0056,8570,0,8570,5470,0,5470,33000HEA
R72 15007 0057,17140,59050,76190,12210,112530,124740,33000HEA
R72 15007 0058,17850,48060,65910,12730,74260,86990,33000HEA
R72 15007 0059,16600,55860,72460,11820,89100,100920,33000HEA
R72 15007 0060,8120,0,8120,5170,0,5170,33000HEA
R72 15007 0061,16240,38090,54330,11560,75240,86800,33000HEA
R72 15007 0062,16240,45050,61290,11560,72190,83750,33000HEA
R72 15007 0063,16240,35830,52070,11560,62080,73640,33000HEA
R72 15007 0064,16240,41360,57600,11560,78080,89640,33000HEA
R72 15007 0065,16240,34690,50930,11560,58060,69620,33000HEA
R72 15007 0066,16240,47230,63470,11560,91160,102720,33000HEA
R72 15007 0067,16240,57030,73270,11560,88580,100140,33000HEA
R72 15007 0068,16240,38660,54900,11560,65570,77130,33000HEA
R72 15007 0069,16240,41800,58040,11560,55700,67260,33000HEA
R72 15007 0070,16240,40080,56320,11560,57880,69440,33000HEA
R72 15008 0001,18120,54270,72390,12640,72990,85630,33000HEA
R72 15008 0002,12560,59970,72530,8850,67610,76460,33000HEA
R72 15008 0003,16220,51940,68160,11510,83790,95300,33000HEA
R72 15008 0004,16380,34120,50500,11550,40450,52000,33000HEA
R72 15008 0005,16400,37540,53940,11650,57200,68850,33000HEA
R72 15008 0006,16400,37740,54140,11600,60180,71780,33000HEA
R72 15008 0007,16420,52980,69400,11690,72450,84140,33000HEA
R72 15008 0008,16420,40770,57190,11690,68790,80480,33000HEA
R72 15008 0009,16580,39190,55770,11730,51180,62910,33000HEA
R72 15008 0010,16580,42620,59200,11780,88840,100620,33000HEA
R72 15008 0011,16740,35120,51860,11820,47370,59190,33000HEA
R72 15008 0012,17110,41110,58220,12130,63910,76040,33000HEA
R72 15008 0013,17110,40780,57890,12130,54270,66400,33000HEA
R72 15008 0014,17110,44370,61480,12130,58750,70880,33000HEA
R72 15008 0015,17110,43400,60510,12130,74020,86150,33000HEA
R72 15008 0016,17110,51050,68160,12130,66600,78730,33000HEA
R72 15008 0017,17110,54100,71210,12130,80350,92480,33000HEA
R72 15008 0018,18200,32460,50660,12940,38650,51590,33000HEA
R72 15008 0019,16930,37210,54140,12000,47330,59330,33000HEA
R72 15008 0020,16380,39700,56080,11600,46500,58100,33000HEA
R72 15008 0021,8370,0,8370,5310,0,5310,33000HEA
R72 15008 0022,16740,46820,63560,11860,87660,99520,33000HEA
R72 15008 0023,8370,0,8370,5310,0,5310,33000HEA
R72 15008 0024,16740,38690,55430,11860,47770,59630,33000HEA
R72 15008 0025,16740,41190,57930,11820,48720,60540,33000HEA
R72 15008 0026,16560,35580,52140,11690,41640,53330,33000HEA
R72 15008 0027,16560,53970,70530,11730,89820,101550,33000HEA
R72 15008 0028,18020,42970,60990,12850,61160,74010,33000HEA
R72 15008 0029,18020,44520,62540,12850,55050,67900,33000HEA
R72 15008 0030,18200,42060,60260,12990,61670,74660,33000HEA
R72 15008 0031,18270,41480,59750,12730,63400,76130,33000HEA
R72 15008 0032,18020,45020,63040,12800,66110,78910,33000HEA
R72 15008 0033,16800,41000,57800,11850,57190,69040,33000HEA
R72 15008 0034,16740,61200,77940,11820,85750,97570,33000HEA
R72 15008 0035,17290,29240,46530,11140,31290,42430,33000HEA
R72 15008 0036,16750,49100,65850,11800,70110,81910,33000HEA
R72 15008 0037,18270,47330,65600,12730,67010,79740,33000HEA
R72 15008 0038,18690,46620,65310,12950,66700,79650,33000HEA
R72 15008 0039,17710,49920,67630,12330,63610,75940,33000HEA
R72 15008 0040,17010,47460,64470,11890,62490,74380,33000HEA
R72 15008 0041,17280,46020,63300,12000,62200,74200,33000HEA
R72 15008 0043,17710,37820,55530,12560,56430,68990,33000HEA
R72 15008 0044,17550,36870,54420,12380,44790,57170,33000HEA
R72 15008 0045,8690,7990,16680,6100,8340,14440,33000HEA
R72 15008 0046,17230,64480,81710,12170,86940,99110,33000HEA
R72 15008 0047,17070,36720,53790,12120,44380,56500,33000HEA
R72 15008 0048,17070,35900,52970,12080,44460,56540,33000HEA
R72 15008 0049,17070,33900,50970,12080,40980,53060,33000HEA
R72 15008 0050,17070,21060,38130,12080,91310,103390,33000HEA
R72 15008 0051,17070,39930,57000,12080,49560,61640,33000HEA
R72 15008 0052,17070,33970,51040,12080,44000,56080,33000HEA
R72 15008 0053,17070,34680,51750,12080,66370,78450,33000HEA
R72 15008 0054,17070,34500,51570,12080,42260,54340,33000HEA
R72 15008 0055,18180,45470,63650,12910,61730,74640,33000HEA
R72 15008 0056,16780,38880,55660,11950,48770,60720,33000HEA
R72 15008 0057,16070,41930,58000,11430,54510,65940,33000HEA
R72 15008 0058,16070,45630,61700,11430,92240,103670,33000HEA
R72 15008 0059,16070,35330,51400,11430,49990,61420,33000HEA
R72 15008 0060,16070,35940,52010,11430,50360,61790,33000HEA
R72 15008 0061,16070,40860,56930,11430,54260,65690,33000HEA
R72 15008 0062,16070,36670,52740,11430,51190,62620,33000HEA
R72 15008 0063,16070,41030,57100,11430,52720,64150,33000HEA
R72 15008 0064,16070,42220,58290,11430,53190,64620,33000HEA
R72 15008 0065,16070,45120,61190,11430,54580,66010,33000HEA
R72 15008 0066,16070,47320,63390,11430,70760,82190,33000HEA
R72 15008 0067,16070,47930,64000,11430,76460,87890,33000HEA
R72 15008 0068,16070,41950,58020,11430,53840,65270,33000HEA
R72 15008 0069,16070,43190,59260,5680,0,5680,33000HEA
R72 15008 0070,16070,39620,55690,11430,59810,71240,33000HEA
R72 15008 0071,16070,45230,61300,11430,60510,71940,33000HEA
R72 15008 0072,23920,57220,81140,17140,91160,108300,33000HEA
R72 15008 0074,16140,33750,49890,10380,25290,35670,33000HEA
R72 15009 0001,18140,47500,65640,12870,65990,78860,33000HEA
R72 15009 0002,17390,49750,67140,12300,79490,91790,33000HEA
R72 15009 0003,17390,50770,68160,12300,62930,75230,33000HEA
R72 15009 0004,17550,46380,63930,12470,57960,70430,33000HEA
R72 15009 0005,17390,39120,56510,12300,66030,78330,33000HEA
R72 15009 0006,17390,41390,58780,12300,76860,89160,33000HEA
R72 15009 0007,17390,41540,58930,12300,94310,106610,33000HEA
R72 15009 0008,17390,43830,61220,12300,68890,81190,33000HEA
R72 15009 0009,17390,53050,70440,12300,76610,88910,33000HEA
R72 15009 0010,18710,37510,56220,13310,66900,80210,33000HEA
R72 15009 0011,17770,40710,58480,12580,53000,65580,33000HEA
R72 15009 0012,17390,38070,55460,12300,48420,60720,33000HEA
R72 15009 0013,17390,38260,55650,12300,65960,78260,33000HEA
R72 15009 0014,17390,43190,60580,12300,69650,81950,33000HEA
R72 15009 0015,17580,37730,55310,12440,61140,73580,33000HEA
R72 15009 0016,17770,49280,67050,12580,74800,87380,33000HEA
R72 15009 0017,17580,38200,55780,12440,67040,79480,33000HEA
R72 15009 0018,19280,44590,63870,13740,70240,83980,33000HEA
R72 15009 0019,17770,46480,64250,12580,63670,76250,33000HEA
R72 15009 0020,17580,45610,63190,12440,57480,69920,33000HEA
R72 15009 0021,17580,35320,52900,12440,46400,58840,33000HEA
R72 15009 0022,17580,34920,52500,12440,45190,57630,33000HEA
R72 15009 0023,17580,35240,52820,12440,41190,53630,33000HEA
R72 15009 0024,17580,40360,57940,12440,51490,63930,33000HEA
R72 15009 0025,17580,38150,55730,12440,52560,65000,33000HEA
R72 15009 0026,17580,46960,64540,12440,58580,71020,33000HEA
R72 15009 0027,10360,38280,48640,8460,67330,75790,33000HEA
R72 15009 0028,20480,40710,61190,14150,57750,71900,33000HEA
R72 15009 0029,17510,54960,72470,12200,79260,91460,33000HEA
R72 15009 0030,17680,38250,55930,12530,79770,92300,33000HEA
R72 15009 0031,18150,37960,56110,13000,73900,86900,33000HEA
R72 15009 0032,18150,35870,54020,13080,63290,76370,33000HEA
R72 15009 0033,18310,38900,57210,13120,63140,76260,33000HEA
R72 15009 0034,18310,50370,68680,13250,69030,82280,33000HEA
R72 15009 0035,17910,33130,51040,12950,49760,62710,33000HEA
R72 15009 0038,16850,57170,74020,11880,106910,118790,33000HEA
R72 15009 0039,16850,47040,63890,11880,57510,69390,33000HEA
R72 15009 0040,20950,58300,79250,14450,79870,94320,33000HEA
R72 15009 0041,18680,37830,56510,13590,64060,77650,33000HEA
R72 15009 0042,18840,44680,63520,13770,58970,72740,33000HEA
R72 15009 0043,16580,49260,65840,11780,71180,82960,33000HEA
R72 15009 0044,19000,45960,64960,14160,86700,100860,33000HEA
R72 15009 0045,20160,37510,57670,15240,62400,77640,33000HEA
R72 15009 0046,17170,43750,60920,12090,36990,49080,33000HEA
R72 15009 0047,17170,46770,63940,12130,57260,69390,33000HEA
R72 15009 0048,17170,37680,54850,12130,48450,60580,33000HEA
R72 15009 0049,17010,46320,63330,10940,36060,47000,33000HEA
R72 15009 0050,17840,39610,57450,12630,64400,77030,33000HEA
R72 15009 0051,20330,58530,78860,14280,98370,112650,33000HEA
R72 15009 0052,18210,56090,74300,12680,95730,108410,33000HEA
R72 15009 0053,16040,44220,60260,11340,56440,67780,33000HEA
R72 15009 0054,17900,43060,60960,12790,63030,75820,33000HEA
R72 15009 0055,19410,45620,65030,14350,69380,83730,33000HEA
R72 15009 0056,18680,39950,58630,13640,67820,81460,33000HEA
R72 15009 0057,16580,44380,60960,11730,60000,71730,33000HEA
R72 15009 0058,15930,35720,51650,11310,53330,64640,33000HEA
R72 15009 0059,18150,38280,56430,12950,57580,70530,33000HEA
R72 15009 0060,16880,38000,54880,11980,53080,65060,33000HEA
R72 15009 0061,17230,39280,56510,12210,53280,65490,33000HEA
R72 15009 0062,20710,47700,68410,12970,62100,75070,33000HEA
R72 15009 0063,16630,35190,51820,11680,52970,64650,33000HEA
R72 15009 0064,18680,45320,64000,13550,59350,72900,33000HEA
R72 15009 0065,18720,41130,59850,13640,76570,90210,33000HEA
R72 15009 0066,18920,52370,71290,13720,57060,70780,33000HEA
R72 15009 0068,18090,36840,54930,15630,64300,79930,33000HEA
R72 15009 0070,1590,0,1590,1160,0,1160,33000HEA
R72 15010 0001,17090,39050,56140,12090,78480,90570,33000HEA
R72 15010 0002,17090,38140,55230,12090,95080,107170,33000HEA
R72 15010 0003,8730,0,8730,5530,0,5530,33000HEA
R72 15010 0004,18380,44260,62640,13040,66070,79110,33000HEA
R72 15010 0005,18010,40710,58720,12770,79150,91920,33000HEA
R72 15010 0006,16910,39680,56590,11950,71990,83940,33000HEA
R72 15010 0007,16910,40130,57040,11950,66240,78190,33000HEA
R72 15010 0008,16910,47110,64020,11950,70170,82120,33000HEA
R72 15010 0009,16910,39740,56650,11950,73740,85690,33000HEA
R72 15010 0010,16910,43860,60770,11950,77840,89790,33000HEA
R72 15010 0011,16910,39940,56850,11950,65770,77720,33000HEA
R72 15010 0012,16910,44320,61230,11950,69290,81240,33000HEA
R72 15010 0013,16910,39610,56520,11950,71480,83430,33000HEA
R72 15010 0014,16910,40740,57650,11950,71000,82950,33000HEA
R72 15010 0015,17820,45920,63740,12630,60920,73550,33000HEA
R72 15010 0016,17640,54710,72350,12490,76500,88990,33000HEA
R72 15010 0017,17460,51850,69310,12360,80980,93340,33000HEA
R72 15010 0018,17460,38380,55840,12360,59440,71800,33000HEA
R72 15010 0019,17460,37570,55030,12360,54020,66380,33000HEA
R72 15010 0020,17460,51800,69260,12360,72570,84930,33000HEA
R72 15010 0021,8730,0,8730,5530,0,5530,33000HEA
R72 15010 0022,17460,36170,53630,12360,65660,78020,33000HEA
R72 15010 0023,17460,58270,75730,12360,76010,88370,33000HEA
R72 15010 0024,17460,38840,56300,12360,64470,76830,33000HEA
R72 15010 0025,17460,43060,60520,12360,60810,73170,33000HEA
R72 15010 0026,17460,38730,56190,12360,49030,61390,33000HEA
R72 15010 0027,17270,45190,62460,12220,70680,82900,33000HEA
R72 15010 0028,18930,63660,82590,13450,74380,87830,33000HEA
R72 15010 0029,17460,61700,79160,12360,87880,100240,33000HEA
R72 15010 0030,17460,45470,62930,12360,57540,69900,33000HEA
R72 15010 0031,17460,45260,62720,12360,68980,81340,33000HEA
R72 15010 0032,17460,49110,66570,12360,65810,78170,33000HEA
R72 15010 0033,17460,41150,58610,12360,64420,76780,33000HEA
R72 15010 0034,17460,46690,64150,12360,77080,89440,33000HEA
R72 15010 0035,17460,47520,64980,12360,69550,81910,33000HEA
R72 15010 0036,17460,43690,61150,12360,55280,67640,33000HEA
R72 15010 0037,17460,47200,64660,12360,81440,93800,33000HEA
R72 15010 0038,17460,43920,61380,12360,57370,69730,33000HEA
R72 15010 0039,17460,47340,64800,12360,75380,87740,33000HEA
R72 15010 0040,17820,35470,53290,12630,52610,65240,33000HEA
R72 15010 0041,17460,45130,62590,12360,72130,84490,33000HEA
R72 15010 0042,17090,43430,60520,12090,53930,66020,33000HEA
R72 15010 0043,16910,36370,53280,11950,57890,69840,33000HEA
R72 15010 0044,16910,48750,65660,11950,62680,74630,33000HEA
R72 15010 0045,16910,37320,54230,11950,66330,78280,33000HEA
R72 15010 0046,16910,41700,58610,11950,63790,75740,33000HEA
R72 15010 0047,16910,47250,64160,11950,74690,86640,33000HEA
R72 15010 0048,16910,38140,55050,11950,59470,71420,33000HEA
R72 15010 0049,16910,23400,40310,11950,51420,63370,33000HEA
R72 15010 0050,16910,51880,68790,11950,87790,99740,33000HEA
R72 15010 0051,16910,38030,54940,11950,47990,59940,33000HEA
R72 15010 0052,17090,43780,60870,12090,63640,75730,33000HEA
R72 15010 0053,17090,40690,57780,12090,56380,68470,33000HEA
R72 15010 0054,17090,43110,60200,12090,76160,88250,33000HEA
R72 15010 0055,8630,0,8630,5470,0,5470,33000HEA
R72 15010 0056,18520,55470,73990,13420,79800,93220,33000HEA
R72 15010 0057,18350,13540,31890,13200,63140,76340,33000HEA
R72 15010 0058,18190,49140,67330,12990,60720,73710,33000HEA
R72 15010 0059,18030,38510,56540,12820,71030,83850,33000HEA
R72 15010 0060,17870,48700,66570,12690,99300,111990,33000HEA
R72 15010 0061,17710,38860,56570,12600,79290,91890,33000HEA
R72 15010 0062,17550,38060,55610,12470,55120,67590,33000HEA
R72 15010 0063,17390,44910,62300,12250,54370,66620,33000HEA
R72 15010 0064,17070,40290,57360,12040,58120,70160,33000HEA
R72 15010 0065,16740,32840,49580,11820,58120,69940,33000HEA
R72 15010 0066,16420,48750,65170,11650,66510,78160,33000HEA
R72 15010 0067,16260,39630,55890,11520,62320,73840,33000HEA
R72 15010 0068,16450,54170,70620,11680,61380,73060,33000HEA
R72 15010 0069,16450,44190,60640,11630,55240,66870,33000HEA
R72 15010 0070,16810,50640,67450,11950,65150,77100,33000HEA
R72 15011 0001,16450,39310,55760,11680,46450,58130,33000HEA
R72 15011 0002,15750,35360,51110,11180,44140,55320,33000HEA
R72 15011 0003,16800,39240,56040,11930,52540,64470,33000HEA
R72 15011 0005,16800,40830,57630,11930,51660,63590,33000HEA
R72 15011 0007,16630,40190,56820,11800,64410,76210,33000HEA
R72 15011 0009,16800,29520,46320,10830,31580,42410,33000HEA
R72 15011 0010,16800,34020,50820,11930,42690,54620,33000HEA
R72 15011 0011,16800,37950,54750,11930,48190,60120,33000HEA
R72 15011 0013,17150,35350,52500,12170,53270,65440,33000HEA
R72 15011 0014,17500,32120,49620,12420,42760,55180,33000HEA
R72 15011 0015,17500,35430,52930,12390,43170,55560,33000HEA
R72 15011 0016,16280,39410,55690,11510,51640,63150,33000HEA
R72 15011 0018,16800,32500,49300,11930,40660,52590,33000HEA
R72 15011 0019,17470,24770,42240,11260,22930,34190,33000HEA
R72 15011 0020,16800,37470,54270,11930,50230,62160,33000HEA
R72 15011 0021,16800,33570,50370,11930,40760,52690,33000HEA
R72 15011 0023,16800,22950,39750,11930,50380,62310,33000HEA
R72 15011 0025,16800,18510,35310,11930,39610,51540,33000HEA
R72 15011 0026,16800,38170,54970,11930,44710,56640,33000HEA
R72 15011 0028,16800,35050,51850,11930,46570,58500,33000HEA
R72 15011 0029,16800,36180,52980,11930,43340,55270,33000HEA
R72 15011 0030,16800,36660,53460,11930,45350,57280,33000HEA
R72 15011 0031,16960,38030,54990,12030,46890,58920,33000HEA
R72 15011 0032,16420,33370,49790,11650,44190,55840,33000HEA
R72 15011 0033,16420,35000,51420,11650,42280,53930,33000HEA
R72 15011 0034,6570,2790,9360,4630,3660,8290,33000HEA
R72 15011 0035,17140,31990,49130,12160,37920,50080,33000HEA
R72 15011 0036,17140,36580,53720,12160,46390,58550,33000HEA
R72 15011 0038,17140,38260,55400,12160,44930,57090,33000HEA
R72 15011 0039,17140,31920,49060,11050,24210,35260,33000HEA
R72 15011 0040,17140,32960,50100,12160,39400,51560,33000HEA
R72 15011 0041,17140,32780,49920,12160,38440,50600,33000HEA
R72 15011 0043,17140,45270,62410,12160,66430,78590,33000HEA
R72 15011 0046,16420,41220,57640,11690,55340,67030,33000HEA
R72 15011 0047,16420,47320,63740,11690,76570,88260,33000HEA
R72 15011 0048,16420,41090,57510,11690,55140,66830,33000HEA
R72 15011 0049,16420,36700,53120,11690,78160,89850,33000HEA
R72 15011 0050,16420,42880,59300,11690,56070,67760,33000HEA
R72 15011 0051,16420,40920,57340,11690,77300,88990,33000HEA
R72 15011 0052,16420,51030,67450,11690,63470,75160,33000HEA
R72 15011 0053,16420,47540,63960,11690,73680,85370,33000HEA
R72 15011 0054,16420,53600,70020,11690,75250,86940,33000HEA
R72 15011 0055,16420,58360,74780,11690,70800,82490,33000HEA
R72 15011 0056,16420,49980,66400,11690,76180,87870,33000HEA
R72 15011 0057,16420,47210,63630,11690,60560,72250,33000HEA
R72 15011 0058,16420,43340,59760,11690,54970,66660,33000HEA
R72 15011 0059,16420,46270,62690,11690,68850,80540,33000HEA
R72 15011 0060,16960,46080,63040,12080,70880,82960,33000HEA
R72 15011 0061,16800,41600,58400,11930,55310,67240,33000HEA
R72 15011 0062,16100,44840,60940,11470,63430,74900,33000HEA
R72 15011 0063,16260,43150,59410,11520,55550,67070,33000HEA
R72 15011 0064,16260,47740,64000,11560,62510,74070,33000HEA
R72 15011 0065,16420,40260,56680,11650,47610,59260,33000HEA
R72 15011 0066,16420,46790,63210,11690,45280,56970,33000HEA
R72 15011 0067,16580,50010,66590,11730,63140,74870,33000HEA
R72 15011 0068,16580,45780,62360,11780,74350,86130,33000HEA
R72 15011 0069,20570,49960,70530,14610,82070,96680,33000HEA
R72 15011 0071,21360,45510,66870,15320,62210,77530,33000HEA
R72 15011 0072,17710,49260,66970,12640,70510,83150,33000HEA
R72 15011 0073,18190,36770,54960,12950,52650,65600,33000HEA
R72 15011 0074,18520,42130,60650,13290,70740,84030,33000HEA
R72 15011 0075,18680,44440,63120,13550,79240,92790,33000HEA
R72 15011 0076,16280,36340,52620,11550,43520,55070,33000HEA
R72 15011 0077,16800,41100,57900,11930,57290,69220,33000HEA
R72 15011 0080,17140,36770,53910,12160,43220,55380,33000HEA
R72 15011 0083,16800,24910,41710,11930,37840,49770,33000HEA
R72 15011 0086,16800,35490,52290,11930,41870,53800,33000HEA
R72 15011 0089,16450,34100,50550,11680,41140,52820,33000HEA
R72 15011 0093,17300,35290,52590,12300,42880,55180,33000HEA
R72 15011 0096,16800,38760,55560,11930,50110,62040,33000HEA
R72 15011 0104,17140,36680,53820,12160,43390,55550,33000HEA
R72 15011 0109,690,0,690,490,0,490,33000HEA
R72 15101 0001,19000,67830,86830,16500,83130,99630,12000LIN
R72 15101 0002,19000,69050,88050,16500,84710,101210,12000LIN
R72 15101 0013,20400,58860,79260,17760,62000,79760,12000LIN
R72 15101 0015,20400,37870,58270,17760,42610,60370,12000LIN
R72 15101 0020,19000,52930,71930,16500,88500,105000,12000LIN
R72 15101 0021,19000,52830,71830,16500,88810,105310,12000LIN
R72 15101 0022,19000,52830,71830,16500,88810,105310,12000LIN
R72 15102 0001,18200,65770,83970,16180,66830,83010,12000LIN
R72 15102 0002,17980,39890,57870,15980,44740,60720,12000LIN
R72 15102 0003,17980,43580,61560,15980,50830,66810,12000LIN
R72 15102 0004,17980,40660,58640,15980,48780,64760,12000LIN
R72 15102 0005,17980,38300,56280,15980,44350,60330,12000LIN
R72 15102 0006,17980,45050,63030,15980,48300,64280,12000LIN
R72 15102 0007,17980,42160,60140,15980,47600,63580,12000LIN
R72 15102 0008,17980,39360,57340,15980,47510,63490,12000LIN
R72 15102 0009,17980,37890,55870,15980,44780,60760,12000LIN
R72 15102 0010,17980,38020,56000,15980,40960,56940,12000LIN
R72 15102 0011,17980,42470,60450,15980,49260,65240,12000LIN
R72 15102 0012,17980,42050,60030,15980,43350,59330,12000LIN
R72 15102 0013,17980,43670,61650,15980,62040,78020,12000LIN
R72 15102 0014,17820,44730,62550,15760,75990,91750,12000LIN
R72 15102 0015,17820,44910,62730,15760,57560,73320,12000LIN
R72 15102 0016,18040,45730,63770,15950,67550,83500,12000LIN
R72 15102 0018,18040,41930,59970,15950,75570,91520,12000LIN
R72 15102 0020,17820,46510,64330,15760,63990,79750,12000LIN
R72 15102 0022,17380,41250,58630,15380,49750,65130,12000LIN
R72 15102 0023,17820,44380,62200,15760,71580,87340,12000LIN
R72 15102 0024,17820,42790,60610,15760,53970,69730,12000LIN
R72 15102 0025,17820,52710,70530,15760,62530,78290,12000LIN
R72 15102 0026,17820,55180,73000,15760,60610,76370,12000LIN
R72 15102 0027,17820,43540,61360,15760,106680,122440,12000LIN
R72 15102 0028,17820,45640,63460,15760,56290,72050,12000LIN
R72 15102 0029,16940,40980,57920,14990,47970,62960,12000LIN
R72 15102 0030,17750,41740,59490,15620,48890,64510,12000LIN
R72 15102 0031,17140,42150,59290,15120,50040,65160,12000LIN
R72 15102 0032,17140,40800,57940,15120,39980,55100,12000LIN
R72 15102 0033,17140,39270,56410,15120,46630,61750,12000LIN
R72 15102 0034,17140,45500,62640,15120,50190,65310,12000LIN
R72 15102 0035,17140,38570,55710,15120,45710,60830,12000LIN
R72 15102 0036,17140,39700,56840,15120,43510,58630,12000LIN
R72 15102 0038,17340,43330,60670,15290,73140,88430,12000LIN
R72 15102 0039,17140,43740,60880,15120,54850,69970,12000LIN
R72 15102 0040,17140,54720,71860,15120,60690,75810,12000LIN
R72 15102 0041,17140,43710,60850,15120,45650,60770,12000LIN
R72 15102 0042,17140,40550,57690,15120,45190,60310,12000LIN
R72 15102 0043,17140,51070,68210,15120,59670,74790,12000LIN
R72 15102 0044,17140,39120,56260,15120,46630,61750,12000LIN
R72 15102 0045,17140,45950,63090,15120,60840,75960,12000LIN
R72 15102 0046,17140,39700,56840,15120,44640,59760,12000LIN
R72 15102 0047,17140,45840,62980,15120,61120,76240,12000LIN
R72 15102 0048,17140,39720,56860,15120,45680,60800,12000LIN
R72 15102 0049,17140,43370,60510,15120,72190,87310,12000LIN
R72 15102 0050,17140,43980,61120,15120,49210,64330,12000LIN
R72 15102 0051,16930,68540,85470,14960,81300,96260,12000LIN
R72 15102 0052,17140,53800,70940,15120,58530,73650,12000LIN
R72 15102 0053,16930,48580,65510,14960,57160,72120,12000LIN
R72 15102 0054,17010,47540,64550,15000,60640,75640,12000LIN
R72 15102 0055,19110,56600,75710,16750,54490,71240,12000LIN
R72 15102 0056,17430,51330,68760,15350,69620,84970,12000LIN
R72 15102 0057,17430,55470,72900,15350,64500,79850,12000LIN
R72 15102 0058,18900,49410,68310,16570,60830,77400,12000LIN
R72 15102 0059,19530,45320,64850,17090,60420,77510,12000LIN
R72 15102 0060,18900,51080,69980,16570,70130,86700,12000LIN
R72 15102 0061,19530,47970,67500,17090,59490,76580,12000LIN
R72 15102 0062,19080,43570,62650,16700,61230,77930,12000LIN
R72 15102 0063,17430,46660,64090,15350,53120,68470,12000LIN
R72 15102 0064,17430,42300,59730,15350,52070,67420,12000LIN
R72 15103 0003,16640,41860,58500,14670,38330,53000,12000LIN
R72 15103 0006,18080,42310,60390,16040,43590,59630,12000LIN
R72 15103 0007,18080,42420,60500,16040,43730,59770,12000LIN
R72 15103 0008,18080,42690,60770,16040,49040,65080,12000LIN
R72 15103 0012,17140,38450,55590,15120,38090,53210,12000LIN
R72 15103 0014,22460,63950,86410,19770,76670,96440,12000LIN
R72 15103 0017,23940,40180,64120,21670,39980,61650,12000LIN
R72 15103 0018,13580,41110,54690,12410,39520,51930,12000LIN
R72 15103 0020,17140,56910,74050,15120,59650,74770,12000LIN
R72 15103 0024,17430,36370,53800,15350,36840,52190,12000LIN
R72 15103 0025,17430,45990,63420,15350,56370,71720,12000LIN
R72 15103 0026,17430,42020,59450,15350,50480,65830,12000LIN
R72 15103 0027,17430,47380,64810,15350,57650,73000,12000LIN
R72 15103 0028,18900,41530,60430,16570,60360,76930,12000LIN
R72 15103 0029,19320,46870,66190,16920,60070,76990,12000LIN
R72 15103 0030,17850,45730,63580,15700,56580,72280,12000LIN
R72 15103 0031,18900,43080,61980,16570,53310,69880,12000LIN
R72 15103 0032,19530,45210,64740,17090,61120,78210,12000LIN
R72 15103 0033,17850,45930,63780,15700,58150,73850,12000LIN
R72 15103 0034,18900,42790,61690,16570,59390,75960,12000LIN
R72 15103 0035,16460,40380,56840,14540,53850,68390,12000LIN
R72 15103 0036,16270,39610,55880,14390,50230,64620,12000LIN
R72 15103 0039,16270,39350,55620,14390,50480,64870,12000LIN
R72 15103 0043,23760,55170,78930,20390,111290,131680,12000LIN
R72 15103 0044,17340,43420,60760,15290,57790,73080,12000LIN
R72 15104 0002,17950,38540,56490,11230,32780,44010,12000LIN
R72 15104 0003,16730,50990,67720,14730,59440,74170,12000LIN
R72 15104 0004,19500,49640,69140,17130,70130,87260,12000LIN
R72 15104 0005,15480,38800,54280,13740,73720,87460,12000LIN
R72 15104 0006,15900,48970,64870,14100,52800,66900,12000LIN
R72 15104 0007,16960,36160,53120,14990,42500,57490,12000LIN
R72 15104 0008,16960,46830,63790,14990,56520,71510,12000LIN
R72 15104 0009,16960,41330,58290,14990,57690,72680,12000LIN
R72 15104 0010,16960,42310,59270,14990,48590,63580,12000LIN
R72 15104 0011,16960,35560,52520,14990,37300,52290,12000LIN
R72 15104 0012,16960,47040,64000,14990,59650,74640,12000LIN
R72 15104 0013,16960,43480,60440,14990,48150,63140,12000LIN
R72 15104 0014,16960,42600,59560,14990,54080,69070,12000LIN
R72 15104 0015,16960,55710,72670,14990,54290,69280,12000LIN
R72 15104 0016,16750,45710,62460,14810,46330,61140,12000LIN
R72 15104 0017,21920,52970,74890,19520,60520,80040,12000LIN
R72 15104 0018,10960,0,10960,8810,0,8810,12000LIN
R72 15104 0022,6670,0,6670,5310,0,5310,12000LIN
R72 15104 0023,18080,45800,63880,16040,50920,66960,12000LIN
R72 15104 0024,29520,42890,72410,24110,54980,79090,12000LIN
R72 15104 0026,19680,44720,64400,17000,63880,80880,12000LIN
R72 15104 0028,19680,57180,76860,17000,77630,94630,12000LIN
R72 15104 0029,19680,26020,45700,20000,68210,88210,12000LIN
R72 15104 0030,20660,50710,71370,18040,60810,78850,12000LIN
R72 15104 0032,19930,46350,66280,17260,61960,79220,12000LIN
R72 15104 0033,17710,42060,59770,15680,32310,47990,12000LIN
R72 15104 0034,8750,0,8750,3110,0,3110,12000LIN
R72 15104 0035,17500,46980,64480,15490,78720,94210,12000LIN
R72 15104 0036,17500,45270,62770,15490,70770,86260,12000LIN
R72 15104 0046,19840,44260,64100,16970,46190,63160,12000LIN
R72 15104 0049,19840,44810,64650,16930,59210,76140,12000LIN
R72 15104 0051,20830,29690,50520,18000,33380,51380,12000LIN
R72 15105 0001,16320,35740,52060,14460,72320,86780,12000LIN
R72 15105 0002,16320,3260,19580,14460,3840,18300,12000LIN
R72 15105 0003,16320,48690,65010,14460,55050,69510,12000LIN
R72 15105 0004,16320,39840,56160,14460,50910,65370,12000LIN
R72 15105 0005,16320,44730,61050,14460,44610,59070,12000LIN
R72 15105 0017,19350,38760,58110,17730,53000,70730,12000LIN
R72 15105 0020,18560,63900,82460,16940,70940,87880,12000LIN
R72 15105 0022,18400,39540,57940,16570,64240,80810,12000LIN
R72 15105 0023,18400,43200,61600,16520,80920,97440,12000LIN
R72 15105 0024,18240,53230,71470,16360,60470,76830,12000LIN
R72 15105 0025,18080,33690,51770,16200,66370,82570,12000LIN
R72 15105 0026,18080,41820,59900,16040,42620,58660,12000LIN
R72 15105 0027,17920,32290,50210,15940,66890,82830,12000LIN
R72 15105 0028,17760,39220,56980,15780,44500,60280,12000LIN
R72 15105 0029,18040,46080,64120,16010,59170,75180,12000LIN
R72 15105 0030,16750,49600,66350,14810,64820,79630,12000LIN
R72 15105 0031,16960,43230,60190,14990,46870,61860,12000LIN
R72 15105 0032,16960,44390,61350,14990,55210,70200,12000LIN
R72 15105 0033,16960,50500,67460,14990,64020,79010,12000LIN
R72 15105 0034,16960,43190,60150,14990,57160,72150,12000LIN
R72 15105 0035,17280,46520,63800,15200,64860,80060,12000LIN
R72 15105 0036,16960,44760,61720,14990,95410,110400,12000LIN
R72 15105 0037,16960,49920,66880,14990,73380,88370,12000LIN
R72 15105 0038,16960,38180,55140,14990,49380,64370,12000LIN
R72 15105 0039,16960,44750,61710,14990,28800,43790,12000LIN
R72 15105 0040,16960,39140,56100,14990,45080,60070,12000LIN
R72 15105 0041,16960,44330,61290,14990,51170,66160,12000LIN
R72 15105 0042,16960,33590,50550,14990,63110,78100,12000LIN
R72 15105 0043,16400,41340,57740,14570,87500,102070,12000LIN
R72 15105 0044,17600,42970,60570,15530,64560,80090,12000LIN
R72 15105 0045,17000,32840,49840,15050,65000,80050,12000LIN
R72 15105 0046,17090,42130,59220,14970,43510,58480,12000LIN
R72 15105 0047,16900,42000,58900,14830,41640,56470,12000LIN
R72 15105 0048,16900,35790,52690,14830,40280,55110,12000LIN
R72 15105 0049,16700,43790,60490,14680,48310,62990,12000LIN
R72 15105 0050,1010,0,1010,1030,0,1030,12000LIN
R72 15105 0051,16320,44800,61120,14390,47370,61760,12000LIN
R72 15105 0052,15940,50380,66320,14100,51020,65120,12000LIN
R72 15105 0053,16510,35560,52070,14540,47110,61650,12000LIN
R72 15105 0054,17280,41200,58480,10810,34190,45000,12000LIN
R72 15105 0055,16900,41680,58580,14830,43110,57940,12000LIN
R72 15105 0056,20240,44460,64700,18310,51400,69710,12000LIN
R72 15105 0057,19710,40380,60090,17490,47800,65290,12000LIN
R72 15105 0058,18480,34980,53460,16290,45980,62270,12000LIN
R72 15105 0059,17420,40380,57800,15340,47980,63320,12000LIN
R72 15105 0060,16900,41170,58070,14890,34110,49000,12000LIN
R72 15105 0061,16900,45200,62100,14830,48920,63750,12000LIN
R72 15105 0062,16900,43440,60340,14830,45750,60580,12000LIN
R72 15105 0063,16900,39520,56420,14830,38580,53410,12000LIN
R72 15105 0064,16900,41310,58210,14830,44070,58900,12000LIN
R72 15105 0065,17280,45260,62540,15120,48820,63940,12000LIN
R72 15105 0066,23230,38360,61590,19510,46350,65860,12000LIN
R72 15105 0067,17100,44550,61650,14990,50620,65610,12000LIN
R72 15105 0068,16920,41560,58480,14860,48470,63330,12000LIN
R72 15105 0069,16920,40590,57510,14790,46040,60830,12000LIN
R72 15105 0070,18600,34190,52790,16020,42260,58280,12000LIN
R72 15105 0071,14880,40610,55490,13180,43760,56940,12000LIN
R72 15105 0072,18140,40870,59010,15310,49660,64970,12000LIN
R72 15105 0073,22180,43910,66090,17610,60140,77750,12000LIN
R72 15105 0074,16850,37540,54390,14410,45160,59570,12000LIN
R72 15105 0075,16490,39230,55720,14330,46640,60970,12000LIN
R72 15105 0076,16740,37950,54690,14520,40040,54560,12000LIN
R72 15105 0077,16740,35940,52680,14660,42160,56820,12000LIN
R72 15105 0078,16920,38520,55440,14790,45550,60340,12000LIN
R72 15105 0079,17280,38200,55480,15050,44920,59970,12000LIN
R72 15105 0080,17280,42130,59410,15050,47400,62450,12000LIN
R72 15105 0081,17280,51920,69200,15190,96380,111570,12000LIN
R72 15105 0082,23280,38080,61360,19790,48350,68140,12000LIN
R72 15105 0084,16700,38590,55290,14680,40800,55480,12000LIN
R72 15105 0087,1010,0,1010,1030,0,1030,12000LIN
R72 15105 0088,1010,0,1010,1030,0,1030,12000LIN
R72 15106 0001,16320,40700,57020,14460,58740,73200,12000LIN
R72 15106 0002,16320,41500,57820,14460,59430,73890,12000LIN
R72 15106 0003,17340,45480,62820,15290,78030,93320,12000LIN
R72 15106 0004,16320,39340,55660,14460,49530,63990,12000LIN
R72 15106 0005,16930,47860,64790,14960,57890,72850,12000LIN
R72 15106 0006,17340,41270,58610,15290,53480,68770,12000LIN
R72 15106 0007,21420,45870,67290,18590,50810,69400,12000LIN
R72 15106 0008,18560,43510,62070,16280,55300,71580,12000LIN
R72 15106 0009,17950,33960,51910,15780,40370,56150,12000LIN
R72 15106 0010,18360,44870,63230,16110,54130,70240,12000LIN
R72 15106 0011,21830,51640,73470,18920,50280,69200,12000LIN
R72 15106 0013,18560,42740,61300,16280,39250,55530,12000LIN
R72 15106 0015,18360,51560,69920,16110,48380,64490,12000LIN
R72 15106 0016,21830,50380,72210,18920,51890,70810,12000LIN
R72 15106 0018,23660,58230,81890,20400,69750,90150,12000LIN
R72 15106 0020,19790,38500,58290,17270,45510,62780,12000LIN
R72 15106 0021,17340,44450,61790,15290,54920,70210,12000LIN
R72 15106 0022,16930,35140,52070,10690,16310,27000,12000LIN
R72 15106 0023,16730,39980,56710,14790,71290,86080,12000LIN
R72 15106 0024,17340,54200,71540,15290,55160,70450,12000LIN
R72 15106 0025,17140,15360,32500,15120,40880,56000,12000LIN
R72 15106 0026,17140,34910,52050,15120,38920,54040,12000LIN
R72 15106 0027,17140,41460,58600,15120,65430,80550,12000LIN
R72 15106 0028,17140,36620,53760,15120,47410,62530,12000LIN
R72 15106 0029,17340,36110,53450,15290,64710,80000,12000LIN
R72 15106 0030,16730,43810,60540,14790,52470,67260,12000LIN
R72 15106 0031,16930,36600,53530,14960,46750,61710,12000LIN
R72 15106 0032,17340,33600,50940,15290,44820,60110,12000LIN
R72 15106 0033,18160,39040,57200,15950,49640,65590,12000LIN
R72 15106 0034,15100,36030,51130,13470,44010,57480,12000LIN
R72 15106 0035,15100,39580,54680,13470,47140,60610,12000LIN
R72 15106 0036,5810,0,5810,4830,0,4830,12000LIN
R72 15106 0037,18560,37290,55850,16280,45680,61960,12000LIN
R72 15106 0038,16930,48110,65040,14960,56770,71730,12000LIN
R72 15106 0039,16930,53940,70870,14960,68010,82970,12000LIN
R72 15106 0040,16930,46230,63160,14960,60250,75210,12000LIN
R72 15106 0041,8470,0,8470,6760,0,6760,12000LIN
R72 15106 0043,8010,0,8010,6400,0,6400,12000LIN
R72 15106 0044,16640,43330,59970,14670,57310,71980,12000LIN
R72 15106 0045,16480,41470,57950,14620,55830,70450,12000LIN
R72 15106 0046,16480,33730,50210,14620,46860,61480,12000LIN
R72 15106 0047,16480,59900,76380,14620,66640,81260,12000LIN
R72 15106 0048,16480,50000,66480,14620,54500,69120,12000LIN
R72 15106 0049,16480,39190,55670,14620,45830,60450,12000LIN
R72 15106 0050,16480,49800,66280,14620,58830,73450,12000LIN
R72 15106 0051,16480,41860,58340,14620,50350,64970,12000LIN
R72 15106 0052,17510,34490,52000,15460,48650,64110,12000LIN
R72 15106 0053,17100,38690,55790,15130,47160,62290,12000LIN
R72 15106 0054,16890,40950,57840,14960,43120,58080,12000LIN
R72 15106 0055,16120,59150,75270,14300,69820,84120,12000LIN
R72 15106 0056,8060,0,8060,6460,0,6460,12000LIN
R72 15106 0057,16120,39270,55390,14300,51130,65430,12000LIN
R72 15106 0058,16120,46580,62700,14300,26960,41260,12000LIN
R72 15106 0059,16120,30080,46200,14300,35060,49360,12000LIN
R72 15106 0060,16120,41890,58010,14300,49780,64080,12000LIN
R72 15106 0061,16120,42950,59070,14300,49290,63590,12000LIN
R72 15106 0062,16890,33020,49910,14960,39240,54200,12000LIN
R72 15106 0063,16480,34680,51160,14620,41820,56440,12000LIN
R72 15106 0064,16480,37020,53500,14620,47120,61740,12000LIN
R72 15106 0065,16480,38810,55290,14620,49690,64310,12000LIN
R72 15106 0066,16480,43870,60350,14620,50470,65090,12000LIN
R72 15106 0067,16480,41850,58330,14620,51180,65800,12000LIN
R72 15106 0068,16480,38450,54930,14620,48960,63580,12000LIN
R72 15106 0069,16480,42630,59110,14620,46310,60930,12000LIN
R72 15106 0070,16480,37670,54150,14620,44020,58640,12000LIN
R72 15106 0071,16640,40600,57240,14670,43980,58650,12000LIN
R72 15106 0072,18720,31360,50080,16370,48730,65100,12000LIN
R72 15106 0073,6490,0,6490,5760,0,5760,12000LIN
R72 15106 0074,18560,43230,61790,16280,48470,64750,12000LIN
R72 15106 0075,19790,47670,67460,17270,57490,74760,12000LIN
R72 15107 0003,15100,50740,65840,13470,34580,48050,12000LIN
R72 15107 0004,16320,38580,54900,14460,53000,67460,12000LIN
R72 15107 0006,16320,34510,50830,14460,60290,74750,12000LIN
R72 15107 0008,16320,50490,66810,14460,61220,75680,12000LIN
R72 15107 0012,16380,38110,54490,14330,58910,73240,12000LIN
R72 15107 0020,6190,52050,58240,4010,36680,40690,12000LIN
R72 15107 0023,19380,25390,44770,17360,67810,85170,12000LIN
R72 15107 0025,21760,34770,56530,20170,73020,93190,12000LIN
R72 15107 0031,15500,47380,62880,13800,60150,73950,12000LIN
R72 15107 0032,17140,32240,49380,15120,42800,57920,12000LIN
R72 15107 0033,17140,34310,51450,15120,47190,62310,12000LIN
R72 15107 0034,17140,38290,55430,15120,47870,62990,12000LIN
R72 15107 0035,16320,47450,63770,14460,54870,69330,12000LIN
R72 15107 0036,16930,41470,58400,14960,64320,79280,12000LIN
R72 15107 0037,16930,0,16930,14960,0,14960,12000LIN
R72 15107 0038,17140,43720,60860,15120,70900,86020,12000LIN
R72 15107 0039,17140,44620,61760,15120,51830,66950,12000LIN
R72 15107 0040,17140,40290,57430,15120,56840,71960,12000LIN
R72 15107 0041,17140,49660,66800,15120,50450,65570,12000LIN
R72 15107 0042,17140,35180,52320,15120,35540,50660,12000LIN
R72 15107 0043,17140,41280,58420,15120,83150,98270,12000LIN
R72 15107 0044,16000,46110,62110,22400,75780,98180,12000LIN
R72 15107 0046,17140,32170,49310,15120,43620,58740,12000LIN
R72 15107 0047,17140,32310,49450,15120,41590,56710,12000LIN
R72 15107 0048,16930,34870,51800,14960,44390,59350,12000LIN
R72 15107 0049,19780,28260,48040,17320,69680,87000,12000LIN
R72 15107 0051,16070,39350,55420,14280,64360,78640,12000LIN
R72 15107 0053,16070,43320,59390,14280,83200,97480,12000LIN
R72 15107 0054,17300,40920,58220,15290,76840,92130,12000LIN
R72 15107 0055,17300,34510,51810,15290,51080,66370,12000LIN
R72 15107 0056,17100,34720,51820,15130,45330,60460,12000LIN
R72 15107 0057,16120,34020,50140,14300,22170,36470,12000LIN
R72 15107 0058,16120,34520,50640,14300,39940,54240,12000LIN
R72 15107 0059,16120,37220,53340,14300,71940,86240,12000LIN
R72 15107 0060,17340,42760,60100,15290,50900,66190,12000LIN
R72 15107 0061,17140,40890,58030,15120,41890,57010,12000LIN
R72 15107 0062,17140,48750,65890,15120,51130,66250,12000LIN
R72 15107 0063,17140,36930,54070,15120,36920,52040,12000LIN
R72 15107 0064,17140,34320,51460,15120,54970,70090,12000LIN
R72 15107 0065,17340,40420,57760,15290,43320,58610,12000LIN
R72 15107 0066,17340,40030,57370,15290,47380,62670,12000LIN
R72 15107 0067,16320,39510,55830,14460,44650,59110,12000LIN
R72 15107 0068,16320,43130,59450,14460,69820,84280,12000LIN
R72 15107 0072,15740,42730,58470,14010,65820,79830,12000LIN
R72 15108 0001,23800,69190,92990,20260,79570,99830,12000LIN
R72 15108 0003,19150,49400,68550,17270,57840,75110,12000LIN
R72 15108 0005,22930,47190,70120,21260,53250,74510,12000LIN
R72 15108 0006,21060,43620,64680,19410,52330,71740,12000LIN
R72 15108 0007,21060,42340,63400,19410,49490,68900,12000LIN
R72 15108 0009,24570,47200,71770,22880,57340,80220,12000LIN
R72 15108 0010,24570,22880,47450,22880,47420,70300,12000LIN
R72 15108 0011,21060,35290,56350,19410,39230,58640,12000LIN
R72 15108 0012,18400,40460,58860,11280,32290,43570,12000LIN
R72 15108 0036,16480,27050,43530,14620,37360,51980,12000LIN
R72 15108 0047,16320,30870,47190,14460,41960,56420,12000LIN
R72 15108 0048,8960,16520,25480,8390,2000,10390,12000LIN
R72 15108 0049,16120,36310,52430,14300,45270,59570,12000LIN
R72 15108 0050,16120,63030,79150,14300,59910,74210,12000LIN
R72 15108 0051,16120,43300,59420,14300,51880,66180,12000LIN
R72 15108 0052,16120,45070,61190,14300,82200,96500,12000LIN
R72 15108 0053,13760,39180,52940,12450,41600,54050,12000LIN
R72 15108 0054,20200,23300,43500,17960,49850,67810,12000LIN
R72 15108 0055,27440,53080,80520,22910,74360,97270,12000LIN
R72 15108 0058,27310,44220,71530,24290,53970,78260,12000LIN
R72 15108 0059,25970,29890,55860,23110,25000,48110,12000LIN
R72 15108 0060,26500,34860,61360,21450,34630,56080,12000LIN
R72 15108 0061,22450,31140,53590,18580,36520,55100,12000LIN
R72 15109 0006,14200,28830,43030,12730,53260,65990,12000LIN
R72 15109 0016,20160,0,20160,18020,0,18020,12000LIN
R72 15109 0017,10440,0,10440,1800,0,1800,12000LIN
R72 15109 0018,10620,0,10620,1800,0,1800,12000LIN
R72 15109 0019,10800,0,10800,1800,0,1800,12000LIN
R72 15109 0025,20360,46230,66590,18720,56620,75340,12000LIN
R72 15109 0026,21060,47880,68940,19410,61390,80800,12000LIN
R72 15109 0027,21060,50390,71450,19410,71920,91330,12000LIN
R72 15109 0028,21060,46850,67910,19410,46980,66390,12000LIN
R72 15109 0029,19190,48080,67270,17560,64240,81800,12000LIN
R72 15109 0030,21060,43840,64900,19410,57620,77030,12000LIN
R72 15109 0031,21060,35200,56260,19410,45280,64690,12000LIN
R72 15109 0032,21060,44610,65670,19410,47160,66570,12000LIN
R72 15109 0034,21060,45850,66910,19410,53040,72450,12000LIN
R72 15109 0035,21060,47500,68560,19410,54140,73550,12000LIN
R72 15109 0036,24570,40850,65420,22880,45410,68290,12000LIN
R72 15109 0037,21060,42310,63370,19340,50400,69740,12000LIN
R72 15109 0038,20160,49880,70040,17890,60130,78020,12000LIN
R72 15109 0039,18720,53090,71810,16510,66440,82950,12000LIN
R72 15109 0040,22320,44670,66990,18630,71090,89720,12000LIN
R72 15109 0041,25390,51580,76970,20800,65410,86210,12000LIN
R72 15109 0042,18400,36750,55150,15780,49250,65030,12000LIN
R72 15109 0043,18400,37990,56390,15780,51840,67620,12000LIN
R72 15110 0011,16000,79700,95700,22400,84620,107020,12000LIN
R72 15110 0012,18720,29990,48710,17100,28710,45810,12000LIN
R72 15110 0021,19980,41650,61630,17760,46790,64550,12000LIN
R72 15110 0022,19980,36220,56200,17760,47240,65000,12000LIN
R72 15110 0023,23310,49010,72320,20730,55130,75860,12000LIN
R72 15111 0001,17000,34420,51420,14990,47360,62350,12000LIN
R72 15111 0002,17000,42880,59880,14990,42000,56990,12000LIN
R72 15111 0003,17000,44440,61440,14990,43070,58060,12000LIN
R72 15111 0004,17000,30560,47560,14990,41720,56710,12000LIN
R72 15111 0005,17000,35620,52620,14990,53850,68840,12000LIN
R72 15111 0006,17000,33360,50360,14990,34570,49560,12000LIN
R72 15111 0007,17000,36570,53570,14990,39600,54590,12000LIN
R72 15111 0008,23200,35460,58660,19900,34320,54220,12000LIN
R72 15111 0009,20460,40650,61110,18070,40070,58140,12000LIN
R72 15111 0010,19620,34520,54140,17230,54470,71700,12000LIN
R72 15111 0011,19080,41500,60580,16840,48820,65660,12000LIN
R72 15111 0012,18540,39610,58150,16240,44560,60800,12000LIN
R72 15111 0013,17820,33990,51810,15650,43440,59090,12000LIN
R72 15111 0014,17460,38290,55750,15320,47430,62750,12000LIN
R72 15111 0015,25220,33650,58870,21170,42230,63400,12000LIN
R72 15111 0016,17670,39990,57660,15420,54980,70400,12000LIN
R72 15111 0017,16920,37660,54580,14860,48450,63310,12000LIN
R72 15111 0018,16740,34430,51170,14590,38100,52690,12000LIN
R72 15111 0019,21800,40700,62500,19110,59000,78110,12000LIN
R72 15111 0020,19950,34370,54320,17520,62760,80280,12000LIN
R72 15111 0021,23940,43400,67340,21760,60350,82110,12000LIN
R72 15111 0022,23300,55980,79280,20790,61820,82610,12000LIN
R72 15111 0023,16320,42240,58560,14330,62260,76590,12000LIN
R72 15111 0024,20200,45360,65560,17600,54780,72380,12000LIN
R72 15111 0025,19800,42820,62620,17500,95850,113350,12000LIN
R72 15111 0026,17400,43750,61150,14910,51000,65910,12000LIN
R72 15111 0027,16830,43760,60590,14480,43500,57980,12000LIN
R72 15111 0028,18620,36150,54770,16210,45330,61540,12000LIN
R72 15111 0029,21420,50120,71540,20000,62270,82270,12000LIN
R72 15111 0030,20700,46080,66780,18750,54560,73310,12000LIN
R72 15111 0031,19800,46460,66260,17560,54190,71750,12000LIN
R72 15111 0032,23840,46990,70830,20520,55260,75780,12000LIN
R72 15111 0036,21200,38030,59230,18470,49060,67530,12000LIN
R72 15111 0037,21200,52570,73770,18470,53080,71550,12000LIN
R72 15201 0001,17620,50400,68020,12540,71280,83820,33000HEA
R72 15201 0002,16930,41070,58000,12040,52640,64680,33000HEA
R72 15201 0003,17580,42300,59880,12440,66810,79250,33000HEA
R72 15201 0004,17740,66150,83890,12530,86320,98850,33000HEA
R72 15201 0005,17550,23810,41360,12470,87930,100400,33000HEA
R72 15201 0006,17900,45680,63580,12710,72650,85360,33000HEA
R72 15201 0007,17900,38180,56080,12790,48640,61430,33000HEA
R72 15201 0008,18070,36180,54250,12880,61220,74100,33000HEA
R72 15201 0009,18230,40690,58920,11820,26740,38560,33000HEA
R72 15201 0010,18390,44440,62830,13100,68920,82020,33000HEA
R72 15201 0011,18390,19720,38110,13190,77880,91070,33000HEA
R72 15201 0012,18550,36350,54900,13280,69560,82840,33000HEA
R72 15201 0013,18550,31340,49890,13370,71280,84650,33000HEA
R72 15201 0014,18720,73780,92500,13460,78740,92200,33000HEA
R72 15201 0015,18520,43470,61990,13290,77610,90900,33000HEA
R72 15201 0016,18190,42300,60490,13030,54190,67220,33000HEA
R72 15201 0017,17870,41950,59820,12770,64270,77040,33000HEA
R72 15201 0018,17710,43560,61270,12560,66170,78730,33000HEA
R72 15201 0019,17390,56510,73900,12340,73050,85390,33000HEA
R72 15201 0020,17040,38390,55430,12030,63060,75090,33000HEA
R72 15201 0021,16880,43100,59980,11900,73530,85430,33000HEA
R72 15201 0022,16720,36640,53360,11810,62370,74180,33000HEA
R72 15201 0023,16560,55270,71830,11770,67560,79330,33000HEA
R72 15201 0024,16560,12190,28750,11730,39540,51270,33000HEA
R72 15201 0025,16560,48540,65100,11730,84760,96490,33000HEA
R72 15201 0026,16560,48430,64990,11730,63620,75350,33000HEA
R72 15201 0027,16560,42320,58880,11770,70850,82620,33000HEA
R72 15201 0028,17470,38170,55640,12400,59590,71990,33000HEA
R72 15201 0029,18330,39860,58190,13020,62600,75620,33000HEA
R72 15201 0030,17580,44050,61630,12440,66450,78890,33000HEA
R72 15201 0031,17580,37490,55070,12440,48860,61300,33000HEA
R72 15201 0032,17580,42780,60360,12440,64620,77060,33000HEA
R72 15201 0033,17580,43830,61410,12440,69160,81600,33000HEA
R72 15201 0034,17580,49330,66910,12440,66770,79210,33000HEA
R72 15201 0035,17580,38790,56370,12440,62100,74540,33000HEA
R72 15201 0036,17580,40950,58530,12440,55980,68420,33000HEA
R72 15201 0037,17580,38840,56420,12440,62830,75270,33000HEA
R72 15201 0038,17580,41800,59380,12440,55540,67980,33000HEA
R72 15201 0039,17580,49350,66930,12440,96750,109190,33000HEA
R72 15201 0040,17390,37300,54690,12300,65530,77830,33000HEA
R72 15201 0041,17580,34770,52350,12440,55050,67490,33000HEA
R72 15201 0042,17580,36490,54070,12440,57420,69860,33000HEA
R72 15201 0043,17580,39460,57040,12440,62250,74690,33000HEA
R72 15201 0044,17390,40820,58210,12300,78160,90460,33000HEA
R72 15201 0045,17390,45490,62880,12300,76160,88460,33000HEA
R72 15201 0046,17390,42020,59410,12300,66890,79190,33000HEA
R72 15201 0047,17390,41250,58640,12300,63810,76110,33000HEA
R72 15201 0048,17390,39240,56630,12300,65860,78160,33000HEA
R72 15201 0049,17390,49230,66620,12300,68110,80410,33000HEA
R72 15201 0050,17390,43000,60390,12300,76450,88750,33000HEA
R72 15201 0051,17390,40030,57420,12300,67040,79340,33000HEA
R72 15201 0052,17390,37590,54980,12300,70790,83090,33000HEA
R72 15201 0053,17390,39740,57130,12300,76100,88400,33000HEA
R72 15201 0054,17390,37550,54940,12300,65630,77930,33000HEA
R72 15201 0055,8690,0,8690,5510,0,5510,33000HEA
R72 15201 0056,17390,36910,54300,12300,47620,59920,33000HEA
R72 15201 0057,18330,50820,69150,13020,92480,105500,33000HEA
R72 15201 0058,16790,40150,56940,11890,74630,86520,33000HEA
R72 15201 0059,17090,40530,57620,12090,62430,74520,33000HEA
R72 15201 0060,17090,43610,60700,12090,53690,65780,33000HEA
R72 15201 0061,17090,40400,57490,12090,64300,76390,33000HEA
R72 15201 0062,17090,46650,63740,12090,79020,91110,33000HEA
R72 15201 0063,17090,50200,67290,12090,67620,79710,33000HEA
R72 15201 0064,16910,60870,77780,11950,89160,101110,33000HEA
R72 15201 0065,16910,39540,56450,11950,55090,67040,33000HEA
R72 15201 0066,16910,42690,59600,11950,55850,67800,33000HEA
R72 15201 0067,16910,47930,64840,11950,65450,77400,33000HEA
R72 15201 0068,17090,33870,50960,12090,70460,82550,33000HEA
R72 15201 0069,17090,40840,57930,12090,79160,91250,33000HEA
R72 15201 0070,8540,0,8540,5410,0,5410,33000HEA
R72 15201 0071,17090,59510,76600,12090,90290,102380,33000HEA
R72 15201 0073,1210,0,1210,800,0,800,33000HEA
R72 15202 0001,17270,36920,54190,12220,49300,61520,33000HEA
R72 15202 0002,17090,15420,32510,12090,27560,39650,33000HEA
R72 15202 0003,17090,46860,63950,12090,66610,78700,33000HEA
R72 15202 0004,17090,25500,42590,12090,56210,68300,33000HEA
R72 15202 0005,16910,37440,54350,11950,50340,62290,33000HEA
R72 15202 0006,16910,39320,56230,11950,63740,75690,33000HEA
R72 15202 0007,16910,43470,60380,11950,69820,81770,33000HEA
R72 15202 0008,16910,51080,67990,11950,72040,83990,33000HEA
R72 15202 0009,16910,51840,68750,11950,65190,77140,33000HEA
R72 15202 0010,17090,31810,48900,12090,56980,69070,33000HEA
R72 15202 0011,17090,37890,54980,12090,61190,73280,33000HEA
R72 15202 0012,17090,43900,60990,12090,62910,75000,33000HEA
R72 15202 0013,17090,53260,70350,12090,65660,77750,33000HEA
R72 15202 0014,17640,37830,55470,12490,67950,80440,33000HEA
R72 15202 0015,17820,52200,70020,12630,68120,80750,33000HEA
R72 15202 0016,17090,41780,58870,12090,65870,77960,33000HEA
R72 15202 0017,17090,43720,60810,12090,85710,97800,33000HEA
R72 15202 0018,17090,50740,67830,12090,63110,75200,33000HEA
R72 15202 0019,17090,52710,69800,12090,65180,77270,33000HEA
R72 15202 0020,17270,52100,69370,12220,93770,105990,33000HEA
R72 15202 0021,17270,46020,63290,12220,63390,75610,33000HEA
R72 15202 0022,17090,51310,68400,12090,67160,79250,33000HEA
R72 15202 0023,17090,38200,55290,12090,52140,64230,33000HEA
R72 15202 0024,17090,53400,70490,12090,80100,92190,33000HEA
R72 15202 0025,17090,47610,64700,12090,72170,84260,33000HEA
R72 15202 0026,17640,49910,67550,12490,86210,98700,33000HEA
R72 15202 0028,16540,40010,56550,11680,69040,80720,33000HEA
R72 15202 0029,6390,42200,48590,4480,56020,60500,33000HEA
R72 15202 0030,16720,39490,56210,11810,64460,76270,33000HEA
R72 15202 0031,7570,5200,12770,5380,4420,9800,33000HEA
R72 15202 0032,16720,41440,58160,11810,57230,69040,33000HEA
R72 15202 0033,16720,45470,62190,11810,54160,65970,33000HEA
R72 15202 0034,16720,36800,53520,11810,49400,61210,33000HEA
R72 15202 0035,16720,55920,72640,11810,77210,89020,33000HEA
R72 15202 0036,16720,46150,62870,11810,72980,84790,33000HEA
R72 15202 0037,16720,51380,68100,11810,57180,68990,33000HEA
R72 15202 0038,16720,40170,56890,11810,75870,87680,33000HEA
R72 15202 0039,16720,43750,60470,11810,70730,82540,33000HEA
R72 15202 0040,16720,51520,68240,11810,64180,75990,33000HEA
R72 15202 0041,16720,43190,59910,11810,60630,72440,33000HEA
R72 15202 0042,17640,50910,68550,12490,74200,86690,33000HEA
R72 15202 0043,20100,51820,71920,13840,69670,83510,33000HEA
R72 15202 0044,16140,52270,68410,11430,61440,72870,33000HEA
R72 15202 0045,17550,55490,73040,12470,66920,79390,33000HEA
R72 15202 0046,17710,39450,57160,12510,49720,62230,33000HEA
R72 15202 0047,18520,40270,58790,13290,50820,64110,33000HEA
R72 15202 0048,17870,50990,68860,12730,62310,75040,33000HEA
R72 15202 0049,17580,41380,58960,12400,64250,76650,33000HEA
R72 15202 0050,16560,40910,57470,11730,56330,68060,33000HEA
R72 15202 0051,17460,53700,71160,12360,87430,99790,33000HEA
R72 15202 0052,18290,50140,68430,13050,74820,87870,33000HEA
R72 15202 0053,18950,43130,62080,13700,65140,78840,33000HEA
R72 15202 0054,19450,42850,62300,14300,56200,70500,33000HEA
R72 15202 0055,19640,53260,72900,14170,71140,85310,33000HEA
R72 15202 0056,17710,48940,66650,12510,73360,85870,33000HEA
R72 15202 0057,17550,46330,63880,12470,70040,82510,33000HEA
R72 15202 0058,18030,41280,59310,12820,60590,73410,33000HEA
R72 15202 0059,19640,56530,76170,13560,65090,78650,33000HEA
R72 15202 0060,17390,47650,65040,12270,63810,76080,33000HEA
R72 15202 0061,19900,48930,68830,13850,60960,74810,33000HEA
R72 15202 0062,18880,51280,70160,13020,68550,81570,33000HEA
R72 15202 0063,16560,52510,69070,11640,68820,80460,33000HEA
R72 15202 0064,18310,52400,70710,13120,69220,82340,33000HEA
R72 15202 0065,17580,41660,59240,12480,74130,86610,33000HEA
R72 15202 0066,16440,59630,76070,11690,52090,63780,33000HEA
R72 15202 0068,16670,37890,54560,11760,66150,77910,33000HEA
R72 15202 0070,1190,0,1190,800,0,800,33000HEA
R72 15202 0072,18900,43980,62880,13400,70900,84300,33000HEA
R72 15202 0073,17090,49370,66460,11960,60810,72770,33000HEA
R72 15203 0001,17680,47500,65180,12520,74020,86540,33000HEA
R72 15203 0002,4890,0,4890,3540,0,3540,33000HEA
R72 15203 0003,18810,41590,60400,12960,77780,90740,33000HEA
R72 15203 0004,18670,18910,37580,13160,79430,92590,33000HEA
R72 15203 0005,20250,51610,71860,13990,74960,88950,33000HEA
R72 15203 0007,19430,41510,60940,13970,60000,73970,33000HEA
R72 15203 0008,20480,46900,67380,15150,54700,69850,33000HEA
R72 15203 0009,16420,51360,67780,11690,92010,103700,33000HEA
R72 15203 0010,16070,44470,60540,11430,57030,68460,33000HEA
R72 15203 0011,16420,43690,60110,11690,59950,71640,33000HEA
R72 15203 0012,16420,53650,70070,11690,58480,70170,33000HEA
R72 15203 0013,16420,50660,67080,11690,69750,81440,33000HEA
R72 15203 0014,16960,35140,52100,12080,129680,141760,33000HEA
R72 15203 0015,8480,0,8480,5370,0,5370,33000HEA
R72 15203 0016,16800,34060,50860,11930,62720,74650,33000HEA
R72 15203 0017,16300,46320,62620,11570,64460,76030,33000HEA
R72 15203 0018,16220,60020,76240,11480,90600,102080,33000HEA
R72 15203 0019,16160,41660,57820,11450,54960,66410,33000HEA
R72 15203 0020,14400,0,14400,15840,0,15840,33000HEA
R72 15203 0021,21470,59180,80650,14680,76400,91080,33000HEA
R72 15203 0022,19350,49980,69330,13620,66590,80210,33000HEA
R72 15203 0023,20550,49650,70200,14030,62530,76560,33000HEA
R72 15203 0024,16910,49500,66410,11960,68390,80350,33000HEA
R72 15203 0025,18100,46870,64970,12730,56140,68870,33000HEA
R72 15203 0026,18480,49660,68140,13100,62570,75670,33000HEA
R72 15203 0027,16580,46970,63550,11730,64560,76290,33000HEA
R72 15203 0028,16260,33320,49580,11520,37860,49380,33000HEA
R72 15203 0029,20370,48320,68690,14320,63220,77540,33000HEA
R72 15203 0030,16630,34730,51360,11680,39900,51580,33000HEA
R72 15203 0031,9090,8440,17530,6450,8000,14450,33000HEA
R72 15203 0032,17930,35080,53010,12720,42090,54810,33000HEA
R72 15203 0033,17810,34320,52130,12590,41650,54240,33000HEA
R72 15203 0034,16600,34120,50720,11730,42750,54480,33000HEA
R72 15203 0035,16260,42380,58640,11560,48090,59650,33000HEA
R72 15203 0036,16420,35530,51950,11600,44770,56370,33000HEA
R72 15203 0038,23030,37580,60610,16410,53050,69460,33000HEA
R72 15203 0039,20130,37540,57670,14340,45800,60140,33000HEA
R72 15203 0040,17500,38270,55770,12440,49150,61590,33000HEA
R72 15203 0041,17500,38160,55660,12440,51680,64120,33000HEA
R72 15203 0044,16260,40140,56400,11560,54740,66300,33000HEA
R72 15203 0055,5590,0,5590,4040,0,4040,33000HEA
R72 15205 0001,15890,36770,52660,11220,52060,63280,33000HEA
R72 15205 0002,18870,48680,67550,13290,61280,74570,33000HEA
R72 15205 0003,16730,42810,59540,11770,71090,82860,33000HEA
R72 15205 0004,17440,50970,68410,12350,91710,104060,33000HEA
R72 15205 0005,23030,52530,75560,15970,82160,98130,33000HEA
R72 15205 0006,16410,37200,53610,11570,67400,78970,33000HEA
R72 15205 0007,16840,49220,66060,11680,89920,101600,33000HEA
R72 15205 0008,17480,55720,73200,12020,0,12020,33000HEA
R72 15205 0009,9350,0,9350,5870,0,5870,33000HEA
R72 15205 0010,7810,0,7810,4950,0,4950,33000HEA
R72 15205 0011,18190,53100,71290,12540,90940,103480,33000HEA
R72 15205 0012,20550,58450,79000,14120,84340,98460,33000HEA
R72 15205 0013,1340,0,1340,220,0,220,33000HEA
R72 15205 0014,10870,0,10870,6750,0,6750,33000HEA
R72 15205 0015,11100,0,11100,7020,0,7020,33000HEA
R72 15205 0016,40870,45950,86820,35700,100060,135760,33000HEA
R72 15205 0017,10480,0,10480,6500,0,6500,33000HEA
R72 15205 0026,39910,61210,101120,35910,75720,111630,33000HEA
R72 15205 0027,21340,73470,94810,14660,92420,107080,33000HEA
R72 15206 0001,17470,56230,73700,12360,83570,95930,33000HEA
R72 15206 0002,17150,42940,60090,12110,68020,80130,33000HEA
R72 15206 0003,16100,48900,65000,11390,60480,71870,33000HEA
R72 15206 0004,16600,49680,66280,11730,79180,90910,33000HEA
R72 15206 0005,16760,50650,67410,11860,72260,84120,33000HEA
R72 15206 0006,16760,48680,65440,11910,61430,73340,33000HEA
R72 15206 0007,16760,49080,65840,11910,67390,79300,33000HEA
R72 15206 0008,18570,53260,71830,13170,78590,91760,33000HEA
R72 15206 0009,17500,43290,60790,12420,96890,109310,33000HEA
R72 15206 0010,16800,37310,54110,11930,61050,72980,33000HEA
R72 15206 0011,16280,38850,55130,11550,49540,61090,33000HEA
R72 15206 0012,16280,47140,63420,11550,74640,86190,33000HEA
R72 15206 0013,16280,40130,56410,11550,74110,85660,33000HEA
R72 15206 0014,16280,53930,70210,11550,81830,93380,33000HEA
R72 15206 0015,16280,45770,62050,11550,61850,73400,33000HEA
R72 15206 0016,16280,52220,68500,11550,74950,86500,33000HEA
R72 15206 0017,16280,42000,58280,9200,0,9200,33000HEA
R72 15206 0018,16280,45940,62220,11550,54730,66280,33000HEA
R72 15206 0019,16280,39790,56070,11550,66970,78520,33000HEA
R72 15206 0020,23800,60220,84020,16870,106280,123150,33000HEA
R72 15206 0022,16280,42150,58430,11550,60140,71690,33000HEA
R72 15206 0023,16280,37310,53590,11550,48300,59850,33000HEA
R72 15206 0024,16280,46380,62660,11550,64340,75890,33000HEA
R72 15206 0025,8130,0,8130,5170,0,5170,33000HEA
R72 15206 0026,16280,49110,65390,11550,69300,80850,33000HEA
R72 15206 0027,16280,29150,45430,10530,20370,30900,33000HEA
R72 15206 0028,16440,42890,59330,11690,67140,78830,33000HEA
R72 15206 0029,17140,46290,63430,12160,75610,87770,33000HEA
R72 15206 0030,18030,70430,88460,12780,79600,92380,33000HEA
R72 15206 0031,17670,22230,39900,12500,57630,70130,33000HEA
R72 15206 0032,16260,43840,60100,11560,62750,74310,33000HEA
R72 15206 0033,8220,0,8220,5210,0,5210,33000HEA
R72 15206 0034,16260,55610,71870,11520,70420,81940,33000HEA
R72 15206 0035,16100,57180,73280,11430,81180,92610,33000HEA
R72 15206 0036,8050,0,8050,5110,0,5110,33000HEA
R72 15206 0037,16100,47620,63720,11390,53900,65290,33000HEA
R72 15206 0038,15790,45600,61390,11240,84410,95650,33000HEA
R72 15206 0039,15460,41130,56590,10950,55370,66320,33000HEA
R72 15206 0041,15920,64100,80020,11640,104580,116220,33000HEA
R72 15206 0042,12300,37620,49920,9040,52660,61700,33000HEA
R72 15206 0043,25240,38480,63720,21140,65860,87000,33000HEA
R72 15207 0001,16800,40370,57170,11930,51340,63270,33000HEA
R72 15207 0002,17500,47150,64650,12420,64810,77230,33000HEA
R72 15207 0003,17330,45040,62370,12300,83790,96090,33000HEA
R72 15207 0004,16100,47220,63320,11430,69500,80930,33000HEA
R72 15207 0005,16100,40810,56910,11430,59110,70540,33000HEA
R72 15207 0006,16100,42810,58910,11430,78160,89590,33000HEA
R72 15207 0007,16100,42190,58290,11430,57490,68920,33000HEA
R72 15207 0008,16100,42110,58210,11430,70510,81940,33000HEA
R72 15207 0009,16100,63600,79700,11430,106610,118040,33000HEA
R72 15207 0010,17870,47240,65110,12730,72700,85430,33000HEA
R72 15207 0011,17870,48380,66250,12690,77300,89990,33000HEA
R72 15207 0012,17710,32840,50550,12640,56580,69220,33000HEA
R72 15207 0013,17710,46480,64190,12600,58890,71490,33000HEA
R72 15207 0014,25450,44950,70400,18980,77890,96870,33000HEA
R72 15207 0015,20320,54100,74420,13940,79150,93090,33000HEA
R72 15207 0020,14310,37710,52020,10240,61130,71370,33000HEA
R72 15207 0021,15630,26230,41860,11060,42410,53470,33000HEA
R72 15207 0022,15300,34610,49910,10910,63360,74270,33000HEA
R72 15207 0023,15460,30540,46000,11010,37100,48110,33000HEA
R72 15207 0024,1770,37440,39210,20640,49520,70160,33000HEA
R72 15207 0025,17330,48010,65340,12300,96100,108400,33000HEA
R72 15207 0026,8660,0,8660,5510,0,5510,33000HEA
R72 15207 0027,17330,47440,64770,12300,73550,85850,33000HEA
R72 15207 0028,17330,45770,63100,12300,65840,78140,33000HEA
R72 15207 0029,17500,48680,66180,12420,63650,76070,33000HEA
R72 15207 0030,17500,45060,62560,12420,74370,86790,33000HEA
R72 15207 0031,17500,47970,65470,12420,88800,101220,33000HEA
R72 15208 0023,54690,51520,106210,46190,78330,124520,33000HEA
R72 15209 0001,14990,28140,43130,9640,40890,50530,33000EAH
R72 15209 0002,14990,27290,42280,9640,65930,75570,33000EAH
R72 15209 0003,14990,32020,47010,9640,73840,83480,33000EAH
R72 15209 0004,14990,33770,48760,9640,41410,51050,33000EAH
R72 15209 0005,14990,31690,46680,9640,72110,81750,33000EAH
R72 15209 0006,14990,22590,37580,9640,28580,38220,33000EAH
R72 15209 0007,6370,0,6370,4090,0,4090,33000EAH
R72 15209 0008,14990,33030,48020,9640,117050,126690,33000EAH
R72 15209 0009,6370,0,6370,4090,0,4090,33000EAH
R72 15209 0010,14990,41540,56530,9640,50330,59970,33000EAH
R72 15209 0011,14990,24370,39360,9640,34270,43910,33000EAH
R72 15209 0012,14990,35790,50780,9640,49660,59300,33000EAH
R72 15209 0013,14990,34630,49620,9640,41300,50940,33000EAH
R72 15209 0014,14990,32330,47320,9640,44630,54270,33000EAH
R72 15209 0015,14990,17460,32450,9640,19800,29440,33000EAH
R72 15209 0016,6370,0,6370,4090,0,4090,33000EAH
R72 15209 0017,14990,32970,47960,9640,50760,60400,33000EAH
R72 15209 0018,14990,26190,41180,9640,32780,42420,33000EAH
R72 15209 0019,14990,28870,43860,9640,35960,45600,33000EAH
R72 15209 0020,14990,30930,45920,9640,44180,53820,33000EAH
R72 15209 0021,14990,31500,46490,9640,51940,61580,33000EAH
R72 15209 0022,14990,34740,49730,9640,59610,69250,33000EAH
R72 15209 0023,14990,27430,42420,9640,42030,51670,33000EAH
R72 15209 0024,14990,38560,53550,9640,51130,60770,33000EAH
R72 15209 0025,14990,25690,40680,9640,33050,42690,33000EAH
R72 15209 0026,14990,33260,48250,9640,48130,57770,33000EAH
R72 15209 0027,14990,28120,43110,9640,35610,45250,33000EAH
R72 15209 0028,14990,31100,46090,9640,48870,58510,33000EAH
R72 15209 0029,14990,35220,50210,9640,47940,57580,33000EAH
R72 15209 0030,14990,30430,45420,9640,40980,50620,33000EAH
R72 15209 0031,14990,22630,37620,9640,36320,45960,33000EAH
R72 15209 0032,14990,27300,42290,9640,37180,46820,33000EAH
R72 15209 0033,14990,29520,44510,9640,40530,50170,33000EAH
R72 15209 0034,14990,29150,44140,9640,36740,46380,33000EAH
R72 15209 0035,14990,32510,47500,9640,41270,50910,33000EAH
R72 15209 0036,21060,41880,62940,13630,58280,71910,33000EAH
R72 15209 0038,14990,34890,49880,9640,49310,58950,33000EAH
R72 15209 0039,14990,22100,37090,9640,40310,49950,33000EAH
R72 15209 0040,6370,0,6370,4090,0,4090,33000EAH
R72 15209 0041,14990,35390,50380,9640,68340,77980,33000EAH
R72 15209 0042,14990,39650,54640,9640,54130,63770,33000EAH
R72 15209 0043,14990,31400,46390,9640,41210,50850,33000EAH
R72 15209 0044,14990,30730,45720,9640,37990,47630,33000EAH
R72 15209 0045,14990,27350,42340,9640,42270,51910,33000EAH
R72 15209 0046,14990,47270,62260,9640,63310,72950,33000EAH
R72 15209 0047,14990,31490,46480,9640,54500,64140,33000EAH
R72 15209 0048,14990,30290,45280,9640,49420,59060,33000EAH
R72 15209 0049,14990,32120,47110,9640,38840,48480,33000EAH
R72 15209 0050,14990,35130,50120,9640,49820,59460,33000EAH
R72 15209 0051,14990,35260,50250,9640,49040,58680,33000EAH
R72 15209 0052,21060,22440,43500,13630,74030,87660,33000EAH
R72 15209 0054,14990,27020,42010,9640,37030,46670,33000EAH
R72 15209 0055,14990,28360,43350,9640,35390,45030,33000EAH
R72 15209 0056,14990,31200,46190,9640,25360,35000,33000EAH
R72 15209 0057,14990,34200,49190,9640,50420,60060,33000EAH
R72 15209 0058,14990,37270,52260,9640,45140,54780,33000EAH
R72 15209 0059,14990,29840,44830,9640,42810,52450,33000EAH
R72 15209 0061,14990,37780,52770,9640,49070,58710,33000EAH
R72 15209 0062,14990,32930,47920,9640,36930,46570,33000EAH
R72 15209 0063,14990,29150,44140,9640,36510,46150,33000EAH
R72 15209 0064,14990,20580,35570,9640,29360,39000,33000EAH
R72 15209 0065,14990,28780,43770,9640,45300,54940,33000EAH
R72 15209 0066,14990,31560,46550,9640,40800,50440,33000EAH
R72 15209 0067,6370,0,6370,4090,0,4090,33000EAH
R72 15209 0068,18030,28850,46880,11630,47670,59300,33000EAH
R72 15209 0069,14990,27820,42810,9640,44750,54390,33000EAH
R72 15209 0070,14990,32540,47530,9640,39930,49570,33000EAH
R72 15209 0071,14990,38890,53880,8480,23080,31560,33000EAH
R72 15209 0072,14990,37330,52320,9640,53160,62800,33000EAH
R72 15209 0073,14990,38520,53510,9640,48330,57970,33000EAH
R72 15209 0074,14990,32300,47290,9640,44850,54490,33000EAH
R72 15209 0075,14990,34410,49400,9640,50380,60020,33000EAH
R72 15209 0076,14990,45960,60950,9640,47200,56840,33000EAH
R72 15209 0077,14990,36550,51540,9640,52830,62470,33000EAH
R72 15209 0078,6370,0,6370,4090,0,4090,33000EAH
R72 15209 0079,14990,49830,64820,9640,48220,57860,33000EAH
R72 15209 0080,14990,35710,50700,9640,15680,25320,33000EAH
R72 15209 0081,15170,40070,55240,9750,63360,73110,33000EAH
R72 15209 0082,6370,0,6370,4090,0,4090,33000EAH
R72 15209 0083,14990,31290,46280,9640,43720,53360,33000EAH
R72 15209 0084,6370,0,6370,4090,0,4090,33000EAH
R72 15209 0085,14990,28830,43820,9640,48450,58090,33000EAH
R72 15209 0086,14990,28530,43520,9640,36170,45810,33000EAH
R72 15209 0087,14990,46830,61820,9640,62070,71710,33000EAH
R72 15209 0088,14990,46830,61820,9640,62070,71710,33000EAH
R72 15209 0089,14990,32170,47160,9640,38670,48310,33000EAH
R72 15209 0090,14990,33290,48280,9640,54030,63670,33000EAH
R72 15209 0091,14990,26510,41500,9640,46070,55710,33000EAH
R72 15209 0092,14990,37400,52390,9640,54490,64130,33000EAH
R72 15209 0093,14990,40330,55320,9640,57620,67260,33000EAH
R72 15209 0094,14990,21420,36410,9640,28010,37650,33000EAH
R72 15209 0095,7490,2330,9820,4820,3080,7900,33000EAH
R72 15209 0096,14990,30570,45560,9640,42300,51940,33000EAH
R72 15209 0100,14990,28660,43650,9640,41070,50710,33000EAH
R72 15210 0001,14990,28200,43190,9640,34500,44140,33000EAH
R72 15210 0002,14990,29670,44660,9640,37190,46830,33000EAH
R72 15210 0003,14990,6010,21000,9640,37500,47140,33000EAH
R72 15210 0004,14990,25810,40800,9640,29980,39620,33000EAH
R72 15210 0005,14990,16820,31810,9640,35690,45330,33000EAH
R72 15210 0006,14990,46270,61260,9640,56750,66390,33000EAH
R72 15210 0007,14990,31480,46470,9640,46850,56490,33000EAH
R72 15210 0008,14990,29660,44650,9640,41920,51560,33000EAH
R72 15210 0009,14990,34140,49130,9640,49570,59210,33000EAH
R72 15210 0013,14820,32560,47380,9520,43660,53180,33000EAH
R72 15210 0014,14820,44270,59090,9520,54200,63720,33000EAH
R72 15210 0015,14820,30110,44930,9520,34390,43910,33000EAH
R72 15210 0016,14820,30770,45590,9520,48280,57800,33000EAH
R72 15210 0017,14820,36110,50930,9520,49100,58620,33000EAH
R72 15210 0018,14820,46410,61230,9520,58340,67860,33000EAH
R72 15210 0019,14820,30890,45710,9520,44530,54050,33000EAH
R72 15210 0020,14820,39860,54680,9520,49820,59340,33000EAH
R72 15210 0021,14100,31000,45100,9050,76540,85590,33000EAH
R72 15210 0022,14570,39200,53770,9600,56500,66100,33000EAH
R72 15210 0024,5780,0,5780,3710,0,3710,33000EAH
R72 15210 0025,14280,29960,44240,9170,41890,51060,33000EAH
R72 15210 0026,14820,33820,48640,9520,36810,46330,33000EAH
R72 15210 0027,14820,32250,47070,9520,44680,54200,33000EAH
R72 15210 0028,14820,29060,43880,9520,30750,40270,33000EAH
R72 15210 0029,14820,23830,38650,9520,40120,49640,33000EAH
R72 15210 0030,14820,50220,65040,9520,62350,71870,33000EAH
R72 15210 0031,14820,29250,44070,9520,40260,49780,33000EAH
R72 15210 0032,14820,31140,45960,9520,31270,40790,33000EAH
R72 15210 0033,14820,29960,44780,9520,36380,45900,33000EAH
R72 15210 0034,18030,40690,58720,11630,50380,62010,33000EAH
R72 15210 0036,17850,38060,55910,11520,48610,60130,33000EAH
R72 15210 0037,14990,53230,68220,9640,66650,76290,33000EAH
R72 15210 0038,14990,47450,62440,9640,12160,21800,33000EAH
R72 15210 0039,15710,35590,51300,10110,50980,61090,33000EAH
R72 15210 0041,14820,31860,46680,9520,49250,58770,33000EAH
R72 15210 0042,14990,30260,45250,9640,41800,51440,33000EAH
R72 15210 0043,14990,30880,45870,9640,38070,47710,33000EAH
R72 15210 0044,14990,50900,65890,9640,62070,71710,33000EAH
R72 15210 0045,14990,32590,47580,9640,44940,54580,33000EAH
R72 15210 0046,14990,29830,44820,9640,37480,47120,33000EAH
R72 15210 0047,7490,0,7490,4340,0,4340,33000EAH
R72 15210 0048,14990,35700,50690,9640,51150,60790,33000EAH
R72 15210 0049,14990,31230,46220,9640,50390,60030,33000EAH
R72 15210 0050,14990,41060,56050,9640,50780,60420,33000EAH
R72 15210 0051,14990,29410,44400,9640,45610,55250,33000EAH
R72 15210 0052,7490,0,7490,4340,0,4340,33000EAH
R72 15210 0053,14990,25550,40540,9640,32530,42170,33000EAH
R72 15210 0054,14990,50900,65890,9640,62070,71710,33000EAH
R72 15210 0055,14990,30520,45510,9640,38270,47910,33000EAH
R72 15210 0056,14990,43820,58810,9640,57470,67110,33000EAH
R72 15210 0057,14990,46450,61440,9640,58840,68480,33000EAH
R72 15210 0058,14990,26060,41050,9640,49630,59270,33000EAH
R72 15210 0059,14820,23810,38630,9520,31050,40570,33000EAH
R72 15210 0060,14820,26760,41580,9520,20100,29620,33000EAH
R72 15210 0061,14820,18880,33700,9520,36570,46090,33000EAH
R72 15210 0062,14820,34000,48820,9520,50200,59720,33000EAH
R72 15210 0063,14820,40930,55750,4280,0,4280,33000EAH
R72 15210 0064,14820,35600,50420,9520,22780,32300,33000EAH
R72 15210 0065,14820,34960,49780,9520,50800,60320,33000EAH
R72 15210 0066,14820,30300,45120,9520,42900,52420,33000EAH
R72 15210 0067,14820,50900,65720,9520,54670,64190,33000EAH
R72 15210 0068,14280,40680,54960,9170,22250,31420,33000EAH
R72 15210 0069,14280,5550,19830,4580,3000,7580,33000EAH
R72 15210 0070,16420,40810,57230,10580,50790,61370,33000EAH
R72 15210 0071,16420,34540,50960,10580,47860,58440,33000EAH
R72 15210 0073,16420,50730,67150,10580,60310,70890,33000EAH
R72 15210 0075,14820,59940,74760,9520,12470,21990,33000EAH
R72 15210 0077,14820,41520,56340,9520,55700,65220,33000EAH
R72 15210 0078,6290,0,6290,4040,0,4040,33000EAH
R72 15210 0079,14820,49070,63890,9520,78470,87990,33000EAH
R72 15210 0080,14820,26240,41060,9520,39310,48830,33000EAH
R72 15210 0081,14990,40260,55250,9640,63050,72690,33000EAH
R72 15210 0082,14990,34480,49470,9640,49210,58850,33000EAH
R72 15210 0084,14990,44490,59480,9640,51190,60830,33000EAH
R72 15210 0086,14990,30880,45870,9640,43160,52800,33000EAH
R72 15210 0087,6370,0,6370,4090,0,4090,33000EAH
R72 15210 0088,14990,35660,50650,9640,48890,58530,33000EAH
R72 15210 0089,14990,32540,47530,9640,22450,32090,33000EAH
R72 15210 0090,5960,0,5960,3440,0,3440,33000EAH
R72 15210 0091,2980,0,2980,1910,0,1910,33000EAH
R72 15210 0092,14990,42560,57550,9640,50590,60230,33000EAH
R72 15210 0093,6370,0,6370,4090,0,4090,33000EAH
R72 15210 0094,14990,50900,65890,9640,54670,64310,33000EAH
R72 15210 0095,14990,45900,60890,9640,55820,65460,33000EAH
R72 15210 0097,14460,30380,44840,9280,38680,47960,33000EAH
R72 15210 0103,16290,45870,62160,10470,64660,75130,33000EAH
R72 15211 0001,18520,37590,56110,11810,45590,57400,33000EAH
R72 15211 0002,16100,28580,44680,10390,41400,51790,33000EAH
R72 15211 0003,16100,30600,46700,10390,37810,48200,33000EAH
R72 15211 0004,16100,43020,59120,10390,59490,69880,33000EAH
R72 15211 0005,16100,27680,43780,10390,29180,39570,33000EAH
R72 15211 0006,16280,19860,36140,10430,33350,43780,33000EAH
R72 15211 0007,16280,30130,46410,10430,40830,51260,33000EAH
R72 15211 0008,16280,23250,39530,10430,33520,43950,33000EAH
R72 15211 0009,16280,31320,47600,10430,39830,50260,33000EAH
R72 15211 0010,16280,28240,44520,10430,35020,45450,33000EAH
R72 15211 0011,16280,30560,46840,10430,39230,49660,33000EAH
R72 15211 0012,16280,14650,30930,10430,36920,47350,33000EAH
R72 15211 0013,16280,34730,51010,10430,43520,53950,33000EAH
R72 15211 0014,16280,29720,46000,10430,36640,47070,33000EAH
R72 15211 0015,16440,29940,46380,10580,36530,47110,33000EAH
R72 15211 0016,18000,13070,31070,18000,33050,51050,33000EAH
R72 15211 0017,18000,30410,48410,18000,36850,54850,33000EAH
R72 15211 0018,18000,32120,50120,18000,33790,51790,33000EAH
R72 15211 0019,18000,31150,49150,18000,39150,57150,33000EAH
R72 15211 0020,18000,34610,52610,18000,44010,62010,33000EAH
R72 15211 0021,18000,29710,47710,18000,31490,49490,33000EAH
R72 15211 0022,18000,33940,51940,18000,46460,64460,33000EAH
R72 15211 0023,18000,31270,49270,18000,40850,58850,33000EAH
R72 15211 0024,16440,30870,47310,10530,37540,48070,33000EAH
R72 15211 0025,16100,30050,46150,10390,36930,47320,33000EAH
R72 15211 0026,16100,31840,47940,10390,35020,45410,33000EAH
R72 15211 0027,16100,19740,35840,10390,32610,43000,33000EAH
R72 15211 0028,16100,29660,45760,10390,37520,47910,33000EAH
R72 15211 0029,16100,31340,47440,10390,38340,48730,33000EAH
R72 15211 0030,16100,33210,49310,10390,36350,46740,33000EAH
R72 15211 0031,16100,35150,51250,10390,36260,46650,33000EAH
R72 15211 0032,16100,30030,46130,10390,36040,46430,33000EAH
R72 15211 0033,19320,35750,55070,12290,41280,53570,33000EAH
R72 15211 0034,18000,32020,50020,18000,36480,54480,33000EAH
R72 15211 0035,18000,37760,55760,18000,57510,75510,33000EAH
R72 15211 0036,18000,33480,51480,18000,42590,60590,33000EAH
R72 15211 0037,18000,38090,56090,18000,40180,58180,33000EAH
R72 15211 0038,16100,23920,40020,10390,40810,51200,33000EAH
R72 15211 0039,16100,34160,50260,10390,41300,51690,33000EAH
R72 15211 0040,16100,19950,36050,10390,33530,43920,33000EAH
R72 15211 0041,16100,31210,47310,10390,36800,47190,33000EAH
R72 15211 0042,16100,31420,47520,10390,40320,50710,33000EAH
R72 15211 0043,16420,34640,51060,10580,40960,51540,33000EAH
R72 15211 0044,16420,33490,49910,10580,45620,56200,33000EAH
R72 15211 0045,16420,34140,50560,10580,38570,49150,33000EAH
R72 15211 0046,16420,29980,46400,10580,41080,51660,33000EAH
R72 15211 0047,16420,29150,45570,10580,36830,47410,33000EAH
R72 15211 0048,17070,41180,58250,10960,62770,73730,33000EAH
R72 15211 0049,16540,29690,46230,10600,37050,47650,33000EAH
R72 15211 0050,16420,30580,47000,10580,43210,53790,33000EAH
R72 15211 0051,16420,24920,41340,10580,14000,24580,33000EAH
R72 15211 0052,16420,35190,51610,10580,44760,55340,33000EAH
R72 15211 0053,16420,32860,49280,10580,42490,53070,33000EAH
R72 15211 0054,16420,27680,44100,10580,33490,44070,33000EAH
R72 15211 0055,16420,27690,44110,10580,37720,48300,33000EAH
R72 15211 0056,16420,29470,45890,10580,36690,47270,33000EAH
R72 15211 0057,16420,31510,47930,10580,39430,50010,33000EAH
R72 15211 0058,16420,36800,53220,10580,45230,55810,33000EAH
R72 15211 0059,16420,30650,47070,10580,32610,43190,33000EAH
R72 15211 0060,16420,35520,51940,10580,40500,51080,33000EAH
R72 15211 0061,16420,20730,37150,10580,33180,43760,33000EAH
R72 15211 0062,16420,35630,52050,10580,44280,54860,33000EAH
R72 15211 0063,19720,33850,53570,12670,43170,55840,33000EAH
R72 15211 0064,17150,31120,48270,11050,13650,24700,33000EAH
R72 15211 0065,17150,28220,45370,11050,38280,49330,33000EAH
R72 15211 0066,17150,27680,44830,11050,37520,48570,33000EAH
R72 15211 0067,16630,41910,58540,10670,59860,70530,33000EAH
R72 15211 0068,18520,31100,49620,11750,40000,51750,33000EAH
R72 15214 0002,18070,32290,50360,12630,64410,77040,33000HEA
R72 15214 0003,8860,0,8860,5590,0,5590,33000HEA
R72 15214 0004,16630,56330,72960,11750,94460,106210,33000HEA
R72 15214 0005,18870,56330,75200,13290,94460,107750,33000HEA
R72 15214 0006,16450,36100,52550,11630,79410,91040,33000HEA
R72 15214 0007,16800,36070,52870,11880,79320,91200,33000HEA
R72 15214 0009,16960,38260,55220,12030,84250,96280,33000HEA
R72 15214 0011,16630,36100,52730,11800,79410,91210,33000HEA
R72 15214 0012,21480,64180,85660,15280,88350,103630,33000HEA
R72 15214 0013,8180,0,8180,5190,0,5190,33000HEA
R72 15214 0016,16380,46560,62940,11600,63150,74750,33000HEA
R72 15214 0017,8280,0,8280,5250,0,5250,33000HEA
R72 15214 0018,9840,0,9840,6740,0,6740,33000HEA
R72 15214 0019,19060,42380,61440,14360,51190,65550,33000HEA
R72 15214 0020,27300,36310,63610,22230,46360,68590,33000HEA
R72 15214 0039,17480,63410,80890,12380,106770,119150,33000HEA
R72 15214 0040,16750,68130,84880,10660,88360,99020,33000HEA
R72 15214 0041,23350,74630,97980,14840,84210,99050,33000HEA
R72 15214 0042,6710,0,6710,4720,0,4720,33000HEA
R72 15214 0043,9670,0,9670,7160,0,7160,33000HEA
R72 15214 0044,6140,3270,9410,4320,4290,8610,33000HEA
R72 15214 0045,6560,0,6560,4850,0,4850,33000HEA
R72 15214 0046,6560,0,6560,4860,0,4860,33000HEA
R72 15214 0047,9170,0,9170,7120,0,7120,33000HEA
R72 15214 0061,16790,39730,56520,10800,51670,62470,33000HEA
R72 15301 0002,15910,14090,30000,14130,63370,77500,12000LIN
R72 15301 0003,15910,39110,55020,14130,55160,69290,12000LIN
R72 15301 0004,14890,38320,53210,13310,51740,65050,12000LIN
R72 15301 0005,16320,34920,51240,14460,55020,69480,12000LIN
R72 15301 0006,20400,13050,33450,17760,60750,78510,12000LIN
R72 15301 0007,15500,45210,60710,13800,48780,62580,12000LIN
R72 15301 0008,15300,46340,61640,13640,66810,80450,12000LIN
R72 15301 0009,15300,43940,59240,13640,72230,85870,12000LIN
R72 15301 0010,15300,37330,52630,13640,58630,72270,12000LIN
R72 15301 0011,15710,38310,54020,13970,41660,55630,12000LIN
R72 15301 0012,15300,41030,56330,13640,57610,71250,12000LIN
R72 15301 0013,15300,33450,48750,13640,32210,45850,12000LIN
R72 15301 0014,15300,37420,52720,13640,54550,68190,12000LIN
R72 15301 0015,15300,37850,53150,13640,56570,70210,12000LIN
R72 15301 0016,15300,38500,53800,13640,53510,67150,12000LIN
R72 15301 0017,14350,43120,57470,12880,40200,53080,12000LIN
R72 15301 0018,14350,46700,61050,12880,52530,65410,12000LIN
R72 15301 0019,14350,37460,51810,12880,62660,75540,12000LIN
R72 15301 0020,14350,36490,50840,12880,55830,68710,12000LIN
R72 15301 0021,14350,23280,37630,12880,47100,59980,12000LIN
R72 15301 0022,14350,38350,52700,12880,52700,65580,12000LIN
R72 15301 0023,14350,39000,53350,12880,57940,70820,12000LIN
R72 15301 0024,14350,41270,55620,12880,47470,60350,12000LIN
R72 15301 0025,14350,34610,48960,12880,58110,70990,12000LIN
R72 15301 0026,14800,5200,20000,12880,52150,65030,12000LIN
R72 15301 0027,14350,38890,53240,12880,58840,71720,12000LIN
R72 15301 0028,14350,39130,53480,12880,62000,74880,12000LIN
R72 15301 0029,14350,54120,68470,12880,128140,141020,12000LIN
R72 15301 0030,7270,0,7270,5880,0,5880,12000LIN
R72 15301 0032,13980,38630,52610,12610,62190,74800,12000LIN
R72 15301 0033,14350,40590,54940,12880,56320,69200,12000LIN
R72 15301 0034,14350,27040,41390,12880,24770,37650,12000LIN
R72 15301 0035,14350,38610,52960,12880,55770,68650,12000LIN
R72 15301 0036,14350,42240,56590,12880,65200,78080,12000LIN
R72 15301 0037,14350,38830,53180,12880,61380,74260,12000LIN
R72 15301 0038,14350,48700,63050,12880,49390,62270,12000LIN
R72 15301 0039,14350,48740,63090,12880,51160,64040,12000LIN
R72 15301 0040,14350,37070,51420,12880,57740,70620,12000LIN
R72 15301 0041,14350,38950,53300,12880,57260,70140,12000LIN
R72 15301 0042,14350,45080,59430,12880,42450,55330,12000LIN
R72 15301 0043,14350,40910,55260,12880,56480,69360,12000LIN
R72 15301 0044,14350,39160,53510,12880,58890,71770,12000LIN
R72 15301 0045,14350,45060,59410,12880,54240,67120,12000LIN
R72 15301 0046,14350,43170,57520,12880,67110,79990,12000LIN
R72 15301 0047,18020,38110,56130,15820,78510,94330,12000LIN
R72 15301 0048,3790,0,3790,890,0,890,12000LIN
R72 15301 0050,16220,43140,59360,14380,52940,67320,12000LIN
R72 15301 0051,16070,41210,57280,14230,47110,61340,12000LIN
R72 15301 0053,18400,33800,52200,16680,60910,77590,12000LIN
R72 15301 0055,18920,43660,62580,16880,67830,84710,12000LIN
R72 15301 0056,17400,37680,55080,15480,62710,78190,12000LIN
R72 15301 0057,17250,38360,55610,15330,52990,68320,12000LIN
R72 15301 0058,16210,43130,59340,14350,67350,81700,12000LIN
R72 15301 0059,20900,36110,57010,18460,63490,81950,12000LIN
R72 15301 0061,16430,39270,55700,14590,62660,77250,12000LIN
R72 15301 0063,21600,40530,62130,20400,39230,59630,12000LIN
R72 15301 0064,27360,28570,55930,22460,38620,61080,12000LIN
R72 15301 0066,27360,39940,67300,22460,48270,70730,12000LIN
R72 15301 0067,22020,40050,62070,19190,65190,84380,12000LIN
R72 15301 0068,21720,43420,65140,18830,43260,62090,12000LIN
R72 15301 0069,22020,34510,56530,19130,55440,74570,12000LIN
R72 15301 0072,18480,39620,58100,17140,54320,71460,12000LIN
R72 15301 0073,19100,40390,59490,23050,52560,75610,12000LIN
R72 15302 0001,1640,0,1640,13700,0,13700,12000LIN
R72 15302 0002,22450,38510,60960,18930,50690,69620,12000LIN
R72 15302 0005,22020,35080,57100,19190,51830,71020,12000LIN
R72 15302 0006,22020,33140,55160,19190,41220,60410,12000LIN
R72 15302 0012,15100,36270,51370,13470,53880,67350,12000LIN
R72 15302 0013,15100,65430,80530,13470,62490,75960,12000LIN
R72 15302 0014,15100,11520,26620,13470,17250,30720,12000LIN
R72 15302 0015,15100,36810,51910,9640,28770,38410,12000LIN
R72 15302 0016,7230,2640,9870,6510,3470,9980,12000LIN
R72 15302 0017,14450,25310,39760,12960,37720,50680,12000LIN
R72 15302 0018,14450,34300,48750,12960,61250,74210,12000LIN
R72 15302 0019,14650,30520,45170,13110,36600,49710,12000LIN
R72 15302 0020,14850,56630,71480,13270,59310,72580,12000LIN
R72 15302 0021,7230,0,7230,5860,0,5860,12000LIN
R72 15302 0022,12800,0,12800,17920,0,17920,12000LIN
R72 15302 0026,15100,43090,58190,13470,55100,68570,12000LIN
R72 15302 0027,15100,40730,55830,9640,34860,44500,12000LIN
R72 15302 0028,14850,35220,50070,13270,39970,53240,12000LIN
R72 15302 0029,14450,33080,47530,12960,32620,45580,12000LIN
R72 15302 0030,14450,35880,50330,12960,46260,59220,12000LIN
R72 15302 0031,14450,30960,45410,12960,41040,54000,12000LIN
R72 15302 0032,24800,45490,70290,19910,55300,75210,12000LIN
R72 15302 0040,6100,0,6100,5230,0,5230,12000LIN
R72 15302 0041,22150,37230,59380,17690,67310,85000,12000LIN
R72 15302 0042,15140,31190,46330,13440,73010,86450,12000LIN
R72 15302 0046,21060,54160,75220,19410,57840,77250,12000LIN
R72 15302 0048,22320,4110,26430,19040,5360,24400,12000LIN
R72 15302 0050,22320,49260,71580,19040,68520,87560,12000LIN
R72 15302 0051,22320,54340,76660,19040,68890,87930,12000LIN
R72 15302 0052,29740,61050,90790,25400,69960,95360,12000LIN
R72 15302 0058,16000,4000,20000,14050,5240,19290,12000LIN
R72 15302 0059,!,!,!
R72 15302 0060,!,!,!
R72 15303 0004,22020,39880,61900,19190,77810,97000,12000LIN
R72 15303 0005,380,0,380,540,0,540,12000LIN
R72 15303 0006,22020,56620,78640,19190,65800,84990,12000LIN
R72 15303 0007,640,0,640,900,0,900,12000LIN
R72 15303 0008,640,0,640,900,0,900,12000LIN
R72 15303 0009,18020,24000,42020,15800,51000,66800,12000LIN
R72 15303 0010,25000,0,25000,17920,0,17920,12000LIN
R72 15303 0011,20060,38560,58620,18670,59120,77790,12000LIN
R72 15303 0032,22890,49000,71890,21550,79500,101050,12000LIN
R72 15303 0037,640,0,640,900,0,900,12000LIN
R72 15303 0039,22260,40630,62890,19430,56400,75830,12000LIN
R72 15303 0040,22020,36420,58440,19190,35890,55080,12000LIN
R72 15303 0041,22020,37740,59760,19190,41880,61070,12000LIN
R72 15303 0042,21780,37930,59710,18950,39950,58900,12000LIN
R72 15303 0048,10740,0,10740,9080,0,9080,12000LIN
R72 15303 0066,4000,0,4000,1480,0,1480,12000LIN
R72 15303 0069,640,0,640,900,0,900,12000LIN
R72 15304 0016,220,0,220,170,0,170,C0101000
R72 15304 0030,16920,30790,47710,14720,31700,46420,12000LIN
R72 15305 0001,15350,40630,55980,9870,55090,64960,33000EAH
R72 15305 0002,16780,32760,49540,10810,41380,52190,33000EAH
R72 15305 0003,16610,32630,49240,10690,46950,57640,33000EAH
R72 15305 0004,15350,30260,45610,9870,50260,60130,33000EAH
R72 15305 0005,15350,31620,46970,9870,39200,49070,33000EAH
R72 15305 0006,15350,29100,44450,9870,42770,52640,33000EAH
R72 15305 0007,15350,40470,55820,9870,52650,62520,33000EAH
R72 15305 0008,15350,30970,46320,9870,43350,53220,33000EAH
R72 15305 0009,15350,31320,46670,9870,49070,58940,33000EAH
R72 15305 0010,15350,31080,46430,9870,42870,52740,33000EAH
R72 15305 0011,15350,40580,55930,9870,57950,67820,33000EAH
R72 15305 0012,15350,32040,47390,9870,43290,53160,33000EAH
R72 15305 0013,15350,30060,45410,9870,43260,53130,33000EAH
R72 15305 0014,15350,36480,51830,9870,51530,61400,33000EAH
R72 15305 0015,15350,30000,45350,9870,43380,53250,33000EAH
R72 15305 0016,15350,35870,51220,9870,38800,48670,33000EAH
R72 15305 0017,14280,37420,51700,9170,49780,58950,33000EAH
R72 15305 0018,15350,29710,45060,9870,39870,49740,33000EAH
R72 15305 0019,15350,32090,47440,9870,45050,54920,33000EAH
R72 15305 0020,15350,29510,44860,9870,39410,49280,33000EAH
R72 15305 0024,18200,33100,51300,11730,46540,58270,33000EAH
R72 15305 0025,17500,45700,63200,11280,55390,66670,33000EAH
R72 15305 0026,17500,42150,59650,11280,62180,73460,33000EAH
R72 15305 0027,17500,37050,54550,11280,50180,61460,33000EAH
R72 15305 0028,17500,38370,55870,11280,50110,61390,33000EAH
R72 15305 0029,17500,33100,50600,11280,53090,64370,33000EAH
R72 15305 0030,16100,43950,60050,10380,62690,73070,33000EAH
R72 15305 0031,16800,41450,58250,10830,62930,73760,33000EAH
R72 15305 0032,15750,38850,54600,10150,59870,70020,33000EAH
R72 15305 0033,15750,39850,55600,10150,56170,66320,33000EAH
R72 15305 0034,15750,37250,53000,10150,48500,58650,33000EAH
R72 15305 0035,15750,45630,61380,10150,55660,65810,33000EAH
R72 15305 0036,15750,40050,55800,10150,50910,61060,33000EAH
R72 15305 0037,15750,46880,62630,10150,60120,70270,33000EAH
R72 15305 0038,15750,48220,63970,10150,53020,63170,33000EAH
R72 15305 0039,7870,0,7870,4570,0,4570,33000EAH
R72 15305 0040,7870,0,7870,4570,0,4570,33000EAH
R72 15306 0001,23330,37870,61200,20430,55890,76320,12000LIN
R72 15306 0002,15100,27880,42980,13510,53380,66890,12000LIN
R72 15306 0005,16930,39370,56300,10940,52200,63140,33000EAH
R72 15306 0006,16070,40990,57060,10340,53770,64110,33000EAH
R72 15306 0007,15350,29800,45150,9870,42570,52440,33000EAH
R72 15306 0008,15350,26300,41650,9870,39130,49000,33000EAH
R72 15306 0009,15350,32190,47540,9870,43830,53700,33000EAH
R72 15306 0010,15350,23020,38370,9870,49790,59660,33000EAH
R72 15306 0011,15350,33610,48960,9870,47060,56930,33000EAH
R72 15306 0012,15350,31860,47210,9870,42780,52650,33000EAH
R72 15306 0013,15350,38090,53440,9870,49650,59520,33000EAH
R72 15306 0014,15350,39410,54760,9870,50190,60060,33000EAH
R72 15306 0015,15350,33470,48820,9870,39890,49760,33000EAH
R72 15306 0016,15350,32410,47760,9870,44350,54220,33000EAH
R72 15306 0017,15350,40850,56200,9870,51540,61410,33000EAH
R72 15306 0018,15350,32690,48040,9870,71070,80940,33000EAH
R72 15306 0019,15350,29550,44900,9870,44280,54150,33000EAH
R72 15306 0020,15350,30960,46310,9870,40860,50730,33000EAH
R72 15306 0022,4130,20980,25110,15710,21570,37280,12000LIN
R72 15307 0001,15300,40300,55600,13640,62960,76600,12000LIN
R72 15307 0002,15500,41810,57310,13800,58900,72700,12000LIN
R72 15307 0003,15500,36230,51730,13800,54450,68250,12000LIN
R72 15307 0004,15500,41220,56720,13800,56210,70010,12000LIN
R72 15307 0005,15500,37850,53350,13800,59450,73250,12000LIN
R72 15307 0006,15500,40680,56180,13800,60500,74300,12000LIN
R72 15307 0007,15500,49010,64510,13800,57200,71000,12000LIN
R72 15307 0008,15500,36390,51890,13800,52210,66010,12000LIN
R72 15307 0009,15500,44710,60210,13800,52420,66220,12000LIN
R72 15307 0010,15500,39160,54660,13800,50760,64560,12000LIN
R72 15307 0012,13980,38660,52640,12610,59510,72120,12000LIN
R72 15307 0013,13980,45300,59280,12610,39330,51940,12000LIN
R72 15307 0014,13980,30710,44690,12610,26100,38710,12000LIN
R72 15307 0015,13980,46500,60480,12610,53300,65910,12000LIN
R72 15307 0016,14590,39500,54090,13090,49540,62630,12000LIN
R72 15307 0017,13980,42370,56350,12610,61660,74270,12000LIN
R72 15307 0018,13980,39570,53550,12610,59270,71880,12000LIN
R72 15307 0019,13980,39260,53240,12610,61390,74000,12000LIN
R72 15307 0020,13980,59150,73130,9020,35980,45000,12000LIN
R72 15307 0021,13980,32930,46910,12610,36310,48920,12000LIN
R72 15307 0022,13980,38820,52800,12610,56960,69570,12000LIN
R72 15307 0023,13980,45360,59340,12610,50530,63140,12000LIN
R72 15307 0024,13980,37220,51200,12610,54980,67590,12000LIN
R72 15307 0025,13980,37200,51180,12610,54410,67020,12000LIN
R72 15307 0026,13980,39570,53550,9020,37460,46480,12000LIN
R72 15307 0031,13940,47980,61920,12630,30970,43600,12000LIN
R72 15307 0032,15300,42290,57590,13470,40500,53970,12000LIN
R72 15307 0033,14280,41560,55840,12790,55220,68010,12000LIN
R72 15307 0034,13280,38510,51790,12190,57260,69450,12000LIN
R72 15307 0036,13610,44250,57860,12350,44420,56770,12000LIN
R72 15307 0041,22800,44690,67490,19880,67340,87220,12000LIN
R72 15307 0042,20880,42490,63370,19710,58350,78060,12000LIN
R72 15307 0046,20530,13020,33550,19090,19910,39000,12000LIN
R72 15307 0047,21110,41400,62510,19300,27550,46850,12000LIN
R72 15307 0048,20570,30010,50580,18360,33260,51620,12000LIN
R72 15402 0001,14820,33140,47960,9520,44850,54370,33000EAH
R72 15402 0002,14820,33050,47870,9520,60180,69700,33000EAH
R72 15402 0003,14280,28420,42700,9170,36710,45880,33000EAH
R72 15402 0004,14280,43730,58010,9170,66610,75780,33000EAH
R72 15402 0005,4330,2490,6820,2780,3270,6050,33000EAH
R72 15402 0006,14640,34180,48820,9400,41070,50470,33000EAH
R72 15402 0007,14280,30760,45040,9170,43570,52740,33000EAH
R72 15402 0008,14280,29520,43800,9170,37130,46300,33000EAH
R72 15402 0009,14820,33130,47950,9520,45210,54730,33000EAH
R72 15402 0010,14820,34260,49080,9520,50230,59750,33000EAH
R72 15402 0011,14820,26560,41380,9520,21770,31290,33000EAH
R72 15402 0012,14820,31040,45860,9520,40350,49870,33000EAH
R72 15402 0013,14280,30790,45070,9170,43290,52460,33000EAH
R72 15402 0014,14280,30090,44370,9170,41110,50280,33000EAH
R72 15402 0015,14640,30390,45030,9400,43590,52990,33000EAH
R72 15402 0016,17290,75000,92290,11140,119650,130790,33000EAH
R72 15402 0017,17840,31670,49510,11510,44420,55930,33000EAH
R72 15402 0019,15110,42870,57980,9670,55460,65130,33000EAH
R72 15402 0020,15110,31490,46600,9670,41250,50920,33000EAH
R72 15402 0021,9440,33620,43060,7220,47700,54920,33000EAH
R72 15402 0022,16120,30330,46450,10320,47000,57320,33000EAH
R72 15402 0023,8050,0,8050,4650,0,4650,33000EAH
R72 15402 0024,7760,0,7760,4450,0,4450,33000EAH
R72 15402 0025,19430,63970,83400,12740,75350,88090,33000EAH
R72 15403 0001,16320,31260,47580,10470,44410,54880,33000EAH
R72 15403 0002,16320,35220,51540,10470,49940,60410,33000EAH
R72 15403 0003,22920,41040,63960,15290,64990,80280,33000EAH
R72 15403 0005,16320,30170,46490,10470,46760,57230,33000EAH
R72 15403 0012,16320,40430,56750,10470,58930,69400,33000EAH
R72 15403 0013,16120,37850,53970,10320,48530,58850,33000EAH
R72 15403 0014,16120,31650,47770,10320,48820,59140,33000EAH
R72 15403 0015,16120,33750,49870,10320,45830,56150,33000EAH
R72 15403 0016,16120,32960,49080,10320,48720,59040,33000EAH
R72 15403 0017,8050,0,8050,4650,0,4650,33000EAH
R72 15403 0018,16120,56960,73080,10320,73510,83830,33000EAH
R72 15403 0019,7540,0,7540,4350,0,4350,33000EAH
R72 15403 0020,15110,33060,48170,9670,7800,17470,33000EAH
R72 15403 0021,15110,42020,57130,9670,53060,62730,33000EAH
R72 15403 0022,15110,18590,33700,9670,29330,39000,33000EAH
R72 15403 0023,15110,38520,53630,9670,36940,46610,33000EAH
R72 15403 0024,15110,24720,39830,9670,38670,48340,33000EAH
R72 15403 0025,7640,0,7640,4410,0,4410,33000EAH
R72 15403 0026,15290,14460,29750,9790,46040,55830,33000EAH
R72 15403 0027,15290,24520,39810,9790,28210,38000,33000EAH
R72 15403 0028,15290,31990,47280,9790,49670,59460,33000EAH
R72 15403 0029,15290,32740,48030,9790,43730,53520,33000EAH
R72 15403 0030,15290,33830,49120,9790,44340,54130,33000EAH
R72 15403 0031,15290,46820,62110,9790,63850,73640,33000EAH
R72 15403 0032,15290,29590,44880,9790,42380,52170,33000EAH
R72 15403 0033,15290,30040,45330,9790,33500,43290,33000EAH
R72 15403 0034,15290,31420,46710,9790,43210,53000,33000EAH
R72 15403 0035,15290,30320,45610,9790,43820,53610,33000EAH
R72 15403 0036,15290,34470,49760,9790,44710,54500,33000EAH
R72 15403 0037,14990,44190,59180,9640,54410,64050,33000EAH
R72 15403 0038,14990,41800,56790,9640,60970,70610,33000EAH
R72 15403 0039,7490,0,7490,4340,0,4340,33000EAH
R72 15403 0040,21060,52630,73690,13630,88760,102390,33000EAH
R72 15403 0042,14990,41000,55990,9640,56410,66050,33000EAH
R72 15403 0043,14990,27810,42800,9640,37510,47150,33000EAH
R72 15403 0044,14990,29330,44320,9640,37020,46660,33000EAH
R72 15403 0045,14990,30370,45360,9640,53590,63230,33000EAH
R72 15403 0046,14990,30780,45770,9640,35390,45030,33000EAH
R72 15403 0047,14990,32340,47330,9640,45050,54690,33000EAH
R72 15403 0048,14990,26710,41700,9640,33100,42740,33000EAH
R72 15403 0049,14820,32930,47750,9520,46750,56270,33000EAH
R72 15403 0050,14820,38380,53200,9520,52720,62240,33000EAH
R72 15403 0051,14820,25180,40000,9520,41460,50980,33000EAH
R72 15403 0052,14820,32870,47690,9520,11770,21290,33000EAH
R72 15403 0053,14820,32060,46880,9520,43810,53330,33000EAH
R72 15403 0054,14820,26720,41540,9520,7980,17500,33000EAH
R72 15403 0055,7400,0,7400,4280,0,4280,33000EAH
R72 15403 0056,14820,53830,68650,9520,66660,76180,33000EAH
R72 15403 0057,14820,54110,68930,9520,60650,70170,33000EAH
R72 15403 0058,14820,48630,63450,9520,60620,70140,33000EAH
R72 15403 0059,14820,51670,66490,9520,63310,72830,33000EAH
R72 15403 0060,14820,26940,41760,9520,41440,50960,33000EAH
R72 15403 0061,14990,31150,46140,9640,62750,72390,33000EAH
R72 15403 0062,14990,36180,51170,9640,40150,49790,33000EAH
R72 15403 0063,14990,32580,47570,9640,47710,57350,33000EAH
R72 15403 0064,14990,28470,43460,9640,31270,40910,33000EAH
R72 15403 0065,14990,32030,47020,9640,60400,70040,33000EAH
R72 15403 0066,14990,30120,45110,9640,37050,46690,33000EAH
R72 15403 0067,14990,27860,42850,9640,39500,49140,33000EAH
R72 15403 0068,14990,31410,46400,9640,41150,50790,33000EAH
R72 15403 0069,14990,27270,42260,9640,37490,47130,33000EAH
R72 15403 0070,14990,19870,34860,9640,38190,47830,33000EAH
R72 15403 0071,14990,26730,41720,9640,38260,47900,33000EAH
R72 15403 0072,14990,28660,43650,9640,41220,50860,33000EAH
R72 15403 0073,14990,15760,30750,9640,33740,43380,33000EAH
R72 15403 0074,14990,31400,46390,9640,47530,57170,33000EAH
R72 15403 0075,14990,29380,44370,9640,29270,38910,33000EAH
R72 15403 0076,14990,32240,47230,9640,40700,50340,33000EAH
R72 15403 0077,14990,16270,31260,9640,32280,41920,33000EAH
R72 15403 0078,14990,38300,53290,9640,56220,65860,33000EAH
R72 15403 0079,17200,34420,51620,11230,51970,63200,33000EAH
R72 15403 0080,14990,28970,43960,9640,37220,46860,33000EAH
R72 15403 0081,14990,37050,52040,9640,54880,64520,33000EAH
R72 15403 0082,14990,25450,40440,9640,31610,41250,33000EAH
R72 15403 0083,14990,8570,23560,9640,33320,42960,33000EAH
R72 15403 0084,14990,33150,48140,9640,47590,57230,33000EAH
R72 15403 0085,14820,29950,44770,9520,41930,51450,33000EAH
R72 15403 0086,14820,36500,51320,9520,51970,61490,33000EAH
R72 15403 0087,14820,30460,45280,9520,43230,52750,33000EAH
R72 15403 0088,14820,40060,54880,9520,51700,61220,33000EAH
R72 15403 0089,14820,36250,51070,9520,48980,58500,33000EAH
R72 15403 0090,16990,28820,45810,11070,36020,47090,33000EAH
R72 15404 0002,15290,19980,35270,9790,52200,61990,33000EAH
R72 15404 0003,15290,34400,49690,9790,48470,58260,33000EAH
R72 15404 0004,9190,0,9190,5340,0,5340,33000EAH
R72 15404 0007,18380,33950,52330,11870,25070,36940,33000EAH
R72 15404 0009,15290,31730,47020,9790,36340,46130,33000EAH
R72 15404 0010,15290,29370,44660,9790,39960,49750,33000EAH
R72 15404 0011,15290,34330,49620,9790,57660,67450,33000EAH
R72 15404 0012,15290,38460,53750,9790,57210,67000,33000EAH
R72 15404 0013,15290,33800,49090,9790,54660,64450,33000EAH
R72 15404 0014,15290,32840,48130,9790,47300,57090,33000EAH
R72 15404 0015,15290,20760,36050,9790,23130,32920,33000EAH
R72 15404 0016,15290,67600,82890,9790,52710,62500,33000EAH
R72 15404 0017,15290,41220,56510,9790,56800,66590,33000EAH
R72 15404 0018,15290,20540,35830,9790,32210,42000,33000EAH
R72 15404 0019,15290,48380,63670,9790,64610,74400,33000EAH
R72 15404 0020,15290,62770,78060,9790,70410,80200,33000EAH
R72 15404 0021,15290,40330,55620,9790,54070,63860,33000EAH
R72 15404 0022,15290,30530,45820,9790,37460,47250,33000EAH
R72 15404 0023,15290,49800,65090,9790,31360,41150,33000EAH
R72 15404 0024,15290,33910,49200,9790,46970,56760,33000EAH
R72 15404 0025,6580,6580,13160,9790,40010,49800,33000EAH
R72 15404 0026,15290,33670,48960,9790,43870,53660,33000EAH
R72 15404 0027,15290,40680,55970,9790,52340,62130,33000EAH
R72 15404 0028,14990,21670,36660,9640,24430,34070,33000EAH
R72 15404 0029,14990,32130,47120,9640,45320,54960,33000EAH
R72 15404 0030,14990,30900,45890,9640,43160,52800,33000EAH
R72 15404 0031,14990,29220,44210,9640,41280,50920,33000EAH
R72 15404 0032,14990,39510,54500,9640,46490,56130,33000EAH
R72 15404 0033,18030,31360,49390,11630,46300,57930,33000EAH
R72 15404 0035,18030,30130,48160,11630,46720,58350,33000EAH
R72 15404 0037,14990,28310,43300,9640,21790,31430,33000EAH
R72 15404 0038,14990,30530,45520,9640,46500,56140,33000EAH
R72 15404 0039,14990,48460,63450,9640,76160,85800,33000EAH
R72 15404 0040,14990,32870,47860,9640,50840,60480,33000EAH
R72 15404 0041,14990,34060,49050,9640,47500,57140,33000EAH
R72 15404 0042,14990,27980,42970,9640,37280,46920,33000EAH
R72 15404 0043,14990,33530,48520,9640,52540,62180,33000EAH
R72 15404 0044,14990,25300,40290,9640,30530,40170,33000EAH
R72 15404 0045,14990,26250,41240,9640,32710,42350,33000EAH
R72 15404 0046,14990,31650,46640,9640,43020,52660,33000EAH
R72 15404 0047,14990,37980,52970,9640,48080,57720,33000EAH
R72 15404 0048,14990,32020,47010,9640,51130,60770,33000EAH
R72 15404 0049,14990,35300,50290,9640,48700,58340,33000EAH
R72 15404 0050,14990,38690,53680,9640,51190,60830,33000EAH
R72 15404 0051,14990,32730,47720,9640,43070,52710,33000EAH
R72 15404 0052,14990,34020,49010,9640,39550,49190,33000EAH
R72 15404 0053,14990,33030,48020,9640,48130,57770,33000EAH
R72 15404 0054,7490,0,7490,4340,0,4340,33000EAH
R72 15404 0055,14990,49470,64460,9640,72070,81710,33000EAH
R72 15404 0056,14990,33810,48800,9640,33850,43490,33000EAH
R72 15404 0057,14990,37440,52430,9640,56320,65960,33000EAH
R72 15404 0058,14990,26690,41680,9640,40600,50240,33000EAH
R72 15404 0059,14990,33400,48390,9640,44380,54020,33000EAH
R72 15404 0060,14990,22010,37000,9640,22920,32560,33000EAH
R72 15404 0061,14990,32560,47550,9640,25320,34960,33000EAH
R72 15404 0062,14990,33900,48890,9640,48210,57850,33000EAH
R72 15404 0063,14990,29690,44680,9640,21940,31580,33000EAH
R72 15404 0064,14990,31870,46860,9640,54670,64310,33000EAH
R72 15404 0065,14990,32830,47820,9640,45870,55510,33000EAH
R72 15404 0066,14990,33730,48720,4820,0,4820,33000EAH
R72 15404 0067,14990,37790,52780,9640,47620,57260,33000EAH
R72 15404 0068,14990,50560,65550,9640,70720,80360,33000EAH
R72 15404 0069,14990,22750,37740,9640,25590,35230,33000EAH
R72 15404 0070,14990,44760,59750,9640,69440,79080,33000EAH
R72 15404 0071,14990,36720,51710,9640,56220,65860,33000EAH
R72 15404 0072,14990,18960,33950,9640,41800,51440,33000EAH
R72 15404 0073,14990,25880,40870,9640,32120,41760,33000EAH
R72 15404 0074,14990,31420,46410,9640,36620,46260,33000EAH
R72 15404 0075,14990,20190,35180,9640,40800,50440,33000EAH
R72 15404 0076,14990,29780,44770,9640,41910,51550,33000EAH
R72 15404 0077,14990,32400,47390,9640,46680,56320,33000EAH
R72 15404 0078,14990,47780,62770,9640,65770,75410,33000EAH
R72 15404 0079,14990,30410,45400,9640,40310,49950,33000EAH
R72 15404 0080,14990,36800,51790,9640,54550,64190,33000EAH
R72 15404 0081,7490,0,7490,4340,0,4340,33000EAH
R72 15404 0082,14990,34740,49730,9640,50980,60620,33000EAH
R72 15404 0083,5990,2180,8170,3850,2880,6730,33000EAH
R72 15404 0084,14990,64270,79260,9640,74340,83980,33000EAH
R72 15404 0085,14990,28020,43010,9640,33760,43400,33000EAH
R72 15404 0086,14990,36900,51890,9640,48700,58340,33000EAH
R72 15404 0087,14990,22040,37030,9640,32210,41850,33000EAH
R72 15404 0088,14990,42400,57390,9640,57770,67410,33000EAH
R72 15404 0089,14990,23050,38040,9640,32160,41800,33000EAH
R72 15404 0090,14990,26510,41500,9640,37220,46860,33000EAH
R72 15404 0091,14990,25330,40320,9640,28060,37700,33000EAH
R72 15404 0092,14990,35790,50780,9640,49960,59600,33000EAH
R72 15404 0093,14990,31120,46110,9640,64990,74630,33000EAH
R72 15404 0094,14990,30720,45710,9640,40120,49760,33000EAH
R72 15404 0095,14990,35760,50750,9640,46560,56200,33000EAH
R72 15404 0096,14990,33670,48660,9640,44560,54200,33000EAH
R72 15404 0097,14990,38830,53820,9640,50320,59960,33000EAH
R72 15404 0098,14990,7560,22550,9640,39120,48760,33000EAH
R72 15404 0099,14990,33580,48570,9640,48770,58410,33000EAH
R72 15404 0100,14990,22560,37550,9640,34780,44420,33000EAH
R72 15404 0101,7490,0,7490,4340,0,4340,33000EAH
R72 15404 0102,14990,38130,53120,9640,54680,64320,33000EAH
R72 15405 0002,16320,30070,46390,10470,38520,48990,33000EAH
R72 15405 0004,16320,35640,51960,10470,44720,55190,33000EAH
R72 15405 0005,16320,28100,44420,10470,42980,53450,33000EAH
R72 15405 0006,8150,0,8150,4710,0,4710,33000EAH
R72 15405 0007,16320,38640,54960,10470,64430,74900,33000EAH
R72 15405 0008,16320,25680,42000,10470,51780,62250,33000EAH
R72 15405 0010,16320,41550,57870,10470,51300,61770,33000EAH
R72 15405 0011,16320,45150,61470,10470,59530,70000,33000EAH
R72 15405 0012,16320,31740,48060,10470,45130,55600,33000EAH
R72 15405 0013,16320,50600,66920,10470,61390,71860,33000EAH
R72 15405 0014,18000,52650,70650,18000,64430,82430,33000EAH
R72 15405 0015,13940,53980,67920,9080,67140,76220,33000EAH
R72 15405 0016,7160,105990,113150,4710,87190,91900,33000EAH
R72 15405 0017,16320,40940,57260,10470,57200,67670,33000EAH
R72 15405 0018,16320,50390,66710,10470,59130,69600,33000EAH
R72 15405 0019,16320,34300,50620,10470,49670,60140,33000EAH
R72 15405 0020,15290,40190,55480,9830,50460,60290,33000EAH
R72 15405 0021,16320,41410,57730,10470,60200,70670,33000EAH
R72 15405 0022,8150,0,8150,4710,0,4710,33000EAH
R72 15405 0023,16320,33390,49710,10470,50490,60960,33000EAH
R72 15405 0024,16320,35800,52120,10470,52520,62990,33000EAH
R72 15405 0025,16320,25840,42160,10470,58950,69420,33000EAH
R72 15405 0026,15140,41120,56260,9700,33730,43430,33000EAH
R72 15405 0027,7470,0,7470,4310,0,4310,33000EAH
R72 15405 0028,17840,43610,61450,11490,48850,60340,33000EAH
R72 15405 0030,21270,50560,71830,13820,62060,75880,33000EAH
R72 15405 0032,15140,31730,46870,9730,47430,57160,33000EAH
R72 15405 0033,15290,52720,68010,9760,64570,74330,33000EAH
R72 15405 0034,15290,28540,43830,9760,42670,52430,33000EAH
R72 15405 0037,15290,51670,66960,9790,55770,65560,33000EAH
R72 15405 0038,15290,45270,60560,9790,40580,50370,33000EAH
R72 15405 0039,15290,41230,56520,9790,56290,66080,33000EAH
R72 15405 0040,15290,43720,59010,9830,58640,68470,33000EAH
R72 15405 0041,15290,51720,67010,9790,62840,72630,33000EAH
R72 15405 0042,15290,55020,70310,9790,60880,70670,33000EAH
R72 15405 0043,15290,51720,67010,9790,62840,72630,33000EAH
R72 15405 0044,15290,28850,44140,9790,37470,47260,33000EAH
R72 15405 0045,7640,0,7640,4410,0,4410,33000EAH
R72 15405 0046,15290,32560,47850,9790,43440,53230,33000EAH
R72 15405 0047,15290,19630,34920,9790,0,9790,33000EAH
R72 15405 0048,21480,34640,56120,13950,72920,86870,33000EAH
R72 15405 0050,15290,25500,40790,9790,32780,42570,33000EAH
R72 15405 0051,21290,45910,67200,13830,65210,79040,33000EAH
R72 15405 0053,15110,34980,50090,9670,48100,57770,33000EAH
R72 15405 0054,7540,0,7540,4350,0,4350,33000EAH
R72 15405 0055,15110,28260,43370,9670,36310,45980,33000EAH
R72 15405 0056,10860,31940,42800,7780,8970,16750,33000EAH
R72 15405 0057,6450,0,6450,3820,0,3820,33000EAH
R72 15405 0058,13070,48910,61980,8590,66680,75270,33000EAH
R72 15405 0060,15110,35110,50220,9670,41880,51550,33000EAH
R72 15405 0061,6040,2900,8940,3870,3810,7680,33000EAH
R72 15405 0062,15290,33540,48830,9790,47750,57540,33000EAH
R72 15405 0063,15290,39470,54760,9790,48330,58120,33000EAH
R72 15405 0064,6110,1710,7820,3920,2260,6180,33000EAH
R72 15405 0065,15290,29520,44810,9790,38510,48300,33000EAH
R72 15405 0066,15290,26250,41540,9790,34140,43930,33000EAH
R72 15405 0067,15290,27480,42770,9790,36430,46220,33000EAH
R72 15405 0068,15290,38750,54040,9790,50430,60220,33000EAH
R72 15405 0069,15290,25510,40800,9790,44070,53860,33000EAH
R72 15405 0070,7640,0,7640,4410,0,4410,33000EAH
R72 15405 0071,15290,40910,56200,9790,50050,59840,33000EAH
R72 15405 0072,15290,41630,56920,9790,61520,71310,33000EAH
R72 15405 0073,9920,47130,57050,7440,61670,69110,33000EAH
R72 15405 0074,3010,0,3010,1920,0,1920,33000EAH
R72 15406 0001,7640,0,7640,4410,0,4410,33000EAH
R72 15406 0002,15290,51040,66330,9790,74480,84270,33000EAH
R72 15406 0003,15290,35470,50760,9790,5890,15680,33000EAH
R72 15406 0004,7640,0,7640,4410,0,4410,33000EAH
R72 15406 0005,15290,32040,47330,9790,54630,64420,33000EAH
R72 15406 0006,15290,41670,56960,9790,28270,38060,33000EAH
R72 15406 0007,15290,38900,54190,9790,51800,61590,33000EAH
R72 15406 0008,2540,0,2540,1590,0,1590,33000EAH
R72 15406 0010,18380,34300,52680,11870,44470,56340,33000EAH
R72 15406 0011,15290,22390,37680,9790,30350,40140,33000EAH
R72 15406 0012,5960,1820,7780,3820,2400,6220,33000EAH
R72 15406 0013,15290,31790,47080,9790,46430,56220,33000EAH
R72 15406 0015,15110,32690,47800,9670,35460,45130,33000EAH
R72 15406 0016,14920,35210,50130,9550,47570,57120,33000EAH
R72 15407 0001,14810,0,14810,9590,0,9590,33000EAH
R72 15407 0002,16940,40740,57680,10870,50130,61000,33000EAH
R72 15407 0003,16540,33000,49540,10640,40530,51170,33000EAH
R72 15407 0004,18200,40390,58590,11750,43830,55580,33000EAH
R72 15407 0005,16740,37730,54470,10770,48600,59370,33000EAH
R72 15407 0006,16560,27400,43960,10650,33040,43690,33000EAH
R72 15407 0007,19290,35490,54780,12520,39470,51990,33000EAH
R72 15407 0009,16540,49600,66140,10640,59310,69950,33000EAH
R72 15407 0010,8260,0,8260,4790,0,4790,33000EAH
R72 15407 0011,16540,26380,42920,10640,37310,47950,33000EAH
R72 15407 0012,16540,33210,49750,10640,45650,56290,33000EAH
R72 15407 0013,16540,35660,52200,10640,50770,61410,33000EAH
R72 15407 0014,16540,30940,47480,10640,42070,52710,33000EAH
R72 15407 0015,8180,0,8180,4740,0,4740,33000EAH
R72 15407 0016,16540,28470,45010,10640,39820,50460,33000EAH
R72 15407 0017,16540,29140,45680,10640,37060,47700,33000EAH
R72 15407 0018,16540,31190,47730,10640,45480,56120,33000EAH
R72 15407 0019,16540,43590,60130,10640,60050,70690,33000EAH
R72 15407 0020,8260,0,8260,4790,0,4790,33000EAH
R72 15407 0021,16540,30120,46660,10640,38380,49020,33000EAH
R72 15407 0022,16540,32750,49290,10640,47240,57880,33000EAH
R72 15407 0023,17500,32540,50040,11280,23780,35060,33000EAH
R72 15407 0024,17150,33760,50910,11050,42340,53390,33000EAH
R72 15407 0025,17500,28940,46440,11280,33750,45030,33000EAH
R72 15407 0026,17500,38210,55710,11280,48690,59970,33000EAH
R72 15407 0027,18930,37380,56310,12220,44460,56680,33000EAH
R72 15407 0028,18900,28130,47030,12220,37040,49260,33000EAH
R72 15407 0029,19250,34310,53560,12600,49910,62510,33000EAH
R72 15407 0030,21350,45280,66630,15280,51720,67000,33000EAH
R72 15407 0032,19790,39630,59420,12330,51450,63780,33000EAH
R72 15407 0033,17850,31470,49320,11520,40530,52050,33000EAH
R72 15407 0034,20020,32340,52360,13100,40850,53950,33000EAH
R72 15407 0035,25910,32990,58900,18030,38460,56490,33000EAH
R72 15407 0036,27940,32720,60660,19370,43060,62430,33000EAH
R72 15407 0037,19600,30370,49970,12830,34350,47180,33000EAH
R72 15407 0038,18730,33320,52050,12080,37380,49460,33000EAH
R72 15407 0039,19470,35090,54560,12560,42630,55190,33000EAH
R72 15407 0040,20020,31900,51920,13030,41490,54520,33000EAH
R72 15407 0041,18930,31590,50520,12270,47980,60250,33000EAH
R72 15407 0042,18930,36510,55440,12220,48180,60400,33000EAH
R72 15407 0043,18380,35450,53830,11870,50990,62860,33000EAH
R72 15407 0044,18750,32860,51610,12120,40440,52560,33000EAH
R72 15407 0045,19290,32350,51640,12540,60810,73350,33000EAH
R72 15407 0046,20380,31880,52260,13220,40940,54160,33000EAH
R72 15407 0047,18920,34610,53530,12270,59930,72200,33000EAH
R72 15407 0048,21340,41880,63220,13600,54840,68440,33000EAH
R72 15407 0049,18230,31310,49540,11580,34510,46090,33000EAH
R72 15407 0050,17870,35110,52980,11430,54560,65990,33000EAH
R72 15407 0051,17980,36830,54810,11480,49670,61150,33000EAH
R72 15407 0052,17500,32540,50040,11300,42820,54120,33000EAH
R72 15407 0053,18560,40720,59280,12000,55100,67100,33000EAH
R72 15407 0054,20530,32500,53030,13220,45030,58250,33000EAH
R72 15407 0055,20710,35360,56070,13460,50090,63550,33000EAH
R72 15407 0056,19100,29420,48520,12390,38680,51070,33000EAH
R72 15407 0057,18920,32170,51090,12220,41770,53990,33000EAH
R72 15407 0058,19100,29550,48650,12390,53090,65480,33000EAH
R72 15407 0059,18390,33240,51630,11820,45370,57190,33000EAH
R72 15407 0060,19270,40420,59690,12460,46540,59000,33000EAH
R72 15407 0061,19640,28090,47730,12630,37850,50480,33000EAH
R72 15407 0062,20190,34600,54790,13040,50350,63390,33000EAH
R72 15407 0063,18910,31300,50210,12260,45730,57990,33000EAH
R72 15407 0064,20220,32170,52390,13140,41920,55060,33000EAH
R72 15407 0065,26810,31570,58380,18650,46060,64710,33000EAH
R72 15407 0066,27420,32230,59650,18470,39870,58340,33000EAH
R72 15407 0067,23430,35700,59130,15150,41780,56930,33000EAH
R72 15407 0068,22320,33170,55490,16120,44940,61060,33000EAH
R72 15407 0069,18900,31480,50380,12170,36480,48650,33000EAH
R72 15407 0070,18910,31350,50260,12260,14390,26650,33000EAH
R72 15407 0071,21060,33530,54590,13570,42910,56480,33000EAH
R72 15407 0072,19740,36110,55850,12550,47740,60290,33000EAH
R72 15407 0073,17330,32760,50090,11140,42620,53760,33000EAH
R72 15407 0074,18030,36870,54900,11580,49350,60930,33000EAH
R72 15407 0075,19650,33750,53400,12680,42090,54770,33000EAH
R72 15407 0076,22210,41280,63490,14350,49420,63770,33000EAH
R72 15407 0077,20200,31650,51850,14290,46770,61060,33000EAH
R72 15407 0078,22230,32730,54960,14290,44900,59190,33000EAH
R72 15407 0079,22230,33540,55770,14290,49820,64110,33000EAH
R72 15407 0080,19290,31630,50920,12460,46200,58660,33000EAH
R72 15407 0081,18740,35210,53950,12110,46750,58860,33000EAH
R72 15407 0082,18200,31770,49970,11700,42320,54020,33000EAH
R72 15407 0083,19600,30750,50350,12630,42090,54720,33000EAH
R72 15407 0084,17460,34600,52060,11220,66380,77600,33000EAH
R72 15407 0085,17460,36100,53560,11220,22210,33430,33000EAH
R72 15407 0086,17460,32540,50000,11220,41360,52580,33000EAH
R72 15407 0087,17460,33520,50980,11220,45350,56570,33000EAH
R72 15407 0088,17460,31480,48940,11220,33160,44380,33000EAH
R72 15407 0089,17460,32230,49690,11220,47270,58490,33000EAH
R72 15407 0090,17460,29750,47210,11220,42370,53590,33000EAH
R72 15407 0091,17460,29280,46740,11220,46260,57480,33000EAH
R72 15407 0092,17460,30430,47890,11220,42610,53830,33000EAH
R72 15407 0093,19480,39560,59040,12310,50880,63190,33000EAH
R72 15407 0094,17710,34810,52520,11280,48330,59610,33000EAH
R72 15407 0095,17710,32500,50210,11280,41050,52330,33000EAH
R72 15407 0096,17710,39000,56710,11280,54820,66100,33000EAH
R72 15407 0097,17710,33150,50860,11280,41920,53200,33000EAH
R72 15407 0098,17710,31270,48980,11280,44770,56050,33000EAH
R72 15407 0099,17710,36890,54600,11280,52240,63520,33000EAH
R72 15407 0100,17710,38120,55830,11280,45740,57020,33000EAH
R72 15407 0101,17710,28230,45940,11280,46140,57420,33000EAH
R72 15407 0102,17710,30270,47980,11280,39170,50450,33000EAH
R72 15407 0103,17710,30570,48280,11280,44930,56210,33000EAH
R72 15407 0104,17710,37140,54850,11280,54320,65600,33000EAH
R72 15407 0105,18290,37270,55560,11730,47430,59160,33000EAH
R72 15407 0106,17710,34540,52250,11280,50210,61490,33000EAH
R72 15407 0107,17710,31390,49100,11280,61560,72840,33000EAH
R72 15407 0108,21090,31770,52860,13250,42530,55780,33000EAH
R72 15407 0109,20320,15840,36160,12590,44600,57190,33000EAH
R72 15407 0110,17850,32410,50260,11520,43540,55060,33000EAH
R72 15407 0111,18380,33440,51820,11890,43780,55670,33000EAH
R72 15407 0112,18380,29310,47690,11890,39340,51230,33000EAH
R72 15407 0113,16540,35460,52000,10640,42560,53200,33000EAH
R72 15407 0114,18380,41140,59520,11890,46790,58680,33000EAH
R72 15407 0115,17850,40500,58350,11240,55000,66240,33000EAH
R72 15407 0116,18380,36930,55310,11890,46150,58040,33000EAH
R72 15407 0117,19280,31860,51140,12510,41380,53890,33000EAH
R72 15407 0118,19090,30140,49230,12290,42090,54380,33000EAH
R72 15407 0119,18030,29930,47960,11670,41950,53620,33000EAH
R72 15407 0120,19040,30850,49890,12290,40570,52860,33000EAH
R72 15407 0121,19990,33040,53030,12710,43610,56320,33000EAH
R72 15407 0122,20920,32800,53720,13490,41900,55390,33000EAH
R72 15407 0123,20070,33530,53600,12950,38420,51370,33000EAH
R72 15407 0124,19480,32050,51530,12640,46310,58950,33000EAH
R72 15407 0125,19480,31980,51460,12640,39960,52600,33000EAH
R72 15407 0126,19480,32630,52110,12640,43130,55770,33000EAH
R72 15407 0127,19480,31890,51370,12640,42400,55040,33000EAH
R72 15407 0128,19290,32680,51970,12520,43120,55640,33000EAH
R72 15407 0129,18380,31320,49700,11890,40880,52770,33000EAH
R72 15407 0130,18880,32710,51590,11970,48090,60060,33000EAH
R72 15407 0131,18940,32640,51580,11880,42590,54470,33000EAH
R72 15407 0132,19580,32470,52050,12520,43780,56300,33000EAH
R72 15407 0133,21350,34050,55400,13690,44450,58140,33000EAH
R72 15407 0134,20210,28950,49160,13240,37400,50640,33000EAH
R72 15407 0135,18010,37040,55050,11640,44810,56450,33000EAH
R72 15407 0136,18540,42640,61180,11950,52590,64540,33000EAH
R72 15407 0137,18540,28840,47380,11950,39600,51550,33000EAH
R72 15407 0138,18010,30690,48700,11640,37350,48990,33000EAH
R72 15407 0139,18190,30060,48250,11720,44190,55910,33000EAH
R72 15407 0140,18360,31740,50100,11810,44420,56230,33000EAH
R72 15407 0141,18190,29150,47340,11720,36680,48400,33000EAH
R72 15407 0142,18560,36490,55050,11990,47380,59370,33000EAH
R72 15407 0143,18380,38670,57050,11870,49740,61610,33000EAH
R72 15407 0144,18380,29600,47980,11870,34740,46610,33000EAH
R72 15407 0145,18380,31360,49740,11870,47200,59070,33000EAH
R72 15407 0148,16540,32650,49190,10640,48290,58930,33000EAH
R72 15407 0149,16540,33080,49620,10640,48230,58870,33000EAH
R72 15407 0152,2430,0,2430,1630,0,1630,33000EAH
R72 15407 0153,17620,20080,37700,11330,31670,43000,33000EAH
R72 15407 0154,19780,34320,54100,12640,44000,56640,33000EAH
R72 15407 0155,17710,30800,48510,11280,42140,53420,33000EAH
R72 15407 0156,17710,33030,50740,11280,42400,53680,33000EAH
R72 15407 0157,17710,39350,57060,11280,56360,67640,33000EAH
R72 15407 0158,17710,31670,49380,11280,41700,52980,33000EAH
R72 15407 0159,18140,34490,52630,11640,45030,56670,33000EAH
R72 15407 0160,18140,29500,47640,11640,41790,53430,33000EAH
R72 15407 0161,17680,32260,49940,11420,44390,55810,33000EAH
R72 15407 0163,18380,6960,25340,11890,35990,47880,33000EAH
R72 15407 0166,14810,0,14810,9590,0,9590,33000EAH
R72 15407 0167,27300,36010,63310,17860,58750,76610,33000EAH
R72 15407 0171,23630,28620,52250,13950,34950,48900,33000EAH
R72 15408 0001,16560,30870,47430,10650,39180,49830,33000EAH
R72 15408 0002,16740,29890,46630,10770,43940,54710,33000EAH
R72 15408 0003,18200,53390,71590,11750,64740,76490,33000EAH
R72 15408 0004,8890,0,8890,5150,0,5150,33000EAH
R72 15408 0005,18290,44430,62720,11770,31820,43590,33000EAH
R72 15408 0006,19490,34170,53660,12170,45440,57610,33000EAH
R72 15408 0007,22620,41170,63790,14170,55330,69500,33000EAH
R72 15408 0008,18680,33360,52040,11840,46430,58270,33000EAH
R72 15408 0009,18100,29070,47170,11560,39410,50970,33000EAH
R72 15408 0010,17640,35610,53250,11380,47490,58870,33000EAH
R72 15408 0011,18010,35110,53120,11640,46740,58380,33000EAH
R72 15408 0012,18190,33160,51350,11690,40970,52660,33000EAH
R72 15408 0013,17820,30090,47910,11480,37490,48970,33000EAH
R72 15408 0014,17960,33680,51640,11470,43240,54710,33000EAH
R72 15408 0016,18740,34140,52880,12140,38090,50230,33000EAH
R72 15408 0017,19100,32940,52040,12390,42690,55080,33000EAH
R72 15408 0018,19460,35450,54910,12630,52160,64790,33000EAH
R72 15408 0019,19640,30620,50260,12870,35570,48440,33000EAH
R72 15408 0020,17850,16850,34700,11520,37890,49410,33000EAH
R72 15408 0021,17850,44810,62660,11520,57070,68590,33000EAH
R72 15408 0022,17850,29780,47630,11520,42500,54020,33000EAH
R72 15408 0023,19100,37520,56620,12340,42390,54730,33000EAH
R72 15408 0024,19290,29560,48850,12440,36550,48990,33000EAH
R72 15408 0025,17650,32010,49660,11380,40290,51670,33000EAH
R72 15408 0026,19430,59460,78890,12690,75790,88480,33000EAH
R72 15408 0027,19430,29790,49220,12690,43060,55750,33000EAH
R72 15408 0028,19430,27980,47410,12690,43330,56020,33000EAH
R72 15408 0029,19430,32290,51720,12690,41320,54010,33000EAH
R72 15408 0030,20010,30760,50770,13160,47400,60560,33000EAH
R72 15408 0031,22330,36560,58890,15230,48560,63790,33000EAH
R72 15408 0032,26290,38230,64520,19810,48560,68370,33000EAH
R72 15408 0033,23650,41150,64800,16090,56000,72090,33000EAH
R72 15408 0034,19480,36050,55530,6310,0,6310,33000EAH
R72 15408 0035,16980,39680,56660,10990,51380,62370,33000EAH
R72 15408 0036,17500,32180,49680,11280,4700,15980,33000EAH
R72 15408 0037,17670,35320,52990,11440,42130,53570,33000EAH
R72 15408 0038,19460,36690,56150,12630,50970,63600,33000EAH
R72 15408 0039,17500,31550,49050,11280,40640,51920,33000EAH
R72 15408 0040,17500,29970,47470,11280,37560,48840,33000EAH
R72 15408 0041,17460,29980,47440,11220,42760,53980,33000EAH
R72 15408 0042,19250,36030,55280,12460,43890,56350,33000EAH
R72 15408 0043,20300,30720,51020,13580,39060,52640,33000EAH
R72 15408 0044,18190,29680,47870,11770,41620,53390,33000EAH
R72 15408 0045,18690,35570,54260,11760,43700,55460,33000EAH
R72 15408 0046,20340,30090,50430,12490,42470,54960,33000EAH
R72 15408 0047,17330,36250,53580,11140,38120,49260,33000EAH
R72 15408 0048,19250,34880,54130,12600,39930,52530,33000EAH
R72 15408 0049,19550,33320,52870,12900,43540,56440,33000EAH
R72 15408 0050,19950,40300,60250,13210,17050,30260,33000EAH
R72 15408 0051,22050,37920,59970,14390,53840,68230,33000EAH
R72 15408 0052,22050,33380,55430,14390,43180,57570,33000EAH
R72 15408 0053,22050,34080,56130,14390,45800,60190,33000EAH
R72 15408 0054,17520,31310,48830,11110,42380,53490,33000EAH
R72 15408 0055,20830,31420,52250,13360,42300,55660,33000EAH
R72 15408 0056,20730,30380,51110,13140,43610,56750,33000EAH
R72 15408 0057,17600,32030,49630,11320,40450,51770,33000EAH
R72 15408 0058,18380,32350,50730,11890,39630,51520,33000EAH
R72 15408 0059,20650,31680,52330,14190,42650,56840,33000EAH
R72 15408 0060,21350,34690,56040,15790,50240,66030,33000EAH
R72 15408 0061,21350,33820,55170,15750,44080,59830,33000EAH
R72 15408 0062,20860,32550,53410,14270,41840,56110,33000EAH
R72 15408 0063,18740,34460,53200,12160,25170,37330,33000EAH
R72 15408 0064,17250,46810,64060,10830,51430,62260,33000EAH
R72 15408 0065,20380,34340,54720,13220,48890,62110,33000EAH
R72 15408 0066,22200,31800,54000,14440,44480,58920,33000EAH
R72 15408 0067,22020,29040,51060,14320,38660,52980,33000EAH
R72 15408 0068,22020,33970,55990,14320,45820,60140,33000EAH
R72 15408 0069,21520,32170,53690,14590,41490,56080,33000EAH
R72 15408 0070,21330,32890,54220,14430,59090,73520,33000EAH
R72 15408 0071,22140,31950,54090,14950,42400,57350,33000EAH
R72 15408 0072,18100,32060,50160,11560,40680,52240,33000EAH
R72 15408 0073,18100,34020,52120,11560,5060,16620,33000EAH
R72 15408 0074,19250,33250,52500,12410,41870,54280,33000EAH
R72 15408 0075,22530,37870,60400,15500,50090,65590,33000EAH
R72 15408 0076,22870,33000,55870,15050,45990,61040,33000EAH
R72 15408 0077,32740,42380,75120,20790,49090,69880,33000EAH
R72 15408 0078,19530,33460,52990,12320,42540,54860,33000EAH
R72 15408 0079,25040,33400,58440,16220,42930,59150,33000EAH
R72 15408 0080,20380,32400,52780,13050,40240,53290,33000EAH
R72 15408 0081,21260,32640,53900,13540,44140,57680,33000EAH
R72 15408 0082,22980,32230,55210,14880,41740,56620,33000EAH
R72 15408 0083,21130,31940,53070,13320,39230,52550,33000EAH
R72 15408 0084,20200,31750,51950,12900,41390,54290,33000EAH
R72 15408 0085,19040,34430,53470,12130,48900,61030,33000EAH
R72 15408 0086,18750,33950,52700,11900,43220,55120,33000EAH
R72 15408 0087,19520,30880,50400,12480,39650,52130,33000EAH
R72 15408 0088,20230,32020,52250,12910,62840,75750,33000EAH
R72 15408 0089,21060,40620,61680,13570,51720,65290,33000EAH
R72 15408 0090,18190,37170,55360,11770,53530,65300,33000EAH
R72 15408 0091,18190,34410,52600,11770,43850,55620,33000EAH
R72 15408 0092,18190,32030,50220,11770,35520,47290,33000EAH
R72 15408 0093,18190,34310,52500,11770,48750,60520,33000EAH
R72 15408 0094,18670,36190,54860,12010,46910,58920,33000EAH
R72 15408 0095,18740,32760,51500,11660,45200,56860,33000EAH
R72 15408 0096,18030,31890,49920,11410,15900,27310,33000EAH
R72 15408 0097,17500,30380,47880,11280,38580,49860,33000EAH
R72 15408 0098,17500,34940,52440,11280,41930,53210,33000EAH
R72 15408 0099,17500,33880,51380,11280,43450,54730,33000EAH
R72 15408 0100,17500,40880,58380,11280,52300,63580,33000EAH
R72 15408 0101,17500,35090,52590,11280,45550,56830,33000EAH
R72 15408 0102,17500,37890,55390,11280,47010,58290,33000EAH
R72 15408 0103,18030,32820,50850,11620,42070,53690,33000EAH
R72 15408 0104,22330,35480,57810,15230,37460,52690,33000EAH
R72 15408 0105,21760,41810,63570,14410,44250,58660,33000EAH
R72 15408 0106,20980,33460,54440,13650,30320,43970,33000EAH
R72 15408 0107,20220,37240,57460,13140,45110,58250,33000EAH
R72 15408 0108,19850,36290,56140,12880,43790,56670,33000EAH
R72 15408 0109,19850,35990,55840,12880,40940,53820,33000EAH
R72 15408 0110,19850,30590,50440,12880,39180,52060,33000EAH
R72 15408 0111,22300,32000,54300,14590,40870,55460,33000EAH
R72 15408 0112,19180,33530,52710,12000,36390,48390,33000EAH
R72 15408 0113,17710,34820,52530,11340,44180,55520,33000EAH
R72 15408 0114,17640,29890,47530,11330,27870,39200,33000EAH
R72 15408 0115,18480,31540,50020,11840,42170,54010,33000EAH
R72 15408 0116,19600,33660,53260,12830,39920,52750,33000EAH
R72 15408 0117,21170,30700,51870,13930,49260,63190,33000EAH
R72 15408 0118,25240,31660,56900,17280,39120,56400,33000EAH
R72 15408 0119,22270,42380,64650,14230,47700,61930,33000EAH
R72 15408 0120,22830,38890,61720,14820,45810,60630,33000EAH
R72 15408 0121,26350,32140,58490,17910,39920,57830,33000EAH
R72 15408 0122,21950,30520,52470,14610,42940,57550,33000EAH
R72 15408 0123,20710,32120,52830,13900,41260,55160,33000EAH
R72 15408 0124,18160,30930,49090,11690,49640,61330,33000EAH
R72 15408 0125,18360,31440,49800,11800,40140,51940,33000EAH
R72 15408 0126,18520,31440,49960,11910,34650,46560,33000EAH
R72 15408 0127,18390,30570,48960,11820,20670,32490,33000EAH
R72 15408 0128,18560,27960,46520,11950,34370,46320,33000EAH
R72 15408 0129,18380,29490,47870,11840,37200,49040,33000EAH
R72 15408 0130,18380,30890,49270,11790,32550,44340,33000EAH
R72 15408 0131,18190,30000,48190,11690,31200,42890,33000EAH
R72 15408 0132,18010,30850,48860,11640,46970,58610,33000EAH
R72 15408 0133,18010,43210,61220,11640,65440,77080,33000EAH
R72 15408 0134,18010,27960,45970,11640,30080,41720,33000EAH
R72 15408 0135,17840,31360,49200,11530,38420,49950,33000EAH
R72 15408 0136,18480,34740,53220,11840,46660,58500,33000EAH
R72 15408 0137,17640,37600,55240,11280,54700,65980,33000EAH
R72 15408 0138,17460,36100,53560,11170,40110,51280,33000EAH
R72 15408 0139,19580,27960,47540,12390,34370,46760,33000EAH
R72 15408 0140,18030,28870,46900,11620,37870,49490,33000EAH
R72 15408 0141,18030,28310,46340,11620,37470,49090,33000EAH
R72 15408 0142,18030,30550,48580,11620,39320,50940,33000EAH
R72 15408 0143,18030,28890,46920,11620,37740,49360,33000EAH
R72 15408 0144,18030,18610,36640,11620,30030,41650,33000EAH
R72 15408 0145,18030,30550,48580,11620,37810,49430,33000EAH
R72 15408 0146,18030,32840,50870,11620,27250,38870,33000EAH
R72 15408 0147,18030,33190,51220,11620,31000,42620,33000EAH
R72 15408 0148,18380,32230,50610,11840,42380,54220,33000EAH
R72 15408 0149,17850,35820,53670,11510,46320,57830,33000EAH
R72 15408 0150,17850,32250,50100,11510,40550,52060,33000EAH
R72 15408 0151,17850,33230,51080,11510,45910,57420,33000EAH
R72 15408 0152,17850,28580,46430,11510,45680,57190,33000EAH
R72 15408 0153,17850,28070,45920,11510,34510,46020,33000EAH
R72 15408 0154,17850,32210,50060,11510,41160,52670,33000EAH
R72 15408 0155,17850,29160,47010,11510,29900,41410,33000EAH
R72 15408 0156,17500,29680,47180,11280,53440,64720,33000EAH
R72 15408 0157,17500,33170,50670,11280,44420,55700,33000EAH
R72 15408 0158,20930,9070,30000,13080,35850,48930,33000EAH
R72 15408 0159,19110,29430,48540,12020,41440,53460,33000EAH
R72 15408 0160,22050,16690,38740,13680,30130,43810,33000EAH
R72 15408 0161,17500,30600,48100,11280,38950,50230,33000EAH
R72 15408 0162,17500,40410,57910,11280,46530,57810,33000EAH
R72 15408 0163,17500,32920,50420,11280,41070,52350,33000EAH
R72 15408 0164,17500,30230,47730,11280,41980,53260,33000EAH
R72 15408 0165,17500,33220,50720,11280,45970,57250,33000EAH
R72 15408 0166,17500,18660,36160,11280,38670,49950,33000EAH
R72 15408 0167,17500,31980,49480,11280,48290,59570,33000EAH
R72 15408 0168,17850,35420,53270,11470,40510,51980,33000EAH
R72 15408 0169,18740,31420,50160,12110,38350,50460,33000EAH
R72 15408 0170,19290,35680,54970,12540,51490,64030,33000EAH
R72 15408 0171,18930,30600,49530,12270,38740,51010,33000EAH
R72 15408 0172,18200,32780,50980,11750,35340,47090,33000EAH
R72 15408 0173,18200,33310,51510,11750,48840,60590,33000EAH
R72 15408 0174,18200,31600,49800,11750,39350,51100,33000EAH
R72 15408 0175,18200,40070,58270,11750,63660,75410,33000EAH
R72 15408 0176,18200,31030,49230,11750,38500,50250,33000EAH
R72 15408 0177,18750,28560,47310,12120,43510,55630,33000EAH
R72 15408 0178,19780,38600,58380,12750,40100,52850,33000EAH
R72 15408 0179,18380,44490,62870,11840,52470,64310,33000EAH
R72 15408 0180,18380,33630,52010,11840,29870,41710,33000EAH
R72 15408 0181,18380,33300,51680,11840,33080,44920,33000EAH
R72 15408 0182,18380,36840,55220,11840,40140,51980,33000EAH
R72 15408 0183,18380,30600,48980,11840,69810,81650,33000EAH
R72 15408 0184,17640,37060,54700,11380,38000,49380,33000EAH
R72 15408 0185,18930,32720,51650,12240,35500,47740,33000EAH
R72 15408 0186,18390,6940,25330,11900,21890,33790,33000EAH
R72 15408 0187,18210,40440,58650,11700,55870,67570,33000EAH
R72 15408 0188,17850,32050,49900,11550,32690,44240,33000EAH
R72 15408 0189,17850,30400,48250,11510,38170,49680,33000EAH
R72 15408 0190,17850,31950,49800,11510,41410,52920,33000EAH
R72 15408 0191,17850,31610,49460,11510,40570,52080,33000EAH
R72 15408 0192,17850,28070,45920,11510,35900,47410,33000EAH
R72 15408 0193,17850,34980,52830,11510,41690,53200,33000EAH
R72 15408 0194,17850,30860,48710,11510,44600,56110,33000EAH
R72 15408 0195,17850,35290,53140,11510,48980,60490,33000EAH
R72 15408 0196,17850,15960,33810,11510,33660,45170,33000EAH
R72 15408 0197,17850,32920,50770,11510,35900,47410,33000EAH
R72 15408 0198,17850,35160,53010,11510,47420,58930,33000EAH
R72 15408 0199,17850,36480,54330,11510,43640,55150,33000EAH
R72 15408 0200,17850,33210,51060,11510,43140,54650,33000EAH
R72 15408 0201,17850,33950,51800,11510,44820,56330,33000EAH
R72 15408 0202,17850,32660,50510,11510,41790,53300,33000EAH
R72 15408 0203,17850,34540,52390,11510,48940,60450,33000EAH
R72 15408 0204,19600,33010,52610,12630,39170,51800,33000EAH
R72 15408 0205,19600,33150,52750,12630,36370,49000,33000EAH
R72 15408 0206,18030,32250,50280,11620,34480,46100,33000EAH
R72 15408 0207,18030,32650,50680,11620,42200,53820,33000EAH
R72 15408 0208,18030,34590,52620,11620,33680,45300,33000EAH
R72 15408 0209,18030,32170,50200,11620,36880,48500,33000EAH
R72 15408 0210,18030,32130,50160,11620,36530,48150,33000EAH
R72 15408 0211,18030,28970,47000,11620,39130,50750,33000EAH
R72 15408 0212,18030,32180,50210,11620,52510,64130,33000EAH
R72 15408 0213,18030,30560,48590,11620,42130,53750,33000EAH
R72 15408 0214,18030,31290,49320,11620,41320,52940,33000EAH
R72 15408 0215,18030,31390,49420,11620,40670,52290,33000EAH
R72 15408 0216,18030,31190,49220,11620,39800,51420,33000EAH
R72 15408 0217,18030,30490,48520,11620,42200,53820,33000EAH
R72 15408 0218,18030,33650,51680,11620,38270,49890,33000EAH
R72 15408 0219,18900,33390,52290,12240,35300,47540,33000EAH
R72 15408 0220,18210,37370,55580,11770,45010,56780,33000EAH
R72 15408 0221,18390,31210,49600,11870,34730,46600,33000EAH
R72 15408 0222,18570,31500,50070,11970,38610,50580,33000EAH
R72 15408 0223,18570,35900,54470,12020,42750,54770,33000EAH
R72 15408 0228,16200,0,16200,9700,0,9700,33000EAH
R72 15408 0229,16200,0,16200,9700,0,9700,33000EAH
R72 15408 0230,26840,42410,69250,17830,65740,83570,33000EAH
R72 15408 0231,8460,0,8460,4900,0,4900,33000EAH
R72 15408 0232,16380,48060,64440,10530,69550,80080,33000EAH
R72 15408 0233,47780,42060,89840,17670,8110,25780,33000EAH
R72 15408 0234,19650,41630,61280,12710,50850,63560,33000EAH
R72 15408 0236,4180,3700,7880,2720,4840,7560,33000EAH
R72 15408 0244,19830,32730,52560,13010,59100,72110,33000EAH
R72 15408 0248,17510,33010,50520,11380,40120,51500,33000EAH
R72 15408 0251,290,0,290,290,0,290,33000EAH
R72 15408 0252,290,0,290,290,0,290,33000EAH
R72 15409 0004,6250,58490,64740,6250,88330,94580,33000EAH
R72 15409 0011,4550,69210,73760,4550,97280,101830,33000EAH
R72 15410 0001,27660,79060,106720,18100,88510,106610,33000EAH
R72 15410 0004,15290,26210,41500,9790,33440,43230,33000EAH
R72 15410 0005,7640,0,7640,4410,0,4410,33000EAH
R72 15410 0006,21480,52810,74290,13950,57260,71210,33000EAH
R72 15410 0008,7640,0,7640,4410,0,4410,33000EAH
R72 15410 0009,15290,32010,47300,9790,38600,48390,33000EAH
R72 15410 0010,15290,37310,52600,9790,45960,55750,33000EAH
R72 15410 0011,7640,0,7640,4410,0,4410,33000EAH
R72 15410 0012,15110,39890,55000,9670,47060,56730,33000EAH
R72 15410 0013,7540,0,7540,4350,0,4350,33000EAH
R72 15410 0014,2860,0,2860,1810,0,1810,33000EAH
R72 15410 0015,14740,25050,39790,9430,16960,26390,33000EAH
R72 15410 0016,17620,42270,59890,11310,66020,77330,33000EAH
R72 15410 0017,16700,33850,50550,10680,21870,32550,33000EAH
R72 15410 0019,17440,49020,66460,11180,65330,76510,33000EAH
R72 15410 0020,17440,38630,56070,11180,51510,62690,33000EAH
R72 15410 0021,17440,46840,64280,11180,61520,72700,33000EAH
R72 15410 0022,17440,46280,63720,11180,62400,73580,33000EAH
R72 15410 0023,17440,45780,63220,11180,59020,70200,33000EAH
R72 15410 0024,17440,42380,59820,11180,52170,63350,33000EAH
R72 15410 0025,17440,44640,62080,11180,66560,77740,33000EAH
R72 15410 0026,18920,48990,67910,12190,60240,72430,33000EAH
R72 15410 0027,18730,65370,84100,12130,87290,99420,33000EAH
R72 15410 0028,4450,0,4450,2870,0,2870,33000EAH
R72 15410 0029,17790,50070,67860,11480,64690,76170,33000EAH
R72 15410 0030,17600,44170,61770,11350,52170,63520,33000EAH
R72 15410 0031,17600,47810,65410,11350,58610,69960,33000EAH
R72 15410 0032,17600,54490,72090,11350,65400,76750,33000EAH
R72 15410 0033,16450,50660,67110,10600,66760,77360,33000EAH
R72 15410 0034,17600,50220,67820,11350,55940,67290,33000EAH
R72 15410 0036,16850,33020,49870,10830,29170,40000,33000EAH
R72 15410 0037,20040,36840,56880,13030,53130,66160,33000EAH
R72 15410 0038,18900,49040,67940,12180,67830,80010,33000EAH
R72 15410 0039,18200,44870,63070,11730,49200,60930,33000EAH
R72 15410 0040,18200,42350,60550,11730,56940,68670,33000EAH
R72 15410 0041,18200,49170,67370,11730,57230,68960,33000EAH
R72 15410 0042,18200,44660,62860,11730,69800,81530,33000EAH
R72 15410 0043,18200,45010,63210,11730,66400,78130,33000EAH
R72 15410 0044,18200,44640,62840,11730,57070,68800,33000EAH
R72 15410 0045,18200,37800,56000,11730,53250,64980,33000EAH
R72 15410 0046,18200,48140,66340,11730,67240,78970,33000EAH
R72 15410 0047,18200,42120,60320,11730,77710,89440,33000EAH
R72 15410 0048,18200,40790,58990,11730,59050,70780,33000EAH
R72 15410 0049,18200,42120,60320,11730,60110,71840,33000EAH
R72 15410 0050,18200,44460,62660,11730,63410,75140,33000EAH
R72 15410 0051,18200,42310,60510,11730,57620,69350,33000EAH
R72 15410 0052,18200,39580,57780,11730,58690,70420,33000EAH
R72 15410 0053,18900,49250,68150,12180,62330,74510,33000EAH
R72 15410 0054,18900,42620,61520,12180,53680,65860,33000EAH
R72 15410 0055,18200,36280,54480,11730,49380,61110,33000EAH
R72 15410 0056,18200,15190,33390,11730,45760,57490,33000EAH
R72 15410 0057,18200,44250,62450,11730,66230,77960,33000EAH
R72 15410 0058,18200,42410,60610,11730,63260,74990,33000EAH
R72 15410 0059,18200,42480,60680,11730,54860,66590,33000EAH
R72 15410 0060,18200,46410,64610,11730,63710,75440,33000EAH
R72 15410 0061,18200,43830,62030,11730,73550,85280,33000EAH
R72 15410 0062,18550,35910,54460,11990,36840,48830,33000EAH
R72 15410 0063,20030,35110,55140,13000,21830,34830,33000EAH
R72 15410 0064,20030,32970,53000,13000,32770,45770,33000EAH
R72 15410 0065,18900,36570,55470,12180,40200,52380,33000EAH
R72 15410 0066,20030,34440,54470,13000,34330,47330,33000EAH
R72 15410 0067,20030,34240,54270,13000,43230,56230,33000EAH
R72 15410 0068,20220,34930,55150,13130,41000,54130,33000EAH
R72 15410 0069,16980,35250,52230,10900,39420,50320,33000EAH
R72 15410 0070,16980,31500,48480,10900,35800,46700,33000EAH
R72 15410 0071,17500,35480,52980,11230,39860,51090,33000EAH
R72 15410 0072,18330,33850,52180,11830,36890,48720,33000EAH
R72 15410 0073,16930,21650,38580,10890,29100,39990,33000EAH
R72 15410 0074,17990,34940,52930,11600,39630,51230,33000EAH
R72 15410 0075,18180,24650,42830,11730,36050,47780,33000EAH
R72 15410 0076,19480,36420,55900,12620,44210,56830,33000EAH
R72 15410 0077,19480,43150,62630,12620,54410,67030,33000EAH
R72 15410 0078,29490,57950,87440,19470,74050,93520,33000EAH
R72 15410 0081,19290,38510,57800,12520,44540,57060,33000EAH
R72 15410 0082,19290,39320,58610,12520,46100,58620,33000EAH
R72 15410 0083,19290,40730,60020,12460,47150,59610,33000EAH
R72 15410 0084,19290,49820,69110,12460,63070,75530,33000EAH
R72 15410 0085,19840,48970,68810,12910,63290,76200,33000EAH
R72 15410 0086,19840,51280,71120,12910,62300,75210,33000EAH
R72 15410 0087,19840,44900,64740,12850,51080,63930,33000EAH
R72 15410 0088,19840,40790,60630,12850,47950,60800,33000EAH
R72 15410 0089,19840,52290,72130,12790,55480,68270,33000EAH
R72 15410 0092,20220,44360,64580,13160,57030,70190,33000EAH
R72 15410 0093,20220,47170,67390,13160,63030,76190,33000EAH
R72 15410 0094,20220,41020,61240,13160,48690,61850,33000EAH
R72 15410 0095,20220,42580,62800,13160,53080,66240,33000EAH
R72 15410 0096,20220,41060,61280,13160,48580,61740,33000EAH
R72 15410 0097,19470,50530,70000,12640,62870,75510,33000EAH
R72 15410 0098,19470,34860,54330,12640,46370,59010,33000EAH
R72 15410 0099,19470,39420,58890,12640,60210,72850,33000EAH
R72 15410 0100,19470,45630,65100,12640,52350,64990,33000EAH
R72 15410 0101,19470,41940,61410,12640,52220,64860,33000EAH
R72 15410 0102,19470,42610,62080,12640,45860,58500,33000EAH
R72 15410 0106,61670,46230,107900,76790,19690,96480,33000EAH
R72 15410 0107,19470,48520,67990,12660,51920,64580,33000EAH
R72 15410 0113,13800,74290,88090,16840,44110,60950,33000EAH
R72 15410 0114,20130,14260,34390,12620,29790,42410,33000EAH
R72 15410 0115,6350,0,6350,3640,0,3640,33000EAH
R72 15410 0117,19470,48480,67950,12640,57270,69910,33000EAH
R72 15410 0118,19470,45950,65420,12640,50220,62860,33000EAH
R72 15410 0119,19660,40460,60120,12700,46330,59030,33000EAH
R72 15410 0120,19470,47590,67060,12590,57460,70050,33000EAH
R72 15410 0121,18930,40670,59600,12290,53380,65670,33000EAH
R72 15410 0122,19090,47680,66770,12290,59970,72260,33000EAH
R72 15410 0123,18710,41580,60290,12020,47170,59190,33000EAH
R72 15410 0124,18520,41800,60320,11960,51550,63510,33000EAH
R72 15410 0125,18710,45010,63720,12020,54120,66140,33000EAH
R72 15410 0126,18710,40440,59150,12020,45060,57080,33000EAH
R72 15410 0127,19060,42220,61280,12300,48950,61250,33000EAH
R72 15410 0128,20020,41080,61100,13150,47020,60170,33000EAH
R72 15410 0129,19840,37480,57320,12850,46370,59220,33000EAH
R72 15410 0130,19110,45320,64430,12390,60480,72870,33000EAH
R72 15410 0131,18750,41910,60660,12140,47530,59670,33000EAH
R72 15410 0132,18560,26440,45000,11990,54560,66550,33000EAH
R72 15410 0133,18560,47110,65670,11990,57390,69380,33000EAH
R72 15410 0134,18560,48110,66670,11990,59150,71140,33000EAH
R72 15410 0140,19290,42250,61540,12490,49290,61780,33000EAH
R72 15410 0141,19660,42690,62350,12750,52450,65200,33000EAH
R72 15410 0142,19660,47930,67590,12750,63620,76370,33000EAH
R72 15410 0143,19660,42320,61980,12800,48230,61030,33000EAH
R72 15410 0144,19660,43380,63040,12800,49430,62230,33000EAH
R72 15410 0145,19660,45670,65330,12800,55370,68170,33000EAH
R72 15410 0146,19660,54900,74560,12800,64240,77040,33000EAH
R72 15410 0147,19660,43710,63370,12800,52680,65480,33000EAH
R72 15410 0148,19660,45770,65430,12800,57890,70690,33000EAH
R72 15410 0149,19660,46570,66230,12800,49070,61870,33000EAH
R72 15410 0150,19640,46030,65670,12690,52290,64980,33000EAH
R72 15410 0151,19640,48170,67810,12690,61950,74640,33000EAH
R72 15410 0152,19640,46050,65690,12690,39430,52120,33000EAH
R72 15410 0153,19640,43450,63090,12690,47280,59970,33000EAH
R72 15410 0154,19640,41870,61510,12690,41180,53870,33000EAH
R72 15410 0155,19640,46560,66200,12690,66820,79510,33000EAH
R72 15410 0156,19640,47870,67510,12690,55560,68250,33000EAH
R72 15410 0157,23210,51770,74980,15040,52980,68020,33000EAH
R72 15410 0158,22930,50780,73710,14930,60710,75640,33000EAH
R72 15410 0159,20020,40530,60550,12970,45210,58180,33000EAH
R72 15410 0160,20020,50020,70040,12970,59160,72130,33000EAH
R72 15410 0161,20020,42560,62580,12970,46600,59570,33000EAH
R72 15410 0162,20020,46130,66150,12970,50880,63850,33000EAH
R72 15410 0163,20020,24490,44510,12970,25030,38000,33000EAH
R72 15410 0164,20020,51460,71480,12970,53940,66910,33000EAH
R72 15410 0165,20020,51700,71720,12970,59860,72830,33000EAH
R72 15410 0167,18560,34910,53470,11990,40570,52560,33000EAH
R72 15410 0168,19470,44810,64280,12640,48930,61570,33000EAH
R72 15410 0169,6200,0,6200,3500,0,3500,33000EAH
R72 15410 0170,6350,0,6350,3640,0,3640,33000EAH
R72 15410 0175,18000,64550,82550,18000,78410,96410,33000EAH
R72 15411 0001,16740,36550,53290,10810,46370,57180,33000EAH
R72 15411 0002,16910,50070,66980,10850,75110,85960,33000EAH
R72 15411 0005,19660,35990,55650,12770,48770,61540,33000EAH
R72 15411 0006,16910,30860,47770,10890,35930,46820,33000EAH
R72 15411 0007,16910,40230,57140,10890,60840,71730,33000EAH
R72 15411 0008,17070,26320,43390,5470,3610,9080,33000EAH
R72 15411 0009,17070,46660,63730,10930,56100,67030,33000EAH
R72 15411 0010,8530,0,8530,4920,0,4920,33000EAH
R72 15411 0011,17070,33320,50390,10930,43120,54050,33000EAH
R72 15411 0012,17990,44470,62460,11560,39160,50720,33000EAH
R72 15411 0013,17390,24160,41550,11170,30270,41440,33000EAH
R72 15411 0014,17390,22890,40280,11170,25600,36770,33000EAH
R72 15411 0015,17390,18610,36000,11170,26780,37950,33000EAH
R72 15411 0016,19320,24900,44220,13140,27380,40520,33000EAH
R72 15411 0017,17390,16450,33840,11170,26330,37500,33000EAH
R72 15411 0018,17390,48590,65980,11170,66460,77630,33000EAH
R72 15411 0019,18200,48040,66240,11730,73660,85390,33000EAH
R72 15411 0020,18200,40750,58950,11730,55540,67270,33000EAH
R72 15411 0021,18200,45270,63470,11730,64650,76380,33000EAH
R72 15411 0022,18200,42930,61130,11730,54220,65950,33000EAH
R72 15411 0023,18200,42640,60840,11730,58710,70440,33000EAH
R72 15411 0024,18200,41600,59800,11730,64010,75740,33000EAH
R72 15411 0025,18200,37440,55640,11730,58540,70270,33000EAH
R72 15411 0026,18900,47730,66630,12180,59680,71860,33000EAH
R72 15411 0027,18900,38720,57620,12180,55430,67610,33000EAH
R72 15411 0028,18200,46410,64610,11730,57080,68810,33000EAH
R72 15411 0029,18200,37060,55260,11730,48580,60310,33000EAH
R72 15411 0030,18200,40320,58520,11730,55490,67220,33000EAH
R72 15411 0031,18200,45910,64110,11730,54000,65730,33000EAH
R72 15411 0032,18200,39320,57520,11730,57560,69290,33000EAH
R72 15411 0033,18200,32750,50950,11730,49980,61710,33000EAH
R72 15411 0034,18200,41350,59550,11730,64010,75740,33000EAH
R72 15411 0035,18200,45680,63880,11730,69720,81450,33000EAH
R72 15411 0036,18200,38370,56570,11730,46450,58180,33000EAH
R72 15411 0037,18200,38140,56340,11730,55400,67130,33000EAH
R72 15411 0038,18200,46000,64200,11730,57800,69530,33000EAH
R72 15411 0039,18200,36910,55110,11730,52530,64260,33000EAH
R72 15411 0040,18200,37570,55770,11730,52510,64240,33000EAH
R72 15411 0041,18200,42110,60310,11730,51620,63350,33000EAH
R72 15411 0042,18900,44390,63290,12180,58440,70620,33000EAH
R72 15411 0043,18920,48460,67380,12190,27970,40160,33000EAH
R72 15411 0044,18560,42630,61190,11990,54810,66800,33000EAH
R72 15411 0045,23090,41000,64090,15170,17250,32420,33000EAH
R72 15411 0046,20950,44920,65870,13470,55150,68620,33000EAH
R72 15411 0047,20590,40990,61580,13230,49290,62520,33000EAH
R72 15411 0048,22040,37050,59090,14280,60950,75230,33000EAH
R72 15411 0049,17850,41470,59320,11460,53790,65250,33000EAH
R72 15411 0050,19470,41350,60820,12560,64540,77100,33000EAH
R72 15411 0051,18360,40800,59160,11860,56880,68740,33000EAH
R72 15411 0052,18740,37340,56080,12110,47110,59220,33000EAH
R72 15411 0053,20220,37650,57870,13130,50510,63640,33000EAH
R72 15411 0054,20220,46010,66230,13130,52360,65490,33000EAH
R72 15411 0055,20220,43180,63400,13130,61040,74170,33000EAH
R72 15411 0056,20220,40510,60730,13130,65920,79050,33000EAH
R72 15411 0057,20220,48670,68890,13130,72200,85330,33000EAH
R72 15411 0058,19850,32510,52360,12880,34830,47710,33000EAH
R72 15411 0059,19850,35140,54990,12880,61830,74710,33000EAH
R72 15411 0060,19850,31980,51830,12880,33100,45980,33000EAH
R72 15411 0061,19850,32940,52790,12880,35870,48750,33000EAH
R72 15411 0062,18880,27700,46580,12510,34730,47240,33000EAH
R72 15411 0063,18330,31900,50230,11830,4480,16310,33000EAH
R72 15411 0064,17580,21500,39080,11300,26330,37630,33000EAH
R72 15411 0065,18330,33660,51990,11830,37850,49680,33000EAH
R72 15411 0066,16630,30030,46660,10670,37210,47880,33000EAH
R72 15411 0067,16980,24960,41940,10900,34020,44920,33000EAH
R72 15411 0068,17150,34610,51760,11010,39170,50180,33000EAH
R72 15411 0069,17150,31560,48710,11010,42420,53430,33000EAH
R72 15411 0070,16290,25630,41920,10480,31500,41980,33000EAH
R72 15411 0071,17150,33610,50760,11010,35230,46240,33000EAH
R72 15411 0072,18330,38470,56800,11830,48980,60810,33000EAH
R72 15411 0073,17580,25260,42840,11300,33950,45250,33000EAH
R72 15411 0074,18330,36330,54660,11830,45150,56980,33000EAH
R72 15412 0001,22510,34970,57480,14720,42480,57200,33000EAH
R72 15412 0002,20480,36700,57180,13200,40480,53680,33000EAH
R72 15412 0003,19860,36220,56080,12690,42670,55360,33000EAH
R72 15412 0004,19740,41560,61300,12550,39620,52170,33000EAH
R72 15412 0005,19740,36090,55830,12550,47640,60190,33000EAH
R72 15412 0006,19740,40660,60400,12550,53170,65720,33000EAH
R72 15412 0009,21900,32720,54620,13720,36500,50220,33000EAH
R72 15412 0010,21480,39370,60850,13580,63940,77520,33000EAH
R72 15412 0011,20230,34610,54840,12850,42380,55230,33000EAH
R72 15412 0012,18920,37590,56510,12120,46400,58520,33000EAH
R72 15412 0013,23930,51760,75690,15350,57780,73130,33000EAH
R72 15412 0014,26060,45420,71480,17160,45120,62280,33000EAH
R72 15412 0015,22540,39590,62130,14230,51710,65940,33000EAH
R72 15412 0016,20930,55430,76360,13160,62190,75350,33000EAH
R72 15412 0017,19000,34910,53910,12030,43590,55620,33000EAH
R72 15412 0018,19000,32940,51940,12030,38640,50670,33000EAH
R72 15412 0019,19800,35100,54900,12500,72730,85230,33000EAH
R72 15412 0020,19800,35300,55100,12500,44590,57090,33000EAH
R72 15412 0021,19800,36380,56180,12500,42870,55370,33000EAH
R72 15412 0022,19370,33640,53010,12230,38370,50600,33000EAH
R72 15412 0023,20790,36880,57670,12910,43240,56150,33000EAH
R72 15412 0024,18000,37300,55300,18000,43830,61830,33000EAH
R72 15412 0025,20710,43480,64190,12900,53250,66150,33000EAH
R72 15412 0026,20610,37780,58390,12970,45160,58130,33000EAH
R72 15412 0027,20230,33000,53230,12910,38730,51640,33000EAH
R72 15412 0028,19860,33510,53370,12760,38310,51070,33000EAH
R72 15412 0029,20830,49180,70010,13360,54170,67530,33000EAH
R72 15412 0030,18000,33960,51960,18000,36450,54450,33000EAH
R72 15412 0031,20480,34810,55290,12780,40870,53650,33000EAH
R72 15412 0032,20480,38230,58710,12780,49530,62310,33000EAH
R72 15412 0033,20960,36200,57160,13450,41500,54950,33000EAH
R72 15412 0034,19860,34930,54790,12690,38830,51520,33000EAH
R72 15412 0035,20230,47040,67270,12910,61070,73980,33000EAH
R72 15412 0036,20130,37570,57700,12620,43420,56040,33000EAH
R72 15412 0037,20020,32250,52270,12560,49060,61620,33000EAH
R72 15412 0038,18000,33080,51080,18000,36100,54100,33000EAH
R72 15412 0039,20560,38680,59240,13110,48000,61110,33000EAH
R72 15412 0040,20620,42310,62930,13080,45680,58760,33000EAH
R72 15412 0041,26830,31640,58470,17650,34730,52380,33000EAH
R72 15412 0042,27080,35480,62560,17820,50580,68400,33000EAH
R72 15412 0043,20830,33270,54100,13360,32400,45760,33000EAH
R72 15412 0044,20660,36610,57270,13190,43220,56410,33000EAH
R72 15412 0045,20660,39490,60150,13190,63840,77030,33000EAH
R72 15412 0046,20660,34100,54760,13190,39340,52530,33000EAH
R72 15412 0047,20660,38570,59230,13190,45600,58790,33000EAH
R72 15412 0048,20660,36490,57150,13190,31810,45000,33000EAH
R72 15412 0049,20880,85270,106150,13330,114710,128040,33000EAH
R72 15412 0050,18000,37150,55150,18000,47100,65100,33000EAH
R72 15413 0001,24100,65230,89330,15630,91960,107590,33000EAH
R72 15413 0002,22850,53620,76470,14810,85370,100180,33000EAH
R72 15413 0003,22850,64290,87140,14810,77650,92460,33000EAH
R72 15413 0004,22850,55690,78540,14810,72320,87130,33000EAH
R72 15413 0005,22870,60870,83740,14740,79590,94330,33000EAH
R72 15413 0006,24600,45930,70530,15780,72770,88550,33000EAH
R72 15413 0007,25000,61840,86840,16200,32930,49130,33000EAH
R72 15413 0008,26790,47070,73860,17470,55280,72750,33000EAH
R72 15413 0009,25930,47320,73250,16820,65190,82010,33000EAH
R72 15413 0010,23320,62730,86050,14860,69760,84620,33000EAH
R72 15413 0011,22850,58900,81750,14810,73500,88310,33000EAH
R72 15413 0012,22850,48700,71550,14810,55240,70050,33000EAH
R72 15413 0013,22850,55160,78010,14810,90210,105020,33000EAH
R72 15413 0014,23380,56500,79880,15160,70050,85210,33000EAH
R72 15413 0015,24450,47730,72180,15860,56250,72110,33000EAH
R72 15413 0016,23380,68830,92210,15160,81420,96580,33000EAH
R72 15413 0017,23380,50590,73970,15160,66660,81820,33000EAH
R72 15413 0018,23380,59510,82890,15160,73380,88540,33000EAH
R72 15413 0019,23380,65770,89150,15160,75290,90450,33000EAH
R72 15413 0020,23380,48710,72090,15160,59510,74670,33000EAH
R72 15413 0021,23380,57840,81220,15160,70230,85390,33000EAH
R72 15413 0022,22530,47640,70170,14660,56590,71250,33000EAH
R72 15413 0023,22530,54210,76740,14660,63860,78520,33000EAH
R72 15413 0024,22530,58390,80920,14590,71720,86310,33000EAH
R72 15413 0025,22530,49480,72010,14590,57010,71600,33000EAH
R72 15413 0026,22530,49890,72420,14590,58290,72880,33000EAH
R72 15413 0027,22530,54730,77260,14590,70090,84680,33000EAH
R72 15413 0028,22530,43460,65990,14590,53510,68100,33000EAH
R72 15413 0029,22000,68370,90370,14110,91530,105640,33000EAH
R72 15413 0030,25680,57380,83060,16650,64800,81450,33000EAH
R72 15413 0031,23480,58110,81590,14820,84640,99460,33000EAH
R72 15413 0032,21440,61050,82490,13820,89760,103580,33000EAH
R72 15413 0033,21880,44540,66420,14100,52000,66100,33000EAH
R72 15413 0034,21880,44030,65910,14100,49160,63260,33000EAH
R72 15413 0035,21660,57630,79290,13960,79710,93670,33000EAH
R72 15413 0036,26890,52920,79810,16750,68550,85300,33000EAH
R72 15415 0001,19080,54270,73350,12300,49750,62050,33000EAH
R72 15415 0002,17500,56160,73660,11280,57220,68500,33000EAH
R72 15415 0003,19780,66300,86080,12750,61520,74270,33000EAH
R72 15415 0013,19720,31520,51240,14570,52170,66740,33000EAH
R72 15415 0014,19030,52250,71280,13780,47750,61530,33000EAH
R72 15415 0015,17930,37490,55420,11520,49130,60650,33000EAH
R72 15415 0016,19900,44650,64550,14620,50370,64990,33000EAH
R72 15415 0017,18670,52280,70950,13150,48360,61510,33000EAH
R72 15415 0018,20010,74750,94760,12980,73810,86790,33000EAH
R72 15501 0001,4250,0,4250,2480,0,2480,72000RES
R72 15501 0002,4250,0,4250,2480,0,2480,72000RES
R72 15501 0003,9650,23890,33540,6340,37670,44010,72000RES
R72 15501 0004,4710,0,4710,2770,0,2770,72000RES
R72 15501 0005,4710,0,4710,2770,0,2770,72000RES
R72 15501 0006,9410,47370,56780,6160,33670,39830,72000RES
R72 15501 0007,9410,44080,53490,6160,26640,32800,72000RES
R72 15501 0008,9580,52320,61900,6190,38780,44970,72000RES
R72 15501 0010,5720,24280,30000,3630,5310,8940,72000RES
R72 15501 0012,9410,27820,37230,6160,19780,25940,72000RES
R72 15501 0013,9410,32970,42380,6160,3970,10130,72000RES
R72 15501 0014,4710,0,4710,2770,0,2770,72000RES
R72 15501 0015,9410,30250,39660,6160,16680,22840,72000RES
R72 15501 0016,4710,0,4710,2770,0,2770,72000RES
R72 15501 0017,4250,0,4250,2480,0,2480,72000RES
R72 15501 0018,4250,0,4250,2480,0,2480,72000RES
R72 15501 0019,7180,15900,23080,4560,45020,49580,72000RES
R72 15501 0020,8500,14580,23080,5520,44980,50500,72000RES
R72 15501 0021,9410,28710,38120,6160,19610,25770,72000RES
R72 15501 0022,9410,21140,30550,6160,11550,17710,72000RES
R72 15501 0023,9410,25420,34830,6160,12920,19080,72000RES
R72 15501 0024,9410,25670,35080,6160,12440,18600,72000RES
R72 15501 0025,9410,23540,32950,6160,7300,13460,72000RES
R72 15501 0026,9410,23060,32470,6160,10460,16620,72000RES
R72 15501 0027,4410,0,4410,2540,0,2540,72000RES
R72 15501 0028,9580,49600,59180,6190,32370,38560,72000RES
R72 15501 0030,9410,43880,53290,6160,28700,34860,72000RES
R72 15501 0031,9410,33550,42960,6160,24600,30760,72000RES
R72 15501 0032,9410,33370,42780,6160,20600,26760,72000RES
R72 15501 0033,9410,21450,30860,6160,17640,23800,72000RES
R72 15501 0034,9410,33150,42560,6160,12040,18200,72000RES
R72 15501 0035,4250,0,4250,2480,0,2480,72000RES
R72 15501 0036,8500,29100,37600,5520,27500,33020,72000RES
R72 15501 0037,8500,51070,59570,5520,31570,37090,72000RES
R72 15501 0038,8500,23440,31940,5520,10350,15870,72000RES
R72 15501 0039,9410,39970,49380,6160,37430,43590,72000RES
R72 15501 0040,9410,38090,47500,6160,20850,27010,72000RES
R72 15501 0041,15090,24730,39820,10440,13590,24030,72000RES
R72 15501 0043,9410,15160,24570,6160,13040,19200,72000RES
R72 15501 0044,9410,10760,20170,0,0,0,72000RES
R72 15501 0045,9410,36440,45850,6160,25350,31510,72000RES
R72 15501 0046,9410,53200,62610,6160,38280,44440,72000RES
R72 15501 0047,9410,27090,36500,6160,15510,21670,72000RES
R72 15501 0048,2570,0,2570,2210,0,2210,72001RES
R72 15501 0050,4710,0,4710,2770,0,2770,72000RES
R72 15501 0053,9410,37720,47130,6160,20520,26680,72000RES
R72 15501 0054,4710,0,4710,2770,0,2770,72000RES
R72 15501 0055,8500,19590,28090,5520,16060,21580,72000RES
R72 15501 0056,4250,0,4250,2480,0,2480,72000RES
R72 15501 0057,8650,28990,37640,5640,15320,20960,72000RES
R72 15501 0058,8650,41120,49770,5640,34330,39970,72000RES
R72 15501 0059,9580,35590,45170,6320,34330,40650,72000RES
R72 15501 0060,9580,26910,36490,6320,9520,15840,72000RES
R72 15501 0061,4800,0,4800,2840,0,2840,72000RES
R72 15501 0062,9580,30560,40140,6320,19060,25380,72000RES
R72 15501 0063,9580,25660,35240,6320,5870,12190,72000RES
R72 15501 0065,9580,36330,45910,6320,25290,31610,72000RES
R72 15501 0066,7140,36730,43870,6950,48940,55890,72001RES
R72 15501 0067,7140,34640,41780,6950,48520,55470,72001RES
R72 15501 0068,7140,24990,32130,6950,23230,30180,72001RES
R72 15501 0069,3580,0,3580,3150,0,3150,72001RES
R72 15501 0070,5080,35260,40340,4930,52490,57420,72001RES
R72 15501 0071,7140,30450,37590,6950,33060,40010,72001RES
R72 15501 0072,7430,20810,28240,7230,21960,29190,72001RES
R72 15501 0073,3790,0,3790,3340,0,3340,72001RES
R72 15501 0074,6290,33930,40220,6120,35880,42000,72001RES
R72 15501 0075,3160,0,3160,2760,0,2760,72001RES
R72 15501 0076,3550,0,3550,3110,0,3110,72001RES
R72 15501 0077,7070,16830,23900,6890,6130,13020,72001RES
R72 15501 0078,7070,35330,42400,6890,44520,51410,72001RES
R72 15501 0079,7070,31700,38770,6890,29090,35980,72001RES
R72 15501 0080,7070,32590,39660,6890,32970,39860,72001RES
R72 15501 0082,7070,20520,27590,6890,15400,22290,72001RES
R72 15501 0083,7070,24150,31220,6890,20790,27680,72001RES
R72 15501 0084,9580,42280,51860,6190,31840,38030,72000RES
R72 15501 0086,7070,19340,26410,3460,0,3460,72001RES
R72 15501 0087,7070,32000,39070,6890,31350,38240,72001RES
R72 15501 0088,7070,36220,43290,6890,35480,42370,72001RES
R72 15501 0089,7070,58200,65270,7650,35690,43340,72001RES
R72 15501 0090,7070,26640,33710,6890,38090,44980,72001RES
R72 15501 0091,7070,4910,11980,6890,11000,17890,72001RES
R72 15501 0092,7070,21500,28570,6890,18100,24990,72001RES
R72 15501 0093,7070,20430,27500,6890,21770,28660,72001RES
R72 15501 0094,6290,32560,38850,6120,30070,36190,72001RES
R72 15501 0095,6290,32760,39050,6120,33870,39990,72001RES
R72 15501 0096,3760,1230,4990,3670,1670,5340,72001RES
R72 15501 0097,7430,35750,43180,7230,31960,39190,72001RES
R72 15501 0098,3580,0,3580,3150,0,3150,72001RES
R72 15501 0099,7140,5560,12700,3490,0,3490,72001RES
R72 15501 0100,7140,21970,29110,6950,10240,17190,72001RES
R72 15501 0101,7140,22150,29290,6950,26600,33550,72001RES
R72 15501 0102,7140,20960,28100,6950,21090,28040,72001RES
R72 15501 0103,7140,23560,30700,5250,0,5250,72001RES
R72 15501 0104,3650,0,3650,3270,0,3270,72001RES
R72 15501 0105,7280,16450,23730,7220,4390,11610,72001RES
R72 15501 0106,5940,27450,33390,5550,27450,33000,72001RES
R72 15501 0107,940,0,940,1500,0,1500,72001RES
R72 15501 0108,7280,22370,29650,7220,11680,18900,72001RES
R72 15501 0109,7280,18650,25930,7220,19930,27150,72001RES
R72 15501 0110,2940,0,2940,2600,0,2600,72001RES
R72 15501 0111,7350,26430,33780,7290,25030,32320,72001RES
R72 15501 0112,6990,43560,50550,6930,50580,57510,72001RES
R72 15501 0113,6990,31300,38290,6930,34620,41550,72001RES
R72 15501 0114,6990,23430,30420,6930,7430,14360,72001RES
R72 15501 0115,6990,19760,26750,6930,19470,26400,72001RES
R72 15501 0116,6990,23810,30800,0,0,0,72001RES
R72 15501 0117,6990,24760,31750,3480,0,3480,72001RES
R72 15501 0118,6990,27970,34960,6930,23900,30830,72001RES
R72 15501 0124,6990,24610,31600,6930,23220,30150,72001RES
R72 15501 0125,3510,0,3510,3130,0,3130,72001RES
R72 15501 0126,6990,21510,28500,3480,0,3480,72001RES
R72 15501 0127,3510,0,3510,3130,0,3130,72001RES
R72 15501 0128,3510,0,3510,3130,0,3130,72001RES
R72 15501 0129,3510,0,3510,3130,0,3130,72001RES
R72 15501 0130,3510,0,3510,3130,0,3130,72001RES
R72 15501 0131,6990,21300,28290,3480,0,3480,72001RES
R72 15501 0132,6990,19880,26870,6930,23610,30540,72001RES
R72 15501 0133,6990,27330,34320,6930,29000,35930,72001RES
R72 15501 0134,7280,46160,53440,7220,57940,65160,72001RES
R72 15501 0135,6080,23940,30020,5850,30780,36630,72001RES
R72 15501 0136,6420,16310,22730,6170,12760,18930,72001RES
R72 15501 0137,7170,26390,33560,6860,31510,38370,72001RES
R72 15501 0138,3590,0,3590,3100,0,3100,72001RES
R72 15501 0139,3590,0,3590,3100,0,3100,72001RES
R72 15501 0140,3630,0,3630,3130,0,3130,72001RES
R72 15501 0141,7170,11270,18440,6860,930,7790,72001RES
R72 15501 0142,7170,22640,29810,6860,13060,19920,72001RES
R72 15501 0143,7170,30920,38090,7620,26970,34590,72001RES
R72 15501 0144,500,0,500,830,0,830,72001RES
R72 15501 0145,2490,0,2490,2140,0,2140,72001RES
R72 15501 0149,9580,31950,41530,6190,14960,21150,72000RES
R72 15501 0151,470,0,470,340,0,340,72000RES
R72 15501 0152,2170,0,2170,1860,0,1860,72001RES
R72 15501 0153,6420,23340,29760,6350,35490,41840,72001RES
R72 15501 0154,6360,22140,28500,6190,22920,29110,72001RES
R72 15501 0155,9580,41750,51330,6190,31560,37750,72000RES
R72 15501 0157,9150,47150,56300,5910,35610,41520,72000RES
R72 15501 0158,9150,39450,48600,5910,24360,30270,72000RES
R72 15503 0001,5350,22370,27720,5170,36360,41530,72001RES
R72 15503 0002,5350,28270,33620,5180,34390,39570,72001RES
R72 15503 0003,5350,25330,30680,5180,15810,20990,72001RES
R72 15503 0004,5350,18960,24310,5180,13500,18680,72001RES
R72 15503 0005,5350,22230,27580,5180,8170,13350,72001RES
R72 15503 0006,5400,26480,31880,5200,16620,21820,72001RES
R72 15503 0007,5400,20780,26180,5200,8720,13920,72001RES
R72 15503 0008,2720,0,2720,2340,0,2340,72001RES
R72 15503 0009,5400,23560,28960,5200,9760,14960,72001RES
R72 15503 0010,5400,19060,24460,5200,7640,12840,72001RES
R72 15503 0011,5400,28120,33520,5220,21970,27190,72001RES
R72 15503 0012,2720,0,2720,2350,0,2350,72001RES
R72 15503 0013,5400,18910,24310,5220,32510,37730,72001RES
R72 15503 0014,5400,30910,36310,5220,29680,34900,72001RES
R72 15503 0015,5400,26020,31420,5220,18480,23700,72001RES
R72 15503 0016,2650,0,2650,2300,0,2300,72001RES
R72 15503 0017,2650,0,2650,2300,0,2300,72001RES
R72 15503 0018,2650,0,2650,2550,2460,5010,72001RES
R72 15503 0019,5260,29710,34970,5110,0,5110,72001RES
R72 15503 0020,5580,15580,21160,5420,31880,37300,72001RES
R72 15503 0021,5650,23430,29080,5490,25030,30520,72001RES
R72 15503 0024,5650,27040,32690,5490,13540,19030,72001RES
R72 15503 0025,5650,24300,29950,5490,25560,31050,72001RES
R72 15503 0026,5650,30290,35940,5490,33450,38940,72001RES
R72 15503 0027,2570,0,2570,2210,0,2210,72001RES
R72 15503 0028,5100,21210,26310,4930,19290,24220,72001RES
R72 15503 0029,5100,22740,27840,4930,22370,27300,72001RES
R72 15503 0030,5100,0,5100,4930,0,4930,72001RES
R72 15503 0031,5300,4070,9370,5110,22760,27870,72001RES
R72 15503 0032,5300,31620,36920,5110,38890,44000,72001RES
R72 15503 0033,5300,23730,29030,5110,19070,24180,72001RES
R72 15503 0034,2670,0,2670,2300,0,2300,72001RES
R72 15503 0035,5300,27830,33130,5110,28380,33490,72001RES
R72 15503 0036,2670,0,2670,2300,0,2300,72001RES
R72 15503 0037,5300,21290,26590,5110,23540,28650,72001RES
R72 15503 0038,2670,0,2670,2300,0,2300,72001RES
R72 15503 0039,2670,0,2670,2300,0,2300,72001RES
R72 15503 0040,2670,0,2670,2300,0,2300,72001RES
R72 15503 0041,5300,8850,14150,5110,3170,8280,72001RES
R72 15503 0042,2670,0,2670,2300,0,2300,72001RES
R72 15503 0044,5300,5760,11060,2550,0,2550,72001RES
R72 15503 0045,5300,25820,31120,5110,19800,24910,72001RES
R72 15503 0046,5300,28240,33540,5110,28480,33590,72001RES
R72 15503 0047,6640,5600,12240,6320,4040,10360,72001RES
R72 15503 0049,1010,0,1010,1650,0,1650,72001RES
R72 15503 0050,2670,0,2670,2300,0,2300,72001RES
R72 15503 0051,2670,0,2670,2300,0,2300,72001RES
R72 15503 0052,5300,17330,22630,5110,11030,16140,72001RES
R72 15503 0053,5300,18760,24060,5110,19620,24730,72001RES
R72 15503 0054,5300,25360,30660,5110,23090,28200,72001RES
R72 15503 0055,5300,12920,18220,5110,5390,10500,72001RES
R72 15503 0056,2670,1930,4600,2300,0,2300,72001RES
R72 15503 0057,2670,0,2670,2300,0,2300,72001RES
R72 15503 0058,2650,29410,32060,3310,15760,19070,72001RES
R72 15503 0059,2670,0,2670,2300,0,2300,72001RES
R72 15503 0060,2670,0,2670,2300,0,2300,72001RES
R72 15503 0061,2610,0,2610,2240,0,2240,72001RES
R72 15503 0062,2610,0,2610,2240,0,2240,72001RES
R72 15503 0063,5170,18510,23680,4990,7200,12190,72001RES
R72 15503 0064,5430,18630,24060,5230,25180,30410,72001RES
R72 15503 0066,4900,22970,27870,4750,15260,20010,72001RES
R72 15503 0068,5170,23480,28650,5010,31190,36200,72001RES
R72 15503 0069,990,0,990,1620,0,1620,72001RES
R72 15503 0070,990,0,990,1620,0,1620,72001RES
R72 15503 0071,5170,22930,28100,5010,32060,37070,72001RES
R72 15503 0072,2610,0,2610,2250,0,2250,72001RES
R72 15503 0075,5030,18590,23620,4870,13030,17900,72001RES
R72 15503 0076,2540,0,2540,2190,0,2190,72001RES
R72 15503 0077,6230,25990,32220,5960,0,5960,72001RES
R72 15503 0079,1950,0,1950,1690,0,1690,72001RES
R72 15503 0080,2470,0,2470,2130,0,2130,72001RES
R72 15503 0081,5170,26440,31610,4990,12350,17340,72001RES
R72 15503 0082,5300,20730,26030,5110,18680,23790,72001RES
R72 15503 0083,5300,7190,12490,5110,10790,15900,72001RES
R72 15503 0084,5970,26120,32090,5720,23220,28940,72001RES
R72 15503 0085,7300,36580,43880,6920,29070,35990,72001RES
R72 15503 0087,5300,13330,18630,5110,22240,27350,72001RES
R72 15503 0088,5300,22230,27530,5110,20660,25770,72001RES
R72 15503 0089,1010,0,1010,1650,0,1650,72001RES
R72 15503 0090,760,0,760,1740,0,1740,72001RES
R72 15503 0091,760,0,760,2300,0,2300,72001RES
R72 15503 0092,5300,14300,19600,5110,67820,72930,72001RES
R72 15503 0093,2670,0,2670,2300,0,2300,72001RES
R72 15503 0094,5300,14700,20000,5110,66270,71380,72001RES
R72 15503 0095,5300,17780,23080,5110,60580,65690,72001RES
R72 15503 0098,1670,0,1670,1620,0,1620,72001RES
R72 15503 0099,5300,0,5300,4520,0,4520,72001RES
R72 15504 0002,5400,32800,38200,4400,27480,31880,82000RES
R72 15504 0015,6540,28130,34670,5360,26470,31830,82000RES
R72 15504 0017,6540,13780,20320,5360,18130,23490,82000RES
R72 15504 0027,6670,26040,32710,5520,30730,36250,82000RES
R72 15504 0028,5470,590,6060,4540,1870,6410,82000RES
R72 15504 0029,6840,23980,30820,5680,27140,32820,82000RES
R72 15504 0030,5470,520,5990,2270,0,2270,82000RES
R72 15504 0031,5470,8190,13660,4540,7330,11870,82000RES
R72 15504 0032,6840,26740,33580,5680,21570,27250,82000RES
R72 15504 0033,6840,27460,34300,5680,10430,16110,82000RES
R72 15504 0034,6840,15240,22080,5680,10540,16220,82000RES
R72 15504 0035,6840,23430,30270,5110,0,5110,82000RES
R72 15504 0036,6840,22480,29320,5680,2620,8300,82000RES
R72 15504 0037,2000,0,2000,2840,0,2840,82000RES
R72 15504 0038,6840,10410,17250,5110,0,5110,82000RES
R72 15504 0039,6840,37030,43870,5680,18230,23910,82000RES
R72 15504 0040,6840,1780,8620,5680,2380,8060,82000RES
R72 15504 0041,3420,0,3420,2560,0,2560,82000RES
R72 15504 0042,6840,0,6840,5680,0,5680,82000RES
R72 15504 0043,6840,24280,31120,5680,21410,27090,82000RES
R72 15504 0044,6840,10840,17680,2560,0,2560,82000RES
R72 15504 0045,3420,0,3420,2560,0,2560,82000RES
R72 15504 0046,2740,0,2740,2270,0,2270,82000RES
R72 15504 0047,3420,0,3420,2560,0,2560,82000RES
R72 15504 0048,3420,23630,27050,2840,58210,61050,82000RES
R72 15504 0049,3420,0,3420,2560,0,2560,82000RES
R72 15504 0050,3420,0,3420,2560,0,2560,82000RES
R72 15504 0051,3420,0,3420,2560,0,2560,82000RES
R72 15504 0052,3420,0,3420,2560,0,2560,82000RES
R72 15504 0053,6840,34430,41270,5680,46950,52630,82000RES
R72 15504 0054,3420,0,3420,2560,0,2560,82000RES
R72 15504 0055,3420,0,3420,2560,0,2560,82000RES
R72 15504 0056,6840,22610,29450,5680,21510,27190,82000RES
R72 15504 0057,1710,0,1710,1420,0,1420,82000RES
R72 15504 0059,6840,24170,31010,5680,2010,7690,82000RES
R72 15504 0060,6840,25270,32110,5680,20960,26640,82000RES
R72 15504 0061,6840,24490,31330,5680,24720,30400,82000RES
R72 15504 0062,6840,22930,29770,5680,24540,30220,82000RES
R72 15504 0063,6840,26830,33670,5680,27820,33500,82000RES
R72 15504 0064,10260,24470,34730,8900,23060,31960,82000RES
R72 15504 0069,3420,0,3420,2560,0,2560,82000RES
R72 15504 0070,6840,34240,41080,5680,28200,33880,82000RES
R72 15504 0071,6840,21290,28130,5680,33870,39550,82000RES
R72 15504 0080,3420,0,3420,2560,0,2560,82000RES
R72 15504 0081,3420,0,3420,2560,0,2560,82000RES
R72 15504 0083,3420,0,3420,2560,0,2560,82000RES
R72 15504 0084,6300,31920,38220,5140,26670,31810,82000RES
R72 15504 0085,6300,23630,29930,5140,21420,26560,82000RES
R72 15504 0086,6300,21570,27870,5140,24820,29960,82000RES
R72 15504 0087,3150,0,3150,2310,0,2310,82000RES
R72 15504 0088,6300,27110,33410,5140,8330,13470,82000RES
R72 15504 0089,7880,29250,37130,6460,26790,33250,82000RES
R72 15504 0091,7880,28620,36500,6460,32560,39020,82000RES
R72 15504 0093,1580,0,1580,1290,0,1290,82000RES
R72 15504 0094,6300,22620,28920,5140,28600,33740,82000RES
R72 15504 0095,6300,4390,10690,5140,6440,11580,82000RES
R72 15504 0096,3150,0,3150,2570,4740,7310,82000RES
R72 15504 0097,6300,38540,44840,5140,40610,45750,82000RES
R72 15504 0098,3150,620,3770,2570,820,3390,82000RES
R72 15504 0099,6300,15300,21600,5140,10220,15360,82000RES
R72 15504 0100,3150,2040,5190,2570,2670,5240,82000RES
R72 15504 0101,6300,15440,21740,5140,15940,21080,82000RES
R72 15504 0102,3150,0,3150,2310,0,2310,82000RES
R72 15504 0103,3150,0,3150,2310,0,2310,82000RES
R72 15504 0104,3150,0,3150,2310,0,2310,82000RES
R72 15504 0105,3150,0,3150,2310,0,2310,82000RES
R72 15504 0106,3150,0,3150,2310,0,2310,82000RES
R72 15504 0107,6300,25100,31400,5140,13960,19100,82000RES
R72 15504 0109,3150,0,3150,2310,0,2310,82000RES
R72 15504 0110,6300,24280,30580,5140,26470,31610,82000RES
R72 15504 0111,6300,22560,28860,5140,21470,26610,82000RES
R72 15504 0112,2280,0,2280,1760,0,1760,82000RES
R72 15504 0113,4260,14390,18650,3740,20210,23950,82000RES
R72 15504 0114,6300,32130,38430,5140,29320,34460,82000RES
R72 15504 0115,6300,30210,36510,5140,0,5140,82000RES
R72 15504 0116,3150,0,3150,2310,0,2310,82000RES
R72 15504 0117,3150,0,3150,2310,0,2310,82000RES
R72 15504 0118,6300,23820,30120,5140,21250,26390,82000RES
R72 15504 0119,6300,26230,32530,5140,21230,26370,82000RES
R72 15504 0120,6300,23540,29840,5140,17130,22270,82000RES
R72 15504 0121,3150,0,3150,2310,0,2310,82000RES
R72 15504 0122,6300,21700,28000,5140,23910,29050,82000RES
R72 15504 0123,3150,0,3150,2310,0,2310,82000RES
R72 15504 0124,6300,22950,29250,5140,23960,29100,82000RES
R72 15504 0125,3150,0,3150,2310,0,2310,82000RES
R72 15504 0126,6300,19450,25750,5140,31180,36320,82000RES
R72 15504 0127,3150,0,3150,2310,0,2310,82000RES
R72 15504 0128,6300,1660,7960,5140,3210,8350,82000RES
R72 15504 0129,6300,20830,27130,5140,4610,9750,82000RES
R72 15504 0130,6300,31380,37680,5140,24650,29790,82000RES
R72 15504 0131,3150,0,3150,2310,0,2310,82000RES
R72 15504 0132,6300,23510,29810,5140,0,5140,82000RES
R72 15504 0133,6300,23690,29990,5140,22530,27670,82000RES
R72 15504 0134,3150,0,3150,2310,0,2310,82000RES
R72 15504 0135,6300,20500,26800,5140,24530,29670,82000RES
R72 15504 0136,6300,59440,65740,5140,153110,158250,82000RES
R72 15504 0137,3150,0,3150,2310,0,2310,82000RES
R72 15504 0138,3150,0,3150,2310,0,2310,82000RES
R72 15504 0139,3150,0,3150,2570,21280,23850,82000RES
R72 15504 0141,6300,29730,36030,5140,17930,23070,82000RES
R72 15504 0142,3150,0,3150,2310,0,2310,82000RES
R72 15504 0143,3150,0,3150,2310,0,2310,82000RES
R72 15504 0144,6300,21890,28190,5140,14580,19720,82000RES
R72 15504 0145,6300,24390,30690,5140,5220,10360,82000RES
R72 15504 0146,6300,40840,47140,5140,39360,44500,82000RES
R72 15504 0147,3150,0,3150,2310,0,2310,82000RES
R72 15504 0148,6300,21490,27790,5140,21810,26950,82000RES
R72 15504 0149,6300,22650,28950,5140,23890,29030,82000RES
R72 15504 0150,3150,0,3150,2310,0,2310,82000RES
R72 15504 0151,3150,0,3150,2310,0,2310,82000RES
R72 15504 0152,3150,0,3150,2310,0,2310,82000RES
R72 15504 0153,3150,0,3150,2570,0,2570,82000RES
R72 15504 0154,6300,11310,17610,5140,19950,25090,82000RES
R72 15504 0155,6300,22690,28990,5140,13590,18730,82000RES
R72 15504 0156,3150,0,3150,2570,3930,6500,82000RES
R72 15504 0157,6300,23070,29370,5140,18910,24050,82000RES
R72 15504 0158,3150,0,3150,2310,0,2310,82000RES
R72 15504 0159,3150,0,3150,2310,0,2310,82000RES
R72 15504 0160,3150,0,3150,2310,0,2310,82000RES
R72 15504 0161,6300,10440,16740,5140,9130,14270,82000RES
R72 15504 0162,3150,0,3150,2310,0,2310,82000RES
R72 15504 0163,3150,0,3150,2310,0,2310,82000RES
R72 15504 0164,6300,23540,29840,5140,25450,30590,82000RES
R72 15504 0165,3150,0,3150,2310,0,2310,82000RES
R72 15504 0166,3150,0,3150,2310,0,2310,82000RES
R72 15504 0167,6300,30910,37210,5140,25490,30630,82000RES
R72 15504 0168,9450,35810,45260,7780,37540,45320,82000RES
R72 15505 0001,2650,0,2650,2280,0,2280,72001RES
R72 15505 0002,2650,0,2650,2280,0,2280,72001RES
R72 15505 0003,5250,15930,21180,5080,18370,23450,72001RES
R72 15505 0004,2650,0,2650,2280,0,2280,72001RES
R72 15505 0005,5250,30080,35330,5080,28920,34000,72001RES
R72 15505 0006,2650,0,2650,2280,0,2280,72001RES
R72 15505 0007,5250,19490,24740,5080,15550,20630,72001RES
R72 15505 0008,2650,0,2650,2280,0,2280,72001RES
R72 15505 0009,2650,0,2650,2280,0,2280,72001RES
R72 15505 0010,5250,27850,33100,5080,21010,26090,72001RES
R72 15505 0011,5250,16240,21490,5080,5280,10360,72001RES
R72 15505 0012,5250,19500,24750,5080,9660,14740,72001RES
R72 15505 0013,5250,20000,25250,5080,24830,29910,72001RES
R72 15505 0014,5250,24640,29890,5080,8350,13430,72001RES
R72 15505 0015,2650,2490,5140,2530,2710,5240,72001RES
R72 15505 0016,2650,0,2650,2280,0,2280,72001RES
R72 15505 0017,2650,0,2650,2280,0,2280,72001RES
R72 15505 0018,2650,0,2650,2280,0,2280,72001RES
R72 15505 0019,2650,0,2650,2280,0,2280,72001RES
R72 15505 0020,5250,22020,27270,5080,6640,11720,72001RES
R72 15505 0021,2650,0,2650,2280,0,2280,72001RES
R72 15505 0022,2650,0,2650,2280,0,2280,72001RES
R72 15505 0023,2650,0,2650,2280,0,2280,72001RES
R72 15505 0024,2650,0,2650,2280,0,2280,72001RES
R72 15505 0025,5250,23260,28510,5080,12500,17580,72001RES
R72 15505 0026,5250,26390,31640,5080,21430,26510,72001RES
R72 15505 0027,5250,24620,29870,5080,26160,31240,72001RES
R72 15505 0028,2650,0,2650,2280,0,2280,72001RES
R72 15505 0029,5250,17830,23080,5080,61070,66150,72001RES
R72 15505 0030,5250,17830,23080,5080,62560,67640,72001RES
R72 15505 0031,5280,16940,22220,5080,58600,63680,72001RES
R72 15505 0032,8250,13970,22220,5080,58920,64000,72001RES
R72 15505 0033,5250,16750,22000,5080,19600,24680,72001RES
R72 15505 0034,2650,0,2650,2280,0,2280,72001RES
R72 15505 0035,2840,0,2840,2440,0,2440,72001RES
R72 15505 0036,5250,17830,23080,5080,60580,65660,72001RES
R72 15505 0038,2870,0,2870,2470,0,2470,72001RES
R72 15505 0039,2650,0,2650,2280,0,2280,72001RES
R72 15505 0040,5250,20170,25420,5080,14950,20030,72001RES
R72 15505 0041,2650,0,2650,2280,0,2280,72001RES
R72 15505 0042,5250,18920,24170,5080,8540,13620,72001RES
R72 15505 0043,2650,0,2650,2280,0,2280,72001RES
R72 15505 0044,5250,3060,8310,5080,3430,8510,72001RES
R72 15505 0045,2650,0,2650,2280,0,2280,72001RES
R72 15505 0046,2650,0,2650,2280,0,2280,72001RES
R72 15505 0047,5250,14230,19480,5080,19510,24590,72001RES
R72 15505 0048,2650,0,2650,2280,0,2280,72001RES
R72 15505 0049,5250,19020,24270,5080,12890,17970,72001RES
R72 15505 0050,5250,6270,11520,5080,10810,15890,72001RES
R72 15505 0051,5250,19620,24870,5080,21200,26280,72001RES
R72 15505 0052,5250,3060,8310,2280,0,2280,72001RES
R72 15505 0053,2650,0,2650,2280,0,2280,72001RES
R72 15505 0054,2650,0,2650,2280,0,2280,72001RES
R72 15505 0055,5250,22410,27660,5080,17550,22630,72001RES
R72 15505 0056,2650,0,2650,2280,0,2280,72001RES
R72 15505 0057,5650,18580,24230,5430,7640,13070,72001RES
R72 15505 0058,5250,19310,24560,5080,27150,32230,72001RES
R72 15505 0059,5250,19830,25080,5080,8400,13480,72001RES
R72 15505 0060,2650,0,2650,2280,0,2280,72001RES
R72 15505 0061,5250,28130,33380,5080,15230,20310,72001RES
R72 15505 0062,5250,38110,43360,5080,39960,45040,72001RES
R72 15505 0063,5320,25150,30470,5140,20490,25630,72001RES
R72 15505 0064,5320,19790,25110,5140,22630,27770,72001RES
R72 15505 0065,2680,0,2680,2310,0,2310,72001RES
R72 15505 0066,5320,20680,26000,5140,15600,20740,72001RES
R72 15505 0069,5250,19720,24970,5080,17070,22150,72001RES
R72 15505 0070,2650,0,2650,2280,0,2280,72001RES
R72 15505 0085,2840,0,2840,2440,0,2440,72001RES
R72 15505 0088,5250,9560,14810,5080,12990,18070,72001RES
R72 15505 0089,2650,0,2650,4310,0,4310,72001RES
R72 15505 0090,2650,0,2650,2280,0,2280,72001RES
R72 15505 0091,2650,0,2650,2280,0,2280,72001RES
R72 15505 0092,2650,0,2650,2280,0,2280,72001RES
R72 15505 0093,2650,0,2650,2280,0,2280,72001RES
R72 15505 0094,5250,25700,30950,5080,21680,26760,72001RES
R72 15505 0095,5250,28360,33610,5080,22170,27250,72001RES
R72 15505 0096,5250,23810,29060,5080,20330,25410,72001RES
R72 15505 0098,5250,26140,31390,5080,14960,20040,72001RES
R72 15505 0099,5250,17960,23210,2530,0,2530,72001RES
R72 15505 0102,2650,0,2650,2280,0,2280,72001RES
R72 15505 0103,100,0,100,140,0,140,72001RES
R72 15505 0104,5250,25720,30970,5080,9180,14260,72001RES
R72 15505 0105,2650,2710,5360,2530,3560,6090,72001RES
R72 15505 0106,5250,22860,28110,5080,4830,9910,72001RES
R72 15505 0111,5250,27280,32530,5080,23730,28810,72001RES
R72 15505 0112,5250,26820,32070,5080,23010,28090,72001RES
R72 15505 0113,2650,0,2650,2280,0,2280,72001RES
R72 15505 0114,2650,0,2650,2280,0,2280,72001RES
R72 15505 0115,2650,0,2650,2280,0,2280,72001RES
R72 15505 0116,2650,0,2650,2530,0,2530,72001RES
R72 15505 0117,11340,11740,23080,17920,59300,77220,72001RES
R72 15505 0118,4920,13080,18000,4780,62790,67570,72001RES
R72 15505 0119,2480,0,2480,2140,0,2140,72001RES
R72 15505 0120,2840,0,2840,2500,0,2500,72001RES
R72 15505 0121,4500,34150,38650,0,0,0,72001RES
R72 15505 0122,1570,0,1570,1480,0,1480,72001RES
R72 15505 0127,5630,25760,31390,5540,17890,23430,72001RES
R72 15505 0128,5700,43410,49110,5620,6550,12170,72001RES
R72 15505 0129,5700,39320,45020,5620,5260,10880,72001RES
R72 15505 0130,5700,24040,29740,5620,14360,19980,72001RES
R72 15505 0135,3220,0,3220,2780,0,2780,72001RES
R72 15505 0136,6420,34870,41290,6170,34520,40690,72001RES
R72 15505 0140,2670,0,2670,2290,0,2290,72001RES
R72 15505 0141,3250,0,3250,2730,0,2730,72001RES
R72 15506 0005,5360,17000,22360,5200,24130,29330,72001RES
R72 15506 0006,4560,18670,23230,4450,12780,17230,72001RES
R72 15506 0007,5040,18040,23080,4900,25830,30730,72001RES
R72 15506 0008,2580,0,2580,2480,4130,6610,72001RES
R72 15506 0009,5110,23380,28490,4970,6900,11870,72001RES
R72 15506 0023,2800,2310,5110,2700,3030,5730,72001RES
R72 15506 0024,5550,22580,28130,5400,8200,13600,72001RES
R72 15506 0025,5550,24030,29580,5400,0,5400,72001RES
R72 15506 0026,6950,2840,9790,6750,1310,8060,72001RES
R72 15506 0028,6950,24140,31090,6750,38970,45720,72001RES
R72 15506 0029,2800,0,2800,2430,0,2430,72001RES
R72 15506 0030,5760,29410,35170,5600,29800,35400,72001RES
R72 15506 0031,5340,20830,26170,5200,21760,26960,72001RES
R72 15506 0032,5550,5590,11140,5400,23020,28420,72001RES
R72 15506 0033,5550,29720,35270,5400,34730,40130,72001RES
R72 15506 0034,5550,22560,28110,5400,39100,44500,72001RES
R72 15506 0035,5550,24390,29940,5400,21640,27040,72001RES
R72 15506 0036,2800,0,2800,2430,0,2430,72001RES
R72 15506 0037,2800,0,2800,2430,0,2430,72001RES
R72 15506 0038,5550,25260,30810,5400,25920,31320,72001RES
R72 15506 0039,2800,0,2800,2430,0,2430,72001RES
R72 15506 0040,5550,28030,33580,5400,26580,31980,72001RES
R72 15506 0041,2800,0,2800,2430,0,2430,72001RES
R72 15506 0042,2800,0,2800,2430,0,2430,72001RES
R72 15506 0043,5550,23880,29430,5400,16160,21560,72001RES
R72 15506 0044,2800,0,2800,2430,0,2430,72001RES
R72 15506 0045,2800,0,2800,2430,0,2430,72001RES
R72 15506 0046,5550,29790,35340,5400,32630,38030,72001RES
R72 15506 0047,5550,29670,35220,6000,23340,29340,72001RES
R72 15506 0048,4140,0,4140,3590,0,3590,72001RES
R72 15506 0050,5500,22650,28150,5310,17390,22700,72001RES
R72 15506 0051,2770,0,2770,2390,0,2390,72001RES
R72 15506 0052,2770,0,2770,2390,0,2390,72001RES
R72 15506 0053,2770,0,2770,2390,0,2390,72001RES
R72 15506 0054,2770,0,2770,2390,0,2390,72001RES
R72 15506 0055,5500,26940,32440,5310,11870,17180,72001RES
R72 15506 0056,5500,25380,30880,5310,10750,16060,72001RES
R72 15506 0057,2770,0,2770,2390,0,2390,72001RES
R72 15506 0058,2770,0,2770,2390,0,2390,72001RES
R72 15506 0059,5500,22930,28430,5310,20080,25390,72001RES
R72 15506 0060,5500,29110,34610,5310,24300,29610,72001RES
R72 15506 0061,5500,21910,27410,5310,15980,21290,72001RES
R72 15506 0062,5500,18660,24160,5310,4300,9610,72001RES
R72 15506 0063,5500,20680,26180,5310,34040,39350,72001RES
R72 15506 0064,2770,0,2770,2390,0,2390,72001RES
R72 15506 0065,550,0,550,930,0,930,72001RES
R72 15506 0066,5500,28230,33730,5310,9400,14710,72001RES
R72 15506 0067,2770,0,2770,2390,0,2390,72001RES
R72 15506 0068,5500,19450,24950,5310,27510,32820,72001RES
R72 15506 0069,5500,16520,22020,5310,13970,19280,72001RES
R72 15506 0070,1390,0,1390,2260,0,2260,72001RES
R72 15506 0071,1390,0,1390,2260,0,2260,72001RES
R72 15506 0072,5500,22040,27540,5310,19230,24540,72001RES
R72 15506 0073,2770,0,2770,2390,0,2390,72001RES
R72 15506 0074,5500,2880,8380,5310,5180,10490,72001RES
R72 15506 0075,5500,26300,31800,5310,21210,26520,72001RES
R72 15506 0076,2770,0,2770,2390,0,2390,72001RES
R72 15506 0077,3420,0,3420,2960,0,2960,72001RES
R72 15506 0078,4810,20980,25790,4680,14370,19050,72001RES
R72 15506 0079,5500,33100,38600,5330,30320,35650,72001RES
R72 15506 0080,5500,25070,30570,5330,29030,34360,72001RES
R72 15506 0081,2770,0,2770,2400,0,2400,72001RES
R72 15506 0082,2770,0,2770,2400,0,2400,72001RES
R72 15506 0083,5500,22260,27760,5330,11760,17090,72001RES
R72 15506 0084,5500,21540,27040,5330,0,5330,72001RES
R72 15506 0086,5500,14750,20250,5330,13250,18580,72001RES
R72 15506 0087,2770,0,2770,2400,0,2400,72001RES
R72 15506 0088,2770,0,2770,4530,0,4530,72001RES
R72 15506 0089,2770,0,2770,4530,0,4530,72001RES
R72 15506 0090,5600,27030,32630,5470,31490,36960,72001RES
R72 15506 0091,5600,21880,27480,5470,33610,39080,72001RES
R72 15506 0092,2820,0,2820,2460,0,2460,72001RES
R72 15506 0093,2850,0,2850,2470,0,2470,72001RES
R72 15506 0094,5650,21750,27400,5510,16880,22390,72001RES
R72 15506 0095,2850,0,2850,2480,0,2480,72001RES
R72 15506 0096,5650,17340,22990,5530,16040,21570,72001RES
R72 15506 0097,2850,2320,5170,2490,0,2490,72001RES
R72 15506 0098,5650,18260,23910,5540,12710,18250,72001RES
R72 15506 0099,1080,0,1080,1740,0,1740,72001RES
R72 15506 0100,11450,110000,121450,11390,101920,113310,72001RES
R72 15506 0103,5700,24220,29920,5620,5370,10990,72001RES
R72 15506 0104,5700,21900,27600,5620,9320,14940,72001RES
R72 15506 0105,5700,24420,30120,5620,17810,23430,72001RES
R72 15506 0106,5750,23770,29520,5650,14400,20050,72001RES
R72 15506 0112,2750,0,2750,2370,0,2370,72001RES
R72 15506 0113,2750,0,2750,2370,0,2370,72001RES
R72 15506 0114,5450,25370,30820,5270,22260,27530,72001RES
R72 15506 0115,2750,0,2750,2370,0,2370,72001RES
R72 15506 0116,5450,23560,29010,5270,21280,26550,72001RES
R72 15506 0117,2070,0,2070,1780,0,1780,72001RES
R72 15506 0118,6820,22180,29000,6560,9340,15900,72001RES
R72 15506 0119,5450,23530,28980,5270,13710,18980,72001RES
R72 15506 0120,5450,22870,28320,5270,19110,24380,72001RES
R72 15506 0121,5450,11060,16510,5270,7860,13130,72001RES
R72 15506 0122,2750,0,2750,2370,0,2370,72001RES
R72 15506 0123,2750,0,2750,2370,0,2370,72001RES
R72 15506 0124,5450,20900,26350,5270,18040,23310,72001RES
R72 15506 0127,5450,19220,24670,5270,13530,18800,72001RES
R72 15506 0128,5450,25560,31010,5270,33080,38350,72001RES
R72 15506 0129,5450,18870,24320,5270,12810,18080,72001RES
R72 15506 0130,4100,0,4100,3560,0,3560,72001RES
R72 15506 0132,5450,25710,31160,5270,21070,26340,72001RES
R72 15506 0134,5450,23840,29290,5270,17980,23250,72001RES
R72 15506 0139,5450,17070,22520,5270,12780,18050,72001RES
R72 15506 0140,2410,0,2410,2080,0,2080,72001RES
R72 15506 0144,2170,0,2170,1850,0,1850,72001RES
R72 15506 0145,7070,29450,36520,6890,14140,21030,72001RES
R72 15506 0146,7070,16760,23830,6890,23560,30450,72001RES
R72 15507 0001,1100,0,1100,710,0,710,72000RES
R72 15507 0002,840,0,840,530,0,530,72000RES
R72 15507 0003,1670,0,1670,1070,0,1070,72000RES
R72 15507 0004,1280,0,1280,810,0,810,72000RES
R72 15507 0005,7250,22900,30150,4640,12560,17200,72000RES
R72 15507 0006,7250,23380,30630,4640,7960,12600,72000RES
R72 15507 0007,7250,22900,30150,4650,12620,17270,72000RES
R72 15507 0008,7250,25290,32540,4650,12560,17210,72000RES
R72 15507 0009,7250,34090,41340,4650,17120,21770,72000RES
R72 15507 0010,7320,25290,32610,4670,12620,17290,72000RES
R72 15507 0011,7320,25720,33040,4670,8960,13630,72000RES
R72 15507 0012,7320,24550,31870,4670,15840,20510,72000RES
R72 15507 0013,7880,22900,30780,5060,7570,12630,72000RES
R72 15507 0014,7560,23430,30990,3640,0,3640,72000RES
R72 15507 0015,7630,16540,24170,4870,12620,17490,72000RES
R72 15507 0016,7630,25290,32920,4870,7570,12440,72000RES
R72 15507 0017,8140,22900,31040,5250,12620,17870,72000RES
R72 15507 0018,8110,22900,31010,2600,0,2600,72000RES
R72 15507 0026,970,0,970,620,0,620,72000RES
R72 15507 0027,840,0,840,530,0,530,72000RES
R72 15507 0028,840,0,840,530,0,530,72000RES
R72 15507 0029,840,0,840,530,0,530,72000RES
R72 15507 0030,820,0,820,520,0,520,72000RES
R72 15507 0031,7390,25290,32680,4700,7570,12270,72000RES
R72 15507 0032,7390,29050,36440,4700,10570,15270,72000RES
R72 15507 0033,7390,25290,32680,4700,7570,12270,72000RES
R72 15507 0034,7390,26020,33410,4700,8170,12870,72000RES
R72 15507 0035,7390,28150,35540,4700,12710,17410,72000RES
R72 15507 0036,7390,22470,29860,4700,20780,25480,72000RES
R72 15507 0037,7390,25660,33050,2120,0,2120,72000RES
R72 15507 0038,7390,29530,36920,4700,18910,23610,72000RES
R72 15507 0039,7390,23070,30460,4700,12800,17500,72000RES
R72 15507 0040,7790,23990,31780,2240,0,2240,72000RES
R72 15507 0041,7630,29430,37060,3650,0,3650,72000RES
R72 15507 0042,7630,27830,35460,2430,0,2430,72000RES
R72 15507 0043,7630,23520,31150,2430,0,2430,72000RES
R72 15507 0044,7630,24610,32240,2190,0,2190,72000RES
R72 15507 0045,7630,25220,32850,4870,12900,17770,72000RES
R72 15509 0001,6010,26760,32770,5790,30600,36390,72001RES
R72 15509 0002,3060,0,3060,2640,0,2640,72001RES
R72 15509 0003,6420,27140,33560,0,0,0,72001RES
R72 15601 0033,2000,0,2000,2000,0,2000,41000MCC
R72 15604 0001,6970,0,6970,4660,0,4660,42000DEW
R72 15604 0002,13350,53080,66430,9860,46240,56100,42000DEW
R72 15604 0003,6730,0,6730,4490,0,4490,42000DEW
R72 15604 0004,13350,50330,63680,9860,43730,53590,42000DEW
R72 15604 0005,6730,4080,10810,4980,5300,10280,42000DEW
R72 15604 0006,13350,32580,45930,9860,35540,45400,42000DEW
R72 15604 0007,13350,49810,63160,9860,46110,55970,42000DEW
R72 15604 0008,13350,36510,49860,9860,28400,38260,42000DEW
R72 15604 0009,13350,52660,66010,9860,45100,54960,42000DEW
R72 15604 0010,7940,0,7940,5370,0,5370,42000DEW
R72 15604 0011,15790,58510,74300,11840,57200,69040,42000DEW
R72 15604 0013,6730,0,6730,4490,0,4490,42000DEW
R72 15604 0014,13350,55770,69120,9860,48130,57990,42000DEW
R72 15604 0015,6730,0,6730,4490,0,4490,42000DEW
R72 15604 0016,13350,61300,74650,9860,56070,65930,42000DEW
R72 15604 0017,6000,0,6000,3960,0,3960,42000DEW
R72 15604 0018,16400,44160,60560,12340,41690,54030,42000DEW
R72 15604 0020,16030,46150,62180,12110,46680,58790,42000DEW
R72 15604 0021,11990,34280,46270,9060,30220,39280,42000DEW
R72 15604 0030,7030,0,7030,4710,0,4710,42000DEW
R72 15604 0031,23110,45680,68790,17810,45750,63560,42000DEW
R72 15604 0032,24940,128620,153560,19300,131140,150440,42000DEW
R72 15604 0033,33410,56100,89510,25780,55900,81680,42000DEW
R72 15604 0034,23970,112820,136790,18830,114240,133070,42000DEW
R72 15604 0035,26390,46830,73220,17800,41450,59250,42000DEW
R72 15605 0001,17570,69420,86990,13200,69790,82990,42000DEW
R72 15605 0002,17150,49930,67080,12720,50110,62830,42000DEW
R72 15605 0003,17150,42580,59730,12720,47310,60030,42000DEW
R72 15605 0004,8630,0,8630,6360,0,6360,42000DEW
R72 15605 0005,17150,67500,84650,12720,63790,76510,42000DEW
R72 15605 0006,3830,0,3830,970,0,970,42000DEW
R72 15605 0007,18330,77710,96040,13560,78010,91570,42000DEW
R72 15605 0009,9150,0,9150,5780,0,5780,42000DEW
R72 15605 0010,1650,112200,113850,1330,148090,149420,42000DEW
R72 15605 0011,17150,55050,72200,12720,32530,45250,42000DEW
R72 15605 0012,17150,47680,64830,12720,62990,75710,42000DEW
R72 15605 0013,8630,0,8630,6360,0,6360,42000DEW
R72 15605 0014,17680,99370,117050,13390,100410,113800,42000DEW
R72 15605 0015,18260,46370,64630,13820,52780,66600,42000DEW
R72 15605 0017,26840,88080,114920,21670,82660,104330,42000DEW
R72 15605 0019,24650,46840,71490,18500,49860,68360,42000DEW
R72 15605 0020,23030,17590,40620,18330,36470,54800,42000DEW
R72 15605 0021,20110,68270,88380,14800,81310,96110,42000DEW
R72 15605 0022,23100,47630,70730,17680,59400,77080,42000DEW
R72 15605 0023,15520,50420,65940,11780,50680,62460,42000DEW
R72 15605 0024,22080,46960,69040,10570,52630,63200,42000DEW
R72 15605 0031,2840,0,2840,880,0,880,42000DEW
R72 15605 0032,19750,78250,98000,15710,73630,89340,42000DEW
R72 15605 0033,15780,56000,71780,12020,57420,69440,42000DEW
R72 15605 0034,23830,65380,89210,16930,72730,89660,42000DEW
R72 15605 0035,16600,58630,75230,13260,47540,60800,42000DEW
R72 15605 0036,21360,41950,63310,17080,45380,62460,42000DEW
R72 15605 0039,3340,0,3340,990,0,990,42000DEW
R72 15605 0045,24630,71760,96390,19410,84540,103950,42000DEW
R72 15605 0046,18020,71770,89790,13260,71690,84950,42000DEW
R72 15605 0048,24930,67300,92230,18320,100330,118650,42000DEW
R72 15605 0050,23500,83790,107290,18450,87890,106340,42000DEW
R72 15605 0051,20370,53190,73560,15780,51730,67510,42000DEW
R72 15605 0052,20370,59480,79850,15780,64180,79960,42000DEW
R72 15605 0054,23840,88380,112220,17670,95040,112710,42000DEW
R72 15605 0055,17270,41030,58300,12830,39910,52740,42000DEW
R72 15605 0057,33000,44430,77430,24240,45830,70070,42000DEW
R72 15605 0059,15440,58360,73800,11550,55160,66710,42000DEW
R72 15605 0061,15530,53270,68800,15420,37080,52500,42000DEW
R72 15605 0062,18210,79240,97450,14010,73740,87750,42000DEW
R72 15605 0063,16320,57480,73800,12650,51380,64030,42000DEW
R72 15605 0064,16180,73740,89920,12170,65510,77680,42000DEW
R72 15605 0072,7800,0,7800,5310,0,5310,42000DEW
R72 15606 0001,21500,89830,111330,22280,52200,74480,42000DEW
R72 15606 0003,21250,63510,84760,16530,82090,98620,42000DEW
R72 15606 0005,18110,63820,81930,13870,58750,72620,42000DEW
R72 15606 0006,2990,0,2990,2170,0,2170,42000DEW
R72 15606 0007,14970,61110,76080,11210,83340,94550,42000DEW
R72 15606 0008,17480,94850,112330,13340,75480,88820,42000DEW
R72 15606 0010,18740,50860,69600,19180,24820,44000,42000DEW
R72 15606 0011,21250,78720,99970,16530,70670,87200,42000DEW
R72 15606 0013,21250,66630,87880,16530,54530,71060,42000DEW
R72 15606 0015,21250,56210,77460,16530,52360,68890,42000DEW
R72 15606 0017,14970,53470,68440,11210,53600,64810,42000DEW
R72 15606 0018,14970,60830,75800,11210,72520,83730,42000DEW
R72 15606 0019,7540,0,7540,5080,0,5080,42000DEW
R72 15606 0020,7600,0,7600,5130,0,5130,42000DEW
R72 15606 0021,16140,63690,79830,12190,42060,54250,42000DEW
R72 15606 0022,15240,59690,74930,11380,51840,63220,42000DEW
R72 15606 0023,21440,61810,83250,16740,69380,86120,42000DEW
R72 15606 0025,7600,0,7600,5120,0,5120,42000DEW
R72 15606 0026,21250,59440,80690,16600,58700,75300,42000DEW
R72 15606 0028,19110,60810,79920,14660,57710,72370,42000DEW
R72 15606 0029,5440,0,5440,3510,0,3510,42000DEW
R72 15606 0030,14840,101320,116160,11130,100400,111530,42000DEW
R72 15606 0031,7740,0,7740,5270,0,5270,42000DEW
R72 15606 0032,8010,0,8010,5570,0,5570,42000DEW
R72 15606 0033,16460,80640,97100,13020,84530,97550,42000DEW
R72 15606 0034,8350,0,8350,6300,0,6300,42000DEW
R72 15606 0035,16590,65500,82090,12270,68940,81210,42000DEW
R72 15606 0036,8350,0,8350,6200,0,6200,42000DEW
R72 15606 0037,16230,80060,96290,12270,80340,92610,42000DEW
R72 15606 0038,5670,0,5670,3670,0,3670,42000DEW
R72 15606 0039,18360,85400,103760,14080,91140,105220,42000DEW
R72 15606 0040,8080,0,8080,5620,0,5620,42000DEW
R72 15606 0041,7410,0,7410,5040,0,5040,42000DEW
R72 15606 0042,18340,91840,110180,14630,87850,102480,42000DEW
R72 15606 0044,6920,0,6920,4610,0,4610,42000DEW
R72 15607 0001,16860,48450,65310,12800,41210,54010,42000DEW
R72 15607 0002,16860,38560,55420,12800,36590,49390,42000DEW
R72 15607 0003,16860,42030,58890,12800,40630,53430,42000DEW
R72 15607 0004,16860,47920,64780,12800,51670,64470,42000DEW
R72 15607 0005,14030,37100,51130,10500,33180,43680,42000DEW
R72 15607 0006,14030,48020,62050,10500,37540,48040,42000DEW
R72 15607 0007,16970,52440,69410,12800,51830,64630,42000DEW
R72 15607 0008,16970,51080,68050,12800,49120,61920,42000DEW
R72 15607 0009,16860,37040,53900,12800,33730,46530,42000DEW
R72 15607 0010,8470,0,8470,5790,0,5790,42000DEW
R72 15607 0011,16860,57290,74150,12800,58380,71180,42000DEW
R72 15607 0012,16860,50880,67740,12800,47430,60230,42000DEW
R72 15607 0013,8470,0,8470,5790,0,5790,42000DEW
R72 15607 0014,16860,48080,64940,12800,47840,60640,42000DEW
R72 15607 0015,16860,55660,72520,12800,56910,69710,42000DEW
R72 15607 0016,16860,91780,108640,12800,85690,98490,42000DEW
R72 15607 0017,16970,61520,78490,12800,56770,69570,42000DEW
R72 15607 0018,16970,47920,64890,12800,47650,60450,42000DEW
R72 15607 0019,16970,76150,93120,12800,68880,81680,42000DEW
R72 15607 0020,4440,0,4440,2930,0,2930,42000DEW
R72 15607 0021,16860,76760,93620,12800,86680,99480,42000DEW
R72 15607 0022,20870,57360,78230,16210,52910,69120,42000DEW
R72 15607 0023,16860,82120,98980,12800,78220,91020,42000DEW
R72 15607 0024,20990,87000,107990,16320,70130,86450,42000DEW
R72 15607 0025,16860,63820,80680,12800,66100,78900,42000DEW
R72 15607 0026,16860,65160,82020,12800,68900,81700,42000DEW
R72 15607 0027,16860,53490,70350,12800,61940,74740,42000DEW
R72 15607 0028,16860,69840,86700,12800,73180,85980,42000DEW
R72 15607 0029,16860,66910,83770,12800,59590,72390,42000DEW
R72 15607 0030,16860,58780,75640,12800,78500,91300,42000DEW
R72 15607 0031,8520,0,8520,5790,0,5790,42000DEW
R72 15607 0032,16970,54720,71690,12800,50800,63600,42000DEW
R72 15607 0033,8470,0,8470,5790,0,5790,42000DEW
R72 15607 0034,16860,57870,74730,12800,50430,63230,42000DEW
R72 15607 0035,16860,70110,86970,12800,57900,70700,42000DEW
R72 15607 0036,16860,63620,80480,12800,59710,72510,42000DEW
R72 15607 0037,8470,0,8470,5790,0,5790,42000DEW
R72 15607 0038,16860,62620,79480,17060,43570,60630,42000DEW
R72 15607 0039,8470,0,8470,5790,0,5790,42000DEW
R72 15607 0040,16860,60010,76870,12800,121300,134100,42000DEW
R72 15607 0041,16860,81360,98220,12800,112130,124930,42000DEW
R72 15607 0042,16860,70670,87530,12800,65870,78670,42000DEW
R72 15607 0043,16970,49770,66740,12800,40880,53680,42000DEW
R72 15607 0044,18730,49700,68430,14190,51500,65690,42000DEW
R72 15607 0045,8470,0,8470,5790,0,5790,42000DEW
R72 15607 0046,8470,0,8470,5790,0,5790,42000DEW
R72 15607 0047,16860,78420,95280,12800,83590,96390,42000DEW
R72 15607 0048,8470,0,8470,5790,0,5790,42000DEW
R72 15607 0049,15480,66790,82270,11630,59390,71020,42000DEW
R72 15607 0050,10520,0,10520,7350,0,7350,42000DEW
R72 15607 0052,12840,95290,108130,9390,97630,107020,42000DEW
R72 15607 0053,6480,0,6480,4280,0,4280,42000DEW
R72 15607 0054,16400,52570,68970,12340,44540,56880,42000DEW
R72 15607 0057,18110,74640,92750,13870,65330,79200,42000DEW
R72 15607 0058,15600,36610,52210,11740,40350,52090,42000DEW
R72 15607 0059,16860,43460,60320,12800,47700,60500,42000DEW
R72 15607 0060,25010,79580,104590,19730,82640,102370,42000DEW
R72 15607 0062,8410,0,8410,5750,0,5750,42000DEW
R72 15607 0063,16980,65500,82480,12910,57820,70730,42000DEW
R72 15607 0064,8470,0,8470,5790,0,5790,42000DEW
R72 15607 0065,16860,48490,65350,12800,53690,66490,42000DEW
R72 15607 0066,17310,64400,81710,13260,49170,62430,42000DEW
R72 15607 0067,16860,52050,68910,12800,72020,84820,42000DEW
R72 15607 0068,16860,48040,64900,12800,60610,73410,42000DEW
R72 15607 0069,16860,53510,70370,12800,54470,67270,42000DEW
R72 15607 0070,16860,54840,71700,12800,57620,70420,42000DEW
R72 15607 0071,8470,0,8470,5790,0,5790,42000DEW
R72 15607 0072,25010,73390,98400,19730,77690,97420,42000DEW
R72 15607 0074,16860,83970,100830,12800,89520,102320,42000DEW
R72 15607 0075,7230,0,7230,4850,0,4850,42000DEW
R72 15607 0076,18740,55030,73770,14400,54860,69260,42000DEW
R72 15607 0077,16230,65120,81350,12270,53660,65930,42000DEW
R72 15607 0078,16860,64760,81620,12800,56160,68960,42000DEW
R72 15607 0079,29150,59270,88420,23240,63020,86260,42000DEW
R72 15607 0081,6480,0,6480,4280,0,4280,42000DEW
R72 15607 0082,16860,77650,94510,12800,93420,106220,42000DEW
R72 15607 0083,8470,0,8470,5790,0,5790,42000DEW
R72 15607 0084,8470,0,8470,5790,0,5790,42000DEW
R72 15607 0085,16860,54470,71330,12800,70220,83020,42000DEW
R72 15607 0086,16860,66620,83480,12800,62250,75050,42000DEW
R72 15607 0087,16970,83250,100220,12800,81290,94090,42000DEW
R72 15607 0088,6480,0,6480,4280,0,4280,42000DEW
R72 15607 0089,16970,64630,81600,12800,76330,89130,42000DEW
R72 15607 0090,16970,41810,58780,12800,44850,57650,42000DEW
R72 15607 0091,16970,77730,94700,12800,75300,88100,42000DEW
R72 15607 0093,14030,34980,49010,10500,31100,41600,42000DEW
R72 15607 0097,5110,0,5110,3240,0,3240,42000DEW
R72 15607 0098,16380,72390,88770,12340,83530,95870,42000DEW
R72 15607 0099,16450,58750,75200,11880,71090,82970,42000DEW
R72 15607 0101,16380,74850,91230,12340,62920,75260,42000DEW
R72 15607 0103,16970,45030,62000,12860,45000,57860,42000DEW
R72 15607 0104,16970,51050,68020,12860,54840,67700,42000DEW
R72 15607 0107,16860,48730,65590,12800,41530,54330,42000DEW
R72 15607 0108,16860,37170,54030,12800,36300,49100,42000DEW
R72 15607 0109,16860,35580,52440,12800,34080,46880,42000DEW
R72 15607 0110,16860,55650,72510,12800,50410,63210,42000DEW
R72 15607 0111,16230,49820,66050,12270,48970,61240,42000DEW
R72 15607 0112,17480,49050,66530,13340,37270,50610,42000DEW
R72 15607 0114,7480,0,7480,5080,0,5080,42000DEW
R72 15607 0115,16860,54760,71620,12800,26540,39340,42000DEW
R72 15607 0116,16230,43620,59850,12270,64360,76630,42000DEW
R72 15607 0117,17730,52760,70490,13550,48160,61710,42000DEW
R72 15607 0119,8530,0,8530,5840,0,5840,42000DEW
R72 15607 0120,16860,35210,52070,10250,56280,66530,42000DEW
R72 15607 0121,16860,54700,71560,12800,53650,66450,42000DEW
R72 15607 0122,8470,0,8470,5790,0,5790,42000DEW
R72 15607 0123,16860,55700,72560,12800,57940,70740,42000DEW
R72 15607 0124,8470,0,8470,5790,0,5790,42000DEW
R72 15607 0126,16860,59280,76140,12800,56510,69310,42000DEW
R72 15607 0127,16860,56860,73720,12800,53580,66380,42000DEW
R72 15607 0128,8470,0,8470,5790,0,5790,42000DEW
R72 15607 0129,36850,62650,99500,10670,66390,77060,42000DEW
R72 15607 0132,16860,75700,92560,12800,66110,78910,42000DEW
R72 15607 0133,16860,66570,83430,12800,56450,69250,42000DEW
R72 15607 0134,16860,66180,83040,12800,54650,67450,42000DEW
R72 15607 0135,13970,57480,71450,10500,47210,57710,42000DEW
R72 15607 0136,16860,82800,99660,12800,91520,104320,42000DEW
R72 15607 0137,2890,17290,20180,11460,15240,26700,42000DEW
R72 15607 0141,8470,0,8470,5790,0,5790,42000DEW
R72 15608 0001,12840,39700,52540,9390,25190,34580,42000DEW
R72 15608 0002,8470,0,8470,5790,0,5790,42000DEW
R72 15608 0003,16860,63280,80140,12800,54410,67210,42000DEW
R72 15608 0004,16860,65220,82080,12800,79610,92410,42000DEW
R72 15608 0005,18110,59780,77890,13870,53970,67840,42000DEW
R72 15608 0007,16860,38830,55690,17060,22620,39680,42000DEW
R72 15608 0008,16860,28410,45270,12800,37340,50140,42000DEW
R72 15608 0009,16860,40270,57130,12800,32710,45510,42000DEW
R72 15608 0010,16860,49480,66340,12800,61400,74200,42000DEW
R72 15608 0011,16860,36420,53280,12800,40410,53210,42000DEW
R72 15608 0012,16860,36380,53240,12800,38690,51490,42000DEW
R72 15608 0013,16860,16820,33680,12800,24540,37340,42000DEW
R72 15608 0014,16860,43800,60660,12800,49930,62730,42000DEW
R72 15608 0015,16730,53970,70700,12700,64990,77690,42000DEW
R72 15608 0016,16860,37370,54230,12800,39730,52530,42000DEW
R72 15608 0017,16860,41920,58780,12800,49180,61980,42000DEW
R72 15608 0018,8470,0,8470,5790,0,5790,42000DEW
R72 15608 0019,16860,55720,72580,12800,54240,67040,42000DEW
R72 15608 0020,16860,56340,73200,12800,60300,73100,42000DEW
R72 15608 0021,16860,37290,54150,12800,37230,50030,42000DEW
R72 15608 0022,16860,55090,71950,12800,48220,61020,42000DEW
R72 15608 0023,4740,0,4740,2960,0,2960,42000DEW
R72 15608 0024,16860,78430,95290,12800,56890,69690,42000DEW
R72 15608 0027,8470,0,8470,5790,0,5790,42000DEW
R72 15608 0028,17480,30850,48330,13340,31730,45070,42000DEW
R72 15608 0030,16230,34470,50700,12270,35460,47730,42000DEW
R72 15608 0031,16860,74270,91130,12800,68740,81540,42000DEW
R72 15608 0032,16860,61010,77870,12800,68900,81700,42000DEW
R72 15608 0033,16000,43890,59890,12000,54980,66980,42000DEW
R72 15608 0035,20990,47110,68100,16320,48340,64660,42000DEW
R72 15608 0037,19110,62730,81840,14720,53280,68000,42000DEW
R72 15608 0038,16860,57650,74510,12800,62510,75310,42000DEW
R72 15608 0039,16100,54260,70360,12160,51050,63210,42000DEW
R72 15608 0040,17610,54260,71870,13440,73830,87270,42000DEW
R72 15608 0041,17730,89720,107450,13550,86820,100370,42000DEW
R72 15608 0042,5360,0,5360,3430,0,3430,42000DEW
R72 15608 0043,14100,48200,62300,10460,53250,63710,42000DEW
R72 15608 0044,16480,45470,61950,12480,48550,61030,42000DEW
R72 15608 0045,15830,21120,36950,11840,25720,37560,42000DEW
R72 15608 0046,14730,41080,55810,11050,34110,45160,42000DEW
R72 15608 0047,14730,19840,34570,11050,25230,36280,42000DEW
R72 15608 0048,14730,35980,50710,11050,36140,47190,42000DEW
R72 15608 0049,16700,39570,56270,12480,46840,59320,42000DEW
R72 15608 0052,15600,24910,40510,11740,41050,52790,42000DEW
R72 15608 0053,16230,35900,52130,12270,34620,46890,42000DEW
R72 15609 0001,23750,41410,65160,18660,45130,63790,42000DEW
R72 15609 0003,17480,57360,74840,13340,63980,77320,42000DEW
R72 15609 0004,16860,39520,56380,12800,49880,62680,42000DEW
R72 15609 0005,16860,45300,62160,12800,47020,59820,42000DEW
R72 15609 0006,16860,69350,86210,12800,71520,84320,42000DEW
R72 15609 0007,16860,66070,82930,12800,54900,67700,42000DEW
R72 15609 0008,16860,54750,71610,12800,43530,56330,42000DEW
R72 15609 0009,13850,42550,56400,10250,33460,43710,42000DEW
R72 15609 0010,15510,23280,38790,11740,4820,16560,42000DEW
R72 15609 0011,20060,74850,94910,15840,93690,109530,42000DEW
R72 15609 0012,16230,60420,76650,12270,67670,79940,42000DEW
R72 15609 0013,16230,59060,75290,12270,54680,66950,42000DEW
R72 15609 0014,8470,0,8470,5790,0,5790,42000DEW
R72 15609 0015,16860,54280,71140,12800,58970,71770,42000DEW
R72 15609 0016,16860,88880,105740,12800,97260,110060,42000DEW
R72 15609 0017,16860,71060,87920,12800,62480,75280,42000DEW
R72 15609 0018,17920,55650,73570,14190,57520,71710,42000DEW
R72 15609 0019,16860,57410,74270,12800,68210,81010,42000DEW
R72 15609 0020,16860,64430,81290,12800,62090,74890,42000DEW
R72 15609 0021,15730,67290,83020,11840,68660,80500,42000DEW
R72 15609 0022,15730,61350,77080,11840,61920,73760,42000DEW
R72 15609 0023,15730,2420,18150,11840,3160,15000,42000DEW
R72 15609 0024,12590,88770,101360,9180,80050,89230,42000DEW
R72 15609 0025,16980,51380,68360,12910,48700,61610,42000DEW
R72 15609 0026,16980,60000,76980,12910,75490,88400,42000DEW
R72 15609 0027,16980,49350,66330,12910,48180,61090,42000DEW
R72 15609 0029,16860,84490,101350,12800,88340,101140,42000DEW
R72 15609 0030,8470,0,8470,5790,0,5790,42000DEW
R72 15609 0031,16860,59770,76630,12800,55430,68230,42000DEW
R72 15609 0032,8470,0,8470,5790,0,5790,42000DEW
R72 15609 0033,16860,52720,69580,12800,47790,60590,42000DEW
R72 15609 0034,16860,41910,58770,12800,39850,52650,42000DEW
R72 15609 0035,16860,59060,75920,12800,54920,67720,42000DEW
R72 15609 0036,16230,53440,69670,12270,47560,59830,42000DEW
R72 15609 0037,16230,77160,93390,12270,90070,102340,42000DEW
R72 15609 0040,16860,49000,65860,12800,52420,65220,42000DEW
R72 15609 0041,16860,92820,109680,12800,84050,96850,42000DEW
R72 15609 0042,8470,0,8470,5790,0,5790,42000DEW
R72 15609 0043,16860,64660,81520,12800,88680,101480,42000DEW
R72 15609 0044,16860,72420,89280,12800,64250,77050,42000DEW
R72 15609 0045,16980,74950,91930,12910,80440,93350,42000DEW
R72 15609 0046,16230,75880,92110,12270,75090,87360,42000DEW
R72 15609 0047,16860,56860,73720,12800,57170,69970,42000DEW
R72 15609 0048,8470,0,8470,5790,0,5790,42000DEW
R72 15609 0052,16100,63260,79360,12110,76750,88860,42000DEW
R72 15609 0053,16100,51160,67260,12110,46740,58850,42000DEW
R72 15610 0001,15200,71900,87100,11460,71550,83010,42000DEW
R72 15610 0002,7640,0,7640,5200,0,5200,42000DEW
R72 15610 0003,15200,76750,91950,11460,61000,72460,42000DEW
R72 15610 0004,15200,74280,89480,11460,75790,87250,42000DEW
R72 15610 0005,7640,0,7640,5200,0,5200,42000DEW
R72 15610 0006,5900,0,5900,3960,0,3960,42000DEW
R72 15610 0007,18970,20980,39950,14440,21960,36400,42000DEW
R72 15610 0008,16860,65300,82160,12800,71440,84240,42000DEW
R72 15610 0009,17110,28010,45120,13020,46820,59840,42000DEW
R72 15610 0010,17110,41570,58680,13020,42220,55240,42000DEW
R72 15610 0011,16860,71090,87950,12800,59300,72100,42000DEW
R72 15610 0012,16380,61150,77530,12390,59080,71470,42000DEW
R72 15610 0013,15200,72230,87430,11460,76910,88370,42000DEW
R72 15610 0014,15200,58350,73550,11460,63090,74550,42000DEW
R72 15610 0015,15200,58340,73540,11460,58650,70110,42000DEW
R72 15610 0016,15200,66930,82130,11460,55160,66620,42000DEW
R72 15610 0017,15200,70780,85980,11460,62530,73990,42000DEW
R72 15610 0018,15200,82790,97990,11460,107750,119210,42000DEW
R72 15610 0019,17480,56770,74250,13340,66340,79680,42000DEW
R72 15610 0020,18140,65510,83650,13730,65760,79490,42000DEW
R72 15610 0021,7230,0,7230,4850,0,4850,42000DEW
R72 15610 0022,16230,70410,86640,12270,77040,89310,42000DEW
R72 15610 0023,16230,56290,72520,12270,52240,64510,42000DEW
R72 15610 0024,16230,53630,69860,12270,50620,62890,42000DEW
R72 15610 0025,15850,53680,69530,11950,53960,65910,42000DEW
R72 15610 0026,16230,68540,84770,12270,85270,97540,42000DEW
R72 15610 0027,16230,47030,63260,12270,51550,63820,42000DEW
R72 15610 0028,16230,53410,69640,12270,74010,86280,42000DEW
R72 15610 0029,16230,54380,70610,12270,58800,71070,42000DEW
R72 15610 0030,16230,75920,92150,12270,77380,89650,42000DEW
R72 15610 0031,17110,52160,69270,13020,50900,63920,42000DEW
R72 15610 0032,16230,50820,67050,12270,42550,54820,42000DEW
R72 15610 0033,16230,85550,101780,12270,90150,102420,42000DEW
R72 15610 0034,16230,59520,75750,12270,55320,67590,42000DEW
R72 15610 0035,16230,60760,76990,12270,56250,68520,42000DEW
R72 15610 0036,17480,73600,91080,13340,75870,89210,42000DEW
R72 15610 0037,17480,73340,90820,13340,62370,75710,42000DEW
R72 15610 0038,15750,84160,99910,11840,88330,100170,42000DEW
R72 15610 0039,7500,0,7500,5080,0,5080,42000DEW
R72 15610 0040,16380,67970,84350,12340,82270,94610,42000DEW
R72 15610 0041,15500,101300,116800,11590,88790,100380,42000DEW
R72 15610 0042,15640,65460,81100,11760,61440,73200,42000DEW
R72 15610 0043,8090,0,8090,5460,0,5460,42000DEW
R72 15610 0044,17980,65990,83970,13810,95390,109200,42000DEW
R72 15610 0045,17480,47530,65010,13340,38580,51920,42000DEW
R72 15610 0046,23750,56840,80590,18660,72890,91550,42000DEW
R72 15610 0048,25640,65960,91600,20260,78930,99190,42000DEW
R72 15610 0050,19240,57910,77150,14890,59820,74710,42000DEW
R72 15610 0051,8150,0,8150,5550,0,5550,42000DEW
R72 15610 0052,15760,61000,76760,11860,66290,78150,42000DEW
R72 15610 0053,7850,0,7850,5300,0,5300,42000DEW
R72 15610 0054,15320,66070,81390,11510,64010,75520,42000DEW
R72 15610 0055,16180,54600,70780,12180,37240,49420,42000DEW
R72 15610 0056,15750,53390,69140,11840,59450,71290,42000DEW
R72 15610 0057,16220,72730,88950,11690,74400,86090,42000DEW
R72 15610 0058,12800,0,12800,9600,0,9600,42000DEW
R72 15610 0059,14810,74480,89290,11100,83990,95090,42000DEW
R72 15610 0060,16070,72220,88290,12140,64800,76940,42000DEW
R72 15610 0061,17010,52290,69300,12890,49310,62200,42000DEW
R72 15610 0062,16100,71030,87130,12160,75470,87630,42000DEW
R72 15610 0063,8160,0,8160,5560,0,5560,42000DEW
R72 15610 0064,8160,0,8160,5560,0,5560,42000DEW
R72 15610 0065,17690,80500,98190,13200,119560,132760,42000DEW
R72 15610 0066,9110,0,9110,6180,0,6180,42000DEW
R72 15610 0067,17030,96350,113380,12480,96250,108730,42000DEW
R72 15610 0068,13500,75490,88990,10200,65120,75320,42000DEW
R72 15610 0069,8160,0,8160,5560,0,5560,42000DEW
R72 15610 0070,16230,66170,82400,12270,65460,77730,42000DEW
R72 15610 0071,14470,59880,74350,10780,62450,73230,42000DEW
R72 15610 0072,14970,65940,80910,11210,64600,75810,42000DEW
R72 15610 0074,16270,85000,101270,12390,84990,97380,42000DEW
R72 15610 0075,2790,0,2790,2040,0,2040,42000DEW
R72 15610 0076,16520,73720,90240,12610,63400,76010,42000DEW
R72 15610 0077,8310,0,8310,5710,0,5710,42000DEW
R72 15610 0078,16520,64400,80920,12610,58040,70650,42000DEW
R72 15610 0079,16520,61510,78030,12610,55630,68240,42000DEW
R72 15610 0080,16520,51890,68410,12610,49780,62390,42000DEW
R72 15610 0081,16520,48420,64940,12610,63570,76180,42000DEW
R72 15610 0082,16520,78920,95440,12610,73970,86580,42000DEW
R72 15610 0083,16520,62110,78630,12610,56090,68700,42000DEW
R72 15610 0084,16520,107150,123670,16810,84740,101550,42000DEW
R72 15610 0085,7480,0,7480,5060,0,5060,42000DEW
R72 15610 0086,16230,74870,91100,12270,74610,86880,42000DEW
R72 15610 0087,16230,48410,64640,12270,67840,80110,42000DEW
R72 15610 0088,16230,58650,74880,12270,56270,68540,42000DEW
R72 15610 0089,16230,49360,65590,12270,48560,60830,42000DEW
R72 15610 0090,19360,56630,75990,14930,56100,71030,42000DEW
R72 15610 0091,13600,49480,63080,10230,49530,59760,42000DEW
R72 15610 0092,17450,69630,87080,13120,66870,79990,42000DEW
R72 15610 0095,16350,48700,65050,12420,48100,60520,42000DEW
R72 15610 0096,16810,64450,81260,12820,52720,65540,42000DEW
R72 15610 0097,16810,59000,75810,12950,59060,72010,42000DEW
R72 15610 0098,8450,0,8450,5860,0,5860,42000DEW
R72 15610 0099,13700,57480,71180,10350,55030,65380,42000DEW
R72 15610 0100,19990,92790,112780,15470,92190,107660,42000DEW
R72 15610 0102,19990,93140,113130,15470,106120,121590,42000DEW
R72 15610 0103,1260,0,1260,740,0,740,42000DEW
R72 15610 0104,16230,86150,102380,12270,90680,102950,42000DEW
R72 15610 0105,8160,0,8160,5560,0,5560,42000DEW
R72 15610 0106,8160,0,8160,5560,0,5560,42000DEW
R72 15610 0107,8160,0,8160,5560,0,5560,42000DEW
R72 15610 0108,8900,0,8900,6120,0,6120,42000DEW
R72 15610 0109,16230,64940,81170,12270,53330,65600,42000DEW
R72 15610 0110,16230,67040,83270,12270,85490,97760,42000DEW
R72 15610 0111,8160,0,8160,5560,0,5560,42000DEW
R72 15610 0112,8160,0,8160,5560,0,5560,42000DEW
R72 15610 0113,7600,0,7600,5130,0,5130,42000DEW
R72 15610 0114,15110,58320,73430,11280,57830,69110,42000DEW
R72 15610 0115,6970,1930,8900,5260,2540,7800,42000DEW
R72 15610 0116,18760,46660,65420,14670,43660,58330,42000DEW
R72 15610 0117,6350,0,6350,4160,0,4160,42000DEW
R72 15610 0118,19690,51920,71610,14990,48750,63740,42000DEW
R72 15610 0119,21480,144920,166400,16260,143440,159700,42000DEW
R72 15610 0121,14910,77340,92250,11210,95100,106310,42000DEW
R72 15610 0122,17790,72980,90770,13420,91720,105140,42000DEW
R72 15610 0123,1090,0,1090,810,0,810,42000DEW
R72 15610 0124,14910,75560,90470,11210,82990,94200,42000DEW
R72 15610 0125,14910,59110,74020,11210,58520,69730,42000DEW
R72 15610 0126,7500,0,7500,5080,0,5080,42000DEW
R72 15610 0127,14910,80370,95280,11210,65890,77100,42000DEW
R72 15610 0128,16000,89750,105750,12000,92880,104880,42000DEW
R72 15610 0130,5780,0,5780,3900,0,3900,42000DEW
R72 15610 0131,15720,112720,128440,11830,87440,99270,42000DEW
R72 15610 0137,23630,51380,75010,16990,56030,73020,42000DEW
R72 15610 0141,14690,67790,82480,10990,57800,68790,42000DEW
R72 15610 0143,16080,49620,65700,12100,49940,62040,42000DEW
R72 15610 0144,13890,38660,52550,10440,40700,51140,42000DEW
R72 15610 0145,6300,0,6300,4260,0,4260,42000DEW
R72 15610 0147,640,0,640,480,0,480,42000DEW
R72 15611 0001,17800,47550,65350,14110,67700,81810,42000DEW
R72 15611 0002,17800,57440,75240,14160,54820,68980,42000DEW
R72 15611 0003,8950,0,8950,6410,0,6410,42000DEW
R72 15611 0004,17800,57650,75450,14200,63990,78190,42000DEW
R72 15611 0005,17130,55490,72620,13580,53140,66720,42000DEW
R72 15611 0006,17800,66990,84790,14240,61410,75650,42000DEW
R72 15611 0007,16310,43430,59740,12670,37640,50310,42000DEW
R72 15611 0008,17480,60910,78390,13600,54610,68210,42000DEW
R72 15611 0009,16550,66430,82980,12670,67320,79990,42000DEW
R72 15611 0010,18110,64020,82130,14080,59030,73110,42000DEW
R72 15611 0011,18110,78850,96960,14080,76710,90790,42000DEW
R72 15611 0023,16230,69230,85460,12270,67870,80140,42000DEW
R72 15611 0024,16370,53550,69920,12360,50250,62610,42000DEW
R72 15611 0025,16230,53080,69310,12270,51440,63710,42000DEW
R72 15611 0026,16230,68830,85060,12270,72100,84370,42000DEW
R72 15611 0027,16230,69100,85330,12270,116640,128910,42000DEW
R72 15611 0028,15480,62820,78300,11630,54490,66120,42000DEW
R72 15611 0029,16230,57930,74160,12270,55330,67600,42000DEW
R72 15611 0030,16230,81920,98150,12270,79250,91520,42000DEW
R72 15611 0031,8160,0,8160,5560,0,5560,42000DEW
R72 15611 0032,16230,82060,98290,12270,93920,106190,42000DEW
R72 15611 0033,15910,82830,98740,12020,138070,150090,42000DEW
R72 15611 0034,7700,0,7700,5240,0,5240,42000DEW
R72 15611 0035,15910,84140,100050,12020,91290,103310,42000DEW
R72 15611 0036,15910,77240,93150,12020,68900,80920,42000DEW
R72 15611 0037,15910,59210,75120,12020,59500,71520,42000DEW
R72 15611 0038,16500,74350,90850,12480,71680,84160,42000DEW
R72 15611 0039,16860,64010,80870,12800,52620,65420,42000DEW
R72 15611 0040,17110,52380,69490,13020,49480,62500,42000DEW
R72 15611 0041,3000,10030,13030,13020,28970,41990,42000DEW
R72 15611 0042,8470,0,8470,5790,0,5790,42000DEW
R72 15611 0043,25430,45700,71130,19550,71520,91070,42000DEW
R72 15611 0045,14030,47300,61330,10530,48910,59440,42000DEW
R72 15611 0046,19670,56880,76550,14990,56350,71340,42000DEW
R72 15611 0048,7990,0,7990,5450,0,5450,42000DEW
R72 15611 0049,14030,51320,65350,10530,55740,66270,42000DEW
R72 15611 0052,890,0,890,650,0,650,42000DEW
R72 15612 0001,19250,42980,62230,15470,37140,52610,42000DEW
R72 15612 0002,19410,61030,80440,15780,21030,36810,42000DEW
R72 15612 0003,19410,53650,73060,15780,61770,77550,42000DEW
R72 15612 0004,19410,60660,80070,15780,64310,80090,42000DEW
R72 15612 0005,22100,30000,52100,16580,38450,55030,42000DEW
R72 15612 0006,19410,25500,44910,15780,24520,40300,42000DEW
R72 15612 0007,9750,0,9750,7120,0,7120,42000DEW
R72 15612 0008,9810,6160,15970,7970,5470,13440,42000DEW
R72 15612 0009,19410,27580,46990,15780,31550,47330,42000DEW
R72 15612 0010,20090,61000,81090,16440,71060,87500,42000DEW
R72 15612 0012,16010,35140,51150,12160,30050,42210,42000DEW
R72 15612 0013,15500,42070,57570,11710,37110,48820,42000DEW
R72 15612 0014,15880,57270,73150,12050,75950,88000,42000DEW
R72 15612 0015,15880,56080,71960,12050,12420,24470,42000DEW
R72 15612 0016,19070,15000,34070,14850,36140,50990,42000DEW
R72 15612 0018,15190,28980,44170,11280,30880,42160,42000DEW
R72 15612 0019,15190,57240,72430,11280,58680,69960,42000DEW
R72 15612 0020,19070,34030,53100,14850,26080,40930,42000DEW
R72 15612 0021,19070,31380,50450,14850,29340,44190,42000DEW
R72 15612 0022,18820,44050,62870,14630,41160,55790,42000DEW
R72 15612 0023,19460,82970,102430,15070,75510,90580,42000DEW
R72 15612 0024,10140,0,10140,7150,0,7150,42000DEW
R72 15612 0025,18610,77400,96010,14290,77500,91790,42000DEW
R72 15612 0027,18440,50760,69200,14290,64380,78670,42000DEW
R72 15612 0028,5460,0,5460,3470,0,3470,42000DEW
R72 15612 0029,18440,64660,83100,14290,65440,79730,42000DEW
R72 15612 0030,18440,49840,68280,14290,66110,80400,42000DEW
R72 15612 0031,18440,35390,53830,14290,43440,57730,42000DEW
R72 15612 0032,20220,40310,60530,15860,36350,52210,42000DEW
R72 15612 0033,15880,38390,54270,12050,36460,48510,42000DEW
R72 15612 0034,18440,47630,66070,14290,37340,51630,42000DEW
R72 15612 0035,18440,36850,55290,14290,42410,56700,42000DEW
R72 15612 0036,18440,50710,69150,14290,50090,64380,42000DEW
R72 15612 0037,18440,40630,59070,14290,38830,53120,42000DEW
R72 15612 0038,16010,69260,85270,12160,87660,99820,42000DEW
R72 15612 0039,16140,57120,73260,12270,53500,65770,42000DEW
R72 15612 0040,16010,34000,50010,12160,33080,45240,42000DEW
R72 15612 0041,9060,0,9060,6310,0,6310,42000DEW
R72 15612 0042,16730,48960,65690,13560,50250,63810,42000DEW
R72 15612 0043,16730,46590,63320,13560,39290,52850,42000DEW
R72 15612 0044,23900,47200,71100,18050,44170,62220,42000DEW
R72 15612 0045,15910,41280,57190,12670,31990,44660,42000DEW
R72 15612 0046,17840,42520,60360,14740,37460,52200,42000DEW
R72 15612 0047,21360,41530,62890,6880,39110,45990,42000DEW
R72 15612 0048,17010,41940,58950,13850,38630,52480,42000DEW
R72 15612 0049,19220,68390,87610,14600,60520,75120,42000DEW
R72 15612 0051,16730,43210,59940,13560,53160,66720,42000DEW
R72 15612 0052,4330,2180,6510,3100,2860,5960,42000DEW
R72 15612 0054,16010,44280,60290,12160,57520,69680,42000DEW
R72 15612 0056,18610,76850,95460,14290,82880,97170,42000DEW
R72 15612 0058,15240,50980,66220,11490,59790,71280,42000DEW
R72 15612 0060,21810,34020,55830,12240,39760,52000,42000DEW
R72 15612 0061,15630,19730,35360,12380,23920,36300,42000DEW
R72 15612 0062,16520,23920,40440,12610,23520,36130,42000DEW
R72 15612 0063,8570,0,8570,5900,0,5900,42000DEW
R72 15612 0065,15500,33080,48580,11710,26310,38020,42000DEW
R72 15612 0067,16460,57100,73560,13260,50040,63300,42000DEW
R72 15612 0069,20090,49430,69520,13120,1770,14890,42000DEW
R72 15613 0001,34020,114620,148640,27030,132040,159070,42001DEW
R72 15613 0002,34340,58040,92380,27340,112020,139360,42001DEW
R72 15613 0003,48600,151870,200470,38400,172140,210540,42001DEW
R72 15613 0005,42350,116160,158510,33110,138470,171580,42001DEW
R72 15613 0006,48600,145620,194220,38400,199290,237690,42001DEW
R72 15613 0007,55050,137390,192440,45050,179340,224390,42001DEW
R72 15613 0008,50120,73850,123970,39930,91860,131790,42001DEW
R72 15613 0009,37290,81050,118340,30160,98510,128670,42001DEW
R72 15613 0010,12430,0,12430,9680,0,9680,42001DEW
R72 15613 0011,32400,97490,129890,25250,115330,140580,42001DEW
R72 15613 0012,32740,33530,66270,29470,76440,105910,42001DEW
R72 15613 0013,22630,77850,100480,18300,62010,80310,42001DEW
R72 15613 0014,29040,50960,80000,22370,79500,101870,42001DEW
R72 15613 0015,31210,69590,100800,25040,68560,93600,42001DEW
R72 15613 0016,33060,56740,89800,25860,66610,92470,42001DEW
R72 15613 0017,34900,91680,126580,27470,163120,190590,42001DEW
R72 15613 0018,35000,84640,119640,28000,113100,141100,42001DEW
R72 15613 0020,36680,69550,106230,29110,75040,104150,42001DEW
R72 15613 0021,24290,155710,180000,18980,182730,201710,42001DEW
R72 15613 0022,26710,68640,95350,20670,93410,114080,42001DEW
R72 15613 0023,9600,0,9600,6990,0,6990,42001DEW
R72 15613 0027,21260,120720,141980,17310,84650,101960,42001DEW
R72 15613 0029,47400,79240,126640,37920,92250,130170,42001DEW
R72 15613 0031,33200,0,33200,21940,0,21940,42001DEW
R72 15613 0032,32110,49340,81450,25280,59560,84840,42001DEW
R72 15613 0033,36460,47760,84220,28490,65940,94430,42001DEW
R72 15613 0034,30400,79060,109460,24730,100930,125660,42001DEW
R72 15613 0035,9900,0,9900,8520,0,8520,42001DEW
R72 15613 0036,21530,136080,157610,17490,176300,193790,42001DEW
R72 15613 0037,32510,124820,157330,37220,142240,179460,42001DEW
R72 15613 0038,32640,187390,220030,24640,195270,219910,42001DEW
R72 15613 0039,32600,179710,212310,28380,181580,209960,42001DEW
R72 15613 0040,34340,6350,40690,29540,144340,173880,42001DEW
R72 15613 0041,35120,86820,121940,29860,118920,148780,42001DEW
R72 15613 0042,34790,121100,155890,29420,154750,184170,42001DEW
R72 15613 0043,36190,88620,124810,30300,121770,152070,42001DEW
R72 15613 0044,35540,167680,203220,29940,194190,224130,42001DEW
R72 15613 0045,34480,124520,159000,28920,140450,169370,42001DEW
R72 15613 0046,34480,110900,145380,29420,116370,145790,42001DEW
R72 15613 0047,34810,144210,179020,29710,146080,175790,42001DEW
R72 15613 0048,33550,90680,124230,28610,124320,152930,42001DEW
R72 15613 0052,24800,100210,125010,19840,108720,128560,42001DEW
R72 15613 0053,31520,76860,108380,25480,106570,132050,42001DEW
R72 15613 0056,6460,0,6460,5160,0,5160,42001DEW
R72 15613 0057,7780,0,7780,5980,0,5980,42001DEW
R72 15613 0058,13450,0,13450,10660,0,10660,42001DEW
R72 15613 0061,!,!,!
R72 15613 0062,!,!,!
R72 15614 0001,31360,98890,130250,26540,107630,134170,42001DEW
R72 15614 0003,41310,118720,160030,32490,166810,199300,42001DEW
R72 15614 0004,38420,82340,120760,30340,98740,129080,42001DEW
R72 15614 0006,11420,0,11420,8340,0,8340,42001DEW
R72 15614 0007,31540,119780,151320,24740,144040,168780,42001DEW
R72 15614 0008,47290,93150,140440,37980,111190,149170,42001DEW
R72 15614 0009,39960,120760,160720,31050,154480,185530,42001DEW
R72 15614 0010,4080,0,4080,3320,0,3320,42001DEW
R72 15614 0011,46620,78280,124900,37590,101400,138990,42001DEW
R72 15614 0012,35000,95520,130520,28000,126760,154760,42001DEW
R72 15614 0016,32800,141330,174130,26240,159940,186180,42001DEW
R72 15614 0017,35000,112920,147920,28000,135690,163690,42001DEW
R72 15614 0019,40990,130090,171080,32130,154060,186190,42001DEW
R72 15614 0020,15180,0,15180,11690,0,11690,42001DEW
R72 15614 0021,30080,111060,141140,25380,139330,164710,42001DEW
R72 15614 0022,36660,82670,119330,31360,106470,137830,42001DEW
R72 15614 0023,80620,608320,688940,86480,92890,179370,42001DEW
R72 15614 0024,34320,94160,128480,27460,133190,160650,42001DEW
R72 15614 0025,20400,0,20400,16320,0,16320,42001DEW
R72 15614 0031,43400,179940,223340,34720,196520,231240,42001DEW
R72 15614 0032,22680,68750,91430,18240,96660,114900,42001DEW
R72 15614 0033,22680,87400,110080,18240,93990,112230,42001DEW
R72 15614 0034,22680,78880,101560,18240,92480,110720,42001DEW
R72 15614 0035,22680,62330,85010,18240,90190,108430,42001DEW
R72 15614 0036,23560,71670,95230,18790,93000,111790,42001DEW
R72 15614 0037,22680,73680,96360,18240,91120,109360,42001DEW
R72 15614 0038,22680,73210,95890,18240,89460,107700,42001DEW
R72 15614 0039,11340,0,11340,8210,0,8210,42001DEW
R72 15614 0040,27270,91660,118930,22030,94370,116400,42001DEW
R72 15614 0041,20250,90710,110960,17040,95230,112270,42001DEW
R72 15614 0042,23690,99580,123270,18860,117120,135980,42001DEW
R72 15614 0043,23310,94240,117550,23030,62470,85500,42001DEW
R72 15614 0044,23740,78590,102330,18920,104620,123540,42001DEW
R72 15614 0045,23120,102170,125290,18600,120990,139590,42001DEW
R72 15614 0046,23690,76610,100300,18760,92760,111520,42001DEW
R72 15614 0047,23970,46370,70340,18920,99170,118090,42001DEW
R72 15614 0048,23290,91910,115200,18600,110550,129150,42001DEW
R72 15614 0049,22680,77170,99850,18240,100260,118500,42001DEW
R72 15614 0050,42920,105660,148580,33430,147070,180500,42001DEW
R72 15614 0053,25250,94440,119690,19880,115310,135190,42001DEW
R72 15614 0054,27670,78290,105960,21270,80750,102020,42001DEW
R72 15614 0055,28120,121290,149410,21730,158850,180580,42001DEW
R72 15614 0056,31360,90260,121620,25480,125170,150650,42001DEW
R72 15614 0057,28520,95030,123550,22430,129870,152300,42001DEW
R72 15614 0058,26750,75730,102480,20760,85180,105940,42001DEW
R72 15614 0059,25250,91850,117100,19820,105400,125220,42001DEW
R72 15614 0060,24990,109430,134420,19660,106930,126590,42001DEW
R72 15614 0061,24230,80750,104980,19180,98580,117760,42001DEW
R72 15614 0062,33110,77960,111070,25320,58680,84000,42001DEW
R72 15614 0063,38400,142040,180440,38900,111630,150530,42001DEW
R72 15614 0064,11590,4180,15770,9420,5450,14870,42001DEW
R72 15614 0065,45200,133340,178540,36160,205170,241330,42001DEW
R72 15614 0066,2240,0,2240,1790,0,1790,42001DEW
R72 15614 0067,33660,126260,159920,27770,156950,184720,42001DEW
R72 15614 0075,1400,0,1400,1120,0,1120,42001DEW
R72 15614 0076,1400,0,1400,1120,0,1120,42001DEW
R72 15614 0077,25200,68060,93260,20160,67670,87830,42001DEW
R72 15614 0078,46400,85590,131990,37120,151370,188490,42001DEW
R72 15615 0001,46000,0,46000,36800,0,36800,42001DEW
R72 15615 0002,51000,108970,159970,40800,155700,196500,42001DEW
R72 15615 0003,28000,0,28000,22400,0,22400,42001DEW
R72 15615 0008,5280,0,5280,4300,0,4300,42001DEW
R72 15615 0009,5280,0,5280,4270,0,4270,42001DEW
R72 15615 0010,3430,0,3430,2790,0,2790,42001DEW
R72 15615 0012,6630,0,6630,5210,0,5210,42001DEW
R72 15615 0016,35000,138260,173260,28000,114180,142180,42001DEW
R72 15615 0018,4420,0,4420,3540,0,3540,42001DEW
R72 15615 0020,1400,0,1400,1120,0,1120,42001DEW
R72 15616 0002,33660,148250,181910,27190,154320,181510,42001DEW
R72 15616 0003,35280,93670,128950,27620,102980,130600,42001DEW
R72 15616 0005,14000,0,14000,11200,0,11200,42001DEW
R72 15616 0009,42800,116660,159460,36430,135310,171740,42001DEW
R72 15616 0011,61200,87600,148800,50340,129450,179790,42001DEW
R72 15616 0015,24990,84850,109840,19810,101780,121590,42001DEW
R72 15616 0016,28180,45020,73200,23540,53750,77290,42001DEW
R72 15616 0017,24010,64520,88530,19180,81170,100350,42001DEW
R72 15616 0018,35310,108290,143600,28170,118360,146530,42001DEW
R72 15616 0019,24740,80560,105300,19770,97040,116810,42001DEW
R72 15616 0021,30130,83150,113280,24940,91650,116590,42001DEW
R72 15701 0001,8670,34220,42890,5310,36850,42160,71001WWO
R72 15701 0002,4080,0,4080,2250,0,2250,71001WWO
R72 15701 0003,8160,21620,29780,5000,25340,30340,71001WWO
R72 15701 0004,8160,0,8160,5000,0,5000,71001WWO
R72 15701 0005,8160,27140,35300,5000,28940,33940,71001WWO
R72 15701 0006,8670,24920,33590,5310,26820,32130,71001WWO
R72 15701 0007,8470,26740,35210,5190,27890,33080,71001WWO
R72 15701 0008,4230,0,4230,2330,0,2330,71001WWO
R72 15701 0009,12750,23470,36220,7810,26930,34740,71001WWO
R72 15701 0011,8470,14680,23150,5190,14890,20080,71001WWO
R72 15701 0012,8470,18850,27320,5190,20350,25540,71001WWO
R72 15701 0013,8470,15840,24310,5190,16750,21940,71001WWO
R72 15701 0014,4230,0,4230,2330,0,2330,71001WWO
R72 15701 0015,4230,0,4230,2330,0,2330,71001WWO
R72 15701 0016,13360,7610,20970,8190,3630,11820,71001WWO
R72 15701 0018,8160,23620,31780,5000,30110,35110,71001WWO
R72 15701 0019,4080,0,4080,2250,0,2250,71001WWO
R72 15701 0020,5100,0,5100,2810,0,2810,71001WWO
R72 15701 0021,3060,0,3060,1690,0,1690,71001WWO
R72 15701 0022,8160,10840,19000,5000,640,5640,71001WWO
R72 15701 0023,8160,14840,23000,5000,8100,13100,71001WWO
R72 15701 0024,8160,16680,24840,5000,18970,23970,71001WWO
R72 15701 0025,8160,12260,20420,5000,14700,19700,71001WWO
R72 15701 0026,14790,16670,31460,9060,16280,25340,71001WWO
R72 15701 0028,10610,44020,54630,6500,47480,53980,71001WWO
R72 15701 0030,4280,0,4280,2360,0,2360,71001WWO
R72 15701 0031,8160,16070,24230,5000,20510,25510,71001WWO
R72 15701 0032,4080,0,4080,2250,0,2250,71001WWO
R72 15701 0033,8160,8310,16470,5000,11540,16540,71001WWO
R72 15701 0034,4080,0,4080,2250,0,2250,71001WWO
R72 15701 0035,8160,32150,40310,5000,36910,41910,71001WWO
R72 15701 0036,4080,0,4080,2250,0,2250,71001WWO
R72 15701 0037,4080,0,4080,2250,0,2250,71001WWO
R72 15701 0038,8160,34600,42760,5000,40240,45240,71001WWO
R72 15701 0039,8160,16410,24570,5000,17270,22270,71001WWO
R72 15701 0040,8160,18210,26370,5000,17940,22940,71001WWO
R72 15701 0041,8570,22300,30870,5250,24780,30030,71001WWO
R72 15701 0042,8980,32390,41370,5500,38240,43740,71001WWO
R72 15701 0043,8470,32190,40660,5190,35260,40450,71001WWO
R72 15701 0044,8470,35620,44090,5190,37010,42200,71001WWO
R72 15701 0045,8470,37770,46240,5190,43510,48700,71001WWO
R72 15701 0046,8470,23670,32140,5190,29480,34670,71001WWO
R72 15701 0047,8470,28310,36780,5190,30000,35190,71001WWO
R72 15701 0048,8470,27560,36030,5190,28670,33860,71001WWO
R72 15701 0049,8470,31190,39660,5190,28380,33570,71001WWO
R72 15701 0050,4230,0,4230,2330,0,2330,71001WWO
R72 15701 0051,8470,22650,31120,5190,25040,30230,71001WWO
R72 15701 0052,4230,0,4230,2330,0,2330,71001WWO
R72 15701 0053,8670,28290,36960,5310,38160,43470,71001WWO
R72 15701 0054,8160,23950,32110,5000,27140,32140,71001WWO
R72 15701 0055,8160,29250,37410,5000,33200,38200,71001WWO
R72 15701 0056,8160,39230,47390,5000,33050,38050,71001WWO
R72 15701 0057,12750,16640,29390,7810,20630,28440,71001WWO
R72 15701 0059,8470,24770,33240,5190,34960,40150,71001WWO
R72 15701 0060,4230,0,4230,2330,0,2330,71001WWO
R72 15701 0061,4230,0,4230,2330,0,2330,71001WWO
R72 15701 0062,8470,24470,32940,5190,26710,31900,71001WWO
R72 15701 0063,8470,22520,30990,5190,24370,29560,71001WWO
R72 15701 0064,8470,14910,23380,5190,14260,19450,71001WWO
R72 15701 0065,8470,19830,28300,5190,23820,29010,71001WWO
R72 15701 0066,4230,0,4230,2330,0,2330,71001WWO
R72 15701 0067,8470,26070,34540,5190,30110,35300,71001WWO
R72 15701 0068,8470,22670,31140,5190,24570,29760,71001WWO
R72 15701 0069,8980,16460,25440,5500,20710,26210,71001WWO
R72 15701 0070,8570,19130,27700,5250,18720,23970,71001WWO
R72 15701 0071,8160,15930,24090,5000,18070,23070,71001WWO
R72 15701 0072,8160,19150,27310,5000,23090,28090,71001WWO
R72 15701 0073,8160,24020,32180,5000,23090,28090,71001WWO
R72 15701 0074,8160,15570,23730,5000,15360,20360,71001WWO
R72 15701 0075,8160,21370,29530,5000,23900,28900,71001WWO
R72 15701 0076,8160,0,8160,5000,0,5000,71001WWO
R72 15701 0077,8160,28620,36780,5000,30670,35670,71001WWO
R72 15701 0078,8160,29870,38030,5000,31590,36590,71001WWO
R72 15701 0079,4080,0,4080,2250,0,2250,71001WWO
R72 15701 0080,4080,0,4080,2250,0,2250,71001WWO
R72 15701 0081,8570,15110,23680,5250,29000,34250,71001WWO
R72 15701 0082,8670,10320,18990,5310,16710,22020,71001WWO
R72 15701 0083,4080,2530,6610,2500,3310,5810,71001WWO
R72 15701 0084,8160,20290,28450,5000,23960,28960,71001WWO
R72 15701 0085,8160,11890,20050,5000,19110,24110,71001WWO
R72 15701 0086,8160,21310,29470,5000,23640,28640,71001WWO
R72 15701 0087,8160,19430,27590,5000,22510,27510,71001WWO
R72 15701 0088,8160,28240,36400,5000,27770,32770,71001WWO
R72 15701 0089,10200,26790,36990,6250,28060,34310,71001WWO
R72 15701 0091,8160,23120,31280,5000,25000,30000,71001WWO
R72 15701 0092,8160,16120,24280,5000,21980,26980,71001WWO
R72 15701 0093,8570,23000,31570,5250,25380,30630,71001WWO
R72 15701 0094,4490,0,4490,2480,0,2480,71001WWO
R72 15701 0095,8470,15310,23780,5190,22360,27550,71001WWO
R72 15701 0096,10610,24810,35420,6500,31180,37680,71001WWO
R72 15701 0098,10610,25230,35840,5850,0,5850,71001WWO
R72 15701 0099,8470,19870,28340,4670,0,4670,71001WWO
R72 15701 0100,3110,0,3110,1720,0,1720,71001WWO
R72 15701 0101,4180,0,4180,2310,0,2310,71001WWO
R72 15701 0102,4230,0,4230,2330,0,2330,71001WWO
R72 15701 0104,4230,0,4230,2330,0,2330,71001WWO
R72 15701 0117,6430,0,6430,3920,0,3920,71001WWO
R72 15701 0118,4560,0,4560,2570,0,2570,71001WWO
R72 15701 0119,4560,0,4560,2570,0,2570,71001WWO
R72 15701 0120,9120,10660,19780,5700,8510,14210,71001WWO
R72 15701 0121,9120,13130,22250,5700,5220,10920,71001WWO
R72 15701 0122,9120,15760,24880,5700,20650,26350,71001WWO
R72 15701 0123,9120,18390,27510,5700,21910,27610,71001WWO
R72 15701 0124,9120,15500,24620,5700,20410,26110,71001WWO
R72 15701 0132,7500,24340,31840,7500,32590,40090,71001WWO
R72 15701 0133,3530,0,3530,1950,0,1950,71001WWO
R72 15701 0134,4720,0,4720,2640,0,2640,71001WWO
R72 15701 0135,4720,0,4720,2640,0,2640,71001WWO
R72 15701 0136,4720,0,4720,2640,0,2640,71001WWO
R72 15701 0137,9440,32400,41840,5880,38460,44340,71001WWO
R72 15701 0138,4720,0,4720,2640,0,2640,71001WWO
R72 15701 0139,9950,28190,38140,6440,33240,39680,71001WWO
R72 15701 0141,4720,0,4720,2640,0,2640,71001WWO
R72 15701 0142,4720,0,4720,2640,0,2640,71001WWO
R72 15701 0143,4720,0,4720,2640,0,2640,71001WWO
R72 15701 0144,9440,27400,36840,5880,24780,30660,71001WWO
R72 15701 0145,9440,2270,11710,5880,1770,7650,71001WWO
R72 15701 0146,9440,31730,41170,5880,33530,39410,71001WWO
R72 15701 0148,4680,0,4680,2620,0,2620,71001WWO
R72 15701 0149,4630,0,4630,2580,0,2580,71001WWO
R72 15701 0150,9350,3770,13120,5250,0,5250,71001WWO
R72 15701 0151,9680,11430,21110,5450,0,5450,71001WWO
R72 15701 0152,4680,0,4680,2620,0,2620,71001WWO
R72 15701 0153,9350,11940,21290,5830,18550,24380,71001WWO
R72 15701 0154,8590,13300,21890,5270,22790,28060,71001WWO
R72 15701 0155,14300,44190,58490,9160,44210,53370,71001WWO
R72 15701 0157,4890,0,4890,2780,0,2780,71001WWO
R72 15701 0158,11420,12920,24340,7040,38150,45190,71001WWO
R72 15701 0159,4630,0,4630,2570,0,2570,71001WWO
R72 15701 0160,4930,0,4930,2840,0,2840,71001WWO
R72 15701 0161,4340,0,4340,2390,0,2390,71001WWO
R72 15701 0162,4840,0,4840,2600,0,2600,71001WWO
R72 15701 0163,4130,0,4130,2250,0,2250,71001WWO
R72 15701 0164,4250,0,4250,2330,0,2330,71001WWO
R72 15701 0165,3420,0,3420,1880,0,1880,71001WWO
R72 15701 0166,8670,12500,21170,5310,33830,39140,71001WWO
R72 15701 0167,8670,16120,24790,5310,22800,28110,71001WWO
R72 15701 0168,4340,0,4340,2390,0,2390,71001WWO
R72 15701 0169,8670,21610,30280,5310,20850,26160,71001WWO
R72 15701 0170,4340,0,4340,2390,0,2390,71001WWO
R72 15701 0171,8670,7530,16200,2660,0,2660,71001WWO
R72 15701 0172,4340,0,4340,2390,0,2390,71001WWO
R72 15701 0173,8670,35870,44540,5310,38600,43910,71001WWO
R72 15701 0174,8670,34990,43660,5310,34730,40040,71001WWO
R72 15701 0175,8670,11240,19910,5310,15940,21250,71001WWO
R72 15701 0176,8670,28930,37600,5310,30020,35330,71001WWO
R72 15701 0177,8670,26180,34850,5310,35830,41140,71001WWO
R72 15701 0178,4340,0,4340,2390,0,2390,71001WWO
R72 15701 0179,8670,5340,14010,2660,0,2660,71001WWO
R72 15701 0180,8670,30560,39230,5310,28920,34230,71001WWO
R72 15701 0181,4340,0,4340,2390,0,2390,71001WWO
R72 15701 0182,4340,0,4340,2390,0,2390,71001WWO
R72 15701 0183,4340,0,4340,2390,0,2390,71001WWO
R72 15701 0184,4340,0,4340,2390,0,2390,71001WWO
R72 15701 0185,8900,18600,27500,5450,26640,32090,71001WWO
R72 15701 0186,4880,0,4880,2690,0,2690,71001WWO
R72 15701 0188,11830,14530,26360,7740,17490,25230,71001WWO
R72 15701 0189,4890,0,4890,2820,0,2820,71001WWO
R72 15701 0190,4890,0,4890,2780,0,2780,71001WWO
R72 15701 0191,4850,0,4850,2730,0,2730,71001WWO
R72 15701 0192,4800,0,4800,2690,0,2690,71001WWO
R72 15701 0203,11400,0,11400,11400,0,11400,71001WWO
R72 15701 0209,3060,0,3060,1690,0,1690,71001WWO
R72 15701 0211,3110,0,3110,1720,0,1720,71001WWO
R72 15701 0212,2960,0,2960,1630,0,1630,71001WWO
R72 15701 0213,12860,33910,46770,8120,31320,39440,71001WWO
R72 15701 0221,9000,27520,36520,5500,30150,35650,71001WWO
R72 15701 0223,10120,17180,27300,6000,19080,25080,71001WWO
R72 15701 0225,9000,26500,35500,5500,29000,34500,71001WWO
R72 15701 0226,4500,0,4500,2480,0,2480,71001WWO
R72 15701 0227,4500,0,4500,2480,0,2480,71001WWO
R72 15701 0228,4500,0,4500,2480,0,2480,71001WWO
R72 15701 0230,6780,0,6780,6780,0,6780,71001WWO
R72 15702 0011,8280,15010,23290,5030,6890,11920,71001WWO
R72 15703 0001,9300,24110,33410,5680,35280,40960,71001WWO
R72 15703 0004,9300,16860,26160,5680,22090,27770,71001WWO
R72 15703 0005,9300,18320,27620,5680,24840,30520,71001WWO
R72 15703 0006,9300,16340,25640,5680,22110,27790,71001WWO
R72 15703 0008,9300,16590,25890,5680,21420,27100,71001WWO
R72 15703 0009,8900,17180,26080,5440,21420,26860,71001WWO
R72 15703 0010,9000,19380,28380,5500,26900,32400,71001WWO
R72 15703 0011,8200,24680,32880,5020,30730,35750,71001WWO
R72 15703 0012,8200,16940,25140,5020,22320,27340,71001WWO
R72 15703 0013,4100,0,4100,2260,0,2260,71001WWO
R72 15703 0014,8200,13790,21990,5020,18030,23050,71001WWO
R72 15703 0015,4100,0,4100,2260,0,2260,71001WWO
R72 15703 0017,8700,16390,25090,5320,0,5320,71001WWO
R72 15703 0020,8700,21140,29840,5320,22090,27410,71001WWO
R72 15703 0022,8700,15790,24490,5320,19620,24940,71001WWO
R72 15703 0023,8700,12370,21070,2660,0,2660,71001WWO
R72 15703 0025,8700,18110,26810,5320,22540,27860,71001WWO
R72 15703 0026,8700,19580,28280,5320,23760,29080,71001WWO
R72 15703 0027,8200,18750,26950,5020,21050,26070,71001WWO
R72 15703 0028,9600,17570,27170,5860,25820,31680,71001WWO
R72 15703 0030,9600,22780,32380,5860,32670,38530,71001WWO
R72 15703 0033,9000,22980,31980,5500,29650,35150,71001WWO
R72 15703 0034,9000,25630,34630,5500,33670,39170,71001WWO
R72 15703 0035,9000,27850,36850,5500,36440,41940,71001WWO
R72 15703 0036,2600,0,2600,1450,0,1450,71001WWO
R72 15703 0037,8200,15200,23400,5020,18710,23730,71001WWO
R72 15703 0038,8200,19790,27990,5020,20590,25610,71001WWO
R72 15703 0039,8200,23270,31470,5020,22500,27520,71001WWO
R72 15703 0040,8200,22480,30680,5020,22590,27610,71001WWO
R72 15703 0041,8500,18630,27130,5200,7590,12790,71001WWO
R72 15703 0042,8200,18150,26350,5020,18120,23140,71001WWO
R72 15703 0043,4100,0,4100,2260,0,2260,71001WWO
R72 15703 0044,8200,20820,29020,5020,21350,26370,71001WWO
R72 15703 0045,8200,18430,26630,5020,17910,22930,71001WWO
R72 15703 0046,4340,0,4340,2260,0,2260,71001WWO
R72 15703 0049,11100,27360,38460,6720,27480,34200,71001WWO
R72 15703 0050,3070,0,3070,1730,0,1730,71001WWO
R72 15703 0051,5710,0,5710,3470,0,3470,71001WWO
R72 15703 0052,9600,17630,27230,5860,20210,26070,71001WWO
R72 15703 0055,8700,20080,28780,5320,26070,31390,71001WWO
R72 15703 0063,8870,17000,25870,5440,18300,23740,71001WWO
R72 15703 0066,9500,16930,26430,5800,22270,28070,71001WWO
R72 15703 0067,8400,17160,25560,5140,18560,23700,71001WWO
R72 15703 0068,4340,21780,26120,2260,0,2260,71001WWO
R72 15703 0072,3990,0,3990,2190,0,2190,71001WWO
R72 15703 0073,11000,23500,34500,6670,24330,31000,71001WWO
R72 15703 0074,5610,0,5610,3660,0,3660,71001WWO
R72 15703 0075,11000,15590,26590,6670,28930,35600,71001WWO
R72 15703 0076,10300,28770,39070,6250,37400,43650,71001WWO
R72 15703 0077,10300,29520,39820,6250,32780,39030,71001WWO
R72 15703 0078,12400,22530,34930,7500,29210,36710,71001WWO
R72 15703 0079,12400,23070,35470,7500,25320,32820,71001WWO
R72 15703 0080,12400,43700,56100,7500,54110,61610,71001WWO
R72 15703 0082,560,0,560,350,0,350,71001WWO
R72 15704 0036,11400,21680,33080,7300,22060,29360,71001WWO
R72 15704 0037,14000,7080,21080,6410,0,6410,71001WWO
R72 15704 0060,7560,43020,50580,4590,47590,52180,71001WWO
R72 15704 0065,8500,23680,32180,5200,19570,24770,71001WWO
R72 15801 0004,21750,34190,55940,18060,49720,67780,62000WES
R72 15801 0005,39260,36310,75570,33990,25430,59420,61000WES
R72 15804 0002,11360,17490,28850,9150,14930,24080,62000WES
R72 15804 0003,11360,24780,36140,9150,25060,34210,62000WES
R72 15804 0004,11360,26920,38280,9150,24780,33930,62000WES
R72 15804 0005,11360,26890,38250,9150,3530,12680,62000WES
R72 15804 0006,11360,26840,38200,9150,24490,33640,62000WES
R72 15804 0007,11360,26940,38300,9150,29820,38970,62000WES
R72 15804 0008,11360,28560,39920,9150,34560,43710,62000WES
R72 15804 0009,11360,29360,40720,9150,31200,40350,62000WES
R72 15804 0010,11360,31630,42990,9150,32310,41460,62000WES
R72 15804 0011,11360,35770,47130,9150,49110,58260,62000WES
R72 15804 0012,11360,29400,40760,9150,29930,39080,62000WES
R72 15804 0013,11360,28690,40050,9150,49040,58190,62000WES
R72 15804 0014,11360,27130,38490,9150,27460,36610,62000WES
R72 15804 0015,11480,28330,39810,9230,23810,33040,62000WES
R72 15804 0016,11360,32450,43810,9150,28180,37330,62000WES
R72 15804 0017,11360,19410,30770,9150,28000,37150,62000WES
R72 15804 0018,11360,32820,44180,9150,33230,42380,62000WES
R72 15804 0019,11930,21680,33610,9670,32340,42010,62000WES
R72 15804 0020,12160,31110,43270,9870,19040,28910,62000WES
R72 15804 0021,11360,17670,29030,4140,0,4140,62000WES
R72 15804 0022,11360,4780,16140,9150,33070,42220,62000WES
R72 15804 0023,11360,25190,36550,9150,13300,22450,62000WES
R72 15804 0024,11360,10520,21880,9110,24900,34010,62000WES
R72 15804 0025,11360,29410,40770,9150,32100,41250,62000WES
R72 15804 0026,11360,30360,41720,9150,32870,42020,62000WES
R72 15804 0027,11360,27070,38430,9150,30190,39340,62000WES
R72 15804 0028,11360,27650,39010,9150,25880,35030,62000WES
R72 15804 0029,11360,26900,38260,9150,27100,36250,62000WES
R72 15804 0030,11360,27290,38650,9150,36140,45290,62000WES
R72 15804 0031,11360,25360,36720,9150,32520,41670,62000WES
R72 15804 0032,11360,26810,38170,9150,14090,23240,62000WES
R72 15804 0033,11360,28980,40340,9150,35850,45000,62000WES
R72 15804 0034,11360,26060,37420,9150,3310,12460,62000WES
R72 15804 0035,11360,24970,36330,9150,29750,38900,62000WES
R72 15804 0036,11360,18380,29740,9150,28350,37500,62000WES
R72 15804 0037,11360,18210,29570,9150,28380,37530,62000WES
R72 15804 0038,11360,29760,41120,9150,29680,38830,62000WES
R72 15804 0039,11360,23540,34900,9150,29040,38190,62000WES
R72 15804 0040,11480,26300,37780,9250,27520,36770,62000WES
R72 15804 0041,11480,29230,40710,9250,31610,40860,62000WES
R72 15804 0042,12160,24670,36830,9870,32090,41960,62000WES
R72 15804 0044,11480,30360,41840,9250,33190,42440,62000WES
R72 15804 0045,11480,14390,25870,9250,40400,49650,62000WES
R72 15804 0046,11480,33620,45100,9250,29430,38680,62000WES
R72 15804 0047,11480,26960,38440,9250,28170,37420,62000WES
R72 15804 0048,11480,26860,38340,9250,14120,23370,62000WES
R72 15804 0049,11480,27070,38550,9250,25090,34340,62000WES
R72 15804 0050,11480,26960,38440,9250,24650,33900,62000WES
R72 15804 0051,11480,28870,40350,9250,30680,39930,62000WES
R72 15804 0052,11480,21880,33360,9250,26130,35380,62000WES
R72 15804 0053,11480,24630,36110,9250,20170,29420,62000WES
R72 15804 0054,11480,24900,36380,9250,27310,36560,62000WES
R72 15804 0055,11480,30950,42430,9250,33360,42610,62000WES
R72 15804 0056,11480,27790,39270,9250,3740,12990,62000WES
R72 15804 0057,11480,31910,43390,4190,0,4190,62000WES
R72 15804 0058,11480,28820,40300,9250,27030,36280,62000WES
R72 15804 0059,11250,29620,40870,9050,40910,49960,62000WES
R72 15804 0060,13190,31260,44450,10800,39300,50100,62000WES
R72 15804 0061,11590,29900,41490,9360,34960,44320,62000WES
R72 15804 0062,11700,29790,41490,9460,32290,41750,62000WES
R72 15804 0063,11700,8590,20290,9460,33460,42920,62000WES
R72 15804 0064,11590,25560,37150,9360,31970,41330,62000WES
R72 15804 0065,11590,21550,33140,9360,25310,34670,62000WES
R72 15804 0066,11590,31640,43230,9360,36350,45710,62000WES
R72 15804 0067,11590,27970,39560,9360,30040,39400,62000WES
R72 15804 0068,11590,27970,39560,9360,26280,35640,62000WES
R72 15804 0069,11590,25770,37360,9360,35890,45250,62000WES
R72 15804 0070,11930,29170,41100,9670,31860,41530,62000WES
R72 15804 0071,11590,28800,40390,9360,30980,40340,62000WES
R72 15804 0072,11590,29330,40920,9360,32240,41600,62000WES
R72 15804 0073,11590,25870,37460,9360,30870,40230,62000WES
R72 15805 0013,1730,69440,71170,8190,63260,71450,62000WES
R72 15805 0014,3410,73890,77300,12290,75060,87350,62000WES
R72 15805 0015,2690,47960,50650,10530,51260,61790,62000WES
R72 15805 0016,2690,47960,50650,10530,51260,61790,62000WES
R72 15805 0017,2430,47960,50390,9910,43040,52950,62000WES
R72 15809 0010,13050,29640,42690,11080,28540,39620,62000WES
R72 15809 0011,12380,33190,45570,10160,36210,46370,62000WES
R72 15809 0012,11810,27200,39010,9530,26550,36080,62000WES
R72 15809 0013,11480,27670,39150,9230,30400,39630,62000WES
R72 15809 0014,11360,30610,41970,9150,33380,42530,62000WES
R72 15809 0015,11360,31270,42630,9150,9850,19000,62000WES
R72 15809 0016,5990,0,5990,4370,0,4370,62000WES
R72 15809 0017,11360,35440,46800,9150,31390,40540,62000WES
R72 15809 0018,11360,33280,44640,9150,28380,37530,62000WES
R72 15809 0019,12010,21070,33080,9680,31690,41370,62000WES
R72 15809 0020,12200,27150,39350,9540,25440,34980,62000WES
R72 15809 0021,13620,32500,46120,10910,29270,40180,62000WES
R72 15809 0022,11810,27800,39610,9310,25180,34490,62000WES
R72 15809 0023,11320,30360,41680,9010,16260,25270,62000WES
R72 15809 0024,11110,27190,38300,8840,25090,33930,62000WES
R72 15809 0025,11360,27800,39160,9150,14780,23930,62000WES
R72 15809 0026,11480,36210,47690,9210,29410,38620,62000WES
R72 15810 0009,11590,29480,41070,9360,28690,38050,62000WES
R72 15810 0010,11590,30690,42280,9360,27260,36620,62000WES
R72 15810 0011,11590,24920,36510,9360,26500,35860,62000WES
R72 15810 0012,11590,28080,39670,9360,27640,37000,62000WES
R72 15810 0013,11590,17030,28620,9360,31920,41280,62000WES
R72 15810 0014,11710,27060,38770,9400,27130,36530,62000WES
R72 15810 0015,12760,17090,29850,10380,29850,40230,62000WES
R72 15810 0016,14410,33760,48170,11850,17480,29330,62000WES
R72 15810 0017,11250,27050,38300,9020,27130,36150,62000WES
R72 15810 0018,11250,30150,41400,9020,31780,40800,62000WES
R72 15810 0019,11250,22720,33970,9020,24550,33570,62000WES
R72 15810 0020,11250,34160,45410,9070,28840,37910,62000WES
R72 15810 0021,12290,23260,35550,10010,24620,34630,62000WES
R72 15810 0022,14880,28060,42940,13460,27590,41050,62000WES
R72 15810 0023,13740,27450,41190,11390,26440,37830,62000WES
R72 15810 0024,12290,30440,42730,10010,31030,41040,62000WES
R72 15810 0025,13200,22460,35660,10750,27490,38240,62000WES
R72 15810 0026,13200,28200,41400,10750,37680,48430,62000WES
R72 15810 0027,11480,26610,38090,9190,24850,34040,62000WES
R72 15810 0028,11480,25990,37470,9190,30720,39910,62000WES
R72 15810 0029,12170,25290,37460,9660,31510,41170,62000WES
R72 15810 0030,11480,24320,35800,9250,55570,64820,62000WES
R72 15810 0031,11480,29220,40700,9250,28150,37400,62000WES
R72 15810 0032,11480,26170,37650,9250,29230,38480,62000WES
R72 15810 0033,11480,19290,30770,9250,26960,36210,62000WES
R72 15810 0034,11480,24060,35540,9250,30950,40200,62000WES
R72 15810 0035,11480,16110,27590,9250,29830,39080,62000WES
R72 15811 0026,1650,0,1650,2110,5550,7660,62000GRE
R72 15812 0004,16690,41470,58160,9630,35170,44800,62000GRE
R72 15812 0006,5800,0,5800,2760,0,2760,62000GRE
R72 15812 0007,4530,0,4530,1990,0,1990,62000GRE
R72 15812 0008,14110,22320,36430,7870,32990,40860,62000GRE
R72 15812 0009,11540,36030,47570,6110,43870,49980,62000GRE
R72 15812 0010,11540,33700,45240,6110,33870,39980,62000GRE
R72 15812 0011,11540,16040,27580,6110,12730,18840,62000GRE
R72 15812 0012,4530,0,4530,1990,0,1990,62000GRE
R72 15812 0013,14110,28350,42460,7870,35350,43220,62000GRE
R72 15812 0014,11540,28610,40150,6110,36910,43020,62000GRE
R72 15812 0015,11540,12320,23860,6110,15350,21460,62000GRE
R72 15812 0016,11540,13960,25500,6110,22320,28430,62000GRE
R72 15812 0017,5800,0,5800,2760,0,2760,62000GRE
R72 15812 0018,11540,8860,20400,6110,30740,36850,62000GRE
R72 15812 0019,11020,29240,40260,5760,20850,26610,62000GRE
R72 15812 0020,11020,19630,30650,5760,21760,27520,62000GRE
R72 15812 0021,11020,23470,34490,5760,17710,23470,62000GRE
R72 15812 0022,5550,0,5550,2610,0,2610,62000GRE
R72 15812 0023,11020,17480,28500,5760,21590,27350,62000GRE
R72 15812 0024,5550,0,5550,2610,0,2610,62000GRE
R72 15812 0025,5500,0,5500,2570,0,2570,62000GRE
R72 15812 0026,5500,0,5500,2570,0,2570,62000GRE
R72 15812 0027,6280,0,6280,3010,0,3010,62000GRE
R72 15813 0001,12050,26530,38580,9710,25660,35370,62000WES
R72 15813 0002,12500,30850,43350,10180,33310,43490,62000WES
R72 15813 0003,11360,21750,33110,9150,29610,38760,62000WES
R72 15813 0004,11360,15220,26580,9150,24620,33770,62000WES
R72 15813 0005,3500,9000,12500,10180,30770,40950,62000WES
R72 15813 0006,12500,28810,41310,10180,26110,36290,62000WES
R72 15813 0007,11360,29170,40530,9150,24150,33300,62000WES
R72 15813 0008,11360,34940,46300,9150,34990,44140,62000WES
R72 15813 0009,12500,31940,44440,10180,43900,54080,62000WES
R72 15813 0010,12500,30720,43220,10180,32550,42730,62000WES
R72 15813 0011,11360,19960,31320,9150,28660,37810,62000WES
R72 15813 0012,11360,27450,38810,9150,26850,36000,62000WES
R72 15813 0013,12390,34740,47130,10080,36290,46370,62000WES
R72 15813 0014,12500,34090,46590,10180,37030,47210,62000WES
R72 15813 0015,11480,16960,28440,9250,24520,33770,62000WES
R72 15813 0016,11480,25400,36880,9250,23870,33120,62000WES
R72 15813 0017,11480,27800,39280,9250,26060,35310,62000WES
R72 15813 0018,11480,27640,39120,9250,26990,36240,62000WES
R72 15813 0019,11480,28030,39510,9250,26960,36210,62000WES
R72 15813 0020,11480,27240,38720,9250,24520,33770,62000WES
R72 15813 0021,11480,28510,39990,9250,17730,26980,62000WES
R72 15813 0022,11480,28060,39540,9250,23090,32340,62000WES
R72 15813 0023,11480,27180,38660,9250,26460,35710,62000WES
R72 15813 0024,12160,28420,40580,9870,30510,40380,62000WES
R72 15813 0025,11480,26680,38160,9250,25120,34370,62000WES
R72 15813 0026,11480,20470,31950,9250,28220,37470,62000WES
R72 15813 0027,11480,30620,42100,9250,28940,38190,62000WES
R72 15813 0030,10580,18300,28880,8420,26340,34760,62000WES
R72 15813 0031,!,!,!
R72 15814 0001,12050,19070,31120,9770,29940,39710,62000WES
R72 15814 0002,11360,28340,39700,9150,24130,33280,62000WES
R72 15814 0003,11590,27020,38610,9370,23220,32590,62000WES
R72 15814 0004,11590,17810,29400,4220,0,4220,62000WES
R72 15814 0005,11250,27020,38270,9000,12200,21200,62000WES
R72 15814 0006,11800,29020,40820,9440,25970,35410,62000WES
R72 15814 0007,11560,29210,40770,9250,26080,35330,62000WES
R72 15814 0008,11870,23600,35470,9470,17750,27220,62000WES
R72 15814 0009,11320,17000,28320,9060,24860,33920,62000WES
R72 15814 0010,10790,20430,31220,8570,27390,35960,62000WES
R72 15814 0011,10910,28030,38940,8650,34660,43310,62000WES
R72 15814 0012,11020,29310,40330,8820,24900,33720,62000WES
R72 15814 0013,11250,27660,38910,9040,25700,34740,62000WES
R72 15814 0014,12410,28000,40410,10050,22850,32900,62000WES
R72 15814 0015,14500,32550,47050,5660,0,5660,62000WES
R72 15814 0016,10960,29130,40090,9720,25020,34740,62000WES
R72 15814 0017,13370,29120,42490,11100,26740,37840,62000WES
R72 15814 0018,12730,29060,41790,10390,28450,38840,62000WES
R72 15814 0019,3000,9000,12000,9020,22620,31640,62000WES
R72 15814 0020,11250,30220,41470,9020,16830,25850,62000WES
R72 15814 0021,11250,26550,37800,9020,4260,13280,62000WES
R72 15814 0022,12490,33850,46340,10130,27060,37190,62000WES
R72 15814 0023,11020,28970,39990,8860,28830,37690,62000WES
R72 15814 0024,12530,21540,34070,9910,29220,39130,62000WES
R72 15814 0025,11700,27780,39480,9420,26370,35790,62000WES
R72 15814 0026,11250,28900,40150,9010,28210,37220,62000WES
R72 15814 0027,12270,24360,36630,9980,41160,51140,62000WES
R72 15814 0028,11030,29890,40920,8840,30300,39140,62000WES
R72 15814 0029,10910,29230,40140,8720,24270,32990,62000WES
R72 15814 0030,10910,28120,39030,8680,29660,38340,62000WES
R72 15814 0031,12130,29310,41440,9780,15970,25750,62000WES
R72 15814 0032,11140,29910,41050,8910,29100,38010,62000WES
R72 15814 0033,11030,28140,39170,8810,27370,36180,62000WES
R72 15814 0034,11030,12640,23670,8860,25640,34500,62000WES
R72 15814 0035,11810,27940,39750,9490,26580,36070,62000WES
R72 15814 0036,11930,23700,35630,9630,26520,36150,62000WES
R72 15814 0037,12500,26180,38680,10130,24890,35020,62000WES
R72 15814 0038,14490,33200,47690,12140,31650,43790,62000WES
R72 15815 0001,12880,24610,37490,10590,29530,40120,62000WES
R72 15815 0002,12610,24630,37240,10290,20760,31050,62000WES
R72 15815 0003,12690,27940,40630,10320,25140,35460,62000WES
R72 15815 0004,12130,18580,30710,9780,24580,34360,62000WES
R72 15815 0005,11790,28860,40650,9490,24340,33830,62000WES
R72 15815 0006,11670,26690,38360,9390,29040,38430,62000WES
R72 15815 0007,11780,27640,39420,9490,22830,32320,62000WES
R72 15815 0008,10910,29590,40500,8730,26130,34860,62000WES
R72 15815 0009,10910,28960,39870,8730,25100,33830,62000WES
R72 15815 0010,11030,29700,40730,8810,25450,34260,62000WES
R72 15815 0011,11030,29870,40900,8860,26520,35380,62000WES
R72 15815 0012,12030,29270,41300,9680,30620,40300,62000WES
R72 15815 0013,12170,21400,33570,9820,23860,33680,62000WES
R72 15815 0014,11700,30200,41900,9440,17850,27290,62000WES
R72 15815 0015,11480,18120,29600,9280,25320,34600,62000WES
R72 15815 0016,11810,29920,41730,9570,29720,39290,62000WES
R72 15815 0017,11930,26380,38310,9700,25800,35500,62000WES
R72 15815 0018,13000,28420,41420,10710,35700,46410,62000WES
R72 15815 0019,13370,30340,43710,11020,3620,14640,62000WES
R72 15815 0020,13490,21680,35170,11210,29130,40340,62000WES
R72 15815 0021,12880,24410,37290,10610,29430,40040,62000WES
R72 15815 0023,10800,28720,39520,8660,22900,31560,62000WES
R72 15815 0024,10370,24430,34800,8250,26760,35010,62000WES
R72 15815 0025,10680,27910,38590,8440,23740,32180,62000WES
R72 15815 0026,10990,31570,42560,8700,31370,40070,62000WES
R72 15815 0027,11320,27540,38860,8910,28070,36980,62000WES
R72 15815 0028,11320,21030,32350,8960,29720,38680,62000WES
R72 15815 0029,12240,32430,44670,9930,27390,37320,62000WES
R72 15815 0031,12640,25480,38120,10320,19800,30120,62000WES
R72 15815 0032,6400,0,6400,4700,0,4700,62000WES
R72 15815 0033,12400,29600,42000,10110,28750,38860,62000WES
R72 15815 0034,12880,27520,40400,10510,26050,36560,62000WES
R72 15815 0035,12050,29590,41640,9750,29860,39610,62000WES
R72 15815 0036,11940,28520,40460,9660,28270,37930,62000WES
R72 15815 0037,11940,16830,28770,4830,0,4830,62000WES
R72 15815 0038,12050,36200,48250,9790,39380,49170,62000WES
R72 15815 0039,12620,27150,39770,10290,32220,42510,62000WES
R72 15815 0040,11360,33760,45120,9150,33950,43100,62000WES
R72 15815 0041,11700,28910,40610,9440,38140,47580,62000WES
R72 15815 0042,12960,21960,34920,10600,26410,37010,62000WES
R72 15815 0043,12860,25100,37960,10550,45690,56240,62000WES
R72 15815 0044,11700,30130,41830,9470,30300,39770,62000WES
R72 15815 0045,12760,30510,43270,10400,49120,59520,62000WES
R72 15815 0046,12150,29810,41960,9910,29090,39000,62000WES
R72 15815 0047,13370,28850,42220,11100,27940,39040,62000WES
R72 15815 0048,12380,29720,42100,10120,25680,35800,62000WES
R72 15815 0049,14110,37780,51890,11790,36000,47790,62000WES
R72 15815 0050,11700,26900,38600,9400,17890,27290,62000WES
R72 15815 0051,11590,24120,35710,9360,24880,34240,62000WES
R72 15815 0052,11810,24930,36740,9570,57260,66830,62000WES
R72 15815 0053,12040,30660,42700,9780,34280,44060,62000WES
R72 15815 0054,11930,29930,41860,9610,29490,39100,62000WES
R72 15815 0055,11480,20430,31910,9280,29890,39170,62000WES
R72 15816 0001,12720,26740,39460,6780,36450,43230,62000GRE
R72 15816 0002,12630,27620,40250,6720,37850,44570,62000GRE
R72 15816 0003,12630,33540,46170,6720,37850,44570,62000GRE
R72 15816 0004,12990,28800,41790,3490,0,3490,62000GRE
R72 15816 0005,13990,27080,41070,7740,34550,42290,62000GRE
R72 15816 0006,7270,0,7270,3780,0,3780,62000GRE
R72 15816 0007,15100,31180,46280,8360,36120,44480,62000GRE
R72 15817 0001,14360,31740,46100,7750,35660,43410,62000GRE
R72 15817 0002,13320,32090,45410,7130,36350,43480,62000GRE
R72 15817 0003,13320,42260,55580,7130,46310,53440,62000GRE
R72 15817 0004,12630,26150,38780,6720,34670,41390,62000GRE
R72 15817 0005,13320,35240,48560,7130,35450,42580,62000GRE
R72 15817 0006,12630,29220,41850,6720,27170,33890,62000GRE
R72 15817 0007,13320,29560,42880,7130,27540,34670,62000GRE
R72 15817 0008,12630,34000,46630,6720,34380,41100,62000GRE
R72 15817 0009,13320,35740,49060,7130,35030,42160,62000GRE
R72 15817 0010,12630,30160,42790,6720,31650,38370,62000GRE
R72 15817 0011,13320,31950,45270,7130,37030,44160,62000GRE
R72 15817 0012,14360,32060,46420,7750,34560,42310,62000GRE
R72 15817 0013,14360,34580,48940,7750,31520,39270,62000GRE
R72 15817 0014,13200,25900,39100,7060,24960,32020,62000GRE
R72 15817 0015,14590,39900,54490,7890,43460,51350,62000GRE
R72 15817 0016,13200,34270,47470,7060,31850,38910,62000GRE
R72 15817 0017,14360,32150,46510,7750,35990,43740,62000GRE
R72 15817 0018,14360,39210,53570,7750,42640,50390,62000GRE
R72 15817 0019,12860,35680,48540,6850,36400,43250,62000GRE
R72 15817 0020,13090,40330,53420,6990,46070,53060,62000GRE
R72 15817 0021,12860,31300,44160,6850,30670,37520,62000GRE
R72 15817 0022,13090,34210,47300,6990,38610,45600,62000GRE
R72 15817 0023,13090,32540,45630,6990,36480,43470,62000GRE
R72 15817 0024,13090,17410,30500,6990,31980,38970,62000GRE
R72 15817 0025,13090,33080,46170,6990,39420,46410,62000GRE
R72 15817 0026,13430,31790,45220,7200,36630,43830,62000GRE
R72 15817 0027,12860,34620,47480,6850,31980,38830,62000GRE
R72 15817 0028,13090,33310,46400,6990,37560,44550,62000GRE
R72 15817 0029,12860,34070,46930,6850,31590,38440,62000GRE
R72 15817 0030,13090,25090,38180,6990,36960,43950,62000GRE
R72 15817 0031,14360,31920,46280,7750,37970,45720,62000GRE
R72 15817 0032,14360,38110,52470,7750,45940,53690,62000GRE
R72 15817 0033,13200,30850,44050,7060,35590,42650,62000GRE
R72 15818 0001,13200,31730,44930,7060,36470,43530,62000GRE
R72 15818 0002,15030,36760,51790,7760,29380,37140,62000GRE
R72 15818 0003,14900,31920,46820,7920,35370,43290,62000GRE
R72 15818 0004,13200,30790,43990,7100,36170,43270,62000GRE
R72 15818 0005,13840,35090,48930,7530,39910,47440,62000GRE
R72 15818 0006,13850,26780,40630,7490,37370,44860,62000GRE
R72 15818 0007,15810,37160,52970,8710,39700,48410,62000GRE
R72 15818 0008,13800,34910,48710,7450,40340,47790,62000GRE
R72 15818 0009,12830,31180,44010,6820,30580,37400,62000GRE
R72 15818 0010,13860,37520,51380,7560,32500,40060,62000GRE
R72 15818 0011,13860,24180,38040,7560,33080,40640,62000GRE
R72 15818 0012,14230,30090,44320,7750,38660,46410,62000GRE
R72 15818 0013,14370,35210,49580,7920,33980,41900,62000GRE
R72 15818 0014,15410,39410,54820,9020,47520,56540,62000GRE
R72 15818 0015,15670,40640,56310,8740,40530,49270,62000GRE
R72 15818 0016,15270,33240,48510,8700,36840,45540,62000GRE
R72 15818 0017,13710,34940,48650,7420,33030,40450,62000GRE
R72 15818 0018,12820,46020,58840,6770,55840,62610,62000GRE
R72 15818 0019,12800,26370,39170,6770,0,6770,62000GRE
R72 15818 0020,13150,33370,46520,7010,32990,40000,62000GRE
R72 15818 0021,14200,32980,47180,7420,36580,44000,62000GRE
R72 15818 0022,13400,30280,43680,7070,27420,34490,62000GRE
R72 15818 0023,4460,0,4460,2120,0,2120,62000GRE
R72 15818 0024,12390,28170,40560,6350,33360,39710,62000GRE
R72 15819 0001,14410,35780,50190,7740,42760,50500,62000GRE
R72 15819 0002,12800,30750,43550,6770,39300,46070,62000GRE
R72 15819 0003,12800,36100,48900,6770,37660,44430,62000GRE
R72 15819 0004,12690,40720,53410,6740,21850,28590,62000GRE
R72 15819 0005,12950,31340,44290,6920,34730,41650,62000GRE
R72 15819 0006,13460,35210,48670,8300,29330,37630,62000GRE
R72 15819 0007,13720,38930,52650,7450,37450,44900,62000GRE
R72 15819 0008,13200,30870,44070,7060,38940,46000,62000GRE
R72 15819 0009,13090,30660,43750,6990,37360,44350,62000GRE
R72 15819 0010,12830,30270,43100,6820,36880,43700,62000GRE
R72 15819 0011,12930,36090,49020,6840,37490,44330,62000GRE
R72 15819 0012,12800,23030,35830,6770,39110,45880,62000GRE
R72 15819 0013,13060,33720,46780,6980,38280,45260,62000GRE
R72 15819 0014,12970,33720,46690,6920,38280,45200,62000GRE
R72 15819 0015,14350,37310,51660,7700,47130,54830,62000GRE
R72 15819 0016,15120,38240,53360,7660,45180,52840,62000GRE
R72 15819 0017,13820,38330,52150,7420,35700,43120,62000GRE
R72 15819 0018,15660,36230,51890,8930,71970,80900,62000GRE
R72 15819 0019,17310,40020,57330,9590,38390,47980,62000GRE
R72 15819 0020,15250,36190,51440,9180,45820,55000,62000GRE
R72 15819 0021,13570,38330,51900,7990,35700,43690,62000GRE
R72 15819 0022,12800,35440,48240,7470,42720,50190,62000GRE
R72 15819 0023,11760,31020,42780,6730,38280,45010,62000GRE
R72 15819 0024,15410,35170,50580,8820,36500,45320,62000GRE
R72 15819 0025,15150,43390,58540,8600,49620,58220,62000GRE
R72 15820 0001,14360,38590,52950,7790,36740,44530,62000GRE
R72 15820 0002,14730,38750,53480,7970,38130,46100,62000GRE
R72 15820 0003,13020,38720,51740,6890,37060,43950,62000GRE
R72 15820 0004,12910,38230,51140,6830,38010,44840,62000GRE
R72 15820 0005,12910,35310,48220,6830,41000,47830,62000GRE
R72 15820 0006,12460,31630,44090,6610,38610,45220,62000GRE
R72 15820 0007,13130,22140,35270,6990,36720,43710,62000GRE
R72 15820 0008,12910,26360,39270,7830,29030,36860,62000GRE
R72 15820 0009,12910,33280,46190,6830,38450,45280,62000GRE
R72 15820 0010,11910,35520,47430,6130,36050,42180,62000GRE
R72 15820 0011,13190,25890,39080,7020,35220,42240,62000GRE
R72 15820 0012,13510,33050,46560,7210,38480,45690,62000GRE
R72 15820 0013,13510,37100,50610,7250,34730,41980,62000GRE
R72 15820 0014,13170,39740,52910,7010,42440,49450,62000GRE
R72 15820 0015,13170,32120,45290,7010,35980,42990,62000GRE
R72 15820 0016,14300,29410,43710,7630,36280,43910,62000GRE
R72 15820 0017,14100,32590,46690,7600,40950,48550,62000GRE
R72 15901 0001,11480,31170,42650,6060,8630,14690,62000GRE
R72 15901 0002,11480,18820,30300,6060,6710,12770,62000GRE
R72 15901 0003,11480,14910,26390,6060,30180,36240,62000GRE
R72 15901 0004,14360,29690,44050,7790,24570,32360,62000GRE
R72 15901 0006,8590,2340,10930,4320,3750,8070,62000GRE
R72 15901 0007,11480,50970,62450,6060,55120,61180,62000GRE
R72 15901 0008,11010,23880,34890,5780,26950,32730,62000GRE
R72 15901 0009,10900,19850,30750,5710,23950,29660,62000GRE
R72 15901 0010,10900,28820,39720,5710,20150,25860,62000GRE
R72 15901 0011,10900,9000,19900,5710,14430,20140,62000GRE
R72 15901 0012,10900,31520,42420,5710,30180,35890,62000GRE
R72 15901 0013,10900,25990,36890,5710,28240,33950,62000GRE
R72 15901 0014,10900,27770,38670,5710,30460,36170,62000GRE
R72 15901 0015,10900,17710,28610,5710,24710,30420,62000GRE
R72 15901 0016,10900,32220,43120,5710,26970,32680,62000GRE
R72 15901 0017,10900,24000,34900,5710,15300,21010,62000GRE
R72 15901 0018,5480,0,5480,2590,0,2590,62000GRE
R72 15901 0019,14360,8960,23320,7790,26910,34700,62000GRE
R72 15901 0021,14130,22880,37010,7650,33540,41190,62000GRE
R72 15901 0023,10900,22030,32930,5710,21820,27530,62000GRE
R72 15901 0024,10900,25370,36270,5710,29330,35040,62000GRE
R72 15901 0025,10900,23440,34340,5710,34150,39860,62000GRE
R72 15901 0026,10900,25350,36250,5710,25160,30870,62000GRE
R72 15901 0027,10900,32130,43030,5710,38530,44240,62000GRE
R72 15901 0028,10900,26190,37090,5710,32240,37950,62000GRE
R72 15901 0029,10900,18140,29040,5710,33690,39400,62000GRE
R72 15901 0030,10900,11780,22680,5710,29960,35670,62000GRE
R72 15901 0031,10900,16880,27780,5710,27680,33390,62000GRE
R72 15901 0032,10900,26200,37100,5710,28800,34510,62000GRE
R72 15901 0033,10900,17530,28430,5710,26510,32220,62000GRE
R72 15901 0034,11480,19780,31260,6060,30130,36190,62000GRE
R72 15901 0035,11480,9670,21150,6060,24260,30320,62000GRE
R72 15901 0037,11480,39620,51100,6060,24270,30330,62000GRE
R72 15901 0038,11480,24210,35690,6060,20260,26320,62000GRE
R72 15901 0039,11480,25550,37030,6060,11360,17420,62000GRE
R72 15901 0040,11480,23410,34890,6060,29400,35460,62000GRE
R72 15901 0041,11250,14800,26050,5890,20790,26680,62000GRE
R72 15901 0042,11250,17650,28900,5890,56830,62720,62000GRE
R72 15901 0043,11250,24130,35380,5890,31340,37230,62000GRE
R72 15901 0044,11250,27590,38840,5890,21240,27130,62000GRE
R72 15901 0045,11250,26460,37710,5890,25420,31310,62000GRE
R72 15901 0047,11250,29750,41000,5890,28440,34330,62000GRE
R72 15901 0048,10690,14660,25350,5560,20630,26190,62000GRE
R72 15901 0049,10690,14690,25380,5560,10350,15910,62000GRE
R72 15901 0050,10690,21380,32070,5560,26530,32090,62000GRE
R72 15901 0051,10690,26520,37210,5560,25180,30740,62000GRE
R72 15901 0052,10690,14970,25660,5560,10650,16210,62000GRE
R72 15901 0053,10690,20050,30740,5560,25450,31010,62000GRE
R72 15901 0054,10690,17980,28670,5560,21920,27480,62000GRE
R72 15901 0055,10690,17030,27720,5560,20820,26380,62000GRE
R72 15901 0056,10690,5340,16030,5560,3510,9070,62000GRE
R72 15901 0057,10690,20550,31240,5560,26790,32350,62000GRE
R72 15901 0058,10690,20970,31660,5560,24260,29820,62000GRE
R72 15901 0059,14080,34710,48790,7540,22240,29780,62000GRE
R72 15901 0061,14080,20940,35020,7540,29610,37150,62000GRE
R72 15901 0063,10690,15710,26400,5560,24010,29570,62000GRE
R72 15901 0064,12040,34090,46130,6350,28010,34360,62000GRE
R72 15901 0065,14080,30180,44260,7540,28000,35540,62000GRE
R72 15901 0067,14080,31050,45130,7540,36460,44000,62000GRE
R72 15901 0069,10690,23220,33910,5560,29740,35300,62000GRE
R72 15901 0070,10690,32970,43660,5560,28430,33990,62000GRE
R72 15901 0071,10690,27480,38170,5560,24590,30150,62000GRE
R72 15901 0072,10690,29430,40120,5560,21100,26660,62000GRE
R72 15901 0073,10690,20270,30960,5560,22130,27690,62000GRE
R72 15901 0074,10690,12170,22860,5560,22300,27860,62000GRE
R72 15901 0075,10690,33920,44610,5560,25110,30670,62000GRE
R72 15901 0076,10690,16840,27530,5560,24260,29820,62000GRE
R72 15901 0077,10690,14760,25450,4440,0,4440,62000GRE
R72 15901 0078,10690,17460,28150,5560,20630,26190,62000GRE
R72 15901 0079,10800,28200,39000,5630,26320,31950,62000GRE
R72 15901 0080,11250,24200,35450,5890,31160,37050,62000GRE
R72 15901 0081,11250,31610,42860,5890,32720,38610,62000GRE
R72 15901 0083,11250,31540,42790,5890,13970,19860,62000GRE
R72 15901 0084,11250,16660,27910,5890,24060,29950,62000GRE
R72 15901 0085,11250,30760,42010,5890,15440,21330,62000GRE
R72 15901 0090,13140,18030,31170,6620,25930,32550,62000GRE
R72 15901 0092,10710,21820,32530,5500,40360,45860,62000GRE
R72 15901 0093,10710,16420,27130,5500,5580,11080,62000GRE
R72 15901 0094,11230,25640,36870,5790,29080,34870,62000GRE
R72 15901 0095,10710,17100,27810,5500,0,5500,62000GRE
R72 15901 0096,10710,17920,28630,5500,25450,30950,62000GRE
R72 15901 0097,10710,20010,30720,5500,25410,30910,62000GRE
R72 15901 0098,10580,19840,30420,5460,24900,30360,62000GRE
R72 15901 0101,3330,0,3330,1580,0,1580,62000GRE
R72 15902 0001,10120,32190,42310,5230,35560,40790,62000GRE
R72 15902 0002,8760,3090,11850,4440,4070,8510,62000GRE
R72 15902 0003,10120,25500,35620,5230,13550,18780,62000GRE
R72 15902 0004,11700,25520,37220,6160,33800,39960,62000GRE
R72 15902 0005,11700,25700,37400,6160,33190,39350,62000GRE
R72 15902 0006,11700,26310,38010,6160,31350,37510,62000GRE
R72 15902 0007,10120,9470,19590,5230,12950,18180,62000GRE
R72 15902 0008,9780,25750,35530,5540,0,5540,62000GRE
R72 15902 0009,4920,0,4920,2290,0,2290,62000GRE
R72 15902 0010,4920,0,4920,2290,0,2290,62000GRE
R72 15902 0011,10690,19050,29740,5560,22260,27820,62000GRE
R72 15902 0012,10690,20750,31440,6380,15730,22110,62000GRE
R72 15902 0013,10690,20240,30930,5560,34020,39580,62000GRE
R72 15902 0014,10690,24600,35290,5560,15490,21050,62000GRE
R72 15902 0015,10690,20560,31250,5560,22440,28000,62000GRE
R72 15902 0016,10690,23930,34620,5560,3670,9230,62000GRE
R72 15902 0017,11360,6200,17560,5960,25440,31400,62000GRE
R72 15902 0018,11360,22490,33850,5960,16410,22370,62000GRE
R72 15902 0019,11360,20170,31530,5960,22130,28090,62000GRE
R72 15902 0020,9780,23140,32920,5030,13490,18520,62000GRE
R72 15902 0021,10800,17060,27860,5630,24530,30160,62000GRE
R72 15902 0022,10690,17000,27690,5560,20790,26350,62000GRE
R72 15902 0023,10690,26110,36800,5560,15520,21080,62000GRE
R72 15902 0024,11250,17310,28560,5890,31270,37160,62000GRE
R72 15902 0025,10120,30240,40360,5230,34860,40090,62000GRE
R72 15902 0026,12040,17000,29040,6350,24860,31210,62000GRE
R72 15902 0027,10910,21450,32360,5690,26850,32540,62000GRE
R72 15902 0028,10910,24570,35480,5690,27950,33640,62000GRE
R72 15902 0029,10910,23340,34250,5690,25430,31120,62000GRE
R72 15902 0030,10910,24110,35020,5690,31170,36860,62000GRE
R72 15902 0031,10910,28250,39160,5690,29520,35210,62000GRE
R72 15902 0032,11140,31700,42840,6680,17430,24110,62000GRE
R72 15902 0033,11140,24830,35970,5830,24690,30520,62000GRE
R72 15902 0034,11140,21760,32900,5830,24060,29890,62000GRE
R72 15902 0035,11140,23130,34270,5830,28000,33830,62000GRE
R72 15902 0036,11020,25390,36410,5760,28760,34520,62000GRE
R72 15902 0037,5090,0,5090,2380,0,2380,62000GRE
R72 15902 0038,10120,19500,29620,5230,26110,31340,62000GRE
R72 15902 0039,10690,24360,35050,5560,31830,37390,62000GRE
R72 15902 0040,10690,18240,28930,5560,27570,33130,62000GRE
R72 15902 0041,10690,11180,21870,5560,22410,27970,62000GRE
R72 15902 0042,10690,27530,38220,5560,26500,32060,62000GRE
R72 15902 0043,10690,18210,28900,5560,24460,30020,62000GRE
R72 15902 0044,10390,26580,36970,4260,0,4260,62000GRE
R72 15902 0045,10390,18990,29380,5340,27370,32710,62000GRE
R72 15902 0046,13960,29300,43260,7480,42460,49940,62000GRE
R72 15902 0047,11820,16940,28760,6220,31410,37630,62000GRE
R72 15902 0049,5930,0,5930,2810,0,2810,62000GRE
R72 15902 0050,4920,0,4920,2290,0,2290,62000GRE
R72 15902 0051,10120,14050,24170,5230,18660,23890,62000GRE
R72 15902 0052,10120,24420,34540,5230,27580,32810,62000GRE
R72 15902 0053,10690,22890,33580,5560,12650,18210,62000GRE
R72 15902 0054,10690,29150,39840,5560,32320,37880,62000GRE
R72 15902 0055,10690,32270,42960,5560,31120,36680,62000GRE
R72 15902 0056,10350,24420,34770,5360,12750,18110,62000GRE
R72 15902 0057,10350,26320,36670,5360,31810,37170,62000GRE
R72 15902 0058,10570,21300,31870,5500,31980,37480,62000GRE
R72 15902 0059,10570,26230,36800,5500,27040,32540,62000GRE
R72 15902 0060,5310,0,5310,2490,0,2490,62000GRE
R72 15902 0061,10570,31630,42200,5500,39150,44650,62000GRE
R72 15902 0062,10350,18930,29280,5360,6640,12000,62000GRE
R72 15902 0063,10350,12830,23180,5360,3870,9230,62000GRE
R72 15902 0064,11020,28200,39220,5760,38470,44230,62000GRE
R72 15902 0065,9670,44410,54080,4970,39610,44580,62000GRE
R72 15902 0066,3860,0,3860,1730,0,1730,62000GRE
R72 15902 0067,11820,33380,45200,6220,38620,44840,62000GRE
R72 15902 0068,11930,26280,38210,6290,16440,22730,62000GRE
R72 15902 0069,11930,19750,31680,6290,30130,36420,62000GRE
R72 15902 0070,11700,22160,33860,6160,30140,36300,62000GRE
R72 15902 0072,11700,24830,36530,6160,34140,40300,62000GRE
R72 15902 0074,11700,29360,41060,6160,42340,48500,62000GRE
R72 15902 0076,11930,21440,33370,6290,33040,39330,62000GRE
R72 15902 0078,10800,18220,29020,5630,29350,34980,62000GRE
R72 15902 0079,11020,14390,25410,5760,21780,27540,62000GRE
R72 15902 0080,11020,29580,40600,5760,31340,37100,62000GRE
R72 15902 0081,11020,9380,20400,5760,10490,16250,62000GRE
R72 15902 0082,11020,23600,34620,5760,21360,27120,62000GRE
R72 15902 0083,11020,23720,34740,5760,23850,29610,62000GRE
R72 15902 0084,11020,21010,32030,5760,28340,34100,62000GRE
R72 15902 0085,12700,7880,20580,6900,25900,32800,62000GRE
R72 15902 0086,12700,27310,40010,6900,28760,35660,62000GRE
R72 15902 0087,12700,26180,38880,6900,25920,32820,62000GRE
R72 15902 0088,12700,34740,47440,6900,39920,46820,62000GRE
R72 15902 0089,12700,21290,33990,6900,27550,34450,62000GRE
R72 15902 0090,5800,0,5800,2760,0,2760,62000GRE
R72 15902 0091,11540,3570,15110,6110,3560,9670,62000GRE
R72 15902 0092,13340,22130,35470,7340,18410,25750,62000GRE
R72 15902 0094,10890,23890,34780,5670,31830,37500,62000GRE
R72 15902 0095,4460,0,4460,1950,0,1950,62000GRE
R72 15902 0096,12870,26850,39720,6900,28410,35310,62000GRE
R72 15902 0098,13340,24430,37770,7340,29900,37240,62000GRE
R72 15902 0100,3520,0,3520,1560,0,1560,62000GRE
R72 15903 0001,11480,23770,35250,6020,12010,18030,62000GRE
R72 15903 0002,10690,6620,17310,5560,1940,7500,62000GRE
R72 15903 0003,10690,23570,34260,5560,28070,33630,62000GRE
R72 15903 0005,11820,34230,46050,6220,47480,53700,62000GRE
R72 15903 0006,10150,27520,37670,5230,31350,36580,62000GRE
R72 15903 0007,10150,28360,38510,5230,31890,37120,62000GRE
R72 15903 0008,10120,24240,34360,5230,25240,30470,62000GRE
R72 15903 0009,10120,29380,39500,5230,5940,11170,62000GRE
R72 15903 0010,5090,0,5090,2380,0,2380,62000GRE
R72 15903 0011,10910,26230,37140,5690,24590,30280,62000GRE
R72 15903 0012,8540,2500,11040,4310,3310,7620,62000GRE
R72 15903 0013,9440,41520,50960,4840,6960,11800,62000GRE
R72 15903 0014,10910,24350,35260,5690,28160,33850,62000GRE
R72 15903 0015,11250,27610,38860,5890,31020,36910,62000GRE
R72 15903 0016,10910,33810,44720,5690,30810,36500,62000GRE
R72 15903 0017,10690,27010,37700,5560,25690,31250,62000GRE
R72 15903 0018,10910,26420,37330,5690,28000,33690,62000GRE
R72 15903 0019,11590,18920,30510,6090,28810,34900,62000GRE
R72 15903 0020,11020,30620,41640,5760,36360,42120,62000GRE
R72 15903 0021,10690,26450,37140,5560,25020,30580,62000GRE
R72 15903 0022,10690,26620,37310,5560,24830,30390,62000GRE
R72 15903 0023,10690,28670,39360,5560,27270,32830,62000GRE
R72 15903 0024,14190,18120,32310,7610,32380,39990,62000GRE
R72 15903 0025,13960,38070,52030,7480,45240,52720,62000GRE
R72 15903 0026,11140,24540,35680,5830,33000,38830,62000GRE
R72 15903 0028,11140,30170,41310,5830,30590,36420,62000GRE
R72 15903 0029,11140,27180,38320,5830,27090,32920,62000GRE
R72 15903 0030,10690,24550,35240,5560,27970,33530,62000GRE
R72 15903 0031,10690,19100,29790,5560,30880,36440,62000GRE
R72 15903 0032,10690,26160,36850,5560,14770,20330,62000GRE
R72 15903 0033,10690,29560,40250,5560,14910,20470,62000GRE
R72 15903 0034,12950,23070,36020,6880,40790,47670,62000GRE
R72 15903 0035,14360,19690,34050,7790,13700,21490,62000GRE
R72 15903 0036,10570,25840,36410,5500,23840,29340,62000GRE
R72 15903 0037,10570,27890,38460,6300,9460,15760,62000GRE
R72 15903 0038,10570,28920,39490,5500,14330,19830,62000GRE
R72 15903 0039,11590,22930,34520,6090,31450,37540,62000GRE
R72 15903 0040,8820,0,8820,4610,0,4610,62000GRE
R72 15903 0041,10350,25270,35620,5360,28580,33940,62000GRE
R72 15903 0042,10690,27230,37920,5560,29200,34760,62000GRE
R72 15903 0043,10350,28110,38460,5360,34740,40100,62000GRE
R72 15903 0044,11250,25190,36440,5890,32600,38490,62000GRE
R72 15903 0045,5090,0,5090,2380,0,2380,62000GRE
R72 15903 0046,10350,24300,34650,5360,31620,36980,62000GRE
R72 15903 0047,10350,16860,27210,5360,27970,33330,62000GRE
R72 15903 0048,10570,22970,33540,5500,29050,34550,62000GRE
R72 15903 0049,10570,25270,35840,5500,28040,33540,62000GRE
R72 15903 0050,11020,20940,31960,5760,29310,35070,62000GRE
R72 15903 0051,11020,28710,39730,5760,35440,41200,62000GRE
R72 15903 0052,9370,26320,35690,4840,19940,24780,62000GRE
R72 15903 0053,8600,2500,11100,4460,3310,7770,62000GRE
R72 15903 0054,1440,0,1440,230,0,230,62000GRE
R72 15903 0055,1320,0,1320,220,0,220,62000GRE
R72 15903 0056,11930,33450,45380,6290,34390,40680,62000GRE
R72 15903 0058,11930,30880,42810,6290,35750,42040,62000GRE
R72 15903 0060,11930,30610,42540,6290,31990,38280,62000GRE
R72 15903 0062,12040,26450,38490,6350,28270,34620,62000GRE
R72 15903 0064,12830,29220,42050,6990,31690,38680,62000GRE
R72 15903 0065,12180,23740,35920,6550,28440,34990,62000GRE
R72 15903 0066,12180,18840,31020,6550,28670,35220,62000GRE
R72 15903 0067,11540,22130,33670,6110,28900,35010,62000GRE
R72 15903 0068,11540,9780,21320,6110,11260,17370,62000GRE
R72 15903 0069,12830,27050,39880,6990,26660,33650,62000GRE
R72 15903 0070,12700,27860,40560,6900,35310,42210,62000GRE
R72 15903 0071,12700,16110,28810,6900,10840,17740,62000GRE
R72 15903 0072,12700,19340,32040,6900,28480,35380,62000GRE
R72 15903 0073,10230,26050,36280,5300,29320,34620,62000GRE
R72 15903 0074,14870,31520,46390,8000,45030,53030,62000GRE
R72 15903 0076,14980,23980,38960,8070,48430,56500,62000GRE
R72 15903 0078,11480,26430,37910,6020,29420,35440,62000GRE
R72 15903 0081,10910,28890,39800,5690,33360,39050,62000GRE
R72 15903 0083,10910,26850,37760,5690,30710,36400,62000GRE
R72 15903 0085,9780,26380,36160,5030,28700,33730,62000GRE
R72 15903 0087,10910,32240,43150,5720,34650,40370,62000GRE
R72 15903 0089,11020,25290,36310,5750,26590,32340,62000GRE
R72 15903 0091,5540,0,5540,2610,0,2610,62000GRE
R72 15903 0093,11130,23060,34190,5800,13960,19760,62000GRE
R72 15903 0095,11130,24550,35680,5820,26990,32810,62000GRE
R72 15903 0097,10900,20850,31750,5710,31590,37300,62000GRE
R72 15903 0099,11240,29290,40530,5870,31810,37680,62000GRE
R72 15903 0101,11240,23140,34380,5900,29690,35590,62000GRE
R72 15903 0104,11350,25840,37190,5930,35480,41410,62000GRE
R72 15903 0107,6170,0,6170,2940,0,2940,62000GRE
R72 15903 0108,6230,0,6230,2990,0,2990,62000GRE
R72 15903 0109,3470,0,3470,1530,0,1530,62000GRE
R72 15903 0110,3580,0,3580,1590,0,1590,62000GRE
R72 15903 0111,3470,0,3470,1530,0,1530,62000GRE
R72 15904 0001,12250,25870,38120,6500,36410,42910,62000GRE
R72 15904 0002,12870,33980,46850,6900,45550,52450,62000GRE
R72 15904 0003,12380,18520,30900,6580,32060,38640,62000GRE
R72 15904 0005,12500,20580,33080,6620,31220,37840,62000GRE
R72 15904 0006,10910,23940,34850,5700,37980,43680,62000GRE
R72 15904 0007,10910,26290,37200,5700,31360,37060,62000GRE
R72 15904 0008,10320,19300,29620,5340,29570,34910,62000GRE
R72 15904 0009,10320,17560,27880,5320,30100,35420,62000GRE
R72 15904 0010,13200,20100,33300,7060,31570,38630,62000GRE
R72 15904 0011,13330,12390,25720,7170,42720,49890,62000GRE
R72 15904 0012,10420,14140,24560,5410,22210,27620,62000GRE
R72 15904 0013,10520,27510,38030,5430,33320,38750,62000GRE
R72 15904 0014,3840,0,3840,1680,0,1680,62000GRE
R72 15904 0015,10520,30760,41280,5470,38990,44460,62000GRE
R72 15904 0016,10630,23270,33900,5520,23860,29380,62000GRE
R72 15904 0017,10730,22360,33090,5540,18220,23760,62000GRE
R72 15904 0018,10730,25050,35780,5540,22520,28060,62000GRE
R72 15904 0019,11930,28240,40170,6300,32310,38610,62000GRE
R72 15904 0020,12040,31310,43350,6360,36970,43330,62000GRE
R72 15904 0021,12040,24300,36340,6390,29300,35690,62000GRE
R72 15904 0022,12150,26800,38950,6410,34050,40460,62000GRE
R72 15904 0024,10350,62490,72840,5370,48870,54240,62000GRE
R72 15904 0025,9310,31970,41280,4810,29810,34620,62000GRE
R72 15904 0026,9620,37730,47350,4940,54800,59740,62000GRE
R72 15904 0027,10260,26840,37100,5280,31320,36600,62000GRE
R72 15904 0028,10360,41320,51680,5340,26990,32330,62000GRE
R72 15904 0029,10360,26710,37070,5390,27430,32820,62000GRE
R72 15904 0030,18310,29410,47720,9710,48360,58070,62000GRE
R72 15904 0032,12490,17670,30160,6560,34800,41360,62000GRE
R72 15904 0033,11110,22160,33270,5800,30140,35940,62000GRE
R72 15904 0034,11220,34420,45640,5860,36080,41940,62000GRE
R72 15904 0035,11340,30130,41470,5890,34400,40290,62000GRE
R72 15904 0036,11130,27340,38470,5800,34120,39920,62000GRE
R72 15904 0037,10220,31330,41550,5280,32420,37700,62000GRE
R72 15904 0038,6270,0,6270,2990,0,2990,62000GRE
R72 15904 0041,10460,19540,30000,5400,23600,29000,62000GRE
R72 15904 0042,13620,29660,43280,7120,38040,45160,62000GRE
R72 15904 0043,12060,31530,43590,6250,27840,34090,62000GRE
R72 15904 0044,12060,27810,39870,6250,32770,39020,62000GRE
R72 15904 0045,3520,0,3520,1610,0,1610,62000GRE
R72 15904 0046,10360,26170,36530,5340,31080,36420,62000GRE
R72 15904 0047,13020,23230,36250,6770,27500,34270,62000GRE
R72 15904 0048,14290,23050,37340,7550,33110,40660,62000GRE
R72 15904 0049,10790,24140,34930,5620,37320,42940,62000GRE
R72 15904 0050,10790,23740,34530,5620,35140,40760,62000GRE
R72 15904 0051,10790,26650,37440,5620,31210,36830,62000GRE
R72 15904 0052,9940,28330,38270,5160,28610,33770,62000GRE
R72 15904 0053,5430,0,5430,2550,0,2550,62000GRE
R72 15904 0054,10910,27030,37940,5690,28700,34390,62000GRE
R72 15904 0055,10910,31790,42700,5690,33340,39030,62000GRE
R72 15904 0056,10910,15380,26290,5690,30140,35830,62000GRE
R72 15904 0057,10910,23740,34650,5690,12480,18170,62000GRE
R72 15904 0058,10800,23010,33810,5630,25050,30680,62000GRE
R72 15904 0059,10120,26360,36480,5230,9730,14960,62000GRE
R72 15904 0060,10120,2560,12680,5230,3380,8610,62000GRE
R72 15904 0061,10120,26150,36270,5230,24770,30000,62000GRE
R72 15904 0062,11160,22020,33180,5760,35000,40760,62000GRE
R72 15904 0063,11040,25950,36990,5690,29360,35050,62000GRE
R72 15904 0064,10440,26740,37180,5430,29490,34920,62000GRE
R72 15904 0065,10440,34370,44810,5430,38580,44010,62000GRE
R72 15904 0066,5250,0,5250,2460,0,2460,62000GRE
R72 15904 0067,10440,26570,37010,5430,34340,39770,62000GRE
R72 15904 0068,10320,32420,42740,5360,35910,41270,62000GRE
R72 15904 0069,10320,17810,28130,5360,26850,32210,62000GRE
R72 15904 0070,10320,7730,18050,5360,27430,32790,62000GRE
R72 15904 0071,12630,33820,46450,6750,36780,43530,62000GRE
R72 15904 0073,13200,29960,43160,7100,33760,40860,62000GRE
R72 15904 0076,12630,22080,34710,6750,32910,39660,62000GRE
R72 15904 0077,11590,24570,36160,6130,3280,9410,62000GRE
R72 15904 0078,11130,19210,30340,5850,25810,31660,62000GRE
R72 15904 0079,11130,25610,36740,5850,23410,29260,62000GRE
R72 15904 0080,10320,22940,33260,5360,23280,28640,62000GRE
R72 15904 0081,10320,20570,30890,5360,22870,28230,62000GRE
R72 15904 0082,12050,13720,25770,6400,0,6400,62000GRE
R72 15904 0083,12630,33050,45680,6750,41360,48110,62000GRE
R72 15904 0084,12630,22960,35590,6750,25020,31770,62000GRE
R72 15904 0085,2290,0,2290,360,0,360,62000GRE
R72 15904 0086,10430,25620,36050,5360,32250,37610,62000GRE
R72 15904 0087,10430,20580,31010,5360,28740,34100,62000GRE
R72 15904 0088,11700,23270,34970,6060,29430,35490,62000GRE
R72 15904 0089,11700,28040,39740,6060,31260,37320,62000GRE
R72 15904 0090,11010,26960,37970,5780,30840,36620,62000GRE
R72 15904 0091,12060,24130,36190,6290,27820,34110,62000GRE
R72 15904 0092,11700,25900,37600,6090,29200,35290,62000GRE
R72 15904 0098,3660,0,3660,1820,0,1820,62000GRE
R72 15904 0099,4420,0,4420,2000,0,2000,62000GRE
R72 15904 0100,15510,31920,47430,8480,25150,33630,62000GRE
R72 15904 0101,13200,39760,52960,7100,43520,50620,62000GRE
R72 15904 0102,13200,31210,44410,7100,41070,48170,62000GRE
R72 15904 0103,4010,0,4010,1800,0,1800,62000GRE
R72 15905 0001,12150,7870,20020,6470,29220,35690,62000GRE
R72 15905 0002,11770,25810,37580,6180,27520,33700,62000GRE
R72 15905 0003,11770,4460,16230,3110,0,3110,62000GRE
R72 15905 0004,11030,27400,38430,5740,33140,38880,62000GRE
R72 15905 0005,11770,26060,37830,6240,32390,38630,62000GRE
R72 15905 0007,11130,13630,24760,5800,18050,23850,62000GRE
R72 15905 0008,11130,15480,26610,5830,24150,29980,62000GRE
R72 15905 0009,11130,27620,38750,5850,10770,16620,62000GRE
R72 15905 0010,5650,0,5650,2660,0,2660,62000GRE
R72 15905 0012,6310,0,6310,2930,0,2930,62000GRE
R72 15905 0013,10030,32520,42550,5180,16080,21260,62000GRE
R72 15905 0014,10140,22890,33030,5210,28410,33620,62000GRE
R72 15905 0015,10140,22850,32990,5230,4240,9470,62000GRE
R72 15905 0016,10140,26030,36170,5230,29140,34370,62000GRE
R72 15905 0017,10140,24840,34980,5230,17770,23000,62000GRE
R72 15905 0018,10140,21780,31920,5230,24540,29770,62000GRE
R72 15905 0019,10140,20020,30160,2640,0,2640,62000GRE
R72 15905 0020,15300,30000,45300,7980,38050,46030,62000GRE
R72 15905 0022,10030,11210,21240,5150,21820,26970,62000GRE
R72 15905 0023,10030,14310,24340,5150,31560,36710,62000GRE
R72 15905 0024,10030,26900,36930,5150,28790,33940,62000GRE
R72 15905 0025,10030,7600,17630,5150,26790,31940,62000GRE
R72 15905 0026,10030,10810,20840,5150,23870,29020,62000GRE
R72 15905 0027,10030,26180,36210,5150,27090,32240,62000GRE
R72 15905 0028,10030,31790,41820,5150,0,5150,62000GRE
R72 15905 0029,10030,18740,28770,5150,24390,29540,62000GRE
R72 15905 0030,10030,26560,36590,5150,28720,33870,62000GRE
R72 15905 0031,6310,0,6310,2930,0,2930,62000GRE
R72 15905 0032,4340,0,4340,1980,0,1980,62000GRE
R72 15905 0033,11480,23870,35350,6060,25500,31560,62000GRE
R72 15905 0034,10900,37900,48800,5710,12330,18040,62000GRE
R72 15905 0035,10900,22080,32980,5710,27540,33250,62000GRE
R72 15905 0036,10900,23270,34170,5710,25290,31000,62000GRE
R72 15905 0037,10900,26180,37080,5710,35100,40810,62000GRE
R72 15905 0038,10900,33090,43990,5710,26140,31850,62000GRE
R72 15905 0039,10900,15170,26070,5710,20870,26580,62000GRE
R72 15905 0040,5480,0,5480,2590,0,2590,62000GRE
R72 15905 0041,10090,41230,51320,5230,45240,50470,62000GRE
R72 15905 0042,10090,27640,37730,5230,35260,40490,62000GRE
R72 15905 0044,11480,21570,33050,6060,3690,9750,62000GRE
R72 15905 0045,11130,30310,41440,5850,6880,12730,62000GRE
R72 15905 0046,11130,24490,35620,5850,27730,33580,62000GRE
R72 15905 0047,11130,22260,33390,5850,28910,34760,62000GRE
R72 15905 0048,11130,21970,33100,5850,25880,31730,62000GRE
R72 15905 0049,11130,21900,33030,5850,28760,34610,62000GRE
R72 15905 0050,11130,15900,27030,5850,11760,17610,62000GRE
R72 15905 0052,11130,28820,39950,5850,51950,57800,62000GRE
R72 15905 0053,14360,28740,43100,7790,30640,38430,62000GRE
R72 15905 0055,3940,0,3940,1760,0,1760,62000GRE
R72 15906 0001,10120,26980,37100,5230,22620,27850,62000GRE
R72 15906 0002,10120,26880,37000,5230,26100,31330,62000GRE
R72 15906 0003,10120,19620,29740,5230,27160,32390,62000GRE
R72 15906 0004,10120,28690,38810,5230,24210,29440,62000GRE
R72 15906 0005,10570,34540,45110,5500,20180,25680,62000GRE
R72 15906 0006,1220,0,1220,580,0,580,62000GRE
R72 15906 0007,10120,15380,25500,5230,29370,34600,62000GRE
R72 15906 0008,10120,25700,35820,5230,28560,33790,62000GRE
R72 15906 0009,10350,19530,29880,5360,26510,31870,62000GRE
R72 15906 0010,10910,26390,37300,5690,29670,35360,62000GRE
R72 15906 0011,10910,21160,32070,5690,30750,36440,62000GRE
R72 15906 0012,10910,29630,40540,5690,32510,38200,62000GRE
R72 15906 0013,10910,29250,40160,5690,26070,31760,62000GRE
R72 15906 0014,14080,24720,38800,7540,25550,33090,62000GRE
R72 15906 0015,21450,37780,59230,13170,17550,30720,62000GRE
R72 15906 0017,4210,0,4210,1870,0,1870,62000GRE
R72 15906 0018,11930,29490,41420,6300,28320,34620,62000GRE
R72 15906 0019,11330,20180,31510,5930,26470,32400,62000GRE
R72 15906 0020,11480,26080,37560,6030,11420,17450,62000GRE
R72 15906 0021,11330,23530,34860,5930,31320,37250,62000GRE
R72 15906 0022,12520,27370,39890,6680,28740,35420,62000GRE
R72 15906 0023,10730,23650,34380,5560,34300,39860,62000GRE
R72 15906 0024,5400,0,5400,2520,0,2520,62000GRE
R72 15906 0025,11330,20470,31800,5930,18000,23930,62000GRE
R72 15906 0026,3610,0,3610,1540,0,1540,62000GRE
R72 15906 0027,10730,26320,37050,5560,27150,32710,62000GRE
R72 15906 0029,11330,24220,35550,5930,33280,39210,62000GRE
R72 15906 0030,12520,15700,28220,3010,0,3010,62000GRE
R72 15906 0033,11330,27010,38340,5940,27300,33240,62000GRE
R72 15906 0034,11840,28050,39890,6320,27890,34210,62000GRE
R72 15906 0036,11440,5940,17380,3030,0,3030,62000GRE
R72 15906 0037,6000,0,6000,2900,0,2900,62000GRE
R72 15906 0038,11440,2640,14080,6070,3470,9540,62000GRE
R72 15906 0039,11540,26080,37620,6110,20020,26130,62000GRE
R72 15906 0040,11540,27370,38910,6110,23820,29930,62000GRE
R72 15906 0041,11540,23980,35520,6130,10280,16410,62000GRE
R72 15906 0042,14110,20570,34680,7940,20670,28610,62000GRE
R72 15906 0044,14110,17020,31130,7940,17120,25060,62000GRE
R72 15906 0046,11640,27170,38810,6200,23770,29970,62000GRE
R72 15906 0047,10520,26760,37280,5440,33750,39190,62000GRE
R72 15906 0048,3930,0,3930,1850,0,1850,62000GRE
R72 15906 0049,13330,29790,43120,6880,31070,37950,62000GRE
R72 15906 0051,10520,22440,32960,5440,20030,25470,62000GRE
R72 15906 0052,10630,26250,36880,5500,24890,30390,62000GRE
R72 15906 0053,10750,20230,30980,5530,31720,37250,62000GRE
R72 15906 0054,10750,25280,36030,5530,32030,37560,62000GRE
R72 15906 0055,10750,26580,37330,5530,39490,45020,62000GRE
R72 15906 0056,10750,19480,30230,5530,59080,64610,62000GRE
R72 15906 0057,5400,0,5400,2510,0,2510,62000GRE
R72 15906 0058,12950,35500,48450,6760,36200,42960,62000GRE
R72 15906 0059,10520,30490,41010,5440,31260,36700,62000GRE
R72 15906 0060,10520,19030,29550,5440,10750,16190,62000GRE
R72 15906 0061,10520,25290,35810,5440,31770,37210,62000GRE
R72 15906 0062,10520,11530,22050,5440,31360,36800,62000GRE
R72 15906 0063,10520,24900,35420,5440,25930,31370,62000GRE
R72 15906 0064,10520,29790,40310,5440,35560,41000,62000GRE
R72 15906 0065,10520,33370,43890,5440,35630,41070,62000GRE
R72 15906 0066,10520,27660,38180,5440,32500,37940,62000GRE
R72 15906 0067,10520,26530,37050,5440,28710,34150,62000GRE
R72 15906 0068,10520,27720,38240,5440,31280,36720,62000GRE
R72 15906 0069,12530,27280,39810,6470,24900,31370,62000GRE
R72 15906 0070,10800,18260,29060,5640,25410,31050,62000GRE
R72 15906 0071,10800,26320,37120,5640,10640,16280,62000GRE
R72 15906 0072,10800,28010,38810,5640,12410,18050,62000GRE
R72 15906 0073,10800,28620,39420,5640,28770,34410,62000GRE
R72 15906 0074,9780,21360,31140,5030,26790,31820,62000GRE
R72 15906 0075,9890,25860,35750,5100,4090,9190,62000GRE
R72 15906 0076,5260,0,5260,2460,0,2460,62000GRE
R72 15906 0077,10460,43890,54350,5430,54940,60370,62000GRE
R72 15906 0078,10460,29970,40430,5430,29760,35190,62000GRE
R72 15906 0079,10690,18400,29090,5560,27810,33370,62000GRE
R72 15906 0080,10690,25690,36380,5560,28750,34310,62000GRE
R72 15906 0081,10350,41720,52070,5360,41450,46810,62000GRE
R72 15906 0082,10120,29690,39810,5230,4120,9350,62000GRE
R72 15906 0083,10120,41480,51600,5230,6960,12190,62000GRE
R72 15906 0084,10120,28430,38550,5230,32260,37490,62000GRE
R72 15906 0085,10120,34510,44630,5230,20110,25340,62000GRE
R72 15907 0014,10120,24900,35020,5230,7010,12240,62000GRE
R72 15907 0015,5090,0,5090,2380,0,2380,62000GRE
R72 15907 0018,4840,0,4840,2260,0,2260,62000GRE
R72 15907 0019,9610,8090,17700,4970,12700,17670,62000GRE
R72 15907 0026,10120,24750,34870,5230,30060,35290,62000GRE
R72 15907 0027,10120,25400,35520,5230,25190,30420,62000GRE
R72 15907 0028,3970,0,3970,1790,0,1790,62000GRE
R72 15907 0029,3970,0,3970,1790,0,1790,62000GRE
R72 15907 0030,5090,0,5090,2380,0,2380,62000GRE
R72 15907 0031,10120,19690,29810,5230,43450,48680,62000GRE
R72 15907 0032,5090,0,5090,2380,0,2380,62000GRE
R72 15907 0033,10120,34550,44670,5230,31750,36980,62000GRE
R72 15907 0034,10120,4660,14780,5230,23180,28410,62000GRE
R72 15907 0035,10120,29580,39700,5230,29290,34520,62000GRE
R72 15907 0036,10120,15410,25530,5230,26180,31410,62000GRE
R72 15907 0037,10120,17860,27980,5230,20090,25320,62000GRE
R72 15907 0038,10120,28210,38330,5230,26550,31780,62000GRE
R72 15907 0039,10120,36220,46340,5230,38720,43950,62000GRE
R72 15907 0040,10120,17760,27880,5230,24370,29600,62000GRE
R72 15907 0041,10120,26400,36520,5230,27100,32330,62000GRE
R72 15907 0042,10120,28930,39050,5230,21920,27150,62000GRE
R72 15907 0043,10120,20480,30600,5230,19960,25190,62000GRE
R72 15907 0044,10120,26190,36310,5230,18640,23870,62000GRE
R72 15907 0045,11250,3940,15190,2960,0,2960,62000GRE
R72 15907 0047,11250,25450,36700,5890,41450,47340,62000GRE
R72 15907 0049,11250,21020,32270,5890,31230,37120,62000GRE
R72 15907 0051,11250,30560,41810,5890,30780,36670,62000GRE
R72 15907 0053,11250,32190,43440,5890,29670,35560,62000GRE
R72 15907 0055,11250,28210,39460,5890,27460,33350,62000GRE
R72 15907 0057,11250,29440,40690,5890,28580,34470,62000GRE
R72 15907 0059,11250,17520,28770,5890,28950,34840,62000GRE
R72 15907 0061,11250,29390,40640,5890,20920,26810,62000GRE
R72 15907 0063,11250,22750,34000,5890,29030,34920,62000GRE
R72 15907 0065,11250,32520,43770,5890,30470,36360,62000GRE
R72 15907 0067,11250,20080,31330,5890,12440,18330,62000GRE
R72 15907 0069,10120,25620,35740,5230,32200,37430,62000GRE
R72 15907 0070,3970,0,3970,1790,0,1790,62000GRE
R72 15907 0071,10120,27670,37790,5230,30600,35830,62000GRE
R72 15907 0072,11250,28280,39530,5890,32500,38390,62000GRE
R72 15907 0074,11250,30650,41900,5890,34610,40500,62000GRE
R72 15907 0076,11250,12410,23660,5890,27470,33360,62000GRE
R72 15907 0078,11250,29720,40970,5890,28950,34840,62000GRE
R72 15907 0080,10120,18630,28750,5230,29410,34640,62000GRE
R72 15907 0081,11250,32380,43630,5890,36600,42490,62000GRE
R72 15907 0083,11250,24180,35430,5890,28490,34380,62000GRE
R72 15907 0085,11250,33750,45000,5890,33010,38900,62000GRE
R72 15907 0087,11250,32170,43420,5890,31640,37530,62000GRE
R72 15907 0089,12950,31520,44470,6880,29360,36240,62000GRE
R72 15907 0090,12950,32260,45210,6880,28020,34900,62000GRE
R72 15907 0091,10120,28500,38620,5230,23290,28520,62000GRE
R72 15907 0092,10120,18910,29030,5230,32830,38060,62000GRE
R72 15907 0093,10120,14800,24920,5230,26150,31380,62000GRE
R72 15907 0094,10120,27970,38090,5230,37570,42800,62000GRE
R72 15907 0095,5090,0,5090,2380,0,2380,62000GRE
R72 15907 0096,10120,35670,45790,5230,39560,44790,62000GRE
R72 15907 0097,10120,26190,36310,5230,23980,29210,62000GRE
R72 15907 0098,10120,30370,40490,5230,34760,39990,62000GRE
R72 15907 0099,10120,31510,41630,5230,31220,36450,62000GRE
R72 15907 0100,10120,14470,24590,5230,14320,19550,62000GRE
R72 15907 0101,5090,0,5090,2380,0,2380,62000GRE
R72 15907 0102,10120,23760,33880,5230,33810,39040,62000GRE
R72 15907 0103,5090,0,5090,2380,0,2380,62000GRE
R72 15907 0104,10120,25990,36110,5230,21950,27180,62000GRE
R72 15907 0105,10120,25170,35290,5230,25150,30380,62000GRE
R72 15907 0106,10120,24020,34140,5230,23180,28410,62000GRE
R72 15907 0107,10120,27910,38030,5230,26330,31560,62000GRE
R72 15907 0108,10120,26320,36440,5230,23300,28530,62000GRE
R72 15907 0109,10120,20290,30410,5230,28050,33280,62000GRE
R72 15907 0110,10120,11770,21890,2620,3000,5620,62000GRE
R72 15907 0111,10120,26600,36720,5230,17640,22870,62000GRE
R72 15907 0112,10120,26030,36150,5230,23320,28550,62000GRE
R72 15907 0113,10120,26370,36490,5230,25130,30360,62000GRE
R72 15907 0114,10120,21640,31760,5230,27340,32570,62000GRE
R72 15907 0115,10120,24440,34560,5230,23720,28950,62000GRE
R72 15907 0116,10120,26440,36560,5230,27730,32960,62000GRE
R72 15907 0117,10120,26040,36160,5230,31220,36450,62000GRE
R72 15907 0118,10120,25240,35360,5230,26210,31440,62000GRE
R72 15907 0119,12950,18840,31790,6880,26470,33350,62000GRE
R72 15907 0120,3970,0,3970,1790,0,1790,62000GRE
R72 15908 0001,10120,28870,38990,5230,26020,31250,62000GRE
R72 15908 0002,10120,36900,47020,5230,30040,35270,62000GRE
R72 15908 0003,10460,27590,38050,2740,0,2740,62000GRE
R72 15908 0004,9780,28200,37980,5030,31390,36420,62000GRE
R72 15908 0005,3970,0,3970,1790,0,1790,62000GRE
R72 15908 0006,3970,0,3970,1790,0,1790,62000GRE
R72 15908 0007,10120,31140,41260,5230,41200,46430,62000GRE
R72 15908 0008,10120,32320,42440,5230,39390,44620,62000GRE
R72 15908 0009,10120,34890,45010,5230,43400,48630,62000GRE
R72 15908 0010,5090,0,5090,2380,0,2380,62000GRE
R72 15908 0011,10120,28120,38240,5230,29690,34920,62000GRE
R72 15908 0012,14640,33520,48160,9020,17440,26460,62000GRE
R72 15908 0014,10120,32870,42990,5230,39980,45210,62000GRE
R72 15908 0015,10120,33730,43850,5230,35460,40690,62000GRE
R72 15908 0016,10120,3090,13210,5230,4070,9300,62000GRE
R72 15908 0017,10120,32140,42260,5230,39590,44820,62000GRE
R72 15908 0018,10120,31290,41410,5230,41920,47150,62000GRE
R72 15908 0019,11250,32620,43870,5890,28250,34140,62000GRE
R72 15908 0021,11250,31080,42330,5890,27310,33200,62000GRE
R72 15908 0023,11250,31220,42470,5890,30790,36680,62000GRE
R72 15908 0025,11250,31080,42330,5890,11600,17490,62000GRE
R72 15908 0027,5090,0,5090,2380,0,2380,62000GRE
R72 15908 0028,10120,31360,41480,5230,35200,40430,62000GRE
R72 15908 0029,12950,9230,22180,6880,29870,36750,62000GRE
R72 15908 0030,3970,0,3970,1790,0,1790,62000GRE
R72 15908 0031,3970,0,3970,1790,0,1790,62000GRE
R72 15908 0032,11250,30500,41750,5890,25510,31400,62000GRE
R72 15908 0034,11250,31080,42330,5890,27700,33590,62000GRE
R72 15908 0036,11250,30060,41310,5890,28660,34550,62000GRE
R72 15908 0038,11250,27620,38870,5890,27840,33730,62000GRE
R72 15908 0040,10120,25070,35190,5230,35640,40870,62000GRE
R72 15908 0041,10120,0,10120,5230,0,5230,62000GRE
R72 15908 0042,10120,27560,37680,5230,40480,45710,62000GRE
R72 15908 0043,10120,29130,39250,5230,46870,52100,62000GRE
R72 15908 0044,10120,20790,30910,5230,29540,34770,62000GRE
R72 15908 0045,10120,33780,43900,5230,33500,38730,62000GRE
R72 15908 0046,10120,42680,52800,5230,50520,55750,62000GRE
R72 15908 0047,10120,30800,40920,5230,30670,35900,62000GRE
R72 15908 0048,12720,30080,42800,6750,41120,47870,62000GRE
R72 15908 0049,12040,39230,51270,6350,45910,52260,62000GRE
R72 15908 0051,10120,24120,34240,5230,28000,33230,62000GRE
R72 15908 0052,10120,18040,28160,5230,42110,47340,62000GRE
R72 15908 0053,10120,22450,32570,5230,30550,35780,62000GRE
R72 15908 0054,10120,19950,30070,5230,10240,15470,62000GRE
R72 15908 0055,10120,15630,25750,5230,23010,28240,62000GRE
R72 15908 0056,12950,29310,42260,6880,31730,38610,62000GRE
R72 15908 0057,12950,1940,14890,6880,2550,9430,62000GRE
R72 15908 0058,10120,9450,19570,5230,23600,28830,62000GRE
R72 15908 0059,10120,28560,38680,5230,26820,32050,62000GRE
R72 15908 0060,10120,30130,40250,5230,30030,35260,62000GRE
R72 15908 0061,10120,3900,14020,5230,4820,10050,62000GRE
R72 15908 0062,10120,25450,35570,5230,27710,32940,62000GRE
R72 15908 0063,5090,0,5090,2380,0,2380,62000GRE
R72 15908 0064,10120,31590,41710,5230,24350,29580,62000GRE
R72 15908 0065,11250,30480,41730,5890,28000,33890,62000GRE
R72 15908 0066,11820,28050,39870,6220,32320,38540,62000GRE
R72 15908 0067,11820,39980,51800,6220,34030,40250,62000GRE
R72 15908 0068,10120,35560,45680,5230,36260,41490,62000GRE
R72 15908 0069,10690,34160,44850,5560,31480,37040,62000GRE
R72 15908 0070,10350,30140,40490,5360,13720,19080,62000GRE
R72 15908 0071,10350,20790,31140,5360,58450,63810,62000GRE
R72 15908 0072,10690,34130,44820,5560,32150,37710,62000GRE
R72 15908 0073,10690,33800,44490,5560,33190,38750,62000GRE
R72 15908 0074,10690,28500,39190,5560,31850,37410,62000GRE
R72 15908 0075,10350,33350,43700,5360,33060,38420,62000GRE
R72 15908 0076,10350,39140,49490,5360,6950,12310,62000GRE
R72 15908 0077,10690,28680,39370,5560,32040,37600,62000GRE
R72 15908 0078,13280,36360,49640,7080,39260,46340,62000GRE
R72 15908 0079,13720,26320,40040,7420,27290,34710,62000GRE
R72 15908 0080,11330,25330,36660,5930,34860,40790,62000GRE
R72 15908 0081,11330,29910,41240,5930,33180,39110,62000GRE
R72 15908 0082,11330,30520,41850,5930,29700,35630,62000GRE
R72 15908 0083,10970,14840,25810,5710,29930,35640,62000GRE
R72 15908 0084,10970,34300,45270,5710,35710,41420,62000GRE
R72 15908 0085,11330,29550,40880,5930,29210,35140,62000GRE
R72 15908 0086,11330,33150,44480,5930,34510,40440,62000GRE
R72 15908 0087,11330,34670,46000,5930,34250,40180,62000GRE
R72 15908 0088,10850,31250,42100,5640,58300,63940,62000GRE
R72 15908 0089,10730,20360,31090,5560,28660,34220,62000GRE
R72 15909 0001,12380,32480,44860,6580,32420,39000,62000GRE
R72 15909 0002,9890,32330,42220,4980,35360,40340,62000GRE
R72 15909 0003,12380,25940,38320,6580,53910,60490,62000GRE
R72 15909 0005,12380,21470,33850,6580,29400,35980,62000GRE
R72 15909 0006,12380,33060,45440,6580,33180,39760,62000GRE
R72 15909 0008,12380,21390,33770,6580,35160,41740,62000GRE
R72 15909 0010,12380,29620,42000,6580,15830,22410,62000GRE
R72 15909 0011,12380,32250,44630,6610,30870,37480,62000GRE
R72 15909 0012,12380,23260,35640,6630,37340,43970,62000GRE
R72 15909 0013,12380,33000,45380,6660,32650,39310,62000GRE
R72 15909 0014,12490,26050,38540,6690,4250,10940,62000GRE
R72 15909 0015,5650,0,5650,2670,0,2670,62000GRE
R72 15909 0016,11230,31640,42870,5890,33380,39270,62000GRE
R72 15909 0017,12440,29300,41740,6330,24370,30700,62000GRE
R72 15909 0018,10120,31450,41570,5230,42540,47770,62000GRE
R72 15909 0019,5090,0,5090,2380,0,2380,62000GRE
R72 15909 0020,5090,0,5090,2380,0,2380,62000GRE
R72 15909 0021,10120,3250,13370,5230,4250,9480,62000GRE
R72 15909 0022,10120,16040,26160,5230,33100,38330,62000GRE
R72 15909 0023,10120,45590,55710,5230,55640,60870,62000GRE
R72 15909 0024,5090,0,5090,2380,0,2380,62000GRE
R72 15909 0025,5090,0,5090,2380,0,2380,62000GRE
R72 15909 0026,10120,15870,25990,5230,20280,25510,62000GRE
R72 15909 0027,10120,28150,38270,5230,26000,31230,62000GRE
R72 15909 0028,10120,36020,46140,5230,45030,50260,62000GRE
R72 15909 0029,10120,33330,43450,5230,10870,16100,62000GRE
R72 15909 0030,10120,30770,40890,5230,29030,34260,62000GRE
R72 15909 0031,10120,25490,35610,5230,25720,30950,62000GRE
R72 15909 0032,10120,14620,24740,5230,23180,28410,62000GRE
R72 15909 0033,10120,27330,37450,5230,28490,33720,62000GRE
R72 15909 0034,10120,26580,36700,5230,35710,40940,62000GRE
R72 15909 0035,10120,33690,43810,5230,30620,35850,62000GRE
R72 15909 0036,11930,34770,46700,6290,33810,40100,62000GRE
R72 15909 0037,11020,27090,38110,2900,0,2900,62000GRE
R72 15909 0038,11020,36060,47080,5760,38420,44180,62000GRE
R72 15909 0039,11020,34810,45830,5760,31020,36780,62000GRE
R72 15909 0040,10120,3090,13210,5230,4070,9300,62000GRE
R72 15909 0041,10690,26080,36770,5560,26210,31770,62000GRE
R72 15909 0042,10690,31690,42380,5560,28040,33600,62000GRE
R72 15909 0043,10690,29910,40600,5560,36740,42300,62000GRE
R72 15909 0044,10690,27620,38310,5560,33110,38670,62000GRE
R72 15909 0045,10690,30510,41200,5560,29030,34590,62000GRE
R72 15909 0046,11820,29700,41520,6220,34160,40380,62000GRE
R72 15909 0047,14640,29820,44460,7870,30130,38000,62000GRE
R72 15909 0049,10120,25580,35700,5230,17860,23090,62000GRE
R72 15909 0050,10120,15280,25400,5230,22920,28150,62000GRE
R72 15909 0051,10120,23620,33740,5230,24090,29320,62000GRE
R72 15909 0052,11080,30130,41210,5670,29500,35170,62000GRE
R72 15909 0053,12440,31900,44340,6330,35040,41370,62000GRE
R72 15909 0054,10120,15140,25260,5230,27600,32830,62000GRE
R72 15909 0055,5090,0,5090,2380,0,2380,62000GRE
R72 15909 0056,10120,30170,40290,5230,25060,30290,62000GRE
R72 15909 0057,11250,32900,44150,5890,37910,43800,62000GRE
R72 15909 0058,11250,38330,49580,5890,39550,45440,62000GRE
R72 15909 0059,15210,25320,40530,8200,25650,33850,62000GRE
R72 15909 0062,5090,0,5090,2380,0,2380,62000GRE
R72 15909 0063,11590,26680,38270,6090,23720,29810,62000GRE
R72 15909 0064,9440,31800,41240,4840,35880,40720,62000GRE
R72 15909 0065,11590,27650,39240,6090,30260,36350,62000GRE
R72 15909 0066,5090,0,5090,2380,0,2380,62000GRE
R72 15909 0067,11590,46470,58060,6090,52310,58400,62000GRE
R72 15909 0068,11700,30410,42110,6160,30200,36360,62000GRE
R72 15909 0069,11590,34850,46440,6090,37520,43610,62000GRE
R72 15909 0070,10120,24770,34890,5230,23410,28640,62000GRE
R72 15909 0073,10120,30360,40480,5230,10920,16150,62000GRE
R72 15909 0074,10800,27910,38710,5630,32070,37700,62000GRE
R72 15909 0075,10800,25540,36340,5630,12500,18130,62000GRE
R72 15909 0076,5430,0,5430,2550,0,2550,62000GRE
R72 15909 0077,10690,31760,42450,5560,34360,39920,62000GRE
R72 15909 0078,10690,24420,35110,5560,36240,41800,62000GRE
R72 15909 0079,10800,27180,37980,5630,41470,47100,62000GRE
R72 15909 0080,10800,27010,37810,5630,25900,31530,62000GRE
R72 15909 0081,2200,0,2200,320,0,320,62000GRE
R72 15909 0082,14850,36430,51280,7500,41330,48830,62000GRE
R72 15909 0083,14080,26180,40260,7540,33920,41460,62000GRE
R72 15909 0084,10690,23550,34240,5560,34150,39710,62000GRE
R72 15909 0085,10690,31090,41780,5560,16050,21610,62000GRE
R72 15909 0086,10690,25950,36640,5560,12940,18500,62000GRE
R72 15909 0087,10690,28170,38860,5560,31960,37520,62000GRE
R72 15909 0088,11250,25740,36990,5890,28940,34830,62000GRE
R72 15909 0089,12400,25730,38130,6600,34070,40670,62000GRE
R72 15909 0090,11450,29610,41060,6010,31480,37490,62000GRE
R72 15909 0091,11450,15670,27120,6010,29500,35510,62000GRE
R72 15909 0092,11450,28950,40400,6010,29890,35900,62000GRE
R72 15909 0093,11450,15920,27370,6010,32100,38110,62000GRE
R72 15909 0094,13720,15390,29110,7420,23920,31340,62000GRE
R72 15909 0095,13720,26220,39940,7420,29740,37160,62000GRE
R72 15909 0096,10730,23670,34400,5560,20010,25570,62000GRE
R72 15909 0097,10730,26910,37640,5560,25990,31550,62000GRE
R72 15909 0098,4210,0,4210,1870,0,1870,62000GRE
R72 15909 0099,15520,17790,33310,8530,12700,21230,62000GRE
R72 15909 0100,4210,0,4210,1870,0,1870,62000GRE
R72 15909 0101,10730,23410,34140,5560,22800,28360,62000GRE
R72 15909 0104,11930,7300,19230,6300,35070,41370,62000GRE
R72 15909 0105,11930,30230,42160,6300,30740,37040,62000GRE
R72 15909 0106,11930,26050,37980,6300,16470,22770,62000GRE
R72 15909 0108,4370,0,4370,1910,0,1910,62000GRE
R72 15909 0110,12380,27130,39510,6580,32830,39410,62000GRE
R72 15910 0001,11440,24130,35570,5450,24880,30330,62010GRE
R72 15910 0002,11440,21120,32560,5450,23260,28710,62010GRE
R72 15910 0003,11440,9600,21040,5450,24630,30080,62010GRE
R72 15910 0004,11440,23870,35310,5450,32240,37690,62010GRE
R72 15910 0005,11000,25300,36300,5230,28290,33520,62010GRE
R72 15910 0006,11000,19020,30020,5230,22060,27290,62010GRE
R72 15910 0007,11000,19830,30830,5230,19860,25090,62010GRE
R72 15910 0008,11000,18660,29660,5230,18640,23870,62010GRE
R72 15910 0009,11000,18300,29300,5230,21590,26820,62010GRE
R72 15910 0010,11000,17600,28600,5230,21110,26340,62010GRE
R72 15910 0011,11000,19460,30460,5230,23870,29100,62010GRE
R72 15910 0012,12500,38060,50560,6220,33500,39720,62010GRE
R72 15910 0013,12600,27430,40030,6290,19750,26040,62010GRE
R72 15910 0014,12600,32680,45280,6290,28630,34920,62010GRE
R72 15910 0015,12600,24290,36890,6290,26710,33000,62010GRE
R72 15910 0016,12900,33300,46200,6490,30770,37260,62010GRE
R72 15910 0017,12900,29560,42460,6490,27680,34170,62010GRE
R72 15910 0018,13000,29510,42510,6550,29260,35810,62010GRE
R72 15910 0019,12900,29560,42460,6490,25890,32380,62010GRE
R72 15910 0020,13000,28410,41410,6550,28500,35050,62010GRE
R72 15910 0021,11250,26540,37790,5890,28220,34110,62000GRE
R72 15910 0022,11020,24040,35060,5760,24570,30330,62000GRE
R72 15910 0023,11020,31660,42680,5760,29710,35470,62000GRE
R72 15910 0024,10690,32860,43550,5560,31290,36850,62000GRE
R72 15910 0025,10690,34030,44720,5560,32290,37850,62000GRE
R72 15910 0026,11020,28190,39210,5760,27540,33300,62000GRE
R72 15910 0027,11020,32860,43880,5760,31430,37190,62000GRE
R72 15910 0028,10690,29640,40330,5560,39550,45110,62000GRE
R72 15910 0029,10690,23600,34290,5560,25300,30860,62000GRE
R72 15910 0030,11020,31040,42060,5760,32020,37780,62000GRE
R72 15910 0031,11250,34790,46040,5890,32990,38880,62000GRE
R72 15910 0032,11250,32830,44080,5890,30470,36360,62000GRE
R72 15910 0033,10800,27830,38630,5630,33400,39030,62000GRE
R72 15910 0034,10570,29440,40010,5500,27950,33450,62000GRE
R72 15910 0035,10570,27490,38060,2770,0,2770,62000GRE
R72 15910 0036,10800,29640,40440,5630,31590,37220,62000GRE
R72 15910 0037,11250,22200,33450,5890,39160,45050,62000GRE
R72 15910 0038,10120,39790,49910,5230,39170,44400,62000GRE
R72 15910 0039,5090,0,5090,2380,0,2380,62000GRE
R72 15910 0040,10120,31740,41860,5230,33530,38760,62000GRE
R72 15910 0041,10120,30030,40150,5230,29280,34510,62000GRE
R72 15910 0042,10120,29440,39560,5230,27940,33170,62000GRE
R72 15910 0043,10120,26090,36210,5230,24960,30190,62000GRE
R72 15910 0044,10120,36340,46460,5230,37010,42240,62000GRE
R72 15910 0045,10120,40210,50330,5230,37420,42650,62000GRE
R72 15910 0046,10120,34390,44510,5230,25870,31100,62000GRE
R72 15910 0047,10120,34150,44270,5230,29180,34410,62000GRE
R72 15910 0048,10120,13390,23510,2640,0,2640,62000GRE
R72 15910 0049,10120,24970,35090,5230,24210,29440,62000GRE
R72 15910 0050,10120,29770,39890,5230,28610,33840,62000GRE
R72 15910 0051,10120,5150,15270,5230,6540,11770,62000GRE
R72 15910 0052,5090,0,5090,2380,0,2380,62000GRE
R72 15910 0053,11250,29470,40720,5890,27540,33430,62000GRE
R72 15910 0054,11250,27590,38840,5890,30640,36530,62000GRE
R72 15910 0055,11250,30550,41800,5890,32330,38220,62000GRE
R72 15910 0056,11250,23360,34610,5890,35050,40940,62000GRE
R72 15910 0058,10120,14720,24840,5230,25130,30360,62000GRE
R72 15910 0059,10120,33940,44060,5230,26740,31970,62000GRE
R72 15910 0060,10120,0,10120,5230,0,5230,62000GRE
R72 15910 0061,10120,14640,24760,5230,21010,26240,62000GRE
R72 15910 0062,10120,31530,41650,5230,27280,32510,62000GRE
R72 15910 0063,10120,24860,34980,5230,31640,36870,62000GRE
R72 15910 0064,10120,27500,37620,5230,27060,32290,62000GRE
R72 15910 0065,10120,940,11060,5230,960,6190,62000GRE
R72 15910 0066,10120,22430,32550,5230,29140,34370,62000GRE
R72 15910 0067,12380,25810,38190,6550,37210,43760,62000GRE
R72 15910 0068,12380,32960,45340,6550,43000,49550,62000GRE
R72 15910 0069,10120,31740,41860,5230,44900,50130,62000GRE
R72 15910 0070,10120,30830,40950,5230,44900,50130,62000GRE
R72 15910 0071,14640,0,14640,8640,0,8640,62000GRE
R72 15910 0073,5090,0,5090,2380,0,2380,62000GRE
R72 15910 0074,5090,0,5090,2380,0,2380,62000GRE
R72 15910 0075,10120,29450,39570,5230,39410,44640,62000GRE
R72 15910 0076,11230,26090,37320,5910,36610,42520,62000GRE
R72 15910 0077,11330,2560,13890,5940,3380,9320,62000GRE
R72 15910 0078,11330,31610,42940,5960,28450,34410,62000GRE
R72 15910 0079,13870,29810,43680,7670,40070,47740,62000GRE
R72 15910 0080,13990,18600,32590,7710,35930,43640,62000GRE
R72 15910 0082,5750,0,5750,2720,0,2720,62000GRE
R72 15910 0083,11440,29840,41280,6050,30870,36920,62000GRE
R72 15910 0084,5750,0,5750,2740,0,2740,62000GRE
R72 15910 0085,11440,31450,42890,6070,41940,48010,62000GRE
R72 15911 0001,13260,26990,40250,10280,23940,34220,62010NOH
R72 15911 0002,13260,32480,45740,10280,29310,39590,62010NOH
R72 15911 0003,13970,31650,45620,11020,23050,34070,62010NOH
R72 15911 0004,13460,40210,53670,10490,50210,60700,62010NOH
R72 15911 0005,13870,32930,46800,10910,37600,48510,62010NOH
R72 15911 0006,13460,42300,55760,10490,56320,66810,62010NOH
R72 15911 0007,14480,30920,45400,11540,29590,41130,62010NOH
R72 15911 0008,14790,30250,45040,11860,34280,46140,62010NOH
R72 15911 0009,13460,36770,50230,10490,23620,34110,62010NOH
R72 15911 0010,13700,24460,38160,10740,31090,41830,62010NOH
R72 15911 0011,14000,60060,74060,11040,67020,78060,62010NOH
R72 15911 0012,13500,38000,51500,10540,38490,49030,62010NOH
R72 15911 0013,14200,29290,43490,11240,28280,39520,62010NOH
R72 15911 0014,14400,41510,55910,11440,44200,55640,62010NOH
R72 15911 0015,13260,30510,43770,10280,25940,36220,62010NOH
R72 15911 0016,13570,34060,47630,10600,27890,38490,62010NOH
R72 15911 0017,12850,27300,40150,9860,31480,41340,62010NOH
R72 15911 0018,12850,18810,31660,9860,29400,39260,62010NOH
R72 15911 0019,12850,31660,44510,9860,9760,19620,62010NOH
R72 15911 0020,13260,32690,45950,10280,35880,46160,62010NOH
R72 15911 0021,12850,31770,44620,9860,31890,41750,62010NOH
R72 15911 0022,13060,28280,41340,10070,24770,34840,62010NOH
R72 15911 0023,13670,28060,41730,10700,22970,33670,62010NOH
R72 15911 0024,13670,43370,57040,10700,49910,60610,62010NOH
R72 15911 0025,25300,43640,68940,24770,48320,73090,62010NOH
R72 15911 0026,19550,40940,60490,17840,45260,63100,62010NOH
R72 15911 0027,13800,39010,52810,10910,53300,64210,62010NOH
R72 15911 0028,17020,43820,60840,14790,35760,50550,62010NOH
R72 15911 0029,14640,29760,44400,7870,34050,41920,62000GRE
R72 15911 0031,10120,32850,42970,5230,18950,24180,62000GRE
R72 15911 0032,5090,0,5090,2380,0,2380,62000GRE
R72 15911 0033,12380,31170,43550,6550,33080,39630,62000GRE
R72 15911 0034,12380,29970,42350,6550,36710,43260,62000GRE
R72 15911 0036,10120,34430,44550,5230,40790,46020,62000GRE
R72 15911 0037,3970,0,3970,1790,0,1790,62000GRE
R72 15911 0038,10120,38020,48140,5230,43070,48300,62000GRE
R72 15911 0039,12380,24970,37350,6550,33010,39560,62000GRE
R72 15911 0041,12380,40670,53050,6550,46130,52680,62000GRE
R72 15911 0042,12380,24750,37130,6550,26680,33230,62000GRE
R72 15911 0043,12380,33190,45570,6550,33080,39630,62000GRE
R72 15911 0044,12380,32390,44770,6550,33390,39940,62000GRE
R72 15911 0045,12380,31410,43790,6550,36860,43410,62000GRE
R72 15911 0046,12380,36030,48410,6550,52270,58820,62000GRE
R72 15911 0047,12380,32400,44780,6550,31750,38300,62000GRE
R72 15911 0048,10120,29940,40060,5230,27940,33170,62000GRE
R72 15911 0049,10120,28290,38410,5230,23830,29060,62000GRE
R72 15911 0050,10120,27680,37800,5230,42790,48020,62000GRE
R72 15911 0051,5090,0,5090,2380,0,2380,62000GRE
R72 15911 0052,10120,28470,38590,5230,37340,42570,62000GRE
R72 15911 0053,2550,0,2550,1320,0,1320,62000GRE
R72 15911 0054,2550,0,2550,1320,0,1320,62000GRE
R72 15911 0055,10120,33330,43450,5230,55640,60870,62000GRE
R72 15911 0056,2550,0,2550,1320,0,1320,62000GRE
R72 15911 0057,2550,0,2550,1320,0,1320,62000GRE
R72 15911 0058,10120,29020,39140,5230,37270,42500,62000GRE
R72 15911 0059,10120,2790,12910,5230,3660,8890,62000GRE
R72 15911 0060,10120,25520,35640,5230,34520,39750,62000GRE
R72 15911 0061,10120,26580,36700,5230,28550,33780,62000GRE
R72 15911 0062,14640,6200,20840,7870,28010,35880,62000GRE
R72 15911 0064,10120,27070,37190,5230,28680,33910,62000GRE
R72 15911 0065,10120,20130,30250,5230,29370,34600,62000GRE
R72 15911 0066,10120,23430,33550,5230,17910,23140,62000GRE
R72 15911 0067,3970,0,3970,1790,0,1790,62000GRE
R72 15911 0068,10120,20810,30930,5230,29800,35030,62000GRE
R72 15911 0069,10120,25630,35750,5230,29190,34420,62000GRE
R72 15911 0070,4500,0,4500,2720,0,2720,62010NOH
R72 15911 0071,3970,0,3970,1790,0,1790,62000GRE
R72 15911 0073,3970,0,3970,1790,0,1790,62000GRE
R72 15912 0005,11500,20600,32100,8480,33690,42170,62010NOH
R72 15912 0006,11500,22970,34470,8480,28940,37420,62010NOH
R72 15912 0007,11500,36080,47580,8480,46450,54930,62010NOH
R72 15912 0008,4650,0,4650,2850,0,2850,62010NOH
R72 15912 0009,4650,0,4650,2860,0,2860,62010NOH
R72 15912 0010,11500,18800,30300,8520,29890,38410,62010NOH
R72 15912 0011,11500,20570,32070,8480,35710,44190,62010NOH
R72 15912 0012,11500,15160,26660,8480,37830,46310,62010NOH
R72 15912 0013,11500,29220,40720,8480,54750,63230,62010NOH
R72 15912 0014,5750,0,5750,3840,0,3840,62010NOH
R72 15912 0015,11500,42870,54370,8480,43580,52060,62010NOH
R72 15912 0022,10120,16230,26350,5230,33670,38900,62000GRE
R72 15912 0023,5090,0,5090,2380,0,2380,62000GRE
R72 15912 0024,10120,37410,47530,5230,14760,19990,62000GRE
R72 15912 0025,5090,0,5090,2380,0,2380,62000GRE
R72 15912 0026,5090,0,5090,2380,0,2380,62000GRE
R72 15912 0027,10120,32500,42620,5230,53610,58840,62000GRE
R72 15912 0028,10120,29800,39920,5230,45340,50570,62000GRE
R72 15912 0029,5090,0,5090,2380,0,2380,62000GRE
R72 15912 0030,12380,24720,37100,6550,35040,41590,62000GRE
R72 15912 0032,3970,0,3970,1790,0,1790,62000GRE
R72 15912 0033,10120,24550,34670,5230,18270,23500,62000GRE
R72 15912 0034,10120,29750,39870,5230,28430,33660,62000GRE
R72 15912 0035,11820,26450,38270,6220,31530,37750,62000GRE
R72 15912 0037,5930,0,5930,2810,0,2810,62000GRE
R72 15912 0039,11250,37030,48280,5890,37400,43290,62000GRE
R72 15912 0041,17020,30800,47820,14790,34800,49590,62010NOH
R72 15912 0042,17020,36790,53810,14790,36790,51580,62010NOH
R72 15912 0043,17020,28900,45920,14790,35700,50490,62010NOH
R72 15912 0047,13260,24850,38110,10330,32690,43020,62010NOH
R72 15912 0048,14610,9850,24460,11670,32660,44330,62010NOH
R72 15912 0049,13780,33070,46850,10790,41200,51990,62010NOH
R72 15912 0050,14320,31080,45400,11400,33390,44790,62010NOH
R72 15912 0051,13840,25880,39720,10910,14090,25000,62010NOH
R72 15912 0052,13350,30080,43430,10390,35750,46140,62010NOH
R72 15912 0053,13300,33340,46640,10300,35200,45500,62010NOH
R72 15912 0054,14040,30740,44780,11040,39780,50820,62010NOH
R72 15912 0055,14040,31540,45580,11040,36770,47810,62010NOH
R72 15912 0056,15310,34050,49360,12790,33250,46040,62010NOH
R72 15912 0057,16560,36290,52850,14840,47310,62150,62010NOH
R72 15912 0058,15560,30340,45900,13250,34660,47910,62010NOH
R72 15912 0059,15730,33030,48760,13120,27210,40330,62010NOH
R72 15912 0060,13030,25330,38360,10070,37680,47750,62010NOH
R72 15912 0063,14650,33000,47650,11600,28680,40280,62010NOH
R72 15913 0001,13000,34070,47070,9980,30190,40170,62010NOH
R72 15913 0002,13000,34370,47370,9980,35120,45100,62010NOH
R72 15913 0003,13500,34130,47630,10480,28650,39130,62010NOH
R72 15913 0004,13300,34340,47640,10280,33010,43290,62010NOH
R72 15913 0005,13300,37470,50770,10280,33720,44000,62010NOH
R72 15913 0006,13570,30880,44450,10550,33440,43990,62010NOH
R72 15913 0007,13840,43330,57170,10850,40190,51040,62010NOH
R72 15913 0008,14100,45310,59410,11200,40890,52090,62010NOH
R72 15913 0009,14100,46720,60820,11080,37070,48150,62010NOH
R72 15913 0010,13700,35690,49390,10680,38460,49140,62010NOH
R72 15913 0011,14100,39710,53810,11140,41610,52750,62010NOH
R72 15913 0012,13700,36760,50460,10790,39660,50450,62010NOH
R72 15913 0013,14600,37400,52000,11640,38880,50520,62010NOH
R72 15913 0014,13700,37960,51660,10740,38030,48770,62010NOH
R72 15913 0015,13670,34710,48380,10650,27820,38470,62010NOH
R72 15913 0016,13430,35670,49100,10510,36780,47290,62010NOH
R72 15913 0017,13760,37400,51160,10770,39090,49860,62010NOH
R72 15913 0018,13620,43440,57060,10710,35770,46480,62010NOH
R72 15913 0019,13900,33910,47810,10880,35950,46830,62010NOH
R72 15913 0020,13940,33430,47370,11010,35940,46950,62010NOH
R72 15913 0021,14380,38480,52860,11500,28500,40000,62010NOH
R72 15913 0022,13870,39970,53840,10970,41300,52270,62010NOH
R72 15913 0023,14080,35230,49310,11120,43710,54830,62010NOH
R72 15913 0024,13300,33330,46630,10330,31750,42080,62010NOH
R72 15913 0025,13100,33710,46810,10130,34330,44460,62010NOH
R72 15913 0026,13700,37140,50840,10740,36840,47580,62010NOH
R72 15913 0027,13500,39900,53400,10540,36740,47280,62010NOH
R72 15913 0028,14560,41380,55940,11570,37500,49070,62010NOH
R72 15913 0029,14750,36920,51670,11840,38090,49930,62010NOH
R72 15913 0030,14350,48320,62670,11470,36030,47500,62010NOH
R72 15913 0031,14350,32630,46980,11470,34640,46110,62010NOH
R72 15913 0032,13800,34900,48700,10840,26160,37000,62010NOH
R72 15913 0033,13200,37020,50220,10230,36330,46560,62010NOH
R72 15913 0034,13200,13270,26470,10230,25590,35820,62010NOH
R72 15913 0035,13500,37030,50530,10540,37060,47600,62010NOH
R72 15913 0036,13460,35430,48890,10550,35390,45940,62010NOH
R72 15913 0037,13770,33330,47100,10750,32650,43400,62010NOH
R72 15914 0001,12440,36520,48960,9440,35690,45130,62010NOH
R72 15914 0002,12440,29670,42110,9440,25570,35010,62010NOH
R72 15914 0003,12550,29500,42050,9550,20180,29730,62010NOH
R72 15914 0004,12850,33590,46440,9860,27200,37060,62010NOH
R72 15914 0005,12240,31960,44200,9230,11800,21030,62010NOH
R72 15914 0006,12240,33510,45750,9230,26370,35600,62010NOH
R72 15914 0007,12240,32820,45060,9230,23540,32770,62010NOH
R72 15914 0008,12240,32350,44590,9230,21410,30640,62010NOH
R72 15914 0009,12240,39520,51760,9230,31260,40490,62010NOH
R72 15914 0010,12240,25720,37960,9230,23120,32350,62010NOH
R72 15914 0011,12240,26880,39120,9230,23610,32840,62010NOH
R72 15914 0012,12240,34160,46400,9230,24230,33460,62010NOH
R72 15914 0013,12850,24870,37720,9860,24960,34820,62010NOH
R72 15914 0014,12240,29890,42130,9230,19140,28370,62010NOH
R72 15914 0015,12850,22640,35490,9860,20460,30320,62010NOH
R72 15914 0016,12850,31470,44320,9860,25830,35690,62010NOH
R72 15914 0017,13260,31710,44970,10280,25900,36180,62010NOH
R72 15914 0018,12850,31900,44750,9860,24820,34680,62010NOH
R72 15914 0019,13260,11660,24920,10280,22710,32990,62010NOH
R72 15914 0020,14040,33630,47670,11040,28290,39330,62010NOH
R72 15914 0021,14040,34200,48240,11040,27330,38370,62010NOH
R72 15914 0022,14040,33820,47860,11040,30710,41750,62010NOH
R72 15914 0023,14040,30040,44080,11040,28630,39670,62010NOH
R72 15914 0024,14040,34560,48600,11040,38200,49240,62010NOH
R72 15914 0025,13260,35360,48620,10280,27610,37890,62010NOH
R72 15914 0026,13260,30240,43500,10280,26360,36640,62010NOH
R72 15914 0027,13260,29880,43140,10280,28130,38410,62010NOH
R72 15914 0028,13260,37280,50540,10280,30270,40550,62010NOH
R72 15914 0029,13260,33880,47140,10280,28590,38870,62010NOH
R72 15914 0030,13260,33340,46600,10280,26220,36500,62010NOH
R72 15914 0031,13260,38010,51270,10280,33910,44190,62010NOH
R72 15914 0032,13260,36420,49680,10280,12220,22500,62010NOH
R72 15914 0033,13770,38800,52570,10810,13190,24000,62010NOH
R72 15914 0034,13260,36540,49800,10280,33150,43430,62010NOH
R72 15914 0035,13320,41890,55210,10280,31460,41740,62010NOH
R72 15914 0036,13770,35030,48800,10810,30790,41600,62010NOH
R72 15914 0037,13570,38290,51860,10650,43440,54090,62010NOH
R72 15914 0038,13970,34900,48870,10970,32390,43360,62010NOH
R72 15914 0039,13000,14550,27550,10080,31010,41090,62010NOH
R72 15914 0040,13000,34210,47210,10080,33610,43690,62010NOH
R72 15914 0041,13260,33790,47050,10280,41790,52070,62010NOH
R72 15914 0042,13770,32870,46640,10810,31270,42080,62010NOH
R72 15914 0043,13260,39020,52280,10280,38850,49130,62010NOH
R72 15914 0044,13770,34050,47820,10810,30010,40820,62010NOH
R72 15914 0045,13260,35420,48680,10280,35520,45800,62010NOH
R72 15914 0046,13260,34180,47440,10280,35050,45330,62010NOH
R72 15914 0047,13260,34430,47690,10280,32810,43090,62010NOH
R72 15914 0048,13260,33520,46780,10280,27290,37570,62010NOH
R72 15914 0049,13260,32040,45300,10280,26970,37250,62010NOH
R72 15914 0050,13260,24730,37990,10280,26740,37020,62010NOH
R72 15914 0051,13260,35360,48620,10280,29470,39750,62010NOH
R72 15914 0052,13260,33590,46850,10280,28320,38600,62010NOH
R72 15914 0053,13260,29780,43040,10280,22170,32450,62010NOH
R72 15914 0054,13260,33770,47030,10280,26160,36440,62010NOH
R72 16001 0003,11500,25930,37430,8480,18950,27430,62010NOH
R72 16001 0004,5360,37600,42960,3820,39930,43750,62010NOH
R72 16001 0007,11500,29370,40870,8520,24190,32710,62010NOH
R72 16001 0008,11500,32370,43870,8480,31410,39890,62010NOH
R72 16001 0009,11500,35340,46840,8480,32820,41300,62010NOH
R72 16001 0010,11500,34780,46280,8480,39260,47740,62010NOH
R72 16001 0011,5750,0,5750,3840,0,3840,62010NOH
R72 16001 0012,11500,31570,43070,8480,12920,21400,62010NOH
R72 16001 0013,11500,27050,38550,8480,25070,33550,62010NOH
R72 16001 0014,11500,28430,39930,8480,25070,33550,62010NOH
R72 16001 0015,5900,0,5900,3990,0,3990,62010NOH
R72 16001 0016,11500,25310,36810,8480,16030,24510,62010NOH
R72 16001 0017,11500,30350,41850,8480,15690,24170,62010NOH
R72 16001 0018,11500,22000,33500,8480,19300,27780,62010NOH
R72 16001 0019,5400,0,5400,3550,0,3550,62010NOH
R72 16002 0001,13880,34200,48080,8130,9150,17280,54001000
R72 16002 0002,12540,33740,46280,7230,26560,33790,54001000
R72 16002 0003,12540,29420,41960,9400,21880,31280,62010NOH
R72 16002 0004,12540,34150,46690,9400,2810,12210,62010NOH
R72 16002 0006,12540,33400,45940,9400,31770,41170,62010NOH
R72 16002 0007,12540,12100,24640,9400,16120,25520,62010NOH
R72 16002 0008,16100,28430,44530,13430,5670,19100,62010NOH
R72 16002 0009,13320,31550,44870,10280,22660,32940,62010NOH
R72 16002 0012,12880,37330,50210,9780,22070,31850,62010NOH
R72 16002 0014,12540,38240,50780,9400,24380,33780,62010NOH
R72 16002 0015,12540,28980,41520,9400,22460,31860,62010NOH
R72 16002 0016,12540,34850,47390,9400,37320,46720,62010NOH
R72 16002 0017,12540,10260,22800,7230,10820,18050,54001000
R72 16002 0018,6270,0,6270,4250,0,4250,62010NOH
R72 16002 0019,12430,44100,56530,9280,36200,45480,62010NOH
R72 16002 0020,6270,0,6270,4250,0,4250,62010NOH
R72 16002 0021,12540,32760,45300,9400,46720,56120,62010NOH
R72 16003 0001,14790,18200,32990,11860,18660,30520,62010NOH
R72 16003 0002,13910,55450,69360,10860,57970,68830,62010NOH
R72 16003 0003,15100,49820,64920,12170,52210,64380,62010NOH
R72 16003 0004,15300,46950,62250,12380,46950,59330,62010NOH
R72 16003 0005,15300,37860,53160,12380,31350,43730,62010NOH
R72 16003 0006,15810,45710,61520,12910,47830,60740,62010NOH
R72 16003 0007,16320,55010,71330,13430,61520,74950,62010NOH
R72 16003 0008,17340,59820,77160,14480,64480,78960,62010NOH
R72 16003 0009,18000,60180,78180,15070,62400,77470,62010NOH
R72 16003 0010,19890,63940,83830,17110,60630,77740,62010NOH
R72 16003 0011,14500,54180,68680,11540,58020,69560,62010NOH
R72 16003 0012,15200,56770,71970,12250,53250,65500,62010NOH
R72 16003 0013,14990,53320,68310,12070,48940,61010,62010NOH
R72 16003 0014,15360,59550,74910,12300,59180,71480,62010NOH
R72 16003 0015,16740,58870,75610,13920,48530,62450,62010NOH
R72 16003 0016,16640,56600,73240,13890,62160,76050,62010NOH
R72 16003 0017,16270,59370,75640,12730,53370,66100,62010NOH
R72 16003 0019,17280,60170,77450,14530,56490,71020,62010NOH
R72 16003 0021,15400,60700,76100,12520,55750,68270,62010NOH
R72 16003 0022,15500,51370,66870,12530,48330,60860,62010NOH
R72 16003 0023,15500,55880,71380,12530,79810,92340,62010NOH
R72 16003 0024,15500,50720,66220,12530,55260,67790,62010NOH
R72 16003 0025,16320,56080,72400,13430,53380,66810,62010NOH
R72 16003 0026,16320,48410,64730,13430,74310,87740,62010NOH
R72 16003 0027,16320,60720,77040,13430,65560,78990,62010NOH
R72 16003 0028,17120,56450,73570,14340,68160,82500,62010NOH
R72 16003 0029,16320,55000,71320,13430,51250,64680,62010NOH
R72 16003 0030,16320,61140,77460,13430,71380,84810,62010NOH
R72 16003 0031,16320,64520,80840,13430,61830,75260,62010NOH
R72 16003 0032,15500,41080,56580,12530,49250,61780,62010NOH
R72 16003 0033,15500,52870,68370,12530,49180,61710,62010NOH
R72 16003 0034,15500,54060,69560,12530,50620,63150,62010NOH
R72 16003 0035,15500,51170,66670,12530,47630,60160,62010NOH
R72 16003 0036,15300,51600,66900,12380,59900,72280,62010NOH
R72 16003 0037,15300,53080,68380,12380,56640,69020,62010NOH
R72 16003 0038,15300,49870,65170,12380,64940,77320,62010NOH
R72 16003 0039,15300,56240,71540,12380,64100,76480,62010NOH
R72 16003 0040,15300,65480,80780,12380,63660,76040,62010NOH
R72 16003 0041,16010,59440,75450,13170,60360,73530,62010NOH
R72 16003 0042,15300,59890,75190,12380,58820,71200,62010NOH
R72 16003 0043,15300,65140,80440,12380,60980,73360,62010NOH
R72 16003 0044,15300,67100,82400,12380,66970,79350,62010NOH
R72 16003 0045,15300,57390,72690,12380,60650,73030,62010NOH
R72 16003 0046,15300,64740,80040,12380,74940,87320,62010NOH
R72 16003 0047,15300,55250,70550,12380,63340,75720,62010NOH
R72 16004 0006,13780,24880,38660,11360,9340,20700,62010NOH
R72 16004 0007,26870,23860,50730,49760,11680,61440,62010NOH
R72 16004 0017,28350,50330,78680,26030,51250,77280,62010NOH
R72 16004 0022,400,0,400,400,0,400,62010NOH
R72 16004 0025,18100,47830,65930,16340,47890,64230,62010NOH
R72 16004 0026,18870,52180,71050,16230,53840,70070,62010NOH
R72 16004 0069,14310,42520,56830,11390,45520,56910,62010NOH
R72 16005 0001,20250,40770,61020,17780,34160,51940,62010NOH
R72 16005 0002,10130,0,10130,8910,0,8910,62010NOH
R72 16005 0003,20250,24990,45240,17780,26870,44650,62010NOH
R72 16005 0004,20250,53950,74200,17780,50000,67780,62010NOH
R72 16005 0005,20250,42920,63170,17780,62740,80520,62010NOH
R72 16005 0006,13360,36810,50170,10390,10400,20790,62010NOH
R72 16005 0007,14380,26220,40600,11440,26020,37460,62010NOH
R72 16005 0008,13360,28730,42090,10390,25570,35960,62010NOH
R72 16005 0009,13260,29540,42800,10280,25710,35990,62010NOH
R72 16005 0010,13260,25810,39070,10280,20140,30420,62010NOH
R72 16006 0005,20250,50630,70880,17780,52980,70760,62010NOH
R72 16006 0006,20250,41230,61480,17780,34270,52050,62010NOH
R72 16006 0007,11010,0,11010,9710,0,9710,62010NOH
R72 16006 0008,22140,19060,41200,19520,28500,48020,62010NOH
R72 16006 0009,22140,38800,60940,19520,45670,65190,62010NOH
R72 16006 0013,15600,38460,54060,13610,24860,38470,62010NOH
R72 16006 0014,15600,31030,46630,13610,40230,53840,62010NOH
R72 16006 0015,15600,32920,48520,13610,31590,45200,62010NOH
R72 16006 0016,15600,32620,48220,13610,28260,41870,62010NOH
R72 16006 0017,15600,26540,42140,13610,28880,42490,62010NOH
R72 16006 0018,15600,33830,49430,13610,29330,42940,62010NOH
R72 16006 0019,15600,33660,49260,13610,28390,42000,62010NOH
R72 16006 0020,15600,31370,46970,13610,25720,39330,62010NOH
R72 16006 0022,14790,31080,45870,11860,25670,37530,62010NOH
R72 16006 0023,13260,31320,44580,10280,25910,36190,62010NOH
R72 16006 0024,13870,30760,44630,10910,25460,36370,62010NOH
R72 16006 0025,14420,35060,49480,11450,39310,50760,62010NOH
R72 16006 0026,16920,35340,52260,15430,32300,47730,62010NOH
R72 16006 0027,15480,37700,53180,12690,31520,44210,62010NOH
R72 16006 0028,13830,33710,47540,10860,29510,40370,62010NOH
R72 16006 0029,13520,32710,46230,10490,28390,38880,62010NOH
R72 16006 0030,14510,8810,23320,11350,34870,46220,62010NOH
R72 16006 0031,13360,31930,45290,10390,25630,36020,62010NOH
R72 16006 0032,14790,31890,46680,11860,23160,35020,62010NOH
R72 16006 0033,13460,40800,54260,10490,27160,37650,62010NOH
R72 16006 0034,13460,33680,47140,10490,27870,38360,62010NOH
R72 16006 0035,13460,28590,42050,10490,23210,33700,62010NOH
R72 16006 0036,13460,35310,48770,10490,29840,40330,62010NOH
R72 16006 0037,16030,33980,50010,13830,27280,41110,62010NOH
R72 16007 0001,16960,59840,76800,14190,61690,75880,62010NOH
R72 16007 0002,15480,41120,56600,12600,38440,51040,62010NOH
R72 16007 0003,15480,47600,63080,12600,41030,53630,62010NOH
R72 16007 0004,15900,34200,50100,13060,30680,43740,62010NOH
R72 16007 0005,16110,45060,61170,13280,53690,66970,62010NOH
R72 16008 0001,13330,35400,48730,10360,34990,45350,62010NOH
R72 16008 0005,14310,32590,46900,11330,37480,48810,62010NOH
R72 16008 0006,14550,39880,54430,11510,41350,52860,62010NOH
R72 16008 0007,17150,42770,59920,14300,42340,56640,62010NOH
R72 16008 0008,15360,42540,57900,11010,41990,53000,62010NOH
R72 16008 0009,16170,39730,55900,12950,41090,54040,62010NOH
R72 16008 0010,14300,36470,50770,11100,35630,46730,62010NOH
R72 16008 0011,15290,34370,49660,11970,30940,42910,62010NOH
R72 16008 0012,15600,25020,40620,12720,35760,48480,62010NOH
R72 16008 0013,13720,34610,48330,10620,34190,44810,62010NOH
R72 16008 0014,13250,46330,59580,10320,58410,68730,62010NOH
R72 16008 0015,13300,25210,38510,10390,33140,43530,62010NOH
R72 16008 0016,13060,35900,48960,10070,35870,45940,62010NOH
R72 16008 0017,13300,36470,49770,10390,35580,45970,62010NOH
R72 16008 0018,13530,42140,55670,10540,36470,47010,62010NOH
R72 16008 0019,13530,42250,55780,10600,44110,54710,62010NOH
R72 16008 0020,13530,38370,51900,10600,40100,50700,62010NOH
R72 16008 0021,13460,39930,53390,10490,35990,46480,62010NOH
R72 16008 0022,14280,37670,51950,11330,37960,49290,62010NOH
R72 16008 0023,14940,30130,45070,12050,28030,40080,62010NOH
R72 16008 0024,13640,21670,35310,10700,29730,40430,62010NOH
R72 16008 0025,13770,36480,50250,10750,32960,43710,62010NOH
R72 16008 0026,13360,39720,53080,10390,39330,49720,62010NOH
R72 16008 0027,13520,46710,60230,10490,41840,52330,62010NOH
R72 16008 0028,13730,37910,51640,10750,35470,46220,62010NOH
R72 16008 0029,13800,36550,50350,10840,35500,46340,62010NOH
R72 16008 0030,13700,11100,24800,10790,39390,50180,62010NOH
R72 16008 0031,13870,35570,49440,10860,34170,45030,62010NOH
R72 16008 0032,13800,33900,47700,10810,32720,43530,62010NOH
R72 16008 0033,13730,36980,50710,10810,35060,45870,62010NOH
R72 16008 0034,14200,35700,49900,11240,26250,37490,62010NOH
R72 16008 0035,14080,40200,54280,11180,39190,50370,62010NOH
R72 16008 0036,14100,36140,50240,11080,29420,40500,62010NOH
R72 16008 0037,15350,34270,49620,12340,25190,37530,62010NOH
R72 16008 0038,15910,39740,55650,13050,35110,48160,62010NOH
R72 16008 0039,16170,36080,52250,13340,34430,47770,62010NOH
R72 16008 0040,15700,31490,47190,12760,30040,42800,62010NOH
R72 16008 0041,15200,35120,50320,12070,35430,47500,62010NOH
R72 16008 0042,15500,33020,48520,12550,30530,43080,62010NOH
R72 16008 0043,13620,42520,56140,10590,45370,55960,62010NOH
R72 16008 0044,13250,40750,54000,10270,42550,52820,62010NOH
R72 16008 0045,13780,34210,47990,10790,29850,40640,62010NOH
R72 16008 0046,13360,36120,49480,10330,33270,43600,62010NOH
R72 16008 0048,13650,39970,53620,10690,29650,40340,62010NOH
R72 16008 0049,16200,40990,57190,14580,39270,53850,62010NOH
R72 16008 0050,15980,34680,50660,13500,33430,46930,62010NOH
R72 16008 0053,13730,40590,54320,10750,44230,54980,62010NOH
R72 16008 0055,890,0,890,550,0,550,62010NOH
R72 16008 0057,980,0,980,620,0,620,62010NOH
R72 16009 0001,15190,35280,50470,12270,46710,58980,62010NOH
R72 16009 0002,14700,53190,67890,11780,47540,59320,62010NOH
R72 16009 0003,15810,53570,69380,12910,48660,61570,62010NOH
R72 16009 0004,15300,48370,63670,12380,49660,62040,62010NOH
R72 16009 0005,15300,49320,64620,12380,42880,55260,62010NOH
R72 16009 0006,15300,47290,62590,12380,49360,61740,62010NOH
R72 16009 0007,15810,50890,66700,12910,51640,64550,62010NOH
R72 16009 0008,16320,44080,60400,13430,44500,57930,62010NOH
R72 16009 0009,16320,55880,72200,13430,50520,63950,62010NOH
R72 16009 0010,16320,62170,78490,13430,58960,72390,62010NOH
R72 16009 0011,17650,66380,84030,14800,66760,81560,62010NOH
R72 16009 0012,15300,51450,66750,12380,54440,66820,62010NOH
R72 16009 0013,15100,53060,68160,12170,41860,54030,62010NOH
R72 16009 0014,15100,61160,76260,12170,60520,72690,62010NOH
R72 16009 0015,15100,53050,68150,12170,49070,61240,62010NOH
R72 16009 0016,15810,46510,62320,12910,67770,80680,62010NOH
R72 16009 0017,15500,53840,69340,12590,64300,76890,62010NOH
R72 16009 0018,15500,48440,63940,12590,55380,67970,62010NOH
R72 16009 0019,15500,54070,69570,12590,60190,72780,62010NOH
R72 16009 0020,14310,30910,45220,11390,49280,60670,62010NOH
R72 16009 0021,14310,48480,62790,11330,52690,64020,62010NOH
R72 16009 0022,15500,58940,74440,12590,55860,68450,62010NOH
R72 16009 0023,15500,56370,71870,12660,61820,74480,62010NOH
R72 16009 0024,15500,55120,70620,12590,60490,73080,62010NOH
R72 16009 0025,15350,62580,77930,12390,57490,69880,62010NOH
R72 16009 0026,15200,61970,77170,12250,62590,74840,62010NOH
R72 16009 0027,16390,59640,76030,13810,53930,67740,62010NOH
R72 16009 0028,16130,59450,75580,13350,50920,64270,62010NOH
R72 16009 0029,15690,55000,70690,12890,53310,66200,62010NOH
R72 16009 0030,15390,51120,66510,12440,51180,63620,62010NOH
R72 16009 0031,15100,54820,69920,12170,54570,66740,62010NOH
R72 16009 0032,15100,56820,71920,12170,51080,63250,62010NOH
R72 16009 0033,14210,49970,64180,11290,48500,59790,62010NOH
R72 16009 0034,14500,46970,61470,11540,38520,50060,62010NOH
R72 16009 0035,16170,52920,69090,13560,50590,64150,62010NOH
R72 16009 0036,15100,44290,59390,12170,41780,53950,62010NOH
R72 16009 0037,14790,45540,60330,11860,43310,55170,62010NOH
R72 16009 0038,14790,44950,59740,11860,49040,60900,62010NOH
R72 16009 0039,14790,44160,58950,11860,44970,56830,62010NOH
R72 16009 0040,14380,51530,65910,11230,54960,66190,62010NOH
R72 16009 0041,15080,50950,66030,12170,24430,36600,62010NOH
R72 16009 0042,15080,47840,62920,12170,47360,59530,62010NOH
R72 16009 0043,15080,47810,62890,12170,55030,67200,62010NOH
R72 16009 0044,14790,45600,60390,11860,50870,62730,62010NOH
R72 16009 0045,14790,46860,61650,11800,46260,58060,62010NOH
R72 16009 0046,14500,50930,65430,11610,54520,66130,62010NOH
R72 16009 0047,14360,46030,60390,11360,45100,56460,62010NOH
R72 16009 0048,14210,45630,59840,11170,39330,50500,62010NOH
R72 16009 0049,14210,48500,62710,11170,50500,61670,62010NOH
R72 16009 0050,15080,49200,64280,12170,49060,61230,62010NOH
R72 16009 0051,14940,58420,73360,12050,61100,73150,62010NOH
R72 16009 0052,14790,55380,70170,11920,56240,68160,62010NOH
R72 16009 0053,14790,57870,72660,11860,58840,70700,62010NOH
R72 16009 0054,14790,51220,66010,11800,55780,67580,62010NOH
R72 16009 0055,14500,49490,63990,11610,46680,58290,62010NOH
R72 16010 0001,14500,43490,57990,11580,44090,55670,62010NOH
R72 16010 0002,13900,46820,60720,10880,76110,86990,62010NOH
R72 16010 0003,14140,49540,63680,11220,55950,67170,62010NOH
R72 16010 0004,14080,51070,65150,11070,47710,58780,62010NOH
R72 16010 0005,13940,48410,62350,10950,46180,57130,62010NOH
R72 16010 0006,14000,44760,58760,11040,43540,54580,62010NOH
R72 16010 0007,14340,48960,63300,11420,47320,58740,62010NOH
R72 16010 0008,14080,57550,71630,11120,72350,83470,62010NOH
R72 16010 0009,13860,63900,77760,10860,66450,77310,62010NOH
R72 16010 0010,13530,52350,65880,10540,56780,67320,62010NOH
R72 16010 0011,13840,49640,63480,10850,58710,69560,62010NOH
R72 16010 0012,13900,44040,57940,10940,57190,68130,62010NOH
R72 16010 0013,13700,55590,69290,10740,56460,67200,62010NOH
R72 16010 0014,13740,42480,56220,10750,48550,59300,62010NOH
R72 16010 0015,13970,51990,65960,10960,46880,57840,62010NOH
R72 16010 0016,14790,42170,56960,11860,41160,53020,62010NOH
R72 16010 0017,15840,55560,71400,12830,38570,51400,62010NOH
R72 16010 0018,15000,55360,70360,11980,64640,76620,62010NOH
R72 16010 0019,15740,51670,67410,12810,65410,78220,62010NOH
R72 16010 0020,15500,54250,69750,12480,48470,60950,62010NOH
R72 16010 0021,15300,57860,73160,12350,60300,72650,62010NOH
R72 16010 0022,15200,54430,69630,12250,48440,60690,62010NOH
R72 16010 0023,15200,62230,77430,12320,60640,72960,62010NOH
R72 16010 0024,15200,64330,79530,12250,66040,78290,62010NOH
R72 16010 0025,14360,59650,74010,11360,52480,63840,62010NOH
R72 16010 0026,14360,58000,72360,11360,44340,55700,62010NOH
R72 16010 0027,14360,62270,76630,11360,51180,62540,62010NOH
R72 16010 0028,14360,60210,74570,11360,56830,68190,62010NOH
R72 16010 0029,14590,61720,76310,11650,85940,97590,62010NOH
R72 16010 0030,15450,61230,76680,12590,62090,74680,62010NOH
R72 16010 0031,15700,54560,70260,12760,54230,66990,62010NOH
R72 16010 0032,14830,54060,68890,11940,54220,66160,62010NOH
R72 16010 0033,14100,56530,70630,11080,57370,68450,62010NOH
R72 16010 0034,14590,51740,66330,11650,51610,63260,62010NOH
R72 16010 0035,14590,51740,66330,11650,49140,60790,62010NOH
R72 16010 0036,14140,61630,75770,11160,58150,69310,62010NOH
R72 16010 0037,15710,57480,73190,12800,67860,80660,62010NOH
R72 16010 0038,400,0,400,400,0,400,62010NOH
R72 16010 0039,15700,57660,73360,12830,64310,77140,62010NOH
R72 16010 0040,14520,56920,71440,11640,63270,74910,62010NOH
R72 16010 0041,14950,56920,71870,11980,53020,65000,62010NOH
R72 16010 0042,14180,51430,65610,11290,37190,48480,62010NOH
R72 16010 0043,14790,56550,71340,11860,59100,70960,62010NOH
R72 16011 0001,16960,53610,70570,14220,54540,68760,62010NOH
R72 16011 0002,16830,60000,76830,13960,61490,75450,62010NOH
R72 16011 0003,16320,60370,76690,13430,59560,72990,62010NOH
R72 16011 0004,16320,51020,67340,13430,48430,61860,62010NOH
R72 16011 0005,16320,51070,67390,13430,59020,72450,62010NOH
R72 16011 0006,16320,74760,91080,13430,73750,87180,62010NOH
R72 16011 0007,15610,52180,67790,12700,49190,61890,62010NOH
R72 16011 0008,15610,44470,60080,12700,45120,57820,62010NOH
R72 16011 0009,16320,64340,80660,13430,68830,82260,62010NOH
R72 16011 0010,16930,55510,72440,14060,63420,77480,62010NOH
R72 16011 0011,16320,57320,73640,13430,57410,70840,62010NOH
R72 16011 0012,16320,62450,78770,13430,66810,80240,62010NOH
R72 16011 0013,16320,56000,72320,13430,62880,76310,62010NOH
R72 16011 0014,16320,56530,72850,13430,49380,62810,62010NOH
R72 16011 0015,15610,50120,65730,12700,59630,72330,62010NOH
R72 16011 0016,15610,38840,54450,12700,36530,49230,62010NOH
R72 16012 0001,21450,63440,84890,19420,67300,86720,62010NOH
R72 16012 0002,15810,69220,85030,12980,68600,81580,62010NOH
R72 16012 0003,15810,55870,71680,12910,60080,72990,62010NOH
R72 16012 0004,15810,56630,72440,12910,63710,76620,62010NOH
R72 16012 0005,15910,58560,74470,13010,54420,67430,62010NOH
R72 16012 0006,19480,71120,90600,15490,79650,95140,62010NOH
R72 16012 0007,19390,54230,73620,15330,55340,70670,62010NOH
R72 16012 0008,18170,68600,86770,16070,67600,83670,62010NOH
R72 16012 0009,18540,56710,75250,15810,59780,75590,62010NOH
R72 16012 0010,16320,64070,80390,13360,61710,75070,62010NOH
R72 16012 0011,16320,63000,79320,13360,60920,74280,62010NOH
R72 16012 0012,16320,55350,71670,13360,51550,64910,62010NOH
R72 16012 0013,14510,54820,69330,11420,58350,69770,62010NOH
R72 16012 0014,14940,58900,73840,11990,62390,74380,62010NOH
R72 16012 0015,15150,75060,90210,12180,74280,86460,62010NOH
R72 16012 0016,15610,64090,79700,12700,55440,68140,62010NOH
R72 16012 0017,23470,57910,81380,17310,73950,91260,62010NOH
R72 16012 0018,16320,60330,76650,13360,64790,78150,62010NOH
R72 16012 0019,14800,61330,76130,11810,63070,74880,62010NOH
R72 16012 0020,19180,66410,85590,16340,64960,81300,62010NOH
R72 16012 0021,44000,64080,108080,40000,56270,96270,62010NOH
R72 16012 0022,19070,61750,80820,16100,58240,74340,62010NOH
R72 16012 0023,15190,58970,74160,12200,59210,71410,62010NOH
R72 16012 0024,15810,60650,76460,12910,59950,72860,62010NOH
R72 16012 0025,15700,61020,76720,12830,60950,73780,62010NOH
R72 16013 0001,14630,52280,66910,11660,51370,63030,62010NOH
R72 16013 0002,15960,48020,63980,13080,45690,58770,62010NOH
R72 16013 0003,7700,0,7700,5650,0,5650,62010NOH
R72 16013 0004,16490,47230,63720,13480,51430,64910,62010NOH
R72 16013 0005,15480,35030,50510,12480,76990,89470,62010NOH
R72 16013 0006,14840,58920,73760,11980,60230,72210,62010NOH
R72 16013 0007,14810,52370,67180,11920,66700,78620,62010NOH
R72 16013 0008,14810,47720,62530,11860,70930,82790,62010NOH
R72 16013 0009,15050,49600,64650,12150,48340,60490,62010NOH
R72 16013 0010,14660,50650,65310,11680,41830,53510,62010NOH
R72 16013 0011,10600,47520,58120,7360,48130,55490,62010NOH
R72 16013 0012,14350,42330,56680,11410,40920,52330,62010NOH
R72 16013 0013,14080,49540,63620,11120,56410,67530,62010NOH
R72 16013 0014,14080,47980,62060,11070,57700,68770,62010NOH
R72 16013 0015,14010,55380,69390,11080,55400,66480,62010NOH
R72 16014 0004,14070,56770,70840,11100,66100,77200,62010NOH
R72 16014 0005,14500,55750,70250,11540,52340,63880,62010NOH
R72 16014 0006,15000,67310,82310,12050,69540,81590,62010NOH
R72 16014 0007,15200,42090,57290,12250,43080,55330,62010NOH
R72 16014 0008,16130,53410,69540,13040,54280,67320,62010NOH
R72 16014 0009,16300,69790,86090,12730,68640,81370,62010NOH
R72 16014 0012,15700,52830,68530,12750,50800,63550,62010NOH
R72 16014 0013,15800,53920,69720,12850,56180,69030,62010NOH
R72 16014 0014,800,0,800,800,0,800,62010NOH
R72 16101 0001,5650,0,5650,2660,0,2660,62000GRE
R72 16101 0002,11140,9760,20900,5840,23280,29120,62000GRE
R72 16101 0003,5590,0,5590,2630,0,2630,62000GRE
R72 16101 0004,11030,15650,26680,5780,31560,37340,62000GRE
R72 16101 0005,5540,0,5540,2610,0,2610,62000GRE
R72 16101 0006,2770,0,2770,1440,0,1440,62000GRE
R72 16101 0007,10910,17430,28340,5700,22410,28110,62000GRE
R72 16101 0008,10910,7480,18390,5700,6080,11780,62000GRE
R72 16101 0009,10910,4270,15180,5670,3300,8970,62000GRE
R72 16101 0011,5590,0,5590,2640,0,2640,62000GRE
R72 16101 0014,5650,0,5650,2670,0,2670,62000GRE
R72 16101 0015,11250,16630,27880,5890,48780,54670,62000GRE
R72 16101 0016,11250,17440,28690,5890,5000,10890,62000GRE
R72 16101 0018,11250,27240,38490,5890,24580,30470,62000GRE
R72 16101 0019,10910,0,10910,5690,0,5690,62000GRE
R72 16101 0020,11250,7030,18280,5890,2100,7990,62000GRE
R72 16101 0021,11250,3270,14520,5890,3320,9210,62000GRE
R72 16101 0022,11360,3020,14380,5960,3340,9300,62000GRE
R72 16101 0023,7990,0,7990,3910,0,3910,62000GRE
R72 16101 0024,5760,0,5760,2730,0,2730,62000GRE
R72 16101 0025,5760,0,5760,2730,0,2730,62000GRE
R72 16101 0026,9180,0,9180,4820,0,4820,62000GRE
R72 16101 0027,11480,14550,26030,6030,21020,27050,62000GRE
R72 16101 0028,11480,6640,18120,6030,14420,20450,62000GRE
R72 16101 0029,5760,0,5760,2730,0,2730,62000GRE
R72 16101 0030,4380,0,4380,3750,0,3750,C7002000
R72 16101 0031,11480,30700,42180,6030,34520,40550,62000GRE
R72 16101 0032,16430,34890,51320,8990,54920,63910,62000GRE
R72 16101 0033,5480,0,5480,2580,0,2580,62000GRE
R72 16101 0034,5760,0,5760,2730,0,2730,62000GRE
R72 16101 0035,5760,0,5760,2730,0,2730,62000GRE
R72 16101 0038,11480,39570,51050,6030,43680,49710,62000GRE
R72 16101 0039,11480,28100,39580,6030,14130,20160,62000GRE
R72 16101 0040,11480,21650,33130,6030,30780,36810,62000GRE
R72 16101 0041,11480,27510,38990,6030,26220,32250,62000GRE
R72 16101 0042,7420,0,7420,3610,0,3610,62000GRE
R72 16101 0043,11480,2700,14180,6030,3030,9060,62000GRE
R72 16101 0044,12630,27170,39800,6720,15300,22020,62000GRE
R72 16101 0045,6330,0,6330,3030,0,3030,62000GRE
R72 16101 0046,8370,0,8370,4340,0,4340,62000GRE
R72 16101 0047,8370,0,8370,4340,0,4340,62000GRE
R72 16101 0048,10460,0,10460,5430,0,5430,62000GRE
R72 16101 0049,11250,1560,12810,2670,0,2670,62000GRE
R72 16101 0050,9170,0,9170,3760,0,3760,62000GRE
R72 16102 0001,12260,4280,16540,5210,0,5210,62000GRE
R72 16102 0002,6160,0,6160,2930,0,2930,62000GRE
R72 16102 0003,6160,0,6160,2930,0,2930,62000GRE
R72 16102 0004,6100,0,6100,2910,0,2910,62000GRE
R72 16102 0005,12150,33960,46110,4250,37150,41400,62000GRE
R72 16102 0006,12150,10520,22670,6440,18370,24810,62000GRE
R72 16102 0008,6710,0,6710,3240,0,3240,62000GRE
R72 16102 0011,5640,0,5640,2650,0,2650,62000GRE
R72 16102 0013,11010,14000,25010,5760,25510,31270,62000GRE
R72 16102 0014,5480,0,5480,2590,0,2590,62000GRE
R72 16102 0015,11240,12420,23660,5870,8850,14720,62000GRE
R72 16102 0016,13650,24340,37990,7290,25810,33100,62000GRE
R72 16102 0017,5650,0,5650,2680,0,2680,62000GRE
R72 16102 0018,11250,24660,35910,5920,36400,42320,62000GRE
R72 16102 0020,5650,0,5650,2660,0,2660,62000GRE
R72 16102 0021,11480,24510,35990,6030,21440,27470,62000GRE
R72 16102 0022,11480,22230,33710,6030,27960,33990,62000GRE
R72 16102 0023,5760,0,5760,2730,0,2730,62000GRE
R72 16102 0025,11480,24090,35570,6030,27540,33570,62000GRE
R72 16102 0026,11480,24230,35710,6030,26890,32920,62000GRE
R72 16102 0027,4520,0,4520,2370,0,2370,62000GRE
R72 16102 0028,4520,0,4520,2370,0,2370,62000GRE
R72 16102 0029,11250,9240,20490,5890,2490,8380,62000GRE
R72 16102 0030,5650,0,5650,2670,0,2670,62000GRE
R72 16102 0031,11250,12140,23390,5890,20760,26650,62000GRE
R72 16102 0032,14640,24030,38670,7870,30370,38240,62000GRE
R72 16102 0034,12380,2630,15010,6550,3470,10020,62000GRE
R72 16102 0035,5650,0,5650,2670,0,2670,62000GRE
R72 16102 0036,11250,12980,24230,5890,3950,9840,62000GRE
R72 16102 0037,11480,3700,15180,6030,4840,10870,62000GRE
R72 16102 0038,11480,17010,28490,6030,27890,33920,62000GRE
R72 16102 0039,5760,0,5760,2730,1370,4100,62000GRE
R72 16102 0040,5760,0,5760,2730,0,2730,62000GRE
R72 16102 0043,5760,0,5760,2730,0,2730,62000GRE
R72 16102 0044,5760,0,5760,2730,0,2730,62000GRE
R72 16102 0045,5990,0,5990,2850,0,2850,62000GRE
R72 16102 0046,11480,31310,42790,6030,19490,25520,62000GRE
R72 16102 0047,5760,0,5760,2730,0,2730,62000GRE
R72 16102 0048,11480,26910,38390,6030,17250,23280,62000GRE
R72 16102 0049,11480,21610,33090,6030,16260,22290,62000GRE
R72 16102 0050,5760,0,5760,2730,0,2730,62000GRE
R72 16102 0051,11480,29530,41010,6030,7590,13620,62000GRE
R72 16102 0053,5820,0,5820,2760,0,2760,62000GRE
R72 16102 0054,11820,14730,26550,6240,25700,31940,62000GRE
R72 16102 0055,5930,0,5930,2820,0,2820,62000GRE
R72 16102 0056,5760,0,5760,2730,0,2730,62000GRE
R72 16102 0057,5760,0,5760,2730,0,2730,62000GRE
R72 16102 0058,11480,27430,38910,6030,27700,33730,62000GRE
R72 16102 0059,11480,9220,20700,6030,15510,21540,62000GRE
R72 16102 0060,5760,0,5760,2730,0,2730,62000GRE
R72 16102 0061,11480,11480,22960,6030,17880,23910,62000GRE
R72 16102 0062,11480,19250,30730,6030,28520,34550,62000GRE
R72 16102 0063,9180,0,9180,4820,0,4820,62000GRE
R72 16102 0064,11480,1200,12680,6030,3220,9250,62000GRE
R72 16102 0065,11480,10270,21750,6030,22910,28940,62000GRE
R72 16102 0066,5760,0,5760,2730,0,2730,62000GRE
R72 16102 0067,9180,0,9180,4820,0,4820,62000GRE
R72 16102 0068,5990,0,5990,2850,0,2850,62000GRE
R72 16102 0069,11480,24130,35610,6030,23550,29580,62000GRE
R72 16102 0070,11480,24130,35610,6030,23550,29580,62000GRE
R72 16102 0071,11480,13390,24870,6030,21490,27520,62000GRE
R72 16102 0072,5760,0,5760,2730,0,2730,62000GRE
R72 16102 0073,11480,21800,33280,6030,4070,10100,62000GRE
R72 16102 0074,11480,39250,50730,6030,67980,74010,62000GRE
R72 16102 0075,5760,0,5760,2730,0,2730,62000GRE
R72 16102 0076,5990,0,5990,2850,0,2850,62000GRE
R72 16102 0077,5760,0,5760,2730,0,2730,62000GRE
R72 16102 0078,8620,0,8620,4250,0,4250,62000GRE
R72 16102 0080,9180,0,9180,4820,0,4820,62000GRE
R72 16102 0081,11480,22510,33990,6030,3310,9340,62000GRE
R72 16102 0082,5760,0,5760,2730,0,2730,62000GRE
R72 16102 0085,5650,0,5650,2670,0,2670,62000GRE
R72 16102 0086,11250,66370,77620,5890,76170,82060,62000GRE
R72 16102 0087,5650,0,5650,2670,0,2670,62000GRE
R72 16102 0088,5650,0,5650,2670,0,2670,62000GRE
R72 16102 0089,5650,0,5650,2670,0,2670,62000GRE
R72 16102 0090,5650,0,5650,2670,0,2670,62000GRE
R72 16102 0091,11250,22400,33650,5890,16370,22260,62000GRE
R72 16102 0092,5650,0,5650,2670,0,2670,62000GRE
R72 16102 0093,11250,2420,13670,5890,3360,9250,62000GRE
R72 16102 0095,5760,0,5760,2730,0,2730,62000GRE
R72 16102 0096,11480,8040,19520,6030,16540,22570,62000GRE
R72 16102 0097,11480,19580,31060,6030,19220,25250,62000GRE
R72 16102 0098,5760,0,5760,2730,0,2730,62000GRE
R72 16102 0099,850,0,850,420,0,420,62000GRE
R72 16102 0103,17240,19200,36440,9470,34690,44160,62000GRE
R72 16103 0001,11820,14970,26790,6220,19750,25970,62000GRE
R72 16103 0002,12380,31870,44250,6550,36090,42640,62000GRE
R72 16103 0003,11250,15800,27050,5890,4450,10340,62000GRE
R72 16103 0004,11250,5250,16500,5890,6080,11970,62000GRE
R72 16103 0005,5650,0,5650,2670,0,2670,62000GRE
R72 16103 0006,5650,0,5650,2670,0,2670,62000GRE
R72 16103 0007,11250,5430,16680,5890,4680,10570,62000GRE
R72 16103 0008,11250,33080,44330,5890,47170,53060,62000GRE
R72 16103 0009,5650,0,5650,2670,0,2670,62000GRE
R72 16103 0010,5650,0,5650,2670,0,2670,62000GRE
R72 16103 0014,5650,0,5650,2670,0,2670,62000GRE
R72 16103 0015,11250,3390,14640,5890,3220,9110,62000GRE
R72 16103 0016,11250,9740,20990,6480,0,6480,62000GRE
R72 16103 0017,5650,0,5650,2670,0,2670,62000GRE
R72 16103 0018,5650,0,5650,2670,0,2670,62000GRE
R72 16103 0019,5650,0,5650,2670,0,2670,62000GRE
R72 16103 0020,5650,0,5650,2670,0,2670,62000GRE
R72 16103 0021,5650,0,5650,2670,0,2670,62000GRE
R72 16103 0023,9000,0,9000,4710,0,4710,62000GRE
R72 16103 0024,5650,0,5650,2670,0,2670,62000GRE
R72 16103 0025,11480,10460,21940,6060,23260,29320,62000GRE
R72 16103 0027,11250,16860,28110,5890,25640,31530,62000GRE
R72 16103 0028,11250,30490,41740,5890,27430,33320,62000GRE
R72 16103 0029,11250,26890,38140,5890,25670,31560,62000GRE
R72 16103 0030,11250,4230,15480,5890,4820,10710,62000GRE
R72 16103 0031,5650,0,5650,2670,0,2670,62000GRE
R72 16103 0032,5650,0,5650,2670,0,2670,62000GRE
R72 16103 0033,11250,19740,30990,5890,25980,31870,62000GRE
R72 16103 0034,5650,0,5650,2670,0,2670,62000GRE
R72 16103 0035,11250,2400,13650,5890,2500,8390,62000GRE
R72 16103 0036,11250,27640,38890,5890,4550,10440,62000GRE
R72 16103 0037,11250,12050,23300,5890,47090,52980,62000GRE
R72 16103 0038,5650,0,5650,2670,0,2670,62000GRE
R72 16103 0039,11250,38850,50100,5890,44200,50090,62000GRE
R72 16103 0040,11250,12620,23870,5890,20480,26370,62000GRE
R72 16103 0041,11250,33960,45210,5890,33640,39530,62000GRE
R72 16103 0043,11250,29520,40770,5890,22890,28780,62000GRE
R72 16103 0044,11250,28430,39680,5890,25520,31410,62000GRE
R72 16103 0045,11250,18950,30200,5890,25390,31280,62000GRE
R72 16103 0046,5650,0,5650,2670,0,2670,62000GRE
R72 16103 0047,10800,29800,40600,5620,32800,38420,62000GRE
R72 16103 0048,10800,18470,29270,5620,26580,32200,62000GRE
R72 16103 0049,10800,22410,33210,5620,22810,28430,62000GRE
R72 16103 0050,10800,24730,35530,5620,24710,30330,62000GRE
R72 16103 0051,10800,25200,36000,5620,20990,26610,62000GRE
R72 16103 0052,10800,29630,40430,5620,26970,32590,62000GRE
R72 16103 0053,10800,24710,35510,5620,19250,24870,62000GRE
R72 16103 0055,10800,17060,27860,5620,15330,20950,62000GRE
R72 16103 0056,10800,17120,27920,5620,3970,9590,62000GRE
R72 16103 0059,11030,18440,29470,5750,28930,34680,62000GRE
R72 16103 0060,11030,13220,24250,5730,26710,32440,62000GRE
R72 16103 0061,5480,0,5480,2570,0,2570,62000GRE
R72 16103 0062,10800,16000,26800,5620,11100,16720,62000GRE
R72 16103 0063,5310,0,5310,2490,0,2490,62000GRE
R72 16103 0064,10690,22140,32830,5560,22110,27670,62000GRE
R72 16103 0065,10580,27560,38140,5510,32110,37620,62000GRE
R72 16103 0066,10460,10040,20500,5420,0,5420,62000GRE
R72 16103 0068,10460,23990,34450,5400,36560,41960,62000GRE
R72 16103 0069,11820,31520,43340,6220,27090,33310,62000GRE
R72 16103 0072,9180,0,9180,4820,0,4820,62000GRE
R72 16103 0073,11590,0,11590,6080,0,6080,62000GRE
R72 16103 0074,5880,0,5880,2780,0,2780,62000GRE
R72 16103 0076,12170,35010,47180,6470,54500,60970,62000GRE
R72 16103 0077,6640,0,6640,3210,0,3210,62000GRE
R72 16103 0078,12040,28110,40150,6390,9160,15550,62000GRE
R72 16103 0079,12150,14140,26290,6440,23700,30140,62000GRE
R72 16103 0080,12260,3620,15880,6500,3540,10040,62000GRE
R72 16103 0081,12020,25750,37770,6390,0,6390,62000GRE
R72 16103 0082,6220,0,6220,2970,0,2970,62000GRE
R72 16103 0083,12260,6240,18500,6550,10750,17300,62000GRE
R72 16103 0084,15960,31010,46970,8930,38010,46940,62000GRE
R72 16103 0085,11480,31730,43210,6030,26080,32110,62000GRE
R72 16103 0086,11480,13760,25240,6030,12060,18090,62000GRE
R72 16103 0087,12050,15480,27530,6370,20300,26670,62000GRE
R72 16103 0088,17240,26810,44050,9470,35010,44480,62000GRE
R72 16103 0090,12050,27400,39450,6370,27770,34140,62000GRE
R72 16103 0092,17810,6930,24740,9810,11330,21140,62000GRE
R72 16103 0093,11480,10100,21580,6030,18860,24890,62000GRE
R72 16103 0094,12050,33670,45720,5890,48780,54670,62000GRE
R72 16103 0095,11480,23660,35140,5400,36560,41960,62000GRE
R72 16104 0001,11250,8840,20090,5890,16480,22370,62000GRE
R72 16104 0005,11250,24370,35620,5890,11700,17590,62000GRE
R72 16104 0006,11250,20580,31830,5890,29080,34970,62000GRE
R72 16104 0007,11250,46420,57670,5890,57040,62930,62000GRE
R72 16104 0008,5650,0,5650,2670,0,2670,62000GRE
R72 16104 0009,11250,30440,41690,5890,29080,34970,62000GRE
R72 16104 0010,11250,20590,31840,5890,24530,30420,62000GRE
R72 16104 0011,5650,0,5650,2670,0,2670,62000GRE
R72 16104 0012,5650,0,5650,2670,0,2670,62000GRE
R72 16104 0013,5650,0,5650,2670,0,2670,62000GRE
R72 16104 0014,11250,10170,21420,5890,14320,20210,62000GRE
R72 16104 0015,5650,0,5650,2670,0,2670,62000GRE
R72 16104 0016,5650,0,5650,2670,0,2670,62000GRE
R72 16104 0017,5650,0,5650,2670,0,2670,62000GRE
R72 16104 0023,11250,33150,44400,5890,38260,44150,62000GRE
R72 16104 0024,11250,12340,23590,5890,16090,21980,62000GRE
R72 16104 0025,11250,5260,16510,5890,5400,11290,62000GRE
R72 16104 0027,11250,29580,40830,5890,17320,23210,62000GRE
R72 16104 0028,5650,0,5650,2670,0,2670,62000GRE
R72 16104 0029,11250,7240,18490,5890,8410,14300,62000GRE
R72 16104 0030,11250,36480,47730,5890,37980,43870,62000GRE
R72 16104 0031,5650,0,5650,2670,0,2670,62000GRE
R72 16104 0032,11250,9570,20820,5890,17630,23520,62000GRE
R72 16104 0037,11250,26780,38030,5890,17220,23110,62000GRE
R72 16104 0038,11250,42040,53290,5890,36880,42770,62000GRE
R72 16104 0039,11250,36120,47370,5890,34030,39920,62000GRE
R72 16104 0040,5650,0,5650,2670,0,2670,62000GRE
R72 16104 0041,11250,20500,31750,5890,3510,9400,62000GRE
R72 16104 0042,11250,2330,13580,5890,2390,8280,62000GRE
R72 16104 0043,11250,4090,15340,5890,1660,7550,62000GRE
R72 16104 0044,11250,11520,22770,5890,7400,13290,62000GRE
R72 16104 0045,5650,0,5650,2670,0,2670,62000GRE
R72 16104 0046,11250,2870,14120,5890,2930,8820,62000GRE
R72 16104 0047,11250,14890,26140,5890,9700,15590,62000GRE
R72 16104 0048,5650,0,5650,2670,0,2670,62000GRE
R72 16104 0049,16900,6290,23190,9190,6950,16140,62000GRE
R72 16104 0051,5650,0,5650,2670,0,2670,62000GRE
R72 16104 0052,5650,0,5650,2670,0,2670,62000GRE
R72 16104 0053,7780,0,7780,3780,0,3780,62000GRE
R72 16104 0054,11250,19760,31010,5890,37820,43710,62000GRE
R72 16104 0055,5650,0,5650,2670,0,2670,62000GRE
R72 16104 0056,5650,0,5650,2670,0,2670,62000GRE
R72 16104 0057,11250,28480,39730,5890,30010,35900,62000GRE
R72 16104 0058,11250,29790,41040,5890,0,5890,62000GRE
R72 16104 0059,11250,38820,50070,5880,49830,55710,62000GRE
R72 16104 0060,17590,19850,37440,9440,29080,38520,62000GRE
R72 16104 0061,11250,0,11250,5890,0,5890,62000GRE
R72 16104 0062,11250,4890,16140,5890,5700,11590,62000GRE
R72 16104 0063,11250,17370,28620,6760,15240,22000,62000GRE
R72 16104 0064,5650,0,5650,2670,0,2670,62000GRE
R72 16104 0065,5650,0,5650,2670,0,2670,62000GRE
R72 16104 0066,5650,0,5650,2670,0,2670,62000GRE
R72 16104 0067,11250,16460,27710,5890,19290,25180,62000GRE
R72 16104 0068,6000,3160,9160,5890,3420,9310,62000GRE
R72 16104 0069,6000,24020,30020,5890,2880,8770,62000GRE
R72 16104 0071,10800,17320,28120,5620,6900,12520,62000GRE
R72 16104 0072,10800,32070,42870,5620,30050,35670,62000GRE
R72 16104 0073,10800,10770,21570,5620,13440,19060,62000GRE
R72 16104 0074,10800,6850,17650,5620,16850,22470,62000GRE
R72 16104 0075,10800,4820,15620,5620,5530,11150,62000GRE
R72 16104 0076,5420,0,5420,2550,0,2550,62000GRE
R72 16104 0077,10800,20550,31350,5620,28480,34100,62000GRE
R72 16104 0078,10800,33270,44070,5620,20920,26540,62000GRE
R72 16104 0079,10800,2230,13030,5620,2260,7880,62000GRE
R72 16104 0080,10370,23440,33810,5380,27660,33040,62000GRE
R72 16104 0081,4820,0,4820,2260,0,2260,62000GRE
R72 16104 0082,8110,36470,44580,4340,0,4340,62000GRE
R72 16104 0083,12950,17760,30710,6720,23960,30680,62000GRE
R72 16104 0084,5210,0,5210,2440,0,2440,62000GRE
R72 16104 0085,5420,0,5420,2550,0,2550,62000GRE
R72 16104 0086,10800,20460,31260,5640,29720,35360,62000GRE
R72 16104 0087,10800,4450,15250,2550,0,2550,62000GRE
R72 16104 0088,10910,17450,28360,5700,10100,15800,62000GRE
R72 16104 0089,5540,0,5540,2590,0,2590,62000GRE
R72 16104 0091,11030,29120,40150,5750,14350,20100,62000GRE
R72 16104 0092,5540,0,5540,2620,0,2620,62000GRE
R72 16104 0093,5590,0,5590,2630,0,2630,62000GRE
R72 16104 0094,12630,17760,30390,6720,9970,16690,62000GRE
R72 16105 0001,12880,23800,36680,6880,10640,17520,62000GRE
R72 16105 0002,6460,0,6460,3110,0,3110,62000GRE
R72 16105 0003,12880,6140,19020,6880,28610,35490,62000GRE
R72 16105 0004,12880,3180,16060,6880,7820,14700,62000GRE
R72 16105 0005,12880,3240,16120,6880,20790,27670,62000GRE
R72 16105 0006,12880,25020,37900,6880,22230,29110,62000GRE
R72 16105 0007,12880,29380,42260,6880,30860,37740,62000GRE
R72 16105 0008,12880,25740,38620,6880,2780,9660,62000GRE
R72 16105 0009,12880,25810,38690,6880,27610,34490,62000GRE
R72 16105 0010,12880,14540,27420,6880,23420,30300,62000GRE
R72 16105 0011,12880,25240,38120,6880,27000,33880,62000GRE
R72 16105 0012,12880,3420,16300,3110,0,3110,62000GRE
R72 16105 0013,12880,25760,38640,6880,3530,10410,62000GRE
R72 16105 0014,6460,42390,48850,3450,71350,74800,62000GRE
R72 16105 0015,12290,25890,38180,6520,12880,19400,62000GRE
R72 16106 0001,6520,0,6520,3150,0,3150,62000GRE
R72 16106 0002,6620,0,6620,3070,8910,11980,62000GRE
R72 16106 0004,7080,0,7080,3540,0,3540,62000GRE
R72 16106 0016,14370,29590,43960,7950,39010,46960,62000GRE
R72 16106 0020,15790,34360,50150,8770,46440,55210,62000GRE
R72 16107 0001,2380,0,2380,2380,0,2380,62010NOH
R72 16107 0004,32000,0,32000,40000,0,40000,62010NOH
R72 16107 0009,15380,0,15380,15380,0,15380,62010NOH
R72 16107 0010,33210,49470,82680,30330,46470,76800,62010NOH
R72 16107 0011,16250,31690,47940,14520,16710,31230,62010NOH
R72 16107 0012,39600,0,5230,39600,0,39600,62010NOH
R72 16107 0013,93530,0,25470,93530,0,93530,62010NOH
R72 16107 0014,4650,0,4650,3010,0,3010,62000GRE
R72 16107 0038,35630,67750,103380,35630,63420,99050,62010NOH
R72 16107 0045,300,0,300,220,0,220,62000GRE
R72 16108 0001,14280,38040,52320,11330,37750,49080,62010NOH
R72 16108 0002,14180,41080,55260,11230,12770,24000,62010NOH
R72 16108 0003,14180,38150,52330,11230,38780,50010,62010NOH
R72 16108 0004,14180,42330,56510,11230,40370,51600,62010NOH
R72 16108 0005,14180,37610,51790,11230,39090,50320,62010NOH
R72 16108 0006,14180,32440,46620,11230,33710,44940,62010NOH
R72 16108 0007,14180,39590,53770,11230,36960,48190,62010NOH
R72 16108 0008,14180,38940,53120,11230,42380,53610,62010NOH
R72 16108 0009,14180,42840,57020,11230,45560,56790,62010NOH
R72 16108 0010,14900,51500,66400,11980,48230,60210,62010NOH
R72 16108 0011,14900,38940,53840,11980,37840,49820,62010NOH
R72 16108 0012,14900,35000,49900,11980,28680,40660,62010NOH
R72 16108 0013,14900,33380,48280,11980,23670,35650,62010NOH
R72 16108 0014,14900,46050,60950,11980,70500,82480,62010NOH
R72 16108 0015,14900,41870,56770,11980,46890,58870,62010NOH
R72 16108 0016,14900,51260,66160,11980,61490,73470,62010NOH
R72 16108 0017,14900,35170,50070,11980,27180,39160,62010NOH
R72 16108 0018,14900,36140,51040,11980,37520,49500,62010NOH
R72 16108 0019,15800,53570,69370,12850,50040,62890,62010NOH
R72 16108 0020,15450,31060,46510,12520,49230,61750,62010NOH
R72 16108 0021,15600,52370,67970,12720,48300,61020,62010NOH
R72 16108 0022,15600,51710,67310,12720,48380,61100,62010NOH
R72 16108 0023,15600,55480,71080,12720,50800,63520,62010NOH
R72 16108 0024,15600,55970,71570,12720,65290,78010,62010NOH
R72 16108 0025,15600,26700,42300,12720,48370,61090,62010NOH
R72 16108 0026,16720,50250,66970,14040,49050,63090,62010NOH
R72 16108 0027,16110,54860,70970,13280,56410,69690,62010NOH
R72 16108 0028,14900,47530,62430,11950,47770,59720,62010NOH
R72 16108 0029,14450,42720,57170,11420,47890,59310,62010NOH
R72 16108 0030,15600,52380,67980,12720,48320,61040,62010NOH
R72 16108 0031,15600,54290,69890,12720,49810,62530,62010NOH
R72 16108 0032,17470,52460,69930,14690,54410,69100,62010NOH
R72 16108 0033,16070,47310,63380,13190,48400,61590,62010NOH
R72 16108 0034,15750,46530,62280,12850,47110,59960,62010NOH
R72 16108 0035,15750,49250,65000,12850,49930,62780,62010NOH
R72 16108 0036,15750,57540,73290,12850,55410,68260,62010NOH
R72 16108 0037,15750,43840,59590,12850,50320,63170,62010NOH
R72 16108 0038,15750,48870,64620,12850,49500,62350,62010NOH
R72 16108 0039,15750,43910,59660,12850,57180,70030,62010NOH
R72 16108 0040,16800,48560,65360,13960,48550,62510,62010NOH
R72 16108 0041,17120,47520,64640,14300,49480,63780,62010NOH
R72 16109 0001,15230,36410,51640,12330,35700,48030,62010NOH
R72 16109 0002,15120,32810,47930,12220,29200,41420,62010NOH
R72 16109 0003,15120,36500,51620,12220,39360,51580,62010NOH
R72 16109 0004,15120,37600,52720,12220,36680,48900,62010NOH
R72 16109 0005,14900,31460,46360,11980,51720,63700,62010NOH
R72 16109 0006,14900,25110,40010,11980,41730,53710,62010NOH
R72 16109 0007,14900,33450,48350,11980,29330,41310,62010NOH
R72 16109 0008,14900,37460,52360,11980,34380,46360,62010NOH
R72 16109 0009,14900,49450,64350,11980,48590,60570,62010NOH
R72 16109 0010,14380,36780,51160,11440,30210,41650,62010NOH
R72 16109 0011,14080,26120,40200,11120,26620,37740,62010NOH
R72 16109 0012,14080,33340,47420,11120,29650,40770,62010NOH
R72 16109 0013,14080,33040,47120,11120,29390,40510,62010NOH
R72 16109 0014,14080,34880,48960,11120,39320,50440,62010NOH
R72 16109 0015,14080,38430,52510,11120,36310,47430,62010NOH
R72 16109 0016,14080,32970,47050,11120,29730,40850,62010NOH
R72 16109 0017,14380,39210,53590,11440,71610,83050,62010NOH
R72 16109 0018,15100,32990,48090,12170,29140,41310,62010NOH
R72 16109 0019,15100,39100,54200,12170,35850,48020,62010NOH
R72 16109 0020,15100,41080,56180,12170,35840,48010,62010NOH
R72 16109 0021,16510,43460,59970,13320,46070,59390,62010NOH
R72 16109 0022,14400,46010,60410,11310,47870,59180,62010NOH
R72 16109 0023,14400,44210,58610,11310,45540,56850,62010NOH
R72 16109 0024,14400,46080,60480,11440,47130,58570,62010NOH
R72 16109 0025,14850,47250,62100,11910,44780,56690,62010NOH
R72 16109 0026,15400,56240,71640,12490,55830,68320,62010NOH
R72 16109 0027,16750,58090,74840,13960,70420,84380,62010NOH
R72 16109 0028,20860,58430,79290,18180,68340,86520,62010NOH
R72 16109 0029,16910,54010,70920,14180,67590,81770,62010NOH
R72 16109 0030,15610,58570,74180,12770,84080,96850,62010NOH
R72 16109 0031,15300,61100,76400,12380,58470,70850,62010NOH
R72 16109 0032,15300,68330,83630,12380,62840,75220,62010NOH
R72 16109 0033,15500,64450,79950,12590,63930,76520,62010NOH
R72 16109 0034,17250,62310,79560,14220,58480,72700,62010NOH
R72 16110 0001,13000,38540,51540,10030,31460,41490,62010NOH
R72 16110 0002,14500,38310,52810,11540,37890,49430,62010NOH
R72 16110 0003,14800,35100,49900,11850,29840,41690,62010NOH
R72 16110 0004,14200,36590,50790,11240,35700,46940,62010NOH
R72 16110 0005,14800,38490,53290,11850,42160,54010,62010NOH
R72 16110 0006,14790,43490,58280,11860,45730,57590,62010NOH
R72 16110 0007,13260,36740,50000,10280,36140,46420,62010NOH
R72 16110 0008,13260,37260,50520,10280,36970,47250,62010NOH
R72 16110 0009,13260,36950,50210,10280,31350,41630,62010NOH
R72 16110 0010,13260,34500,47760,10280,38100,48380,62010NOH
R72 16110 0011,13260,34770,48030,10280,42810,53090,62010NOH
R72 16110 0012,13260,35990,49250,10280,35040,45320,62010NOH
R72 16110 0013,13260,41180,54440,10280,63250,73530,62010NOH
R72 16110 0014,15660,45220,60880,12800,49110,61910,62010NOH
R72 16110 0015,14360,44880,59240,11390,51440,62830,62010NOH
R72 16110 0016,14360,38200,52560,11390,37270,48660,62010NOH
R72 16110 0017,14360,36880,51240,11390,30820,42210,62010NOH
R72 16110 0018,14360,38270,52630,11390,40190,51580,62010NOH
R72 16110 0019,14360,32400,46760,5720,0,5720,62010NOH
R72 16110 0020,14360,43750,58110,11390,36680,48070,62010NOH
R72 16110 0021,12240,37230,49470,9280,36640,45920,62010NOH
R72 16110 0022,14470,33980,48450,11510,32800,44310,62010NOH
R72 16110 0023,5940,0,5940,3930,0,3930,62010NOH
R72 16110 0024,14470,35100,49570,11510,37790,49300,62010NOH
R72 16110 0025,14360,37070,51430,11390,36410,47800,62010NOH
R72 16110 0026,14360,41260,55620,11390,39430,50820,62010NOH
R72 16110 0027,14470,32240,46710,11510,34800,46310,62010NOH
R72 16110 0028,14040,40520,54560,11040,43340,54380,62010NOH
R72 16111 0001,14350,38870,53220,11470,41110,52580,62010NOH
R72 16111 0002,13700,52500,66200,10700,57050,67750,62010NOH
R72 16111 0003,13570,38680,52250,10600,51280,61880,62010NOH
R72 16111 0004,13570,44000,57570,10600,36200,46800,62010NOH
R72 16111 0005,13570,38550,52120,10600,38060,48660,62010NOH
R72 16111 0006,13500,42260,55760,10480,45480,55960,62010NOH
R72 16111 0007,13500,37610,51110,10480,39460,49940,62010NOH
R72 16111 0008,13500,37220,50720,10480,36790,47270,62010NOH
R72 16111 0009,13230,36810,50040,10320,39870,50190,62010NOH
R72 16111 0010,12960,41670,54630,10040,41000,51040,62010NOH
R72 16111 0011,13500,39930,53430,10480,39210,49690,62010NOH
R72 16111 0012,13500,41240,54740,10480,43990,54470,62010NOH
R72 16111 0013,13500,40000,53500,10480,42800,53280,62010NOH
R72 16111 0014,13500,39980,53480,10480,40010,50490,62010NOH
R72 16111 0015,13500,47880,61380,10480,52960,63440,62010NOH
R72 16111 0016,16610,52510,69120,14010,50470,64480,62010NOH
R72 16111 0017,13260,52130,65390,10280,60420,70700,62010NOH
R72 16111 0018,13260,40700,53960,10280,39040,49320,62010NOH
R72 16111 0019,13260,38550,51810,10280,43530,53810,62010NOH
R72 16111 0020,13260,42620,55880,10280,45790,56070,62010NOH
R72 16111 0021,13260,40220,53480,10280,41240,51520,62010NOH
R72 16111 0022,13260,41490,54750,10280,37660,47940,62010NOH
R72 16111 0023,13260,44660,57920,10280,46410,56690,62010NOH
R72 16111 0024,13260,38350,51610,10280,36570,46850,62010NOH
R72 16111 0025,13260,42770,56030,10280,45750,56030,62010NOH
R72 16111 0026,13260,37910,51170,10280,36570,46850,62010NOH
R72 16111 0027,13260,37470,50730,10280,26160,36440,62010NOH
R72 16111 0028,13260,42690,55950,10280,44860,55140,62010NOH
R72 16111 0029,13260,47380,60640,10280,49000,59280,62010NOH
R72 16111 0030,13260,27010,40270,10280,45740,56020,62010NOH
R72 16111 0031,14790,40200,54990,11860,44360,56220,62010NOH
R72 16112 0001,13570,35310,48880,10600,34300,44900,62010NOH
R72 16112 0002,13570,39020,52590,10600,37500,48100,62010NOH
R72 16112 0003,13570,40250,53820,10600,39940,50540,62010NOH
R72 16112 0004,13570,42210,55780,10600,44750,55350,62010NOH
R72 16112 0005,14180,34980,49160,11190,34760,45950,62010NOH
R72 16112 0006,12900,37110,50010,9930,30420,40350,62010NOH
R72 16112 0007,14500,40080,54580,11540,38000,49540,62010NOH
R72 16112 0008,12640,34840,47480,9700,34180,43880,62010NOH
R72 16112 0009,13230,38370,51600,10210,34010,44220,62010NOH
R72 16112 0010,13770,39260,53030,10810,38940,49750,62010NOH
R72 16112 0011,13770,40220,53990,10810,39960,50770,62010NOH
R72 16112 0012,13770,39410,53180,10810,39150,49960,62010NOH
R72 16112 0013,15300,70710,86010,12350,76190,88540,62010NOH
R72 16112 0014,13130,39040,52170,10220,52640,62860,62010NOH
R72 16112 0015,13100,40180,53280,10130,41570,51700,62010NOH
R72 16112 0016,13360,36040,49400,10440,37930,48370,62010NOH
R72 16112 0017,13620,38090,51710,10700,36270,46970,62010NOH
R72 16112 0018,13890,38240,52130,10900,40260,51160,62010NOH
R72 16112 0019,13890,39940,53830,10950,10200,21150,62010NOH
R72 16112 0020,13890,45230,59120,10950,47630,58580,62010NOH
R72 16112 0021,13500,38420,51920,10480,61480,71960,62010NOH
R72 16112 0022,13500,42190,55690,10480,40580,51060,62010NOH
R72 16112 0023,13500,37440,50940,10480,36100,46580,62010NOH
R72 16112 0024,13500,36540,50040,10480,35770,46250,62010NOH
R72 16112 0025,14700,40510,55210,11680,40380,52060,62010NOH
R72 16112 0026,14990,58590,73580,12070,80990,93060,62010NOH
R72 16112 0027,13740,45180,58920,10750,36130,46880,62010NOH
R72 16112 0028,13800,47390,61190,10780,50440,61220,62010NOH
R72 16112 0029,13760,42690,56450,10820,41540,52360,62010NOH
R72 16112 0030,14060,40640,54700,11120,41160,52280,62010NOH
R72 16112 0031,14360,48440,62800,11420,53020,64440,62010NOH
R72 16112 0032,14850,50310,65160,11910,61330,73240,62010NOH
R72 16112 0033,4100,0,4100,2360,0,2360,62010NOH
R72 16113 0001,14000,34630,48630,11040,35520,46560,62010NOH
R72 16113 0002,13920,34930,48850,10910,29530,40440,62010NOH
R72 16113 0003,14170,34470,48640,11020,34790,45810,62010NOH
R72 16113 0004,13800,34880,48680,10700,36370,47070,62010NOH
R72 16113 0005,13720,39770,53490,10800,42760,53560,62010NOH
R72 16113 0006,13230,52840,66070,10320,50580,60900,62010NOH
R72 16113 0007,13230,57460,70690,10320,55410,65730,62010NOH
R72 16113 0008,13230,31670,44900,10320,30070,40390,62010NOH
R72 16113 0009,13230,29410,42640,10320,25670,35990,62010NOH
R72 16113 0010,13230,29410,42640,10320,25670,35990,62010NOH
R72 16113 0011,13230,33500,46730,10320,36400,46720,62010NOH
R72 16113 0012,13350,28240,41590,7170,36920,44090,62000GRE
R72 16113 0013,14050,32080,46130,7600,38240,45840,62000GRE
R72 16113 0014,14640,37280,51920,7950,37730,45680,62000GRE
R72 16113 0015,13460,29700,43160,7240,43240,50480,62000GRE
R72 16113 0016,13460,36420,49880,7240,48370,55610,62000GRE
R72 16113 0017,13460,31130,44590,7240,45180,52420,62000GRE
R72 16113 0018,13460,30340,43800,7240,43640,50880,62000GRE
R72 16113 0019,13460,31100,44560,7240,45040,52280,62000GRE
R72 16113 0020,13460,32030,45490,7240,38450,45690,62000GRE
R72 16113 0021,13460,37320,50780,7240,32760,40000,62000GRE
R72 16113 0022,13460,31870,45330,7240,40280,47520,62000GRE
R72 16114 0001,14210,41610,55820,11290,43460,54750,62010NOH
R72 16114 0002,14210,30170,44380,11290,29530,40820,62010NOH
R72 16114 0003,13330,32550,45880,10420,30930,41350,62010NOH
R72 16114 0004,13460,46400,59860,7240,51720,58960,62000GRE
R72 16114 0005,13460,34260,47720,7240,32760,40000,62000GRE
R72 16114 0006,13460,31180,44640,7240,33810,41050,62000GRE
R72 16114 0007,13460,35000,48460,7240,47040,54280,62000GRE
R72 16114 0008,13460,37530,50990,7240,60640,67880,62000GRE
R72 16115 0001,14360,40000,54360,11390,37430,48820,62010NOH
R72 16115 0002,14210,45820,60030,11300,33940,45240,62010NOH
R72 16115 0003,13270,35870,49140,10270,32830,43100,62010NOH
R72 16115 0004,13330,33350,46680,10360,25740,36100,62010NOH
R72 16115 0005,14210,40070,54280,11230,31970,43200,62010NOH
R72 16115 0006,14900,30430,45330,11910,28880,40790,62010NOH
R72 16115 0007,13230,39590,52820,10260,37660,47920,62010NOH
R72 16115 0008,13230,37770,51000,10260,35530,45790,62010NOH
R72 16115 0009,13230,36920,50150,10260,31190,41450,62010NOH
R72 16115 0010,13230,37330,50560,10260,33010,43270,62010NOH
R72 16115 0011,13230,37410,50640,10260,34070,44330,62010NOH
R72 16115 0012,13520,38540,52060,10610,35420,46030,62010NOH
R72 16115 0013,14700,43200,57900,11750,41230,52980,62010NOH
R72 16115 0014,16100,34490,50590,13570,26690,40260,62010NOH
R72 16115 0015,14950,22830,37780,12100,32980,45080,62010NOH
R72 16115 0016,13130,34540,47670,10220,31650,41870,62010NOH
R72 16115 0017,13620,38080,51700,10650,34670,45320,62010NOH
R72 16115 0018,13620,33500,47120,10650,30190,40840,62010NOH
R72 16115 0019,13620,43450,57070,10650,36640,47290,62010NOH
R72 16115 0020,14210,42610,56820,11230,37240,48470,62010NOH
R72 16115 0021,13340,41080,54420,10280,39770,50050,62010NOH
R72 16115 0022,13340,34850,48190,10280,31980,42260,62010NOH
R72 16115 0023,13430,35370,48800,10370,33140,43510,62010NOH
R72 16115 0024,13430,33720,47150,10370,30040,40410,62010NOH
R72 16115 0025,16030,39340,55370,12870,38440,51310,62010NOH
R72 16115 0026,13230,45240,58470,10320,39470,49790,62010NOH
R72 16115 0027,13230,36260,49490,10320,37180,47500,62010NOH
R72 16115 0028,13230,41690,54920,10320,44350,54670,62010NOH
R72 16115 0029,13230,49130,62360,10320,45870,56190,62010NOH
R72 16115 0030,13230,41680,54910,10320,44500,54820,62010NOH
R72 16115 0031,13260,39790,53050,10160,36600,46760,62010NOH
R72 16115 0032,15230,38960,54190,11810,31910,43720,62010NOH
R72 16115 0033,14120,34280,48400,10790,32830,43620,62010NOH
R72 16115 0034,13880,37750,51630,10700,38300,49000,62010NOH
R72 16115 0035,13250,38910,52160,10270,48790,59060,62010NOH
R72 16115 0036,13520,37070,50590,10450,32680,43130,62010NOH
R72 16115 0037,13690,38230,51920,10470,33040,43510,62010NOH
R72 16115 0038,13160,37120,50280,10120,28240,38360,62010NOH
R72 16115 0039,13240,44090,57330,10120,33960,44080,62010NOH
R72 16115 0041,14620,33350,47970,12360,29450,41810,62010NOH
R72 16115 0042,11970,41760,53730,9980,39420,49400,62010NOH
R72 16115 0043,13190,36010,49200,11220,36190,47410,62010NOH
R72 16115 0044,14440,33470,47910,12260,29960,42220,62010NOH
R72 16115 0045,15200,42400,57600,11890,38930,50820,62010NOH
R72 16115 0046,16380,45540,61920,13590,39100,52690,62010NOH
R72 16115 0047,16260,36900,53160,14010,35290,49300,62010NOH
R72 16115 0048,14570,34280,48850,11480,30770,42250,62010NOH
R72 16115 0049,15490,36490,51980,12420,35180,47600,62010NOH
R72 16116 0001,13150,33260,46410,10170,29590,39760,62010NOH
R72 16116 0002,13440,28040,41480,10280,41230,51510,62010NOH
R72 16116 0003,13340,37150,50490,10280,31340,41620,62010NOH
R72 16116 0004,13230,37480,50710,10210,34610,44820,62010NOH
R72 16116 0005,13230,29800,43030,10210,34220,44430,62010NOH
R72 16116 0006,13330,43650,56980,10300,41940,52240,62010NOH
R72 16116 0007,13330,35530,48860,10300,33450,43750,62010NOH
R72 16116 0008,13330,33420,46750,10300,33180,43480,62010NOH
R72 16116 0009,13330,36030,49360,10300,34220,44520,62010NOH
R72 16116 0010,13330,37560,50890,10300,34040,44340,62010NOH
R72 16116 0011,13330,30670,44000,10300,35580,45880,62010NOH
R72 16116 0012,15450,36240,51690,12590,35180,47770,62010NOH
R72 16116 0013,14630,40380,55010,11730,40070,51800,62010NOH
R72 16116 0014,13230,37630,50860,10320,32300,42620,62010NOH
R72 16116 0015,13230,35200,48430,10320,33580,43900,62010NOH
R72 16116 0016,13230,45460,58690,10320,39710,50030,62010NOH
R72 16116 0017,13230,38360,51590,10320,36390,46710,62010NOH
R72 16116 0018,13230,39940,53170,10320,40080,50400,62010NOH
R72 16116 0019,13230,38600,51830,10320,36530,46850,62010NOH
R72 16116 0020,13230,33380,46610,10320,25500,35820,62010NOH
R72 16116 0021,13230,35970,49200,10320,34220,44540,62010NOH
R72 16116 0022,14140,41730,55870,11080,40970,52050,62010NOH
R72 16116 0023,14700,37470,52170,11390,32350,43740,62010NOH
R72 16116 0024,13210,36070,49280,10190,34180,44370,62010NOH
R72 16116 0025,13920,38110,52030,10940,34970,45910,62010NOH
R72 16116 0026,13230,27200,40430,10320,30070,40390,62010NOH
R72 16116 0027,13230,35740,48970,10320,32770,43090,62010NOH
R72 16116 0028,13230,43040,56270,10320,40560,50880,62010NOH
R72 16116 0029,13230,36420,49650,10320,37260,47580,62010NOH
R72 16116 0030,13230,37060,50290,10320,33180,43500,62010NOH
R72 16116 0031,13230,43300,56530,10320,39740,50060,62010NOH
R72 16116 0032,15450,34200,49650,12590,30320,42910,62010NOH
R72 16116 0033,13620,39930,53550,10590,36800,47390,62010NOH
R72 16116 0034,13100,35870,48970,10080,28990,39070,62010NOH
R72 16116 0035,13230,34210,47440,10320,30630,40950,62010NOH
R72 16116 0036,13230,41330,54560,10320,45520,55840,62010NOH
R72 16116 0037,13230,38930,52160,10320,37520,47840,62010NOH
R72 16116 0038,13720,37260,50980,10800,41390,52190,62010NOH
R72 16116 0039,15600,41880,57480,12650,37690,50340,62010NOH
R72 16116 0040,14630,36580,51210,11530,36200,47730,62010NOH
R72 16116 0041,16730,36290,53020,14650,33970,48620,62010NOH
R72 16116 0042,21360,34900,56260,19100,33560,52660,62010NOH
R72 16116 0043,15730,42460,58190,13060,38980,52040,62010NOH
R72 16116 0044,13970,33370,47340,11020,30010,41030,62010NOH
R72 16116 0045,13500,36530,50030,10480,32370,42850,62010NOH
R72 16116 0046,13370,40700,54070,10430,40500,50930,62010NOH
R72 16116 0047,13370,33260,46630,10430,29590,40020,62010NOH
R72 16116 0048,13370,33260,46630,10370,29590,39960,62010NOH
R72 16116 0049,13370,37550,50920,10370,37720,48090,62010NOH
R72 16116 0050,13370,42150,55520,10370,46460,56830,62010NOH
R72 16116 0051,13230,35600,48830,10320,35410,45730,62010NOH
R72 16116 0052,13230,36890,50120,10320,33580,43900,62010NOH
R72 16116 0053,14080,36250,50330,11070,35180,46250,62010NOH
R72 16116 0054,8410,0,8410,6630,0,6630,62010NOH
R72 16116 0055,15840,35120,50960,13180,33130,46310,62010NOH
R72 16116 0056,13660,39950,53610,10670,41130,51800,62010NOH
R72 16116 0057,13230,37550,50780,10260,37720,47980,62010NOH
R72 16116 0058,14360,33260,47620,11420,10640,22060,62010NOH
R72 16116 0059,320,0,320,400,0,400,62010NOH
R72 16117 0001,14690,55900,70590,11580,45340,56920,62010NOH
R72 16117 0002,14070,36120,50190,11100,33160,44260,62010NOH
R72 16117 0003,13250,36500,49750,10320,28630,38950,62010NOH
R72 16117 0004,13250,35660,48910,10320,32370,42690,62010NOH
R72 16117 0005,13250,36820,50070,10320,33110,43430,62010NOH
R72 16117 0006,13250,41080,54330,10320,43590,53910,62010NOH
R72 16117 0007,13250,34330,47580,10320,34180,44500,62010NOH
R72 16117 0008,13250,38660,51910,10320,38570,48890,62010NOH
R72 16117 0009,13250,38460,51710,10320,38320,48640,62010NOH
R72 16117 0011,14880,35870,50750,11770,42530,54300,62010NOH
R72 16117 0012,14630,50270,64900,11750,52480,64230,62010NOH
R72 16117 0013,14490,53160,67650,11520,51750,63270,62010NOH
R72 16117 0014,14770,36790,51560,11870,37750,49620,62010NOH
R72 16117 0015,14770,37710,52480,11870,40780,52650,62010NOH
R72 16117 0016,14340,40740,55080,11400,43320,54720,62010NOH
R72 16117 0017,15260,47640,62900,12330,48020,60350,62010NOH
R72 16117 0018,15510,41580,57090,12630,43590,56220,62010NOH
R72 16117 0019,14520,38680,53200,11560,51400,62960,62010NOH
R72 16117 0020,14280,38700,52980,11330,38660,49990,62010NOH
R72 16117 0021,15090,47300,62390,12150,50530,62680,62010NOH
R72 16117 0022,14420,39760,54180,11450,42490,53940,62010NOH
R72 16117 0023,15040,46010,61050,12000,41170,53170,62010NOH
R72 16117 0024,14830,36950,51780,11880,38510,50390,62010NOH
R72 16117 0025,14700,35880,50580,11750,35480,47230,62010NOH
R72 16117 0026,14700,37950,52650,11750,39810,51560,62010NOH
R72 16117 0027,14700,46700,61400,11750,43390,55140,62010NOH
R72 16117 0028,14700,38240,52940,11750,40020,51770,62010NOH
R72 16117 0029,14600,38450,53050,11630,39300,50930,62010NOH
R72 16117 0030,14600,38600,53200,11630,39080,50710,62010NOH
R72 16117 0031,15230,49350,64580,12300,48500,60800,62010NOH
R72 16117 0032,15660,36080,51740,12740,37360,50100,62010NOH
R72 16117 0033,11780,40700,52480,8620,42540,51160,62010NOH
R72 16117 0034,15810,51850,67660,12940,55000,67940,62010NOH
R72 16117 0035,15810,52600,68410,12940,57560,70500,62010NOH
R72 16117 0036,15810,52270,68080,12940,50720,63660,62010NOH
R72 16117 0037,15810,50870,66680,12940,49420,62360,62010NOH
R72 16117 0038,15810,49380,65190,12940,48820,61760,62010NOH
R72 16117 0039,14900,50210,65110,11970,50820,62790,62010NOH
R72 16117 0040,14980,49500,64480,11930,53920,65850,62010NOH
R72 16117 0041,15200,55600,70800,12250,60680,72930,62010NOH
R72 16117 0042,15300,51490,66790,12350,53880,66230,62010NOH
R72 16117 0043,15810,47990,63800,12940,49780,62720,62010NOH
R72 16117 0044,15200,51320,66520,12250,55040,67290,62010NOH
R72 16117 0045,16640,58700,75340,13810,55340,69150,62010NOH
R72 16117 0046,15810,48580,64390,12940,49780,62720,62010NOH
R72 16117 0047,15810,53040,68850,12940,57960,70900,62010NOH
R72 16117 0048,15810,51330,67140,12940,54810,67750,62010NOH
R72 16117 0049,15810,51950,67760,12940,55560,68500,62010NOH
R72 16117 0050,15810,74390,90200,12940,70670,83610,62010NOH
R72 16117 0051,17940,53100,71040,16240,57480,73720,62010NOH
R72 16117 0052,17950,47090,65040,14700,50490,65190,62010NOH
R72 16118 0001,14000,24180,38180,9100,38530,47630,62000GRE
R72 16118 0002,14000,43220,57220,9100,42610,51710,62000GRE
R72 16118 0003,14000,33910,47910,9100,38530,47630,62000GRE
R72 16118 0005,14000,23130,37130,14000,17180,31180,62000GRE
R72 16118 0006,14000,34340,48340,9100,40720,49820,62000GRE
R72 16118 0007,14000,43220,57220,9100,48700,57800,62000GRE
R72 16118 0008,14000,33910,47910,9100,38530,47630,62000GRE
R72 16118 0009,14000,36650,50650,9100,50100,59200,62000GRE
R72 16118 0010,14000,43220,57220,9100,48700,57800,62000GRE
R72 16118 0011,14000,33910,47910,14000,15270,29270,62000GRE
R72 16118 0012,14000,43220,57220,9100,42610,51710,62000GRE
R72 16118 0013,14000,34850,48850,9100,40940,50040,62000GRE
R72 16118 0014,14000,35830,49830,9100,39840,48940,62000GRE
R72 16118 0015,14000,43220,57220,9100,50200,59300,62000GRE
R72 16118 0016,14000,16090,30090,9100,38530,47630,62000GRE
R72 16118 0017,14000,33910,47910,9100,38530,47630,62000GRE
R72 16118 0018,14000,33910,47910,9100,38530,47630,62000GRE
R72 16118 0019,14000,43220,57220,9100,48700,57800,62000GRE
R72 16118 0021,14000,21100,35100,9100,38530,47630,62000GRE
R72 16118 0022,14000,43120,57120,9100,48540,57640,62000GRE
R72 16118 0023,14000,33910,47910,9100,38530,47630,62000GRE
R72 16118 0024,14000,22250,36250,14000,14980,28980,62000GRE
R72 16118 0026,15400,42900,58300,10010,66410,76420,62000GRE
R72 16118 0027,14000,33910,47910,10010,51670,61680,62000GRE
R72 16118 0028,14000,35410,49410,10010,56170,66180,62000GRE
R72 16118 0029,14000,41260,55260,9100,44070,53170,62000GRE
R72 16118 0030,14000,26370,40370,10010,32960,42970,62000GRE
R72 16118 0031,14000,39540,53540,9100,50200,59300,62000GRE
R72 16118 0032,14000,33960,47960,9100,38530,47630,62000GRE
R72 16118 0033,14000,36910,50910,9100,42870,51970,62000GRE
R72 16118 0034,14000,43220,57220,9100,48700,57800,62000GRE
R72 16118 0035,14000,33910,47910,9100,38530,47630,62000GRE
R72 16118 0036,14000,36150,50150,9100,36480,45580,62000GRE
R72 16118 0037,14000,30090,44090,9100,33110,42210,62000GRE
R72 16118 0038,14000,33910,47910,9100,38530,47630,62000GRE
R72 16118 0039,14000,35020,49020,9100,40390,49490,62000GRE
R72 16118 0040,14000,39390,53390,9100,48700,57800,62000GRE
R72 16119 0001,11120,0,1420,11120,0,11120,62010NOH
R72 16119 0002,59180,0,59180,59180,0,59180,62010NOH
R72 16119 0004,10290,0,10290,8850,0,8850,62010NOH
R72 16119 0005,10100,0,10100,8640,0,8640,62010NOH
R72 16119 0008,20740,35290,56030,18380,43690,62070,62010NOH
R72 16119 0009,24770,21690,46460,21960,19920,41880,62010NOH
R72 16201 0001,14950,46600,61550,11940,56850,68790,61000COL
R72 16201 0002,14950,46380,61330,11870,52610,64480,61000COL
R72 16201 0003,14790,55490,70280,11810,53810,65620,61000COL
R72 16201 0004,15800,41030,56830,12550,46340,58890,61000COL
R72 16201 0005,13840,41860,55700,11070,41310,52380,61000COL
R72 16201 0006,13840,43950,57790,11010,50910,61920,61000COL
R72 16201 0007,13840,23310,37150,11010,52040,63050,61000COL
R72 16201 0008,13840,42480,56320,11070,41910,52980,61000COL
R72 16201 0009,15160,50080,65240,12100,43490,55590,61000COL
R72 16201 0010,13460,47790,61250,10610,51510,62120,61000COL
R72 16201 0011,13460,46630,60090,10610,55750,66360,61000COL
R72 16201 0012,13600,42830,56430,10780,46900,57680,61000COL
R72 16201 0013,14400,42720,57120,11390,42530,53920,61000COL
R72 16201 0015,13340,41460,54800,10620,46330,56950,61000COL
R72 16201 0016,13200,41280,54480,10520,46220,56740,61000COL
R72 16201 0017,13060,40200,53260,10420,40810,51230,61000COL
R72 16201 0018,12650,46870,59520,10020,54240,64260,61000COL
R72 16201 0019,12930,46140,59070,10220,54690,64910,61000COL
R72 16201 0020,12650,39390,52040,10070,43470,53540,61000COL
R72 16201 0021,14580,40930,55510,11730,44920,56650,61000WES
R72 16201 0022,14580,40980,55560,11730,48250,59980,61000WES
R72 16201 0023,14580,39900,54480,11730,34530,46260,61000WES
R72 16201 0024,14580,39390,53970,11730,36170,47900,61000WES
R72 16201 0025,14580,39860,54440,11730,42620,54350,61000WES
R72 16201 0026,15240,41340,56580,12300,50380,62680,61000WES
R72 16201 0027,15900,40300,56200,12860,42480,55340,61000WES
R72 16201 0028,14580,30670,45250,11730,36400,48130,61000WES
R72 16201 0029,14580,37500,52080,11730,38600,50330,61000WES
R72 16201 0030,14580,14520,29100,11730,32600,44330,61000WES
R72 16201 0031,14580,36930,51510,11730,38790,50520,61000WES
R72 16201 0032,14580,37140,51720,11730,12880,24610,61000WES
R72 16201 0033,14030,39780,53810,11330,47620,58950,61000WES
R72 16201 0034,18590,39210,57800,14180,16480,30660,61000WES
R72 16201 0035,14150,22100,36250,11330,39280,50610,61000COL
R72 16201 0036,13600,45460,59060,10870,57290,68160,61000COL
R72 16201 0037,13320,39620,52940,10570,47690,58260,61000COL
R72 16201 0038,13340,26050,39390,10620,45990,56610,61000COL
R72 16201 0039,13480,44120,57600,10780,62990,73770,61000COL
R72 16201 0040,13750,44210,57960,9040,18960,28000,61000COL
R72 16201 0041,13890,40480,54370,11130,47140,58270,61000COL
R72 16201 0042,14030,49110,63140,11230,50410,61640,61000COL
R72 16201 0043,15780,42300,58080,12730,47780,60510,61000COL
R72 16201 0044,16580,47510,64090,13380,56230,69610,61000COL
R72 16201 0045,14810,41210,56020,11970,45880,57850,61000COL
R72 16201 0046,14810,54120,68930,9860,8370,18230,61000COL
R72 16201 0047,14030,44780,58810,11280,43420,54700,61000COL
R72 16201 0048,13610,46650,60260,10930,53870,64800,61000COL
R72 16201 0049,13060,20250,33310,10370,53550,63920,61000COL
R72 16201 0050,12930,42550,55480,10270,47140,57410,61000COL
R72 16201 0051,13200,42980,56180,10570,48300,58870,61000COL
R72 16201 0052,13750,44310,58060,11030,37410,48440,61000COL
R72 16201 0053,16420,48340,64760,12620,50120,62740,61000COL
R72 16201 0054,16420,39830,56250,12620,41280,53900,61000COL
R72 16201 0055,16640,43000,59640,13750,48350,62100,61000COL
R72 16201 0056,15750,52220,67970,12800,54610,67410,61000COL
R72 16201 0057,15000,49420,64420,12090,48600,60690,61000COL
R72 16201 0058,14700,44050,58750,11740,49920,61660,61000COL
R72 16201 0059,16000,43800,59800,12780,40700,53480,61000COL
R72 16201 0060,15000,67440,82440,12090,75610,87700,61000COL
R72 16201 0061,15600,37830,53430,12620,59560,72180,61000COL
R72 16201 0062,15650,42200,57850,12690,39410,52100,61000COL
R72 16201 0063,15120,44990,60110,12360,43960,56320,61000COL
R72 16201 0064,15260,26930,42190,12560,54070,66630,61000COL
R72 16201 0065,15400,42670,58070,12670,43030,55700,61000COL
R72 16201 0066,14760,42140,56900,11730,34770,46500,61000COL
R72 16201 0067,13460,41580,55040,10770,38680,49450,61000COL
R72 16201 0068,13780,45070,58850,10910,47270,58180,61000COL
R72 16201 0069,17250,36720,53970,14560,40420,54980,61000COL
R72 16201 0070,14030,37010,51040,10970,37780,48750,61000COL
R72 16201 0071,14080,45470,59550,10900,38760,49660,61000COL
R72 16202 0003,15400,48160,63560,12580,53100,65680,61000COL
R72 16202 0006,14700,42610,57310,12000,40350,52350,61000COL
R72 16202 0008,16530,51020,67550,13700,60880,74580,61000COL
R72 16202 0010,15930,54490,70420,12310,64600,76910,61000COL
R72 16202 0011,1730,0,1730,1540,0,1540,61000COL
R72 16202 0014,18100,35710,53810,15460,27230,42690,61000COL
R72 16202 0015,16390,51600,67990,13830,52550,66380,61000COL
R72 16202 0016,16390,57030,73420,13660,82110,95770,61000COL
R72 16202 0017,17230,29950,47180,14410,57350,71760,61000COL
R72 16202 0018,16610,52250,68860,13500,26360,39860,61000COL
R72 16202 0019,16300,47590,63890,13320,61380,74700,61000COL
R72 16202 0020,16450,54640,71090,13380,63080,76460,61000COL
R72 16202 0021,17010,48300,65310,13920,60910,74830,61000COL
R72 16202 0022,17010,34900,51910,13980,61860,75840,61000COL
R72 16202 0023,21330,63370,84700,17770,90200,107970,61000COL
R72 16202 0024,17090,56970,74060,14000,63580,77580,61000COL
R72 16202 0025,15640,62900,78540,12750,59280,72030,61000COL
R72 16202 0026,15780,32120,47900,12860,46400,59260,61000COL
R72 16202 0027,15780,42220,58000,12860,49070,61930,61000COL
R72 16202 0028,15640,38940,54580,12750,45850,58600,61000COL
R72 16203 0001,16620,42280,58900,13690,39680,53370,61000COL
R72 16203 0002,14990,44620,59610,12140,41950,54090,61000COL
R72 16203 0003,14570,37140,51710,11740,31880,43620,61000COL
R72 16203 0004,15170,43930,59100,10070,26930,37000,61000COL
R72 16203 0005,14030,32140,46170,11280,42070,53350,61000COL
R72 16203 0006,14030,50690,64720,11280,48740,60020,61000COL
R72 16203 0007,14030,45100,59130,11280,46860,58140,61000COL
R72 16203 0008,14030,45920,59950,11280,45250,56530,61000COL
R72 16203 0009,14030,45990,60020,11280,44730,56010,61000COL
R72 16203 0010,14030,45640,59670,11280,71480,82760,61000COL
R72 16203 0011,7020,0,7020,5100,0,5100,61000COL
R72 16203 0012,14030,16780,30810,11280,23680,34960,61000COL
R72 16203 0013,15300,48480,63780,12330,56540,68870,61000COL
R72 16203 0014,18850,67920,86770,16340,100190,116530,61000COL
R72 16203 0016,15730,47740,63470,12790,38700,51490,61000COL
R72 16203 0017,16490,38970,55460,13450,48450,61900,61000COL
R72 16203 0018,16650,45850,62500,13800,43530,57330,61000COL
R72 16203 0019,15950,43120,59070,13190,48640,61830,61000COL
R72 16203 0020,14710,41750,56460,11900,35940,47840,61000COL
R72 16203 0021,14030,33610,47640,11330,37300,48630,61000COL
R72 16203 0022,13890,36660,50550,11130,39180,50310,61000COL
R72 16203 0023,13890,52260,66150,11130,46870,58000,61000COL
R72 16203 0024,14160,36880,51040,11430,31680,43110,61000COL
R72 16203 0026,17920,41470,59390,15070,48480,63550,61000COL
R72 16203 0041,13750,41860,55610,11030,46320,57350,61000COL
R72 16203 0042,15130,52680,67810,12200,54130,66330,61000COL
R72 16204 0001,20330,66950,87280,17910,69610,87520,61000COL
R72 16204 0002,17960,89350,107310,15190,92660,107850,61000COL
R72 16204 0003,13380,49550,62930,10780,55800,66580,61000COL
R72 16204 0004,13750,46600,60350,11150,49980,61130,61000COL
R72 16204 0005,21000,50790,71790,17830,55380,73210,61000COL
R72 16204 0007,14380,50050,64430,11950,48210,60160,61000COL
R72 16204 0008,14500,54690,69190,12080,74440,86520,61000COL
R72 16204 0009,14500,59230,73730,12160,60110,72270,61000COL
R72 16204 0010,7250,0,7250,5500,0,5500,61000COL
R72 16204 0011,24070,65290,89360,19480,79480,98960,61000COL
R72 16204 0013,13700,94940,108640,10910,96390,107300,61000COL
R72 16204 0014,6190,0,6190,4500,0,4500,61000COL
R72 16204 0015,6380,0,6380,4610,0,4610,61000COL
R72 16204 0016,13000,43840,56840,10440,50380,60820,61000COL
R72 16204 0017,14850,38200,53050,11990,40370,52360,61000COL
R72 16204 0018,13630,38300,51930,10940,49300,60240,61000COL
R72 16204 0019,13630,49330,62960,11030,50210,61240,61000COL
R72 16204 0020,13630,48210,61840,11030,50160,61190,61000COL
R72 16204 0021,13500,50060,63560,10900,58100,69000,61000COL
R72 16204 0022,13640,44370,58010,10930,43990,54920,61000COL
R72 16204 0023,13510,42740,56250,10890,41970,52860,61000COL
R72 16204 0024,13510,49580,63090,10850,48130,58980,61000COL
R72 16204 0025,13510,29250,42760,10850,43390,54240,61000COL
R72 16204 0026,13510,39790,53300,10850,42550,53400,61000COL
R72 16204 0027,13380,37410,50790,10810,35310,46120,61000COL
R72 16204 0028,13380,30170,43550,10810,39250,50060,61000COL
R72 16204 0029,13510,31800,45310,10890,32200,43090,61000COL
R72 16204 0030,13380,42180,55560,10780,47530,58310,61000COL
R72 16204 0031,13380,53460,66840,10730,45690,56420,61000COL
R72 16204 0032,6690,0,6690,4880,0,4880,61000COL
R72 16204 0033,6750,0,6750,5480,1390,6870,61000COL
R72 16204 0034,16050,63520,79570,13090,75750,88840,61000COL
R72 16204 0035,14040,73080,87120,11360,54800,66160,61000COL
R72 16204 0036,13910,54860,68770,11220,60520,71740,61000COL
R72 16204 0037,15860,32290,48150,12840,66880,79720,61000COL
R72 16204 0038,13390,44200,57590,10710,45670,56380,61000COL
R72 16204 0040,12750,43860,56610,10230,41550,51780,61000COL
R72 16204 0041,12880,44120,57000,10360,41920,52280,61000COL
R72 16204 0042,13000,43720,56720,10480,40950,51430,61000COL
R72 16204 0043,13650,72560,86210,10950,55780,66730,61000COL
R72 16204 0044,12000,49380,61380,9630,48220,57850,61000COL
R72 16204 0045,13230,62130,75360,10490,68340,78830,61000COL
R72 16204 0046,14660,70030,84690,11810,95320,107130,61000COL
R72 16204 0047,15440,47110,62550,12260,50780,63040,61000COL
R72 16204 0048,14550,54420,68970,11700,60250,71950,61000COL
R72 16204 0050,14410,49270,63680,11650,32230,43880,61000COL
R72 16204 0052,4770,0,4770,3460,0,3460,61000COL
R72 16204 0053,11330,51980,63310,9030,55120,64150,61000COL
R72 16204 0054,14560,41970,56530,11750,46760,58510,61000COL
R72 16204 0056,13500,55330,68830,10860,60770,71630,61000COL
R72 16204 0057,6880,0,6880,5050,0,5050,61000COL
R72 16204 0058,14130,48160,62290,11490,43260,54750,61000COL
R72 16204 0059,10880,40960,51840,8760,51380,60140,61000COL
R72 16204 0060,16200,40670,56870,13210,43120,56330,61000COL
R72 16204 0061,16200,40840,57040,13270,60840,74110,61000COL
R72 16204 0062,16050,44310,60360,13090,44920,58010,61000COL
R72 16204 0063,15900,43010,58910,12980,44500,57480,61000COL
R72 16204 0064,15300,59700,75000,12390,64370,76760,61000COL
R72 16204 0065,15150,50130,65280,12150,50690,62840,61000COL
R72 16204 0066,15000,65920,80920,12090,68520,80610,61000COL
R72 16205 0001,15040,72840,87880,11940,80400,92340,61000COL
R72 16205 0002,5440,0,5440,3950,0,3950,61000COL
R72 16205 0003,5330,0,5330,3890,0,3890,61000COL
R72 16205 0004,15310,101280,116590,12230,94930,107160,61000COL
R72 16205 0005,15470,123950,139420,12350,106770,119120,61000COL
R72 16205 0006,17190,50340,67530,14300,55300,69600,61000COL
R72 16205 0007,8290,0,8290,6120,0,6120,61000COL
R72 16205 0008,16090,80210,96300,12980,97220,110200,61000COL
R72 16205 0009,18880,50870,69750,15080,63960,79040,61000COL
R72 16205 0010,17200,58290,75490,12870,60340,73210,61000COL
R72 16205 0011,14160,75450,89610,11380,72960,84340,61000COL
R72 16205 0012,10100,0,10100,7430,0,7430,61000COL
R72 16205 0013,12130,49590,61720,9730,57980,67710,61000COL
R72 16205 0014,12000,48120,60120,9600,49460,59060,61000COL
R72 16205 0015,12000,28850,40850,9640,50320,59960,61000COL
R72 16205 0016,12250,45580,57830,9810,40110,49920,61000COL
R72 16205 0017,12500,47040,59540,10020,37860,47880,61000COL
R72 16205 0018,13440,54370,67810,10760,55820,66580,61000COL
R72 16205 0019,17160,58290,75450,13500,60820,74320,61000COL
R72 16205 0021,17040,76040,93080,13360,63080,76440,61000COL
R72 16205 0024,15000,89790,104790,15000,126580,141580,61000COL
R72 16205 0025,13080,53840,66920,10430,54180,64610,61000COL
R72 16205 0026,14940,55420,70360,12550,59370,71920,61000COL
R72 16205 0027,11620,34740,46360,9320,41100,50420,61000COL
R72 16205 0028,12880,48360,61240,10310,47400,57710,61000COL
R72 16205 0029,13000,44970,57970,8600,18150,26750,61000COL
R72 16205 0030,14750,45740,60490,12500,54340,66840,61000COL
R72 16205 0031,12880,57680,70560,10290,61010,71300,61000COL
R72 16205 0032,12630,38530,51160,10080,46590,56670,61000COL
R72 16205 0033,12250,47080,59330,9820,46150,55970,61000COL
R72 16205 0034,12930,69880,82810,10270,81340,91610,61000COL
R72 16205 0035,14110,34780,48890,11070,31140,42210,61000COL
R72 16205 0036,16670,85670,102340,13950,80210,94160,61000COL
R72 16205 0037,16970,76250,93220,14550,80610,95160,61000COL
R72 16205 0038,33250,89390,122640,26690,102940,129630,61000COL
R72 16205 0041,15000,41470,56470,12040,47470,59510,61000COL
R72 16205 0043,6880,0,6880,4990,0,4990,61000COL
R72 16205 0044,14520,86980,101500,11640,99790,111430,61000COL
R72 16205 0045,16100,41720,57820,13570,54170,67740,61000COL
R72 16205 0046,23590,112280,135870,20000,148330,168330,61000COL
R72 16205 0047,12500,49730,62230,10040,53160,63200,61000COL
R72 16205 0048,12620,49210,61830,10130,49630,59760,61000COL
R72 16205 0049,15380,60990,76370,12340,61040,73380,61000COL
R72 16205 0050,6570,0,6570,4780,0,4780,61000COL
R72 16205 0051,13390,49270,62660,10760,48250,59010,61000COL
R72 16205 0052,15190,56000,71190,12290,61350,73640,61000COL
R72 16205 0053,6950,0,6950,5060,0,5060,61000COL
R72 16205 0054,12630,125440,138070,10120,114210,124330,61000COL
R72 16205 0055,6250,0,6250,4540,0,4540,61000COL
R72 16205 0056,12500,50230,62730,10060,49580,59640,61000COL
R72 16205 0057,14300,55100,69400,11650,66110,77760,61000COL
R72 16205 0058,14170,47840,62010,11420,52650,64070,61000COL
R72 16205 0059,14040,62460,76500,11290,70270,81560,61000COL
R72 16205 0060,14690,53200,67890,12060,95270,107330,61000COL
R72 16205 0061,13780,59920,73700,11060,71480,82540,61000COL
R72 16206 0001,13300,44270,57570,10550,34960,45510,61000COL
R72 16206 0002,13200,36430,49630,10470,37490,47960,61000COL
R72 16206 0003,13340,42900,56240,10680,44540,55220,61000COL
R72 16206 0004,13130,52500,65630,10480,64480,74960,61000COL
R72 16206 0005,14160,53040,67200,11380,51300,62680,61000COL
R72 16206 0006,12750,26210,38960,10270,39200,49470,61000COL
R72 16206 0007,6380,0,6380,4610,0,4610,61000COL
R72 16206 0008,14030,51460,65490,11230,56270,67500,61000COL
R72 16206 0009,13880,40060,53940,11080,44060,55140,61000COL
R72 16206 0010,12500,49340,61840,9980,60360,70340,61000COL
R72 16206 0011,12500,49040,61540,9980,64550,74530,61000COL
R72 16206 0012,13380,54590,67970,10680,56610,67290,61000COL
R72 16206 0013,19630,61370,81000,15770,59410,75180,61000COL
R72 16206 0015,14990,48850,63840,12190,45790,57980,61000COL
R72 16206 0016,13630,56450,70080,10940,58960,69900,61000COL
R72 16206 0017,13500,41880,55380,10900,39840,50740,61000COL
R72 16206 0018,13500,44370,57870,10860,56140,67000,61000COL
R72 16206 0019,13500,55830,69330,10900,56860,67760,61000COL
R72 16206 0020,13630,38470,52100,10940,43510,54450,61000COL
R72 16206 0021,13630,48770,62400,11030,45930,56960,61000COL
R72 16206 0022,14300,46920,61220,11690,54140,65830,61000COL
R72 16206 0023,14250,67910,82160,11430,69510,80940,61000COL
R72 16206 0024,6950,0,6950,5030,0,5030,61000COL
R72 16206 0025,14030,39520,53550,11330,45030,56360,61000COL
R72 16206 0026,14420,47200,61620,11590,45050,56640,61000COL
R72 16206 0027,12880,50890,63770,10340,59220,69560,61000COL
R72 16206 0028,12880,49410,62290,10380,39000,49380,61000COL
R72 16206 0029,13780,33970,47750,11050,36670,47720,61000COL
R72 16206 0030,13780,32760,46540,11140,38240,49380,61000COL
R72 16206 0031,13910,39120,53030,11190,41570,52760,61000COL
R72 16206 0032,13130,47680,60810,10520,51790,62310,61000COL
R72 16206 0033,19630,73550,93180,16010,71670,87680,61000COL
R72 16206 0035,13130,55460,68590,10550,62130,72680,61000COL
R72 16206 0036,6570,0,6570,4750,0,4750,61000COL
R72 16206 0037,6500,0,6500,4740,0,4740,61000COL
R72 16206 0038,12880,63070,75950,10380,53190,63570,61000COL
R72 16206 0039,14750,46240,60990,12500,50030,62530,61000COL
R72 16206 0040,14500,45240,59740,12160,43060,55220,61000COL
R72 16206 0041,14380,39170,53550,9810,12830,22640,61000COL
R72 16206 0042,14130,39550,53680,11620,45220,56840,61000COL
R72 16206 0043,14010,57710,71720,11410,57090,68500,61000COL
R72 16206 0044,7130,0,7130,5290,0,5290,61000COL
R72 16206 0045,14520,50820,65340,12090,52550,64640,61000COL
R72 16206 0046,15280,44710,59990,13420,51930,65350,61000COL
R72 16206 0047,22690,43190,65880,19280,46350,65630,61000COL
R72 16206 0049,14700,41330,56030,12050,40170,52220,61000COL
R72 16206 0050,14000,39640,53640,11360,32390,43750,61000COL
R72 16206 0051,920,0,920,690,0,690,61000COL
R72 16206 0052,14030,38910,52940,11440,39310,50750,61000COL
R72 16206 0053,24230,58340,82570,19680,77140,96820,61000COL
R72 16206 0057,14750,57250,72000,11780,59290,71070,61000COL
R72 16206 0059,15590,68210,83800,12450,81740,94190,61000COL
R72 16206 0061,16430,56260,72690,13430,64930,78360,61000COL
R72 16206 0062,16200,60170,76370,13270,65120,78390,61000COL
R72 16206 0063,17460,51870,69330,14550,57780,72330,61000COL
R72 16206 0066,17090,62430,79520,14340,72860,87200,61000COL
R72 16206 0067,15130,64460,79590,12140,65640,77780,61000COL
R72 16206 0068,7020,0,7020,5130,0,5130,61000COL
R72 16206 0069,14580,55360,69940,11830,60640,72470,61000COL
R72 16206 0070,16640,28570,45210,13630,61970,75600,61000COL
R72 16206 0071,6380,0,6380,4640,0,4640,61000COL
R72 16206 0072,12880,51510,64390,10320,55920,66240,61000COL
R72 16207 0001,13750,52540,66290,11030,46320,57350,61000COL
R72 16207 0002,13260,33520,46780,10620,40610,51230,61000COL
R72 16207 0003,20780,46520,67300,16750,45790,62540,61000COL
R72 16207 0005,14130,37610,51740,11280,48250,59530,61000COL
R72 16207 0006,13130,35680,48810,10520,38240,48760,61000COL
R72 16207 0007,13260,37300,50560,10620,50300,60920,61000COL
R72 16207 0008,13880,42460,56340,11180,53570,64750,61000COL
R72 16207 0009,12630,42620,55250,10120,53600,63720,61000COL
R72 16207 0010,12630,54310,66940,10120,62900,73020,61000COL
R72 16207 0011,12750,45670,58420,10210,50330,60540,61000COL
R72 16207 0012,12880,56370,69250,10340,56100,66440,61000COL
R72 16207 0014,13000,38630,51630,10460,35950,46410,61000COL
R72 16207 0015,13260,43510,56770,10630,50840,61470,61000COL
R72 16207 0016,14710,48420,63130,11920,55380,67300,61000COL
R72 16207 0017,13500,37400,50900,10820,41840,52660,61000COL
R72 16207 0018,13260,37400,50660,10630,45260,55890,61000COL
R72 16207 0019,12750,13540,26290,10250,31860,42110,61000COL
R72 16207 0020,13490,37050,50540,10830,37330,48160,61000COL
R72 16207 0021,12880,21420,34300,10380,41290,51670,61000COL
R72 16207 0022,12880,42430,55310,10380,37800,48180,61000COL
R72 16207 0023,12880,24360,37240,10340,34820,45160,61000COL
R72 16207 0024,12880,35160,48040,10290,36140,46430,61000COL
R72 16207 0025,12750,33420,46170,10210,32590,42800,61000COL
R72 16207 0026,12500,35540,48040,9980,33460,43440,61000COL
R72 16207 0027,19130,39610,58740,15480,49140,64620,61000COL
R72 16207 0029,12750,33190,45940,10190,40020,50210,61000COL
R72 16207 0030,12630,37950,50580,10160,41640,51800,61000COL
R72 16207 0031,13260,21710,34970,10650,38370,49020,61000COL
R72 16207 0032,18940,48780,67720,15230,64610,79840,61000COL
R72 16207 0034,12750,42410,55160,10220,42960,53180,61000COL
R72 16207 0035,11750,37680,49430,9430,38560,47990,61000COL
R72 16207 0036,11880,35810,47690,9520,46310,55830,61000COL
R72 16207 0037,12000,35730,47730,9600,41980,51580,61000COL
R72 16207 0038,12610,24610,37220,10110,44940,55050,61000COL
R72 16207 0039,18500,18490,36990,9950,48370,58320,61000COL
R72 16207 0040,16030,23030,39060,13090,46360,59450,61000COL
R72 16207 0041,13650,38030,51680,10990,49200,60190,61000COL
R72 16207 0042,13520,34790,48310,10850,51140,61990,61000COL
R72 16207 0043,15150,39550,54700,12150,43950,56100,61000COL
R72 16207 0044,12380,35630,48010,9940,60170,70110,61000COL
R72 16207 0045,12250,42180,54430,9810,57850,67660,61000COL
R72 16207 0046,12130,37430,49560,9680,46890,56570,61000COL
R72 16207 0047,12000,49960,61960,9560,62440,72000,61000COL
R72 16207 0048,11750,31630,43380,9430,36920,46350,61000COL
R72 16207 0049,13780,31540,45320,11060,38850,49910,61000WES
R72 16207 0050,14310,34520,48830,11510,30490,42000,61000WES
R72 16207 0051,13520,38750,52270,10830,45240,56070,61000WES
R72 16207 0052,13250,43770,57020,10610,53450,64060,61000WES
R72 16207 0053,13250,37640,50890,10610,40980,51590,61000WES
R72 16207 0054,13250,38490,51740,10610,42560,53170,61000WES
R72 16207 0055,13250,32890,46140,10610,38730,49340,61000WES
R72 16207 0056,13250,31650,44900,10610,32380,42990,61000WES
R72 16207 0057,13250,40500,53750,10610,43410,54020,61000WES
R72 16207 0058,13250,24480,37730,8510,0,8510,61000WES
R72 16207 0059,13250,50860,64110,10610,50250,60860,61000WES
R72 16207 0060,13380,32070,45450,10720,32060,42780,61000WES
R72 16207 0061,16300,34410,50710,13200,40760,53960,61000WES
R72 16207 0062,13910,44000,57910,11170,48420,59590,61000WES
R72 16207 0063,14990,36270,51260,12100,36460,48560,61000COL
R72 16207 0064,13250,37670,50920,10650,32340,42990,61000COL
R72 16207 0065,13000,23020,36020,10440,41610,52050,61000COL
R72 16207 0066,12750,35940,48690,10190,41180,51370,61000COL
R72 16207 0067,13860,35030,48890,11070,32710,43780,61000COL
R72 16207 0068,14720,36600,51320,12000,31950,43950,61000COL
R72 16207 0069,13250,37020,50270,10650,42630,53280,61000COL
R72 16207 0070,12750,40670,53420,10270,37790,48060,61000COL
R72 16207 0071,12500,49860,62360,10020,55280,65300,61000COL
R72 16207 0072,13600,36460,50060,10920,38430,49350,61000COL
R72 16208 0002,5040,0,5040,4130,0,4130,62000WES
R72 16208 0024,4000,0,4000,4030,0,4030,62000WES
R72 16209 0001,13250,35890,49140,10610,39860,50470,61000COL
R72 16209 0002,13130,34270,47400,10570,41860,52430,61000COL
R72 16209 0003,13250,34810,48060,10610,41420,52030,61000COL
R72 16209 0004,13130,35950,49080,10570,38650,49220,61000COL
R72 16209 0005,13130,31480,44610,10520,42990,53510,61000COL
R72 16209 0006,13130,46820,59950,10520,48960,59480,61000COL
R72 16209 0007,13130,48610,61740,10570,55080,65650,61000COL
R72 16209 0008,13380,37640,51020,10760,42850,53610,61000COL
R72 16209 0009,13250,43560,56810,10690,45730,56420,61000COL
R72 16209 0010,13250,31550,44800,10690,41810,52500,61000COL
R72 16209 0011,13250,49740,62990,10610,45800,56410,61000COL
R72 16209 0012,12630,37000,49630,10100,39000,49100,61000COL
R72 16209 0013,13000,35290,48290,10440,18570,29010,61000COL
R72 16209 0014,13000,46650,59650,10440,46230,56670,61000COL
R72 16209 0015,13500,33880,47380,10820,41640,52460,61000COL
R72 16209 0016,13500,48090,61590,8940,28330,37270,61000COL
R72 16209 0017,13500,36160,49660,10860,60290,71150,61000COL
R72 16209 0018,13500,48320,61820,10820,48100,58920,61000COL
R72 16209 0019,13500,31130,44630,10860,39220,50080,61000COL
R72 16209 0020,13500,48790,62290,10860,53830,64690,61000COL
R72 16209 0021,13630,22300,35930,10940,42390,53330,61000COL
R72 16209 0022,13630,47940,61570,10990,47220,58210,61000COL
R72 16209 0023,13630,35230,48860,10990,44890,55880,61000COL
R72 16209 0024,13630,39110,52740,10990,42690,53680,61000COL
R72 16209 0025,13500,45850,59350,10900,44900,55800,61000COL
R72 16209 0026,13500,32640,46140,10860,45170,56030,61000COL
R72 16209 0027,13500,39110,52610,10900,48340,59240,61000COL
R72 16209 0028,13500,45880,59380,10900,45980,56880,61000COL
R72 16209 0029,12000,36530,48530,9600,35440,45040,61000COL
R72 16209 0030,6250,6250,12500,9640,38200,47840,61000COL
R72 16209 0031,12130,39500,51630,9680,46410,56090,61000COL
R72 16209 0032,12000,40040,52040,9640,37830,47470,61000COL
R72 16209 0033,12250,43130,55380,9770,49360,59130,61000COL
R72 16209 0034,12380,46120,58500,9890,55960,65850,61000COL
R72 16209 0035,12500,43530,56030,10020,50100,60120,61000COL
R72 16209 0036,12880,41050,53930,10340,44600,54940,61000COL
R72 16209 0037,13130,36830,49960,10510,40570,51080,61000COL
R72 16209 0038,13380,37740,51120,10720,44250,54970,61000COL
R72 16209 0039,13380,43840,57220,10730,45030,55760,61000COL
R72 16209 0040,13500,41120,54620,10820,43080,53900,61000COL
R72 16209 0041,13500,44880,58380,10820,38120,48940,61000COL
R72 16209 0042,13500,41750,55250,10860,40590,51450,61000COL
R72 16209 0043,13500,36280,49780,10860,35840,46700,61000COL
R72 16209 0044,13910,29050,42960,11170,40280,51450,61000WES
R72 16209 0045,13250,30770,44020,10690,52020,62710,61000COL
R72 16209 0046,13250,27010,40260,10690,43530,54220,61000COL
R72 16209 0047,13250,30910,44160,10650,54900,65550,61000COL
R72 16209 0048,13130,34100,47230,10570,44980,55550,61000COL
R72 16209 0049,13000,52440,65440,10440,67130,77570,61000COL
R72 16209 0050,12880,43090,55970,10360,56630,66990,61000COL
R72 16209 0051,12750,30110,42860,10230,43990,54220,61000COL
R72 16209 0052,12630,48090,60720,10150,62080,72230,61000COL
R72 16209 0053,12500,38940,51440,10060,56400,66460,61000COL
R72 16209 0054,12380,27260,39640,9940,42460,52400,61000COL
R72 16209 0055,12250,29050,41300,9850,47310,57160,61000COL
R72 16209 0056,12130,31950,44080,9730,45490,55220,61000COL
R72 16209 0057,12000,28670,40670,9640,49170,58810,61000COL
R72 16209 0058,12000,29210,41210,9600,44350,53950,61000COL
R72 16209 0059,12000,34670,46670,9600,48120,57720,61000COL
R72 16209 0060,13250,41080,54330,10610,44180,54790,61000WES
R72 16209 0061,13250,34490,47740,10610,45830,56440,61000WES
R72 16209 0062,13250,31190,44440,10610,29350,39960,61000WES
R72 16209 0063,13250,31310,44560,10610,34910,45520,61000WES
R72 16209 0064,13250,37780,51030,10610,38520,49130,61000WES
R72 16209 0065,13250,23590,36840,10610,32700,43310,61000WES
R72 16209 0066,13250,36490,49740,10610,40920,51530,61000WES
R72 16209 0067,13250,31840,45090,10610,34770,45380,61000WES
R72 16209 0068,13250,28870,42120,10610,46920,57530,61000WES
R72 16209 0069,13250,40320,53570,10610,44790,55400,61000WES
R72 16209 0070,13250,29800,43050,10610,42030,52640,61000WES
R72 16209 0071,3310,0,3310,2670,0,2670,61000WES
R72 16209 0072,13910,54380,68290,11170,68170,79340,61000WES
R72 16209 0073,13910,35820,49730,11170,43290,54460,61000WES
R72 16210 0001,13520,40270,53790,10860,42140,53000,61000COL
R72 16210 0002,13000,38250,51250,10440,37730,48170,61000COL
R72 16210 0003,13250,44230,57480,10610,47350,57960,61000COL
R72 16210 0004,13380,43940,57320,10730,58500,69230,61000COL
R72 16210 0005,14580,22690,37270,11820,47720,59540,61000COL
R72 16210 0006,13510,45010,58520,10820,46950,57770,61000COL
R72 16210 0007,12500,40500,53000,10020,48430,58450,61000COL
R72 16210 0009,19150,36700,55850,15130,44520,59650,61000COL
R72 16210 0011,13520,40890,54410,10920,60710,71630,61000COL
R72 16210 0013,15060,72510,87570,12180,78750,90930,61000COL
R72 16210 0014,15900,49930,65830,12980,54890,67870,61000COL
R72 16210 0015,17710,41340,59050,14660,50870,65530,61000COL
R72 16210 0016,13060,50560,63620,10370,62170,72540,61000COL
R72 16210 0017,14950,30120,45070,11940,56750,68690,61000COL
R72 16210 0018,13520,43180,56700,10910,44010,54920,61000COL
R72 16210 0019,13520,25310,38830,10850,33930,44780,61000COL
R72 16210 0020,13520,36750,50270,10850,33600,44450,61000COL
R72 16210 0021,13390,43720,57110,10800,47120,57920,61000COL
R72 16210 0022,14030,23140,37170,11270,52280,63550,61000COL
R72 16210 0023,13380,16910,30290,10720,47160,57880,61000COL
R72 16210 0024,12500,48960,61460,10060,54450,64510,61000COL
R72 16210 0025,12630,44660,57290,8320,14680,23000,61000COL
R72 16210 0026,12750,44950,57700,10230,50720,60950,61000COL
R72 16210 0027,13640,48990,62630,11010,45380,56390,61000COL
R72 16210 0028,13130,41560,54690,10590,44710,55300,61000COL
R72 16210 0029,13000,40390,53390,10460,33080,43540,61000COL
R72 16210 0030,12880,46840,59720,10340,52950,63290,61000COL
R72 16210 0031,12750,40870,53620,10190,38660,48850,61000COL
R72 16210 0032,12630,39800,52430,10150,38480,48630,61000COL
R72 16210 0034,12500,32930,45430,9980,39290,49270,61000COL
R72 16210 0035,12380,43720,56100,9940,45760,55700,61000COL
R72 16210 0036,12630,47750,60380,10100,65600,75700,61000COL
R72 16210 0037,12630,35330,47960,10100,42860,52960,61000COL
R72 16210 0038,12500,29910,42410,10060,38290,48350,61000COL
R72 16210 0039,12630,38520,51150,10100,41830,51930,61000COL
R72 16210 0040,12750,44630,57380,10230,57730,67960,61000COL
R72 16210 0041,6440,0,6440,4670,0,4670,61000COL
R72 16210 0042,13000,44400,57400,10400,48260,58660,61000COL
R72 16210 0043,13000,43540,56540,10440,45300,55740,61000COL
R72 16210 0044,13630,43670,57300,10940,51350,62290,61000COL
R72 16210 0045,13380,41860,55240,10780,46050,56830,61000COL
R72 16210 0046,13250,43090,56340,10650,42610,53260,61000COL
R72 16210 0047,13130,37490,50620,10520,49540,60060,61000COL
R72 16210 0048,13000,40160,53160,10480,44050,54530,61000COL
R72 16210 0049,12880,31680,44560,10360,53830,64190,61000COL
R72 16210 0050,12630,27680,40310,10150,37800,47950,61000COL
R72 16210 0051,12620,48260,60880,10130,52760,62890,61000COL
R72 16210 0052,4680,0,4680,3410,0,3410,61000COL
R72 16210 0053,4720,0,4720,3430,0,3430,61000COL
R72 16210 0054,12620,29420,42040,10170,44800,54970,61000COL
R72 16210 0055,4860,0,4860,3490,0,3490,61000COL
R72 16210 0056,4860,0,4860,3490,0,3490,61000COL
R72 16210 0057,12990,38520,51510,8610,47890,56500,61000COL
R72 16210 0058,6620,0,6620,4810,0,4810,61000COL
R72 16210 0059,13370,52090,65460,10740,52190,62930,61000COL
R72 16210 0060,6680,0,6680,4880,0,4880,61000COL
R72 16210 0061,13370,56150,69520,10740,60740,71480,61000COL
R72 16210 0062,6620,0,6620,4820,0,4820,61000COL
R72 16210 0063,12750,40130,52880,10190,37980,48170,61000COL
R72 16210 0064,13630,46580,60210,10990,48360,59350,61000COL
R72 16210 0065,13500,48120,61620,10820,51290,62110,61000COL
R72 16210 0066,13380,49160,62540,8840,21360,30200,61000COL
R72 16210 0067,13380,48200,61580,10730,48790,59520,61000COL
R72 16210 0068,13380,40080,53460,10720,39750,50470,61000COL
R72 16210 0069,13130,63520,76650,10510,57240,67750,61000COL
R72 16210 0070,12880,42110,54990,10290,57330,67620,61000COL
R72 16211 0002,8490,0,8490,6450,0,6450,61000COL
R72 16211 0004,16530,40910,57440,14100,73410,87510,61000COL
R72 16211 0005,6440,0,6440,4690,0,4690,61000COL
R72 16211 0006,12750,0,12750,4650,0,4650,61000COL
R72 16211 0007,21940,52290,74230,19760,95600,115360,61000COL
R72 16211 0009,4940,0,4940,3590,0,3590,61000COL
R72 16211 0010,4990,0,4990,3620,0,3620,61000COL
R72 16211 0011,14030,64640,78670,11280,71720,83000,61000COL
R72 16211 0012,14440,69530,83970,11680,104430,116110,61000COL
R72 16211 0013,7360,0,7360,5380,0,5380,61000COL
R72 16211 0014,15810,62850,78660,12750,107420,120170,61000COL
R72 16211 0015,5410,0,5410,3920,0,3920,61000COL
R72 16211 0016,5090,0,5090,3690,0,3690,61000COL
R72 16211 0017,14440,44330,58770,11630,39030,50660,61000COL
R72 16211 0018,23740,47210,70950,19450,41590,61040,61000COL
R72 16211 0020,16820,60160,76980,14540,70490,85030,61000COL
R72 16211 0021,13800,54090,67890,10990,49470,60460,61000COL
R72 16211 0022,16390,74410,90800,13660,91540,105200,61000COL
R72 16211 0023,16040,53410,69450,12520,56000,68520,61000COL
R72 16211 0024,14490,63420,77910,11360,74280,85640,61000COL
R72 16211 0025,14840,71930,86770,11780,108440,120220,61000COL
R72 16211 0026,14840,60370,75210,11780,51740,63520,61000COL
R72 16211 0027,4270,0,4270,3140,0,3140,61000COL
R72 16211 0028,18560,64960,83520,14810,89750,104560,61000COL
R72 16211 0030,4890,0,4890,3570,0,3570,61000COL
R72 16211 0031,16230,76430,92660,13260,71310,84570,61000COL
R72 16211 0032,15640,78250,93890,12750,73930,86680,61000COL
R72 16211 0033,15190,57290,72480,12290,85870,98160,61000COL
R72 16211 0034,15020,73990,89010,12110,63820,75930,61000COL
R72 16211 0035,15750,63770,79520,12800,78500,91300,61000COL
R72 16211 0036,17270,62790,80060,13850,54630,68480,61000COL
R72 16211 0037,15960,72590,88550,12810,85140,97950,61000COL
R72 16211 0038,14700,69810,84510,11740,80240,91980,61000COL
R72 16211 0039,4590,0,4590,3400,0,3400,61000COL
R72 16211 0040,1000,0,1000,280,0,280,61000COL
R72 16211 0041,18230,65420,83650,14750,71890,86640,61000COL
R72 16211 0042,14710,52160,66870,11900,59180,71080,61000COL
R72 16211 0045,13890,47820,61710,11130,53080,64210,61000COL
R72 16211 0046,14030,63620,77650,11230,71960,83190,61000COL
R72 16211 0047,18200,56910,75110,14730,87040,101770,61000COL
R72 16211 0049,26100,83930,110030,21370,97660,119030,61000COL
R72 16211 0051,13350,86710,100060,10630,73840,84470,61000COL
R72 16211 0054,12250,44230,56480,9770,51300,61070,61000COL
R72 16211 0055,19310,81380,100690,15650,101090,116740,61000COL
R72 16211 0057,15470,58880,74350,12410,52770,65180,61000COL
R72 16211 0058,13120,59090,72210,10580,77210,87790,61000COL
R72 16211 0059,6430,0,6430,4660,0,4660,61000COL
R72 16211 0060,6310,0,6310,4560,0,4560,61000COL
R72 16211 0061,17860,61430,79290,14310,59250,73560,61000COL
R72 16211 0063,2040,3140,5180,1650,4140,5790,61000COL
R72 16211 0064,12500,59000,71500,10040,62160,72200,61000COL
R72 16211 0065,12620,17420,30040,10170,47500,57670,61000COL
R72 16211 0066,19890,59480,79370,16230,64720,80950,61000COL
R72 16211 0068,6630,0,6630,4830,0,4830,61000COL
R72 16211 0069,13380,56750,70130,10730,58940,69670,61000COL
R72 16211 0070,13250,43170,56420,10650,43130,53780,61000COL
R72 16211 0071,13380,40130,53510,10730,53340,64070,61000COL
R72 16211 0072,13750,85710,99460,11150,96990,108140,61000COL
R72 16211 0073,13250,38100,51350,10690,54340,65030,61000COL
R72 16211 0074,13900,74370,88270,11180,50690,61870,61000COL
R72 16211 0075,14300,59800,74100,11300,69180,80480,61000COL
R72 16212 0002,12690,27190,39880,3110,0,3110,52000COL
R72 16212 0003,12690,32940,45630,6860,16110,22970,52000COL
R72 16212 0004,12690,30910,43600,6860,17620,24480,52000COL
R72 16212 0007,12690,36300,48990,6860,24670,31530,52000COL
R72 16212 0009,18510,19350,37860,6460,26660,33120,52000COL
R72 16212 0014,710,0,710,6010,61070,67080,52000COL
R72 16212 0016,12210,38790,51000,6570,2930,9500,52000COL
R72 16212 0017,5960,0,5960,2890,0,2890,52000COL
R72 16212 0018,12350,33850,46200,6660,33950,40610,52000COL
R72 16212 0020,11520,21170,32690,6090,21390,27480,52000COL
R72 16212 0021,12210,38460,50670,6570,39890,46460,52000COL
R72 16212 0022,12210,28660,40870,6570,27390,33960,52000COL
R72 16212 0023,12210,23480,35690,3310,0,3310,52000COL
R72 16212 0024,12210,25610,37820,6570,22150,28720,52000COL
R72 16212 0025,12210,26680,38890,6570,2140,8710,52000COL
R72 16212 0026,12210,28380,40590,6570,6760,13330,52000COL
R72 16212 0028,12740,21170,33910,6950,21520,28470,52000COL
R72 16212 0029,5940,0,5940,2890,0,2890,52000COL
R72 16212 0031,11580,23560,35140,6160,16220,22380,52000COL
R72 16212 0032,12540,32200,44740,6830,4080,10910,52000COL
R72 16212 0033,6320,0,6320,3140,0,3140,52000COL
R72 16212 0034,12760,27280,40040,7000,29930,36930,52000COL
R72 16212 0035,12760,28930,41690,7070,2760,9830,52000COL
R72 16212 0036,12870,29430,42300,7170,25070,32240,52000COL
R72 16212 0037,12980,27180,40160,7240,18320,25560,52000COL
R72 16212 0038,12980,25070,38050,7330,26270,33600,52000COL
R72 16212 0039,13090,27580,40670,7400,23780,31180,52000COL
R72 16212 0040,13090,27790,40880,7480,19270,26750,52000COL
R72 16212 0054,24100,73530,97630,19580,66820,86400,61000COL
R72 16212 0056,10520,43660,54180,8390,58910,67300,62000COL
R72 16212 0057,10830,49320,60150,8590,67890,76480,62000COL
R72 16212 0058,10930,46230,57160,8720,64950,73670,62000COL
R72 16212 0059,11030,45220,56250,8820,58210,67030,62000COL
R72 16212 0060,11130,55640,66770,8960,56380,65340,62000COL
R72 16212 0061,11230,51470,62700,9060,69470,78530,62000COL
R72 16212 0062,5750,0,5750,4160,0,4160,62000COL
R72 16212 0063,7330,0,7330,5700,0,5700,62000COL
R72 16212 0072,10930,34510,45440,6970,0,6970,62000COL
R72 16212 0073,10930,40510,51440,8690,47350,56040,62000COL
R72 16212 0074,10930,33940,44870,8690,43840,52530,62000COL
R72 16212 0075,10930,15440,26370,8690,12470,21160,62000COL
R72 16212 0076,10930,30230,41160,8690,43330,52020,62000COL
R72 16212 0077,10930,37620,48550,8690,37860,46550,62000COL
R72 16212 0078,10930,45360,56290,8690,66330,75020,62000COL
R72 16212 0079,13980,44840,58820,11630,55570,67200,62000COL
R72 16212 0080,13980,34000,47980,11630,24870,36500,62000COL
R72 16212 0084,12880,49940,62820,10570,58500,69070,62000COL
R72 16212 0086,4530,0,4530,3080,0,3080,62000COL
R72 16212 0087,10930,11100,22030,8690,47180,55870,62000COL
R72 16212 0088,10930,39810,50740,8690,50750,59440,62000COL
R72 16213 0001,12640,42000,54640,10330,62450,72780,62000COL
R72 16213 0003,12150,43650,55800,9860,56020,65880,62000COL
R72 16213 0005,17150,44550,61700,14690,65050,79740,62000COL
R72 16213 0009,14590,38750,53340,12220,5590,17810,62000COL
R72 16213 0010,10930,14070,25000,8690,25260,33950,62000COL
R72 16213 0011,10930,42030,52960,8690,25810,34500,62000COL
R72 16213 0012,5500,0,5500,3930,0,3930,62000COL
R72 16213 0013,10930,46440,57370,8690,50120,58810,62000COL
R72 16213 0014,10930,37020,47950,8690,42160,50850,62000COL
R72 16213 0015,10930,41690,52620,8690,51830,60520,62000COL
R72 16213 0016,10930,31950,42880,8690,34690,43380,62000COL
R72 16213 0017,10930,38240,49170,8690,45750,54440,62000COL
R72 16213 0018,10930,40070,51000,8690,46070,54760,62000COL
R72 16213 0019,10930,37730,48660,8690,42500,51190,62000COL
R72 16213 0020,10930,44930,55860,8690,59210,67900,62000COL
R72 16213 0021,5500,0,5500,3930,0,3930,62000COL
R72 16213 0022,10930,19110,30040,8690,13310,22000,62000COL
R72 16213 0023,12150,32760,44910,9860,19670,29530,62000COL
R72 16213 0025,12150,36470,48620,9860,29880,39740,62000COL
R72 16213 0027,13370,36090,49460,11040,49180,60220,62000COL
R72 16213 0029,10930,36220,47150,8690,49770,58460,62000COL
R72 16213 0030,10930,45090,56020,8690,59460,68150,62000COL
R72 16213 0031,10930,35770,46700,8690,37560,46250,62000COL
R72 16213 0032,10930,35220,46150,8690,36360,45050,62000COL
R72 16213 0033,10930,36080,47010,8690,45730,54420,62000COL
R72 16213 0034,10930,43330,54260,8690,50240,58930,62000COL
R72 16213 0035,3680,0,3680,2340,0,2340,62000COL
R72 16213 0036,14590,43840,58430,12220,45530,57750,62000COL
R72 16213 0038,10930,38100,49030,8690,46800,55490,62000COL
R72 16213 0039,10930,45930,56860,8690,60920,69610,62000COL
R72 16213 0040,10930,18070,29000,8690,24120,32810,62000COL
R72 16213 0041,10930,39150,50080,8690,45750,54440,62000COL
R72 16213 0042,10930,45010,55940,8690,52920,61610,62000COL
R72 16213 0043,10930,58240,69170,8690,77120,85810,62000COL
R72 16213 0044,4290,0,4290,2870,0,2870,62000COL
R72 16213 0045,850,0,850,580,0,580,62000COL
R72 16213 0046,3990,0,3990,2610,0,2610,62000COL
R72 16213 0047,10930,37950,48880,8690,45290,53980,62000COL
R72 16213 0048,10930,49810,60740,8690,65170,73860,62000COL
R72 16213 0049,10930,49160,60090,8690,53870,62560,62000COL
R72 16213 0050,10930,39670,50600,8690,39740,48430,62000COL
R72 16213 0051,10930,46660,57590,8690,55180,63870,62000COL
R72 16213 0052,10930,47700,58630,8690,60880,69570,62000COL
R72 16213 0053,10930,42500,53430,8690,50130,58820,62000COL
R72 16213 0054,10930,43390,54320,8690,46850,55540,62000COL
R72 16213 0055,10930,49640,60570,8690,58450,67140,62000COL
R72 16213 0056,10930,31830,42760,8690,68670,77360,62000COL
R72 16213 0057,10930,48390,59320,8690,48980,57670,62000COL
R72 16213 0058,10930,47960,58890,8690,61850,70540,62000COL
R72 16213 0059,4470,0,4470,3030,0,3030,62000COL
R72 16213 0060,11910,41360,53270,9630,51330,60960,62000COL
R72 16213 0062,11780,40410,52190,9510,42480,51990,62000COL
R72 16213 0064,14220,38810,53030,11860,39390,51250,62000COL
R72 16213 0069,10930,40720,51650,8690,58050,66740,62000COL
R72 16213 0070,10930,38190,49120,8690,47580,56270,62000COL
R72 16213 0071,10930,37870,48800,8690,47750,56440,62000COL
R72 16213 0072,10930,36860,47790,8690,52790,61480,62000COL
R72 16213 0073,10930,50310,61240,8690,56600,65290,62000COL
R72 16213 0074,10930,30270,41200,8690,43570,52260,62000COL
R72 16213 0075,10930,38770,49700,8690,49380,58070,62000COL
R72 16213 0076,10930,36740,47670,8690,31450,40140,62000COL
R72 16213 0077,10930,45330,56260,8690,59880,68570,62000COL
R72 16213 0078,5500,0,5500,3930,0,3930,62000COL
R72 16213 0079,10930,0,10930,8690,0,8690,62000COL
R72 16213 0080,10930,47370,58300,8690,65640,74330,62000COL
R72 16213 0081,5500,0,5500,3930,0,3930,62000COL
R72 16213 0082,10930,38020,48950,8690,18980,27670,62000COL
R72 16213 0083,10930,40460,51390,8690,42080,50770,62000COL
R72 16213 0084,10930,33950,44880,8690,46620,55310,62000COL
R72 16213 0085,15810,35690,51500,13390,38550,51940,62000COL
R72 16213 0087,10930,28470,39400,8690,20440,29130,62000COL
R72 16213 0088,10930,37040,47970,8690,34980,43670,62000COL
R72 16213 0089,10930,48570,59500,8690,55070,63760,62000COL
R72 16213 0090,10930,11490,22420,8690,30770,39460,62000COL
R72 16213 0091,10930,28450,39380,8690,32350,41040,62000COL
R72 16213 0092,10930,44480,55410,8690,48330,57020,62000COL
R72 16213 0093,10930,42190,53120,8690,44490,53180,62000COL
R72 16213 0094,10930,23030,33960,8690,32000,40690,62000COL
R72 16213 0095,10930,26190,37120,8690,32400,41090,62000COL
R72 16213 0096,10930,32300,43230,8690,37910,46600,62000COL
R72 16213 0097,10930,39390,50320,8690,25280,33970,62000COL
R72 16213 0098,10930,45670,56600,8690,56020,64710,62000COL
R72 16213 0099,10930,42560,53490,8690,45340,54030,62000COL
R72 16213 0100,10930,36600,47530,8690,43750,52440,62000COL
R72 16213 0101,10930,41170,52100,8690,36550,45240,62000COL
R72 16213 0102,10930,39590,50520,8690,43210,51900,62000COL
R72 16213 0103,10930,33470,44400,8690,28680,37370,62000COL
R72 16213 0104,10930,27530,38460,8690,19920,28610,62000COL
R72 16213 0105,10930,12570,23500,8690,60020,68710,62000COL
R72 16213 0106,12390,33440,45830,10100,31160,41260,62000COL
R72 16213 0108,9470,32310,41780,7280,33280,40560,62000COL
R72 16213 0109,4290,0,4290,2870,0,2870,62000COL
R72 16213 0110,12390,35760,48150,10100,39430,49530,62000COL
R72 16213 0112,3560,0,3560,2240,0,2240,62000COL
R72 16213 0113,10930,38200,49130,8690,39730,48420,62000COL
R72 16213 0114,10930,33020,43950,8690,34550,43240,62000COL
R72 16213 0115,5500,0,5500,3930,0,3930,62000COL
R72 16213 0116,10930,44300,55230,8690,56360,65050,62000COL
R72 16213 0117,4290,0,4290,2870,0,2870,62000COL
R72 16214 0001,12520,24580,37100,10170,53780,63950,62000COL
R72 16214 0002,5240,0,5240,3750,0,3750,62000WES
R72 16214 0003,10420,10140,20560,8280,0,8280,62000COL
R72 16214 0004,10520,29060,39580,8320,44860,53180,62000COL
R72 16214 0005,10520,23460,33980,8320,19080,27400,62000COL
R72 16214 0006,10520,26340,36860,8320,30590,38910,62000COL
R72 16214 0007,5290,0,5290,3780,0,3780,62000WES
R72 16214 0008,10520,23260,33780,8350,19550,27900,62000COL
R72 16214 0009,15360,32760,48120,12270,37660,49930,62000COL
R72 16214 0010,990,0,990,350,0,350,62000WES
R72 16214 0011,10520,30010,40530,8390,38180,46570,62000COL
R72 16214 0012,10630,34000,44630,8450,41290,49740,62000COL
R72 16214 0013,5340,0,5340,3830,0,3830,62000WES
R72 16214 0014,10630,27750,38380,8450,25450,33900,62000COL
R72 16214 0015,11820,23180,35000,9210,41360,50570,62000COL
R72 16214 0016,10300,28490,38790,8100,32160,40260,62000COL
R72 16214 0017,8170,0,8170,6460,0,6460,62000COL
R72 16214 0018,10210,23190,33400,8080,27300,35380,62000COL
R72 16214 0019,9920,25410,35330,7880,26790,34670,62000COL
R72 16214 0020,9700,36760,46460,7690,34640,42330,62000COL
R72 16214 0021,9920,37780,47700,7880,36030,43910,62000COL
R72 16214 0022,10320,33740,44060,8150,34980,43130,62000COL
R72 16214 0023,10320,35210,45530,8150,23210,31360,62000COL
R72 16214 0024,10320,36940,47260,8150,29410,37560,62000COL
R72 16214 0025,10520,29570,40090,8320,32780,41100,62000COL
R72 16214 0026,10320,33170,43490,8150,43150,51300,62000COL
R72 16214 0027,10320,40620,50940,8150,41600,49750,62000COL
R72 16214 0028,5190,0,5190,3690,0,3690,62000COL
R72 16214 0029,10320,32910,43230,8150,28500,36650,62000COL
R72 16214 0030,5190,0,5190,3690,0,3690,62000COL
R72 16214 0031,12050,24330,36380,9710,31880,41590,62000COL
R72 16214 0032,12400,29220,41620,10030,24690,34720,62000COL
R72 16214 0033,10320,25580,35900,8150,30170,38320,62000COL
R72 16214 0034,7480,0,7480,5560,0,5560,62000COL
R72 16214 0035,14930,16070,31000,12320,40420,52740,62000COL
R72 16214 0037,10320,35510,45830,8150,39030,47180,62000COL
R72 16214 0038,10670,33370,44040,8460,20150,28610,62000COL
R72 16214 0039,9980,37370,47350,7840,39510,47350,62000COL
R72 16214 0040,4050,0,4050,2750,0,2750,62000COL
R72 16214 0041,12630,32840,45470,10230,42290,52520,62000COL
R72 16214 0043,9920,31610,41530,7880,37840,45720,62000COL
R72 16214 0044,9920,44700,54620,7880,59160,67040,62000COL
R72 16214 0045,10910,37860,48770,8730,39400,48130,62000COL
R72 16214 0049,4820,27390,32210,3480,34860,38340,62000COL
R72 16214 0050,11290,30360,41650,8900,44300,53200,62000COL
R72 16214 0051,5190,0,5190,3690,0,3690,62000COL
R72 16214 0052,5190,0,5190,3690,0,3690,62000COL
R72 16214 0055,12630,33680,46310,10230,28540,38770,62000COL
R72 16214 0057,4050,0,4050,2750,0,2750,62000COL
R72 16214 0058,12630,34380,47010,10230,0,10230,62000COL
R72 16214 0060,12630,32760,45390,10230,30100,40330,62000COL
R72 16214 0062,10320,37550,47870,8150,35240,43390,62000COL
R72 16214 0063,10320,38850,49170,8150,25850,34000,62000COL
R72 16214 0064,17010,38740,55750,14190,45170,59360,62000COL
R72 16214 0066,12400,32740,45140,10030,27890,37920,62000COL
R72 16214 0067,10320,40260,50580,8150,41730,49880,62000COL
R72 16214 0068,10320,37990,48310,8150,41560,49710,62000COL
R72 16214 0069,10320,31470,41790,8150,29580,37730,62000COL
R72 16214 0070,10320,32760,43080,8150,33100,41250,62000COL
R72 16214 0071,10320,29530,39850,8150,23970,32120,62000COL
R72 16214 0072,10320,35690,46010,8150,29710,37860,62000COL
R72 16214 0073,5190,0,5190,3690,0,3690,62000COL
R72 16214 0074,10320,31000,41320,4100,0,4100,62000COL
R72 16214 0076,10320,29900,40220,8150,21750,29900,62000COL
R72 16214 0077,10320,25370,35690,8150,33370,41520,62000COL
R72 16214 0079,11230,35620,46850,8810,34650,43460,62000COL
R72 16214 0080,10450,34350,44800,8220,20120,28340,62000COL
R72 16214 0081,10140,31350,41490,8080,18490,26570,62000COL
R72 16214 0082,9920,34930,44850,7880,40880,48760,62000COL
R72 16214 0083,11200,0,11200,11200,0,11200,62000COL
R72 16214 0084,9920,28920,38840,3570,0,3570,62000COL
R72 16214 0085,5340,0,5340,3810,0,3810,62000COL
R72 16214 0086,10320,37430,47750,8150,41920,50070,62000COL
R72 16214 0087,5190,0,5190,3690,0,3690,62000COL
R72 16214 0088,4990,0,4990,3570,0,3570,62000COL
R72 16214 0089,10630,23290,33920,8420,44750,53170,62000COL
R72 16214 0090,9920,32660,42580,7880,33370,41250,62000COL
R72 16214 0091,4990,0,4990,3570,0,3570,62000COL
R72 16214 0092,9920,12870,22790,7880,34580,42460,62000COL
R72 16214 0093,4990,0,4990,3570,0,3570,62000COL
R72 16214 0094,9920,31110,41030,7880,38790,46670,62000COL
R72 16214 0095,9920,38040,47960,7880,39520,47400,62000COL
R72 16214 0096,9920,35660,45580,7880,45140,53020,62000COL
R72 16214 0097,12380,36110,48490,10200,30280,40480,62000COL
R72 16214 0099,12250,28990,41240,10080,39930,50010,62000COL
R72 16214 0101,10930,31410,42340,8690,38450,47140,62000COL
R72 16214 0102,11130,35750,46880,8960,32160,41120,62000COL
R72 16214 0103,10630,38500,49130,8420,44520,52940,62000COL
R72 16214 0104,11130,19630,30760,8960,33770,42730,62000COL
R72 16214 0105,10930,36030,46960,8690,35390,44080,62000COL
R72 16214 0106,11130,20450,31580,8960,32650,41610,62000COL
R72 16214 0107,10630,26560,37190,8420,27350,35770,62000COL
R72 16214 0108,11130,26950,38080,8960,47290,56250,62000COL
R72 16214 0109,11130,41760,52890,8960,44120,53080,62000COL
R72 16214 0110,11130,25130,36260,8960,47440,56400,62000COL
R72 16214 0111,11130,45620,56750,8960,40340,49300,62000COL
R72 16214 0112,11130,38510,49640,8960,35230,44190,62000COL
R72 16214 0113,11130,26100,37230,4500,0,4500,62000COL
R72 16214 0114,11130,50150,61280,8960,53140,62100,62000COL
R72 16215 0001,10120,32820,42940,8020,47840,55860,62000COL
R72 16215 0002,5090,0,5090,3630,0,3630,62000WES
R72 16215 0003,10120,24850,34970,3630,0,3630,62000COL
R72 16215 0006,12380,26560,38940,10030,39520,49550,62000COL
R72 16215 0007,5090,0,5090,3630,0,3630,62000WES
R72 16215 0008,10220,34870,45090,8080,45910,53990,62000COL
R72 16215 0009,10220,24930,35150,4070,0,4070,62000COL
R72 16215 0010,10220,26960,37180,8080,28820,36900,62000COL
R72 16215 0011,10220,16880,27100,8080,33820,41900,62000COL
R72 16215 0012,10320,18040,28360,8180,16820,25000,62000COL
R72 16215 0013,10320,33140,43460,8180,22090,30270,62000COL
R72 16215 0014,10320,28460,38780,8180,19760,27940,62000COL
R72 16215 0015,10320,31750,42070,8180,34810,42990,62000COL
R72 16215 0016,12400,24520,36920,4550,0,4550,62000COL
R72 16215 0017,5810,0,5810,4180,0,4180,62000COL
R72 16215 0018,9920,31150,41070,7880,32400,40280,62000COL
R72 16215 0019,9920,23080,33000,7880,14320,22200,62000COL
R72 16215 0023,9920,30280,40200,7880,40470,48350,62000COL
R72 16215 0024,9920,29800,39720,7880,24220,32100,62000COL
R72 16215 0025,9920,16690,26610,7880,0,7880,62000COL
R72 16215 0026,14350,33620,47970,11780,29930,41710,62000COL
R72 16215 0028,4990,0,4990,3570,0,3570,62000COL
R72 16215 0029,9920,33670,43590,7880,36290,44170,62000COL
R72 16215 0030,14350,64860,79210,11780,77510,89290,62000COL
R72 16215 0032,9920,25170,35090,7880,34060,41940,62000COL
R72 16215 0033,9920,33960,43880,3960,0,3960,62000COL
R72 16215 0034,4170,0,4170,2910,0,2910,62000COL
R72 16215 0035,9920,45130,55050,7880,56040,63920,62000COL
R72 16215 0036,14350,44270,58620,11780,53430,65210,62000COL
R72 16215 0038,9920,0,9920,7880,0,7880,62000COL
R72 16215 0039,4990,0,4990,3570,0,3570,62000COL
R72 16215 0040,4990,0,4990,3570,0,3570,62000COL
R72 16215 0041,9920,32680,42600,7880,36520,44400,62000COL
R72 16215 0042,9920,2380,12300,7880,3150,11030,62000COL
R72 16215 0043,4990,0,4990,3570,0,3570,62000COL
R72 16215 0044,4990,0,4990,3960,2130,6090,62000COL
R72 16215 0045,9920,0,9920,7880,0,7880,62000COL
R72 16215 0046,4990,0,4990,3570,0,3570,62000COL
R72 16215 0047,9920,30270,40190,7880,56520,64400,62000COL
R72 16215 0048,11360,33910,45270,9150,44540,53690,62000COL
R72 16215 0049,6220,0,6220,4530,0,4530,62000COL
R72 16215 0050,12630,40800,53430,10230,32250,42480,62000COL
R72 16215 0052,4050,0,4050,2750,0,2750,62000COL
R72 16215 0053,10320,38150,48470,8150,45160,53310,62000COL
R72 16215 0054,10320,31710,42030,8150,45080,53230,62000COL
R72 16215 0055,10320,39360,49680,8150,31920,40070,62000COL
R72 16215 0056,5190,0,5190,3690,0,3690,62000COL
R72 16215 0057,10320,34330,44650,8150,31410,39560,62000COL
R72 16215 0058,5190,0,5190,3690,0,3690,62000COL
R72 16215 0059,5190,0,5190,3690,0,3690,62000COL
R72 16215 0060,10320,37110,47430,8150,35810,43960,62000COL
R72 16215 0061,12630,4280,16910,10230,3080,13310,62000COL
R72 16215 0063,12630,25990,38620,10230,21710,31940,62000COL
R72 16215 0065,5190,0,5190,3690,0,3690,62000COL
R72 16215 0066,10320,38930,49250,8150,44770,52920,62000COL
R72 16215 0067,5000,5450,10450,8150,37170,45320,62000COL
R72 16215 0068,4050,0,4050,2750,0,2750,62000COL
R72 16215 0069,12630,48480,61110,10230,49140,59370,62000COL
R72 16215 0071,8260,0,8260,6520,0,6520,62000COL
R72 16215 0072,5190,0,5190,3690,0,3690,62000COL
R72 16215 0074,10630,26160,36790,8420,29670,38090,62000COL
R72 16215 0076,10320,24700,35020,8150,32720,40870,62000COL
R72 16215 0079,5190,0,5190,3690,0,3690,62000COL
R72 16215 0080,10320,57210,67530,8150,59840,67990,62000COL
R72 16215 0081,10320,29230,39550,8150,29570,37720,62000COL
R72 16215 0082,10320,36140,46460,8150,30300,38450,62000COL
R72 16215 0083,12400,35650,48050,10030,27190,37220,62000COL
R72 16215 0084,14350,34010,48360,11780,46230,58010,62000COL
R72 16215 0086,9920,52570,62490,7880,59480,67360,62000COL
R72 16215 0087,14350,40310,54660,11780,49450,61230,62000COL
R72 16215 0089,4990,0,4990,3570,0,3570,62000COL
R72 16215 0090,2490,0,2490,1980,0,1980,62000COL
R72 16215 0091,9920,15010,24930,7880,22750,30630,62000COL
R72 16215 0092,890,0,890,670,0,670,62000COL
R72 16215 0093,12800,23300,36100,10420,37230,47650,62000COL
R72 16215 0095,9920,34970,44890,7880,38240,46120,62000COL
R72 16215 0098,4990,0,4990,3570,0,3570,62000COL
R72 16215 0099,9920,36040,45960,7880,38490,46370,62000COL
R72 16215 0100,11130,39210,50340,8960,47920,56880,62000COL
R72 16215 0101,13620,37810,51430,11440,47950,59390,62000COL
R72 16215 0103,13620,20540,34160,11440,30200,41640,62000COL
R72 16215 0105,11130,29550,40680,8960,32860,41820,62000COL
R72 16215 0106,11130,34510,45640,8960,42590,51550,62000COL
R72 16215 0107,5600,0,5600,4050,0,4050,62000COL
R72 16215 0108,6380,20870,27250,4760,27250,32010,62000COL
R72 16215 0109,11130,36630,47760,8960,35160,44120,62000COL
R72 16215 0110,11130,34030,45160,8960,37170,46130,62000COL
R72 16215 0111,5600,0,5600,4050,0,4050,62000COL
R72 16215 0116,5600,0,5600,4050,0,4050,62000COL
R72 16215 0119,3620,0,3620,2470,0,2470,62000COL
R72 16216 0001,10930,49140,60070,8690,25580,34270,62000COL
R72 16216 0002,10930,33110,44040,8690,28520,37210,62000COL
R72 16216 0003,11540,34770,46310,9280,39540,48820,62000COL
R72 16216 0005,12150,41860,54010,9860,68610,78470,62000COL
R72 16216 0007,12760,8670,21430,10450,43870,54320,62000COL
R72 16216 0009,12150,35920,48070,9860,50170,60030,62000COL
R72 16216 0011,12760,11940,24700,10450,43780,54230,62000COL
R72 16216 0012,13370,35710,49080,11040,43180,54220,62000COL
R72 16216 0014,13370,19020,32390,11040,34860,45900,62000COL
R72 16216 0016,20690,37540,58230,18200,40810,59010,62000COL
R72 16216 0019,13860,24890,38750,7770,19920,27690,62000COL
R72 16216 0031,10930,31080,42010,8690,7660,16350,62000COL
R72 16216 0032,10930,31390,42320,8690,34450,43140,62000COL
R72 16216 0033,10930,34070,45000,8690,28280,36970,62000COL
R72 16216 0034,12760,27920,40680,10450,29930,40380,62000COL
R72 16216 0035,10930,31160,42090,8690,36300,44990,62000COL
R72 16216 0038,10930,40800,51730,8690,49880,58570,62000COL
R72 16216 0039,10930,38570,49500,8690,45750,54440,62000COL
R72 16216 0040,10930,38740,49670,8690,44030,52720,62000COL
R72 16216 0041,10930,40630,51560,8690,58390,67080,62000COL
R72 16216 0042,10930,34470,45400,8690,41370,50060,62000COL
R72 16216 0043,5500,0,5500,3930,0,3930,62000COL
R72 16216 0044,10930,41170,52100,8690,57290,65980,62000COL
R72 16216 0045,10930,32360,43290,8690,33580,42270,62000COL
R72 16216 0046,10930,3950,14880,8690,40450,49140,62000COL
R72 16216 0047,10930,38860,49790,8690,51710,60400,62000COL
R72 16216 0048,10930,36440,47370,8690,30570,39260,62000COL
R72 16216 0054,11130,18810,29940,8890,22450,31340,62000COL
R72 16216 0055,4370,0,4370,2920,0,2920,62000COL
R72 16216 0056,4370,0,4370,2920,0,2920,62000COL
R72 16216 0057,11130,39330,50460,8890,49000,57890,62000COL
R72 16216 0064,10930,37050,47980,8690,32470,41160,62000COL
R72 16216 0065,13980,35300,49280,11630,40050,51680,62000COL
R72 16216 0066,7660,0,7660,5650,0,5650,62000COL
R72 16216 0067,10930,12520,23450,8690,24070,32760,62000COL
R72 16216 0084,3460,13320,16780,3310,87170,90480,C7000000
R72 16217 0001,18590,39120,57710,15300,45200,60500,61000COL
R72 16217 0002,20650,38190,58840,16730,47430,64160,61000COL
R72 16217 0003,27440,44290,71730,23000,101390,124390,61000COL
R72 16301 0034,11930,24000,35930,6380,21980,28360,52000COL
R72 16301 0035,11930,17000,28930,2890,0,2890,52000COL
R72 16301 0037,11930,25300,37230,6380,12630,19010,52000COL
R72 16301 0038,5960,0,5960,2890,0,2890,52000COL
R72 16301 0043,12620,7960,20580,3110,0,3110,52000COL
R72 16301 0044,9890,11870,21760,5240,33920,39160,52000COL
R72 16301 0045,5550,0,5550,2690,0,2690,52000COL
R72 16301 0046,11330,49580,60910,6040,59770,65810,52000COL
R72 16301 0047,11440,37980,49420,6090,30770,36860,52000COL
R72 16301 0048,11660,40470,52130,6180,4290,10470,52000COL
R72 16301 0049,11770,27050,38820,6280,26770,33050,52000COL
R72 16301 0050,11880,29530,41410,6350,15210,21560,52000COL
R72 16301 0051,11990,22520,34510,6420,19960,26380,52000COL
R72 16301 0052,12100,6830,18930,3290,0,3290,52000COL
R72 16301 0054,15570,0,15570,13340,0,13340,C7002000
R72 16301 0068,5870,0,5870,4260,0,4260,62000COL
R72 16301 0069,10630,42680,53310,8420,52630,61050,62000COL
R72 16301 0070,10630,39520,50150,8420,54900,63320,62000COL
R72 16301 0071,10630,43670,54300,8420,55340,63760,62000COL
R72 16301 0072,10630,45730,56360,8420,60660,69080,62000COL
R72 16301 0073,12410,27000,39410,10080,22010,32090,62000COL
R72 16301 0074,10630,35670,46300,8420,50530,58950,62000COL
R72 16301 0075,10630,39500,50130,8420,43740,52160,62000COL
R72 16301 0076,5340,0,5340,3810,0,3810,62000COL
R72 16301 0077,10630,43470,54100,8420,53410,61830,62000COL
R72 16301 0078,10630,32940,43570,8420,41450,49870,62000COL
R72 16301 0079,10630,34980,45610,8420,44920,53340,62000COL
R72 16301 0080,10930,29510,40440,8690,49100,57790,62000COL
R72 16301 0081,10930,36400,47330,8690,45140,53830,62000COL
R72 16302 0001,12710,31380,44090,7890,42350,50240,62000FRV
R72 16302 0002,11440,33070,44510,9230,13270,22500,62000FRV
R72 16302 0004,11440,30130,41570,6910,37610,44520,62000FRV
R72 16302 0005,11440,36760,48200,1870,9130,11000,62000FRV
R72 16302 0006,5750,0,5750,3140,0,3140,62000FRV
R72 16302 0028,17990,24440,42430,10550,26530,37080,62000FRV
R72 16302 0029,10630,35090,45720,8420,28950,37370,62000FRV
R72 16302 0030,10630,2330,12960,6300,3080,9380,62000FRV
R72 16302 0031,10980,26740,37720,6320,33020,39340,62000FRV
R72 16302 0032,8160,0,8160,4190,0,4190,62000FRV
R72 16302 0033,5340,0,5340,2860,0,2860,62000FRV
R72 16302 0034,10630,31020,41650,6300,30920,37220,62000FRV
R72 16302 0035,10630,38570,49200,6300,39780,46080,62000FRV
R72 16302 0036,11580,33420,45000,6970,45550,52520,62000FRV
R72 16303 0028,2360,0,2360,1350,0,1350,62000FRV
R72 16303 0029,6770,0,6770,3800,0,3800,62000FRV
R72 16303 0031,10740,29330,40070,6390,24210,30600,62000FRV
R72 16303 0039,14420,31460,45880,8960,44460,53420,62000FRV
R72 16303 0040,8500,0,8500,5040,0,5040,62000FRV
R72 16303 0041,10630,44910,55540,6300,48070,54370,62000FRV
R72 16303 0042,10630,33550,44180,6300,37120,43420,62000FRV
R72 16303 0044,10630,31310,41940,6300,28460,34760,62000FRV
R72 16303 0045,10630,33470,44100,6300,29490,35790,62000FRV
R72 16303 0046,11580,35890,47470,6970,33660,40630,62000FRV
R72 16303 0048,10630,20230,30860,6300,14570,20870,62000FRV
R72 16303 0049,10630,26430,37060,6300,27080,33380,62000FRV
R72 16303 0050,10630,35200,45830,6300,34050,40350,62000FRV
R72 16303 0051,10630,36230,46860,6300,35920,42220,62000FRV
R72 16303 0052,10630,32920,43550,6300,32450,38750,62000FRV
R72 16303 0053,10630,25200,35830,6300,9000,15300,62000FRV
R72 16303 0054,12300,38330,50630,7210,45940,53150,62000FRV
R72 16303 0055,4910,0,4910,2630,0,2630,62000FRV
R72 16303 0063,12100,26910,39010,7270,19950,27220,62000FRV
R72 16303 0064,4730,0,4730,2510,0,2510,62000FRV
R72 16303 0080,1840,0,1840,970,0,970,62000FRV
R72 16304 0003,4840,0,4840,3450,0,3450,62000WES
R72 16304 0004,4840,0,4840,3450,0,3450,62000WES
R72 16304 0005,9720,30910,40630,7680,44780,52460,62000COL
R72 16304 0006,9720,30650,40370,7680,33720,41400,62000COL
R72 16304 0007,9720,30930,40650,7680,29190,36870,62000COL
R72 16304 0008,9720,32110,41830,7680,33720,41400,62000COL
R72 16304 0009,9720,32340,42060,7680,42610,50290,62000COL
R72 16304 0010,10260,31980,42240,8140,37170,45310,62000COL
R72 16304 0012,9170,27130,36300,7160,0,7160,62000WES
R72 16304 0013,4890,0,4890,3490,0,3490,62000WES
R72 16304 0014,4890,0,4890,3490,0,3490,62000WES
R72 16304 0015,9720,32530,42250,7710,50540,58250,62000COL
R72 16304 0016,9920,35410,45330,7880,29900,37780,62000COL
R72 16304 0017,9920,31500,41420,7880,16600,24480,62000COL
R72 16304 0018,9920,33130,43050,7880,37810,45690,62000COL
R72 16304 0019,9920,35040,44960,7880,24190,32070,62000COL
R72 16304 0020,9920,19800,29720,7880,25760,33640,62000COL
R72 16304 0021,9920,33850,43770,7880,29630,37510,62000COL
R72 16304 0022,9920,33480,43400,7880,23590,31470,62000COL
R72 16304 0023,9920,34580,44500,7880,33330,41210,62000COL
R72 16304 0024,12130,24920,37050,9830,34890,44720,62000COL
R72 16304 0026,12130,38850,50980,9830,44130,53960,62000COL
R72 16304 0028,9920,35310,45230,7880,27920,35800,62000COL
R72 16304 0029,9920,27450,37370,7880,0,7880,62000COL
R72 16304 0030,4990,0,4990,3570,0,3570,62000COL
R72 16304 0031,9920,38680,48600,7880,23390,31270,62000COL
R72 16304 0032,9920,12980,22900,7880,31850,39730,62000COL
R72 16304 0033,9920,37030,46950,7880,34660,42540,62000COL
R72 16304 0034,9920,32430,42350,7880,31150,39030,62000COL
R72 16304 0035,9920,31630,41550,7880,36580,44460,62000COL
R72 16304 0036,9920,33810,43730,7880,27300,35180,62000COL
R72 16304 0037,9920,35740,45660,7880,29030,36910,62000COL
R72 16304 0038,9920,37890,47810,7880,33430,41310,62000COL
R72 16304 0039,3890,0,3890,2690,0,2690,62000COL
R72 16304 0040,12130,45780,57910,9830,50020,59850,62000COL
R72 16304 0042,9920,39500,49420,7880,47770,55650,62000COL
R72 16304 0043,9920,3780,13700,7880,4900,12780,62000COL
R72 16304 0044,9920,36020,45940,7880,37380,45260,62000COL
R72 16304 0045,9920,36210,46130,7880,38310,46190,62000COL
R72 16304 0046,9920,34700,44620,7880,44520,52400,62000COL
R72 16304 0047,9920,36690,46610,7880,45790,53670,62000COL
R72 16304 0048,9920,31960,41880,7880,22330,30210,62000COL
R72 16304 0049,9920,33670,43590,7880,38490,46370,62000COL
R72 16304 0050,9920,33900,43820,7880,33650,41530,62000COL
R72 16304 0051,9920,37310,47230,7880,39100,46980,62000COL
R72 16304 0052,9920,33090,43010,7880,54990,62870,62000COL
R72 16304 0054,14350,46010,60360,11780,48580,60360,62000COL
R72 16304 0056,9920,32400,42320,7880,35580,43460,62000COL
R72 16304 0057,4990,0,4990,3570,0,3570,62000COL
R72 16304 0058,9920,9480,19400,3960,0,3960,62000COL
R72 16304 0059,9920,30680,40600,7880,37940,45820,62000COL
R72 16304 0060,9920,35920,45840,7880,45090,52970,62000COL
R72 16304 0061,12130,39390,51520,9830,44260,54090,62000COL
R72 16304 0063,12130,50030,62160,9830,20820,30650,62000COL
R72 16304 0065,9920,37330,47250,7880,38790,46670,62000COL
R72 16304 0066,9920,31840,41760,7880,54090,61970,62000COL
R72 16304 0067,9920,31840,41760,7880,54090,61970,62000COL
R72 16304 0068,9920,31840,41760,7880,28840,36720,62000COL
R72 16304 0069,9920,29880,39800,7880,27990,35870,62000COL
R72 16304 0070,9920,34470,44390,7880,22240,30120,62000COL
R72 16304 0071,9920,16610,26530,7880,27790,35670,62000COL
R72 16304 0072,9920,29870,39790,7880,30910,38790,62000COL
R72 16304 0073,4990,0,4990,3570,0,3570,62000COL
R72 16304 0074,9920,33730,43650,7880,18750,26630,62000COL
R72 16304 0075,9920,32690,42610,7880,25980,33860,62000COL
R72 16304 0076,9920,32110,42030,7880,27460,35340,62000COL
R72 16304 0077,9920,22100,32020,7880,25620,33500,62000COL
R72 16304 0078,9920,2020,11940,3960,0,3960,62000COL
R72 16304 0079,9920,34390,44310,7880,35480,43360,62000COL
R72 16304 0080,9920,25420,35340,7880,31080,38960,62000COL
R72 16304 0081,9920,31350,41270,7880,42200,50080,62000COL
R72 16304 0082,9920,26500,36420,7880,30860,38740,62000COL
R72 16304 0083,9920,31350,41270,3960,0,3960,62000COL
R72 16304 0085,9920,39340,49260,7880,58890,66770,62000COL
R72 16304 0086,9920,31050,40970,7880,34600,42480,62000COL
R72 16304 0087,9920,17600,27520,7880,23490,31370,62000COL
R72 16304 0089,17870,0,17870,14800,92520,107320,62000COL
R72 16305 0001,58960,71690,130650,58960,150650,209610,62000COL
R72 16305 0003,19000,19520,38520,15870,59510,75380,62000COL
R72 16305 0007,4180,0,4180,3010,0,3010,62000COL
R72 16305 0008,9410,12360,21770,7440,32420,39860,62000COL
R72 16305 0009,3890,0,3890,2690,0,2690,62000COL
R72 16305 0010,4990,0,4990,3570,0,3570,62000COL
R72 16305 0011,9920,25350,35270,7880,44750,52630,62000COL
R72 16305 0012,9920,25340,35260,7880,36230,44110,62000COL
R72 16305 0013,9920,38090,48010,7880,49040,56920,62000COL
R72 16305 0014,9920,19850,29770,7880,35540,43420,62000COL
R72 16305 0015,9920,20570,30490,7880,25750,33630,62000COL
R72 16305 0016,9920,33110,43030,7880,37300,45180,62000COL
R72 16305 0017,9920,40180,50100,7880,48390,56270,62000COL
R72 16305 0018,9920,31170,41090,7880,47210,55090,62000COL
R72 16305 0019,9920,22710,32630,7880,11390,19270,62000COL
R72 16305 0020,9920,48510,58430,7880,71350,79230,62000COL
R72 16305 0021,9920,39230,49150,7880,41500,49380,62000COL
R72 16305 0022,4990,0,4990,3570,0,3570,62000COL
R72 16305 0023,9920,32410,42330,7880,42510,50390,62000COL
R72 16305 0024,15690,8840,24530,11940,17620,29560,62000COL
R72 16305 0029,11250,33090,44340,9050,28460,37510,62000COL
R72 16305 0030,9920,36900,46820,7880,35560,43440,62000COL
R72 16305 0031,9920,34940,44860,7880,34810,42690,62000COL
R72 16305 0032,9920,33500,43420,7880,39790,47670,62000COL
R72 16305 0033,9920,15900,25820,7880,27340,35220,62000COL
R72 16305 0034,9920,43230,53150,7880,49740,57620,62000COL
R72 16305 0035,9920,32130,42050,7880,34210,42090,62000COL
R72 16305 0036,9920,29670,39590,7880,18450,26330,62000COL
R72 16305 0037,9920,11070,20990,7880,20320,28200,62000COL
R72 16305 0038,9920,30870,40790,7880,49670,57550,62000COL
R72 16305 0039,9920,28140,38060,7880,36550,44430,62000COL
R72 16305 0040,9610,40050,49660,7610,44550,52160,62000COL
R72 16305 0041,9610,38350,47960,7610,39460,47070,62000COL
R72 16305 0042,9610,40470,50080,7610,38210,45820,62000COL
R72 16305 0043,4840,0,4840,3450,0,3450,62000COL
R72 16305 0044,9610,33480,43090,7610,37800,45410,62000COL
R72 16305 0045,9610,27220,36830,7610,37540,45150,62000COL
R72 16305 0046,9610,27620,37230,7610,34070,41680,62000COL
R72 16305 0047,9510,33830,43340,7510,29450,36960,62000COL
R72 16305 0048,9610,25940,35550,7610,39440,47050,62000COL
R72 16305 0049,4090,0,4090,2880,0,2880,62000COL
R72 16305 0050,3450,0,3450,2390,0,2390,62000COL
R72 16305 0051,11870,40650,52520,9520,27160,36680,62000COL
R72 16305 0056,14880,47430,62310,12670,52090,64760,62000COL
R72 16305 0059,3890,0,3890,2690,0,2690,62000COL
R72 16306 0011,35450,102630,138080,21920,88590,110510,52000HIL
R72 16307 0001,10520,33680,44200,8350,32890,41240,62000COL
R72 16307 0010,12640,32460,45100,10310,42110,52420,62000COL
R72 16307 0013,9200,37830,47030,7310,45970,53280,62000COL
R72 16307 0014,9410,33800,43210,7440,33840,41280,62000COL
R72 16308 0020,60000,78350,138350,60000,209430,269430,52001PHI
R72 16309 0001,16000,0,16000,16000,0,16000,52002PHI
R72 16309 0002,16000,0,16000,16000,0,16000,52002PHI
R72 16309 0003,16000,0,16000,16000,0,16000,52002PHI
R72 16309 0004,20000,86770,106770,20000,50770,70770,53004000
R72 16309 0005,16000,0,16000,16000,0,16000,52002PHI
R72 16310 0015,20000,67150,87150,20000,91390,111390,52002PHI
R72 16310 0016,20000,75300,95300,20000,88720,108720,52002PHI
R72 16310 0017,20000,60190,80190,20000,86200,106200,52002PHI
R72 16310 0018,20000,67650,87650,20000,89010,109010,52002PHI
R72 16310 0019,20000,67730,87730,20000,89510,109510,52002PHI
R72 16310 0020,20000,43340,63340,20000,97120,117120,52002PHI
R72 16310 0021,20000,114310,134310,20000,114360,134360,52002PHI
R72 16310 0022,16000,0,16000,16000,0,16000,52002PHI
R72 16310 0023,22000,81080,103080,20000,89270,109270,52002PHI
R72 16310 0024,20000,117800,137800,20000,119780,139780,52002PHI
R72 16310 0025,20000,64900,84900,20000,91940,111940,52002PHI
R72 16310 0026,20000,64900,84900,20000,91940,111940,52002PHI
R72 16310 0027,20000,84690,104690,20000,98610,118610,52002PHI
R72 16312 0021,20000,52300,72300,20000,60150,80150,53004000
R72 16312 0024,20000,65970,85970,20000,66720,86720,53004000
R72 16312 0025,20000,55630,75630,20000,58520,78520,53004000
R72 16312 0028,20000,60010,80010,20000,67270,87270,53004000
R72 16313 0009,11790,94120,105910,8370,114040,122410,52000HIL
R72 16313 0010,7040,0,7040,4770,0,4770,52000HIL
R72 16314 0001,32830,135850,168680,32830,152870,185700,52000FRV
R72 16315 0001,587650,390910,978560,587650,246620,834270,52001PHI
R72 16316 0001,163070,0,163070,100000,0,100000,52000HIL
R72 16316 0014,16170,83650,99820,12150,101470,113620,52000FRV
R72 16316 0015,16300,86150,102450,12260,91700,103960,52000HIL
R72 16316 0016,12000,61930,73930,12000,25610,37610,52000FRV
R72 16401 0001,19640,13680,33320,19710,30290,50000,33000BEL
R72 16401 0002,19640,67530,87170,19710,58250,77960,33000BEL
R72 16401 0003,19640,52010,71650,19710,55480,75190,33000BEL
R72 16401 0004,19640,43910,63550,19710,44460,64170,33000BEL
R72 16401 0005,19990,55620,75610,20080,58270,78350,33000BEL
R72 16401 0006,20710,56280,76990,20810,59120,79930,33000BEL
R72 16401 0007,20170,49980,70150,20260,45790,66050,33000BEL
R72 16401 0008,20350,68940,89290,20440,66500,86940,33000BEL
R72 16401 0009,20350,85090,105440,20440,82330,102770,33000BEL
R72 16401 0010,20350,44430,64780,20440,43180,63620,33000BEL
R72 16401 0011,21950,60360,82310,22590,62130,84720,33000BEL
R72 16401 0012,22540,63250,85790,23240,61790,85030,33000BEL
R72 16401 0013,22140,44820,66960,22680,42600,65280,33000BEL
R72 16401 0014,21550,61440,82990,21910,58100,80010,33000BEL
R72 16401 0015,21660,51880,73540,21860,43560,65420,33000BEL
R72 16401 0016,20150,46690,66840,20160,49320,69480,33000BEL
R72 16401 0017,19920,59950,79870,19960,93990,113950,33000BEL
R72 16401 0018,21440,43990,65430,21460,48350,69810,33000BEL
R72 16401 0019,21000,43610,64610,20700,47720,68420,33000BEL
R72 16401 0020,20610,47600,68210,20030,39160,59190,33000BEL
R72 16401 0021,23180,52660,75840,22890,65410,88300,33000BEL
R72 16401 0022,21610,86300,107910,20510,84160,104670,33000BEL
R72 16401 0023,22580,70600,93180,22600,72070,94670,33000BEL
R72 16401 0024,20480,56610,77090,19860,55290,75150,33000BEL
R72 16402 0004,27580,68350,95930,25290,84510,109800,33000BEL
R72 16402 0005,21340,53190,74530,20660,58380,79040,33000BEL
R72 16402 0006,20130,55600,75730,19820,60140,79960,33000BEL
R72 16402 0007,20070,55620,75690,19800,60410,80210,33000BEL
R72 16402 0008,20030,30060,50090,19880,49120,69000,33000BEL
R72 16402 0009,19780,48180,67960,19890,50590,70480,33000BEL
R72 16402 0010,23110,52300,75410,23370,57920,81290,33000BEL
R72 16402 0011,25560,53050,78610,26170,61170,87340,33000BEL
R72 16402 0012,21950,51690,73640,22700,58730,81430,33000BEL
R72 16402 0013,22740,42850,65590,23970,68070,92040,33000BEL
R72 16402 0014,24160,42210,66370,26780,59680,86460,33000BEL
R72 16402 0015,19620,50530,70150,19710,56260,75970,33000BEL
R72 16402 0016,19620,47730,67350,19710,59460,79170,33000BEL
R72 16402 0017,19620,51680,71300,19710,62400,82110,33000BEL
R72 16402 0018,24620,70340,94960,24950,69930,94880,33000BEL
R72 16402 0019,23680,84780,108460,23840,89920,113760,33000BEL
R72 16402 0020,20330,53090,73420,20430,61310,81740,33000BEL
R72 16402 0021,20330,51080,71410,20430,53250,73680,33000BEL
R72 16402 0022,20330,49420,69750,20430,53300,73730,33000BEL
R72 16402 0023,20330,67870,88200,20430,70620,91050,33000BEL
R72 16402 0024,20330,72100,92430,20430,75920,96350,33000BEL
R72 16402 0025,20500,73940,94440,20610,72990,93600,33000BEL
R72 16402 0026,21110,48920,70030,21290,52700,73990,33000BEL
R72 16402 0027,23730,57980,81710,24910,56830,81740,33000BEL
R72 16402 0028,26810,71890,98700,29560,77530,107090,33000BEL
R72 16402 0029,22700,67260,89960,23270,69980,93250,33000BEL
R72 16402 0030,23840,50060,73900,23700,66500,90200,33000BEL
R72 16402 0031,19840,39790,59630,19870,52810,72680,33000BEL
R72 16402 0032,21950,45410,67360,22520,62560,85080,33000BEL
R72 16402 0033,19640,49740,69380,19800,58780,78580,33000BEL
R72 16402 0034,19080,64290,83370,19100,63690,82790,33000BEL
R72 16402 0035,19600,41140,60740,19710,50380,70090,33000BEL
R72 16402 0036,19950,53560,73510,19700,60050,79750,33000BEL
R72 16402 0037,24020,73330,97350,23340,85380,108720,33000BEL
R72 16402 0038,24050,51560,75610,23060,55400,78460,33000BEL
R72 16402 0039,27720,73250,100970,26140,86240,112380,33000BEL
R72 16402 0040,21530,46110,67640,21860,56980,78840,33000BEL
R72 16402 0041,23270,58720,81990,22610,66050,88660,33000BEL
R72 16402 0042,19990,48500,68490,19980,61860,81840,33000BEL
R72 16402 0043,19800,47760,67560,19890,60460,80350,33000BEL
R72 16402 0044,19620,67190,86810,19710,65420,85130,33000BEL
R72 16402 0045,19620,54140,73760,19710,58820,78530,33000BEL
R72 16402 0046,19620,55030,74650,19710,57500,77210,33000BEL
R72 16402 0047,19620,40880,60500,19710,54950,74660,33000BEL
R72 16402 0048,19620,48530,68150,19710,59110,78820,33000BEL
R72 16402 0049,19620,42610,62230,19710,58820,78530,33000BEL
R72 16402 0050,19620,45730,65350,19710,60710,80420,33000BEL
R72 16402 0051,22310,50110,72420,22450,66610,89060,33000BEL
R72 16402 0052,22200,72540,94740,22320,75140,97460,33000BEL
R72 16402 0053,23740,60040,83780,24030,69030,93060,33000BEL
R72 16402 0054,19860,45000,64860,19810,63020,82830,33000BEL
R72 16402 0055,23630,46460,70090,23980,67310,91290,33000BEL
R72 16402 0056,20600,46440,67040,20850,60720,81570,33000BEL
R72 16402 0057,19830,40800,60630,19890,56040,75930,33000BEL
R72 16402 0058,19780,74170,93950,19800,80270,100070,33000BEL
R72 16402 0059,19780,39660,59440,19800,51860,71660,33000BEL
R72 16402 0060,20130,73040,93170,20150,73060,93210,33000BEL
R72 16402 0061,20130,44120,64250,20150,57150,77300,33000BEL
R72 16402 0062,19780,43480,63260,19800,54820,74620,33000BEL
R72 16402 0063,19780,41550,61330,19800,55920,75720,33000BEL
R72 16402 0064,19780,44430,64210,19800,59510,79310,33000BEL
R72 16402 0065,20300,46740,67040,20320,60360,80680,33000BEL
R72 16402 0066,21870,59920,81790,22060,64080,86140,33000BEL
R72 16402 0067,18000,45450,63450,18000,54990,72990,33000BEL
R72 16402 0068,12080,0,12080,7200,0,7200,33000BEL
R72 16402 0069,22100,74290,96390,22360,80030,102390,33000BEL
R72 16402 0070,22020,43640,65660,22340,58880,81220,33000BEL
R72 16402 0071,22860,55730,78590,22330,42050,64380,33000BEL
R72 16402 0072,21090,53410,74500,21180,57880,79060,33000BEL
R72 16402 0074,22630,66700,89330,22850,68150,91000,33000BEL
R72 16402 0075,3450,0,3450,3570,0,3570,33000BEL
R72 16403 0001,22310,71430,93740,22450,63670,86120,33000BEL
R72 16403 0002,19640,62220,81860,19710,61200,80910,33000BEL
R72 16403 0003,21560,80030,101590,21690,84860,106550,33000BEL
R72 16403 0004,21060,59650,80710,21170,61640,82810,33000BEL
R72 16403 0005,19640,77500,97140,19710,76440,96150,33000BEL
R72 16403 0006,19640,65430,85070,19710,75280,94990,33000BEL
R72 16403 0007,21420,61750,83170,21540,57020,78560,33000BEL
R72 16403 0008,21420,74200,95620,21540,81700,103240,33000BEL
R72 16403 0009,19640,52500,72140,19710,80570,100280,33000BEL
R72 16403 0010,19640,65260,84900,19710,74010,93720,33000BEL
R72 16403 0011,19640,43500,63140,19710,69220,88930,33000BEL
R72 16403 0012,19640,71070,90710,19710,73010,92720,33000BEL
R72 16403 0014,21780,58720,80500,21900,60300,82200,33000BEL
R72 16403 0016,22330,45830,68160,23020,103240,126260,33000BEL
R72 16403 0017,22730,45250,67980,23430,57760,81190,33000BEL
R72 16403 0018,340,0,340,340,0,340,33000BEL
R72 16404 0001,27340,85530,112870,40840,84800,125640,33000BEL
R72 16404 0002,23870,66970,90840,32320,67640,99960,33000BEL
R72 16404 0003,22090,68300,90390,22120,79510,101630,33000BEL
R72 16404 0004,1310,0,1310,1420,0,1420,33000BEL
R72 16404 0005,20780,67460,88240,21330,77680,99010,33000BEL
R72 16404 0006,19470,59250,78720,19600,58260,77860,33000BEL
R72 16404 0007,19640,66250,85890,19710,69070,88780,33000BEL
R72 16404 0008,19640,60830,80470,19710,60970,80680,33000BEL
R72 16404 0009,21420,72580,94000,21540,72600,94140,33000BEL
R72 16404 0010,20780,77000,97780,20960,84190,105150,33000BEL
R72 16404 0011,19640,60480,80120,19710,59990,79700,33000BEL
R72 16404 0012,19640,64900,84540,19710,73890,93600,33000BEL
R72 16404 0013,19460,55770,75230,19530,54650,74180,33000BEL
R72 16404 0014,19640,59220,78860,19710,66970,86680,33000BEL
R72 16404 0015,19640,58900,78540,19710,60370,80080,33000BEL
R72 16404 0016,22310,71240,93550,22450,75580,98030,33000BEL
R72 16404 0017,20650,68740,89390,20770,67240,88010,33000BEL
R72 16404 0018,19640,63150,82790,19710,61110,80820,33000BEL
R72 16404 0019,19640,60850,80490,19710,59340,79050,33000BEL
R72 16404 0022,20600,69170,89770,20730,64810,85540,33000BEL
R72 16405 0001,22530,67350,89880,23210,66690,89900,33000BEL
R72 16405 0002,18820,59110,77930,18630,57540,76170,33000BEL
R72 16405 0003,21870,67240,89110,20800,64600,85400,33000BEL
R72 16405 0004,20480,59240,79720,19420,58140,77560,33000BEL
R72 16405 0005,19000,64650,83650,18790,64380,83170,33000BEL
R72 16405 0006,20950,66800,87750,21190,71240,92430,33000BEL
R72 16405 0007,21750,60000,81750,22510,60370,82880,33000BEL
R72 16405 0008,22940,68900,91840,24040,69400,93440,33000BEL
R72 16405 0009,24370,61250,85620,26630,61760,88390,33000BEL
R72 16405 0010,25410,59580,84990,29610,62730,92340,33000BEL
R72 16405 0011,26030,73520,99550,29240,72340,101580,33000BEL
R72 16405 0012,24300,62490,86790,32570,60950,93520,33000BEL
R72 16405 0013,25610,72280,97890,34470,71410,105880,33000BEL
R72 16405 0014,29080,84700,113780,41140,87050,128190,33000BEL
R72 16405 0015,22130,59990,82120,22270,58270,80540,33000BEL
R72 16405 0016,19640,67540,87180,19710,72200,91910,33000BEL
R72 16405 0017,19640,60960,80600,19710,60000,79710,33000BEL
R72 16405 0018,19460,80480,99940,19530,85340,104870,33000BEL
R72 16405 0019,22130,60320,82450,22270,60470,82740,33000BEL
R72 16405 0020,22310,70630,92940,22450,67620,90070,33000BEL
R72 16405 0021,21810,66490,88300,21920,67620,89540,33000BEL
R72 16405 0022,20530,57460,77990,20720,70900,91620,33000BEL
R72 16405 0023,21890,73260,95150,22060,74370,96430,33000BEL
R72 16406 0001,19460,80610,100070,19530,81150,100680,33000BEL
R72 16406 0002,19640,66000,85640,19710,68890,88600,33000BEL
R72 16406 0003,19440,61710,81150,19530,60030,79560,33000BEL
R72 16406 0004,19270,65120,84390,19270,64580,83850,33000BEL
R72 16406 0005,18740,66270,85010,18820,67210,86030,33000BEL
R72 16406 0006,19640,61220,80860,19710,59480,79190,33000BEL
R72 16406 0007,23840,55880,79720,24250,56510,80760,33000BEL
R72 16406 0008,22600,59600,82200,22940,57280,80220,33000BEL
R72 16406 0009,20170,60220,80390,20170,92510,112680,33000BEL
R72 16406 0010,20170,59540,79710,20170,59420,79590,33000BEL
R72 16406 0011,20170,67620,87790,20170,65760,85930,33000BEL
R72 16406 0012,21600,73220,94820,21610,86580,108190,33000BEL
R72 16406 0013,21210,60280,81490,21330,58740,80070,33000BEL
R72 16406 0014,19640,61560,81200,19710,66200,85910,33000BEL
R72 16406 0015,19640,59140,78780,19710,58010,77720,33000BEL
R72 16406 0016,19640,65180,84820,19710,65610,85320,33000BEL
R72 16406 0017,19640,64440,84080,19710,65020,84730,33000BEL
R72 16406 0018,19640,61070,80710,19710,58620,78330,33000BEL
R72 16406 0019,19640,84160,103800,19710,83370,103080,33000BEL
R72 16406 0020,19640,61560,81200,19710,59340,79050,33000BEL
R72 16406 0021,22230,67690,89920,22440,73500,95940,33000BEL
R72 16406 0022,22720,61620,84340,23250,59940,83190,33000BEL
R72 16406 0023,23140,63810,86950,24020,64430,88450,33000BEL
R72 16406 0024,23140,71260,94400,23920,73060,96980,33000BEL
R72 16406 0025,21560,64150,85710,21890,66520,88410,33000BEL
R72 16406 0026,21000,59140,80140,20920,67770,88690,33000BEL
R72 16406 0027,21250,63540,84790,20610,67510,88120,33000BEL
R72 16406 0028,20920,66800,87720,20740,72250,92990,33000BEL
R72 16406 0029,22700,62270,84970,23270,63340,86610,33000BEL
R72 16406 0030,23340,67350,90690,23710,65010,88720,33000BEL
R72 16406 0031,21420,65490,86910,21540,69780,91320,33000BEL
R72 16406 0032,20530,65580,86110,20620,69920,90540,33000BEL
R72 16406 0033,20530,67750,88280,20620,85010,105630,33000BEL
R72 16406 0034,21420,72250,93670,21540,76310,97850,33000BEL
R72 16406 0035,21420,51650,73070,21540,61140,82680,33000BEL
R72 16406 0036,20130,62490,82620,19710,67000,86710,33000BEL
R72 16406 0037,19550,61590,81140,19510,61560,81070,33000BEL
R72 16406 0038,19810,65800,85610,19980,74100,94080,33000BEL
R72 16406 0039,19640,57870,77510,19800,58100,77900,33000BEL
R72 16406 0040,20170,65840,86010,20170,66950,87120,33000BEL
R72 16406 0041,21030,57880,78910,21150,57440,78590,33000BEL
R72 16406 0042,19640,64240,83880,19710,68660,88370,33000BEL
R72 16406 0043,20530,63710,84240,20620,67950,88570,33000BEL
R72 16406 0044,24990,83590,108580,25330,76610,101940,33000BEL
R72 16406 0045,24570,69910,94480,27440,73450,100890,33000BEL
R72 16406 0046,27110,69880,96990,32140,64430,96570,33000BEL
R72 16406 0047,24780,61810,86590,27260,63250,90510,33000BEL
R72 16406 0048,22350,76030,98380,23200,76940,100140,33000BEL
R72 16406 0049,21560,62060,83620,22120,61510,83630,33000BEL
R72 16406 0050,21370,60320,81690,21900,64150,86050,33000BEL
R72 16406 0051,21370,75210,96580,21900,77880,99780,33000BEL
R72 16407 0001,21600,71730,93330,21610,75980,97590,33000BEL
R72 16407 0002,21420,63440,84860,20810,63310,84120,33000BEL
R72 16407 0003,22140,65940,88080,22780,68190,90970,33000BEL
R72 16407 0004,24140,92120,116260,25450,114560,140010,33000BEL
R72 16407 0005,22930,84000,106930,22950,111220,134170,33000BEL
R72 16407 0006,21940,82570,104510,22430,79150,101580,33000BEL
R72 16407 0007,20600,60950,81550,20850,55710,76560,33000BEL
R72 16407 0008,22020,65440,87460,22130,62450,84580,33000BEL
R72 16407 0009,24950,64340,89290,25640,67210,92850,33000BEL
R72 16407 0010,19640,74700,94340,19710,76810,96520,33000BEL
R72 16407 0011,19640,70910,90550,19710,74250,93960,33000BEL
R72 16407 0012,19640,65470,85110,19710,73050,92760,33000BEL
R72 16407 0013,20170,66520,86690,20260,64400,84660,33000BEL
R72 16407 0014,20170,55630,75800,20260,63000,83260,33000BEL
R72 16407 0015,22310,61250,83560,22450,62060,84510,33000BEL
R72 16407 0016,22310,84020,106330,22450,81690,104140,33000BEL
R72 16407 0017,20880,62110,82990,20990,66270,87260,33000BEL
R72 16407 0018,20880,63010,83890,20990,60550,81540,33000BEL
R72 16407 0019,22310,58080,80390,22450,59250,81700,33000BEL
R72 16407 0020,22910,64000,86910,25230,88500,113730,33000BEL
R72 16407 0021,20980,60540,81520,21370,62420,83790,33000BEL
R72 16407 0022,28450,49680,78130,24960,58910,83870,33000BEL
R72 16407 0023,25640,36470,62110,26600,57730,84330,33000BEL
R72 16407 0024,23790,92810,116600,24080,96550,120630,33000BEL
R72 16407 0025,23140,83680,106820,24830,80650,105480,33000BEL
R72 16407 0026,21950,57850,79800,22520,58650,81170,33000BEL
R72 16407 0027,21170,62450,83620,21410,62110,83520,33000BEL
R72 16407 0028,20790,87100,107890,21020,86660,107680,33000BEL
R72 16407 0029,20790,58950,79740,21020,59180,80200,33000BEL
R72 16407 0030,21550,54160,75710,21840,68780,90620,33000BEL
R72 16407 0032,3350,0,3350,3550,0,3550,33000BEL
R72 16408 0003,18380,59360,77740,18480,64390,82870,33000BEL
R72 16408 0007,23310,65580,88890,23990,77470,101460,33000BEL
R72 16408 0009,170,0,170,170,0,170,33000BEL
R72 16410 0001,17420,33510,50930,17460,49040,66500,33010EAS
R72 16410 0002,17280,27860,45140,17250,47310,64560,33010EAS
R72 16410 0003,17420,48280,65700,17310,58660,75970,33010EAS
R72 16410 0004,17280,43310,60590,17180,57750,74930,33010EAS
R72 16410 0005,17280,53380,70660,17180,84080,101260,33010EAS
R72 16410 0006,17280,47010,64290,17180,56930,74110,33010EAS
R72 16410 0007,17280,54200,71480,17180,59110,76290,33010EAS
R72 16410 0008,17280,65750,83030,17180,70880,88060,33010EAS
R72 16410 0009,17280,52570,69850,17180,30120,47300,33010EAS
R72 16410 0010,17280,44960,62240,17180,50940,68120,33010EAS
R72 16410 0011,16200,48990,65190,16200,54340,70540,33010EAS
R72 16410 0012,18080,41810,59890,17860,59250,77110,33010EAS
R72 16410 0013,16200,47110,63310,16130,68610,84740,33010EAS
R72 16410 0014,18420,42960,61380,18170,51920,70090,33010EAS
R72 16410 0015,17240,48070,65310,17160,46590,63750,33010EAS
R72 16410 0016,17240,43250,60490,17160,50600,67760,33010EAS
R72 16410 0017,17240,42870,60110,17160,47440,64600,33010EAS
R72 16410 0018,17240,45630,62870,17160,53720,70880,33010EAS
R72 16410 0019,17240,48550,65790,17160,60020,77180,33010EAS
R72 16410 0020,17240,49850,67090,17160,53060,70220,33010EAS
R72 16410 0021,17240,46250,63490,17160,50120,67280,33010EAS
R72 16410 0022,17240,46330,63570,17160,64160,81320,33010EAS
R72 16410 0023,17630,43500,61130,17610,45660,63270,33010EAS
R72 16410 0024,17610,40860,58470,17620,48570,66190,33010EAS
R72 16410 0025,19000,45750,64750,19080,51880,70960,33010EAS
R72 16410 0026,21750,42960,64710,21640,51510,73150,33010EAS
R72 16410 0027,18690,45130,63820,18760,53440,72200,33010EAS
R72 16410 0028,18360,47980,66340,18450,56250,74700,33010EAS
R72 16410 0029,18630,49050,67680,18360,61000,79360,33010EAS
R72 16410 0030,19670,43440,63110,19240,62850,82090,33010EAS
R72 16410 0031,20290,46220,66510,20210,57580,77790,33010EAS
R72 16410 0032,18720,41960,60680,18750,64110,82860,33010EAS
R72 16410 0033,17160,42140,59300,17030,50780,67810,33010EAS
R72 16410 0034,19980,48790,68770,20250,53900,74150,33010EAS
R72 16410 0035,19980,50420,70400,20250,57860,78110,33010EAS
R72 16410 0036,19980,46340,66320,20250,51920,72170,33010EAS
R72 16410 0037,19980,58250,78230,20250,85540,105790,33010EAS
R72 16410 0038,19980,47880,67860,20250,70770,91020,33010EAS
R72 16410 0039,19980,44060,64040,20250,51110,71360,33010EAS
R72 16410 0040,19980,57140,77120,20250,74130,94380,33010EAS
R72 16410 0041,19980,45350,65330,20250,51780,72030,33010EAS
R72 16410 0042,19980,59750,79730,20250,58940,79190,33010EAS
R72 16410 0043,19980,44870,64850,20250,57480,77730,33010EAS
R72 16410 0044,19980,48090,68070,20250,63800,84050,33010EAS
R72 16410 0045,19980,51570,71550,20250,58150,78400,33010EAS
R72 16411 0001,17100,59920,77020,17100,65880,82980,33010EAS
R72 16411 0002,17100,46910,64010,17100,54890,71990,33010EAS
R72 16411 0003,17100,47300,64400,17100,64500,81600,33010EAS
R72 16411 0004,17100,44380,61480,17100,51960,69060,33010EAS
R72 16411 0005,17280,42390,59670,17180,53980,71160,33010EAS
R72 16411 0006,17280,46890,64170,17180,63260,80440,33010EAS
R72 16411 0007,17280,44210,61490,17180,51480,68660,33010EAS
R72 16411 0008,17280,45580,62860,17180,52070,69250,33010EAS
R72 16411 0009,17280,45110,62390,17180,53060,70240,33010EAS
R72 16411 0010,17280,44060,61340,17180,53250,70430,33010EAS
R72 16411 0011,19870,42720,62590,19630,53230,72860,33010EAS
R72 16411 0012,18910,47360,66270,18530,46670,65200,33010EAS
R72 16411 0013,16630,50740,67370,16590,57640,74230,33010EAS
R72 16411 0014,17100,44290,61390,17030,50600,67630,33010EAS
R72 16411 0015,17100,46980,64080,17030,53670,70700,33010EAS
R72 16411 0016,17100,48060,65160,17030,57950,74980,33010EAS
R72 16411 0017,17100,42010,59110,17030,50670,67700,33010EAS
R72 16411 0018,17100,46900,64000,17030,52720,69750,33010EAS
R72 16411 0019,17100,59340,76440,17030,41460,58490,33010EAS
R72 16411 0020,17100,51980,69080,17030,58920,75950,33010EAS
R72 16411 0021,17100,49900,67000,17030,59990,77020,33010EAS
R72 16411 0022,17240,43070,60310,17160,50170,67330,33010EAS
R72 16411 0023,17240,46470,63710,17160,53590,70750,33010EAS
R72 16411 0024,17240,44280,61520,17160,51360,68520,33010EAS
R72 16411 0025,17240,62220,79460,17160,84460,101620,33010EAS
R72 16411 0026,17240,46430,63670,17160,53750,70910,33010EAS
R72 16411 0027,17240,46580,63820,17160,55180,72340,33010EAS
R72 16411 0028,17240,44740,61980,17160,52130,69290,33010EAS
R72 16411 0029,18100,47070,65170,17960,49240,67200,33010EAS
R72 16411 0030,20580,45230,65810,20500,53640,74140,33010EAS
R72 16411 0031,18690,56340,75030,18680,71470,90150,33010EAS
R72 16411 0032,20200,51770,71970,20120,53560,73680,33010EAS
R72 16411 0033,17240,40820,58060,17160,46050,63210,33010EAS
R72 16411 0034,17100,43680,60780,17030,51700,68730,33010EAS
R72 16411 0035,17100,43290,60390,17030,51710,68740,33010EAS
R72 16411 0036,17100,31080,48180,17030,55490,72520,33010EAS
R72 16411 0037,17100,45370,62470,17030,53570,70600,33010EAS
R72 16411 0038,17100,42540,59640,17030,47740,64770,33010EAS
R72 16411 0039,17100,44290,61390,17030,52800,69830,33010EAS
R72 16411 0040,17100,47800,64900,17030,64730,81760,33010EAS
R72 16411 0041,17100,42210,59310,17030,50600,67630,33010EAS
R72 16411 0042,17100,42010,59110,17030,50350,67380,33010EAS
R72 16411 0043,17100,46910,64010,17030,54260,71290,33010EAS
R72 16411 0044,17100,43560,60660,17030,51670,68700,33010EAS
R72 16411 0045,17100,46360,63460,17030,74580,91610,33010EAS
R72 16411 0046,17100,42010,59110,17030,46600,63630,33010EAS
R72 16411 0047,17100,44060,61160,17030,49290,66320,33010EAS
R72 16411 0048,18000,57870,75870,17860,66370,84230,33010EAS
R72 16411 0049,20200,49260,69460,19780,57060,76840,33010EAS
R72 16411 0050,17100,43900,61000,17100,50870,67970,33010EAS
R72 16411 0051,20450,47000,67450,20380,56440,76820,33010EAS
R72 16411 0052,19670,51640,71310,19430,61700,81130,33010EAS
R72 16411 0053,20880,48810,69690,20790,55110,75900,33010EAS
R72 16411 0054,16040,43400,59440,16110,53160,69270,33010EAS
R72 16411 0055,17100,54570,71670,17030,67330,84360,33010EAS
R72 16411 0056,22640,46270,68910,23250,53490,76740,33010EAS
R72 16411 0057,22480,45360,67840,23060,53250,76310,33010EAS
R72 16411 0058,19980,46100,66080,20250,55040,75290,33010EAS
R72 16411 0059,19980,22960,42940,20250,52650,72900,33010EAS
R72 16411 0060,19980,41840,61820,20250,52170,72420,33010EAS
R72 16411 0061,19980,42150,62130,20250,53010,73260,33010EAS
R72 16411 0062,19980,46780,66760,20250,57320,77570,33010EAS
R72 16411 0063,19980,41430,61410,20250,50070,70320,33010EAS
R72 16411 0064,19980,41870,61850,20250,52130,72380,33010EAS
R72 16411 0065,19980,44810,64790,20250,56110,76360,33010EAS
R72 16411 0066,19980,46520,66500,20250,60100,80350,33010EAS
R72 16411 0067,21150,42610,63760,21560,55820,77380,33010EAS
R72 16411 0068,2810,0,2810,2830,0,2830,33010EAS
R72 16411 0069,1030,0,1030,1140,0,1140,33010EAS
R72 16412 0001,19550,41400,60950,19490,56400,75890,33010EAS
R72 16412 0002,17770,44650,62420,17580,52460,70040,33010EAS
R72 16412 0003,17100,43430,60530,17100,72220,89320,33010EAS
R72 16412 0004,17100,69470,86570,17100,75530,92630,33010EAS
R72 16412 0005,17100,42120,59220,17100,50220,67320,33010EAS
R72 16412 0006,17100,43530,60630,17100,53430,70530,33010EAS
R72 16412 0007,16730,40940,57670,16700,57430,74130,33010EAS
R72 16412 0008,21440,57830,79270,19790,66490,86280,33010EAS
R72 16412 0009,16880,42370,59250,16910,51140,68050,33010EAS
R72 16412 0010,16960,44200,61160,16890,53980,70870,33010EAS
R72 16412 0011,19240,50780,70020,19030,52200,71230,33010EAS
R72 16412 0012,19240,44240,63480,19030,53380,72410,33010EAS
R72 16412 0013,17100,50740,67840,17030,57570,74600,33010EAS
R72 16412 0014,17100,41130,58230,17030,53890,70920,33010EAS
R72 16412 0015,17100,43550,60650,17100,50600,67700,33010EAS
R72 16412 0016,17100,46350,63450,17100,53550,70650,33010EAS
R72 16412 0017,17100,56330,73430,17100,78690,95790,33010EAS
R72 16412 0018,17100,45990,63090,17030,53230,70260,33010EAS
R72 16412 0019,17100,48460,65560,17030,56570,73600,33010EAS
R72 16412 0020,17100,50010,67110,17030,61150,78180,33010EAS
R72 16412 0021,17100,41230,58330,17030,49180,66210,33010EAS
R72 16412 0022,17100,38700,55800,17030,40800,57830,33010EAS
R72 16412 0023,17100,40720,57820,17030,48230,65260,33010EAS
R72 16412 0024,17100,51410,68510,17030,61250,78280,33010EAS
R72 16412 0025,17390,43490,60880,17290,61130,78420,33010EAS
R72 16412 0026,18700,42630,61330,18340,51920,70260,33010EAS
R72 16412 0027,16920,41780,58700,16950,49540,66490,33010EAS
R72 16412 0028,18700,41120,59820,18340,52020,70360,33010EAS
R72 16412 0029,18100,42860,60960,17960,49480,67440,33010EAS
R72 16412 0030,17240,41310,58550,17160,60160,77320,33010EAS
R72 16412 0031,17240,47300,64540,17160,67730,84890,33010EAS
R72 16412 0032,17240,43800,61040,17160,61110,78270,33010EAS
R72 16412 0033,17240,42270,59510,17160,58110,75270,33010EAS
R72 16412 0034,17240,43930,61170,17160,67950,85110,33010EAS
R72 16412 0035,17240,44080,61320,17160,52080,69240,33010EAS
R72 16412 0036,17240,47570,64810,17160,61430,78590,33010EAS
R72 16412 0037,17100,42190,59290,17030,51720,68750,33010EAS
R72 16412 0038,17100,42420,59520,17030,50880,67910,33010EAS
R72 16412 0039,17100,42270,59370,17030,51030,68060,33010EAS
R72 16412 0040,17100,45140,62240,17030,55490,72520,33010EAS
R72 16412 0041,17100,40020,57120,17030,47320,64350,33010EAS
R72 16412 0042,17100,43210,60310,17030,57930,74960,33010EAS
R72 16412 0043,17100,42760,59860,17030,51590,68620,33010EAS
R72 16412 0044,17100,51830,68930,17030,52550,69580,33010EAS
R72 16412 0045,18690,46750,65440,18530,59320,77850,33010EAS
R72 16412 0046,17240,44040,61280,17160,61920,79080,33010EAS
R72 16412 0047,19010,45660,64670,18990,56830,75820,33010EAS
R72 16412 0048,17530,43280,60810,17430,53180,70610,33010EAS
R72 16412 0049,17100,44090,61190,17030,52540,69570,33010EAS
R72 16412 0050,17100,42900,60000,17030,51390,68420,33010EAS
R72 16412 0051,17100,42070,59170,17030,51560,68590,33010EAS
R72 16412 0052,17100,43040,60140,17030,52460,69490,33010EAS
R72 16412 0053,17100,42230,59330,17030,51030,68060,33010EAS
R72 16412 0054,17100,44340,61440,17030,54650,71680,33010EAS
R72 16412 0055,17100,44030,61130,17030,53870,70900,33010EAS
R72 16412 0056,17100,44790,61890,17030,52700,69730,33010EAS
R72 16412 0057,17100,41990,59090,17030,51520,68550,33010EAS
R72 16412 0058,17100,41050,58150,17030,48730,65760,33010EAS
R72 16412 0059,17100,48350,65450,17030,64180,81210,33010EAS
R72 16412 0060,17100,42410,59510,17030,50850,67880,33010EAS
R72 16412 0061,17100,44380,61480,17030,50220,67250,33010EAS
R72 16412 0062,17100,43160,60260,17030,51330,68360,33010EAS
R72 16412 0063,17100,35770,52870,17030,57810,74840,33010EAS
R72 16412 0064,17100,41890,58990,17030,50470,67500,33010EAS
R72 16412 0065,16820,40680,57500,16760,50820,67580,33010EAS
R72 16412 0066,19950,46940,66890,19800,59830,79630,33010EAS
R72 16412 0067,17820,49150,66970,17780,54570,72350,33010EAS
R72 16412 0068,18720,43660,62380,18750,54800,73550,33010EAS
R72 16413 0001,20090,41500,61590,20200,54830,75030,33010EAS
R72 16413 0002,17010,45000,62010,16920,55080,72000,33010EAS
R72 16413 0003,16880,42810,59690,16780,52900,69680,33010EAS
R72 16413 0004,16740,51820,68560,16730,47020,63750,33010EAS
R72 16413 0005,16740,42500,59240,16730,45820,62550,33010EAS
R72 16413 0006,16740,43250,59990,16730,53340,70070,33010EAS
R72 16413 0007,16740,39570,56310,16730,49280,66010,33010EAS
R72 16413 0008,17060,42730,59790,16930,52900,69830,33010EAS
R72 16413 0009,18720,69130,87850,18750,75950,94700,33010EAS
R72 16413 0010,18720,50230,68950,18750,55310,74060,33010EAS
R72 16413 0011,19180,54310,73490,18880,54450,73330,33010EAS
R72 16413 0012,17280,44670,61950,17180,55510,72690,33010EAS
R72 16413 0013,17280,47780,65060,17250,60870,78120,33010EAS
R72 16413 0014,19600,39790,59390,19270,49630,68900,33010EAS
R72 16413 0015,19260,58480,77740,19280,58790,78070,33010EAS
R72 16413 0016,18720,46110,64830,18830,51460,70290,33010EAS
R72 16413 0017,17100,42600,59700,17030,51880,68910,33010EAS
R72 16413 0018,17530,42810,60340,17430,53040,70470,33010EAS
R72 16413 0019,18420,42030,60450,18170,58080,76250,33010EAS
R72 16413 0020,17100,49740,66840,17030,62020,79050,33010EAS
R72 16413 0021,17100,42600,59700,17030,53090,70120,33010EAS
R72 16413 0022,17100,42780,59880,17030,45580,62610,33010EAS
R72 16413 0023,17100,45100,62200,17100,50470,67570,33010EAS
R72 16413 0024,16920,47710,64630,16880,52720,69600,33010EAS
R72 16413 0025,17460,43590,61050,17400,50490,67890,33010EAS
R72 16413 0026,20910,71350,92260,20990,92720,113710,33010EAS
R72 16413 0027,23000,50020,73020,23190,67690,90880,33010EAS
R72 16413 0028,19220,41930,61150,19230,53220,72450,33010EAS
R72 16413 0029,19220,40760,59980,19230,53010,72240,33010EAS
R72 16413 0030,19220,40480,59700,19230,53070,72300,33010EAS
R72 16413 0031,19220,42910,62130,19230,54230,73460,33010EAS
R72 16413 0032,19220,39210,58430,19230,50000,69230,33010EAS
R72 16413 0033,19220,44600,63820,19230,60280,79510,33010EAS
R72 16413 0034,19260,77320,96580,19210,107780,126990,33010EAS
R72 16413 0035,46050,88050,134100,46570,140110,186680,33010EAS
R72 16413 0036,21870,60690,82560,22130,70020,92150,33010EAS
R72 16413 0037,18510,83650,102160,18530,104640,123170,33010EAS
R72 16413 0038,3420,0,3420,1390,0,1390,33010EAS
R72 16413 0039,3420,0,3420,1390,0,1390,33010EAS
R72 16413 0040,24000,85980,109980,24000,112170,136170,33010EAS
R72 16413 0041,2020,0,2020,680,0,680,33010EAS
R72 16413 0042,780,0,780,280,0,280,33010EAS
R72 16413 0043,33020,70980,104000,32350,152900,185250,33010EAS
R72 16413 0044,19130,74820,93950,19160,85400,104560,33010EAS
R72 16413 0046,19280,80990,100270,19310,113560,132870,33010EAS
R72 16413 0047,19280,92230,111510,19310,109960,129270,33010EAS
R72 16413 0048,19430,74460,93890,19470,110290,129760,33010EAS
R72 16413 0049,20160,74570,94730,20550,69720,90270,33010EAS
R72 16413 0050,20340,73670,94010,20260,108310,128570,33010EAS
R72 16413 0051,19240,72850,92090,19130,101040,120170,33010EAS
R72 16413 0052,26400,75300,101700,26400,94620,121020,33010EAS
R72 16413 0053,26400,86440,112840,26400,113470,139870,33010EAS
R72 16413 0054,26400,83640,110040,26400,117250,143650,33010EAS
R72 16414 0001,18360,42270,60630,18450,60920,79370,33010EAS
R72 16414 0002,18000,41140,59140,18000,50790,68790,33010EAS
R72 16414 0003,17640,42570,60210,17630,52490,70120,33010EAS
R72 16414 0004,17280,41920,59200,17250,50880,68130,33010EAS
R72 16414 0005,17100,40920,58020,17030,51090,68120,33010EAS
R72 16414 0006,17100,41710,58810,17030,50600,67630,33010EAS
R72 16414 0007,17100,48730,65830,17030,53930,70960,33010EAS
R72 16414 0008,17100,42530,59630,17030,52300,69330,33010EAS
R72 16414 0009,17100,40800,57900,17030,56490,73520,33010EAS
R72 16414 0010,17100,46080,63180,17030,52380,69410,33010EAS
R72 16414 0011,17100,51800,68900,17030,68880,85910,33010EAS
R72 16414 0012,17240,51160,68400,17160,63350,80510,33010EAS
R72 16414 0013,17240,44640,61880,17160,54490,71650,33010EAS
R72 16414 0014,17100,42440,59540,17030,50470,67500,33010EAS
R72 16414 0015,17100,44580,61680,17030,54440,71470,33010EAS
R72 16414 0016,17100,43920,61020,17030,49740,66770,33010EAS
R72 16414 0017,17100,42220,59320,17030,51110,68140,33010EAS
R72 16414 0018,17100,59410,76510,17030,73960,90990,33010EAS
R72 16414 0019,17100,45580,62680,17030,56190,73220,33010EAS
R72 16414 0020,17100,40050,57150,17030,48480,65510,33010EAS
R72 16414 0021,17100,42470,59570,17030,52640,69670,33010EAS
R72 16414 0022,17100,46040,63140,17030,55170,72200,33010EAS
R72 16414 0023,17100,46630,63730,17030,51110,68140,33010EAS
R72 16414 0024,17100,40390,57490,17030,44650,61680,33010EAS
R72 16414 0025,17100,42740,59840,17030,51930,68960,33010EAS
R72 16414 0026,17100,40360,57460,17030,48950,65980,33010EAS
R72 16414 0027,17100,42120,59220,17030,48450,65480,33010EAS
R72 16414 0028,17100,44480,61580,17030,55660,72690,33010EAS
R72 16414 0029,17100,42090,59190,17030,50810,67840,33010EAS
R72 16414 0030,17100,42130,59230,17030,51550,68580,33010EAS
R72 16414 0031,17100,42130,59230,17030,51540,68570,33010EAS
R72 16414 0032,17100,44120,61220,17030,54700,71730,33010EAS
R72 16414 0033,17100,44010,61110,17030,53910,70940,33010EAS
R72 16414 0034,17240,43970,61210,17240,53940,71180,33010EAS
R72 16414 0035,18300,53260,71560,18300,67580,85880,33010EAS
R72 16414 0036,17750,49320,67070,17680,59340,77020,33010EAS
R72 16414 0037,6980,0,6980,6960,0,6960,33010EAS
R72 16414 0038,18960,46660,65620,19010,60270,79280,33010EAS
R72 16414 0039,18920,45600,64520,18890,59600,78490,33010EAS
R72 16414 0040,17060,42940,60000,17010,54560,71570,33010EAS
R72 16414 0041,17020,41960,58980,16910,34340,51250,33010EAS
R72 16414 0042,16970,48680,65650,16880,57690,74570,33010EAS
R72 16414 0043,16970,43490,60460,16880,60720,77600,33010EAS
R72 16414 0044,17020,41810,58830,16910,50220,67130,33010EAS
R72 16414 0045,17060,45190,62250,17010,58790,75800,33010EAS
R72 16414 0046,17100,52740,69840,17030,58100,75130,33010EAS
R72 16414 0047,17280,42530,59810,17180,52130,69310,33010EAS
R72 16414 0048,17280,41350,58630,17330,45600,62930,33010EAS
R72 16414 0049,17100,42680,59780,17100,53940,71040,33010EAS
R72 16414 0050,17060,42040,59100,17080,52170,69250,33010EAS
R72 16414 0051,17200,44000,61200,17140,66910,84050,33010EAS
R72 16414 0052,17160,42100,59260,17110,51780,68890,33010EAS
R72 16414 0053,17110,43430,60540,17080,54420,71500,33010EAS
R72 16414 0054,16700,40520,57220,16550,48660,65210,33010EAS
R72 16414 0055,17200,43020,60220,17060,59900,76960,33010EAS
R72 16414 0056,18450,39190,57640,18370,49080,67450,33010EAS
R72 16414 0057,18820,40930,59750,18840,49900,68740,33010EAS
R72 16415 0001,16920,48690,65610,16880,62420,79300,33010EAS
R72 16415 0002,18290,40130,58420,18050,50990,69040,33010EAS
R72 16415 0003,19150,42100,61250,18950,52830,71780,33010EAS
R72 16415 0004,17100,43710,60810,17030,53350,70380,33010EAS
R72 16415 0005,17460,42910,60370,17480,54170,71650,33010EAS
R72 16415 0006,17790,41670,59460,17850,52470,70320,33010EAS
R72 16415 0007,18830,40380,59210,18660,51580,70240,33010EAS
R72 16415 0008,17240,44370,61610,17240,57300,74540,33010EAS
R72 16415 0009,17750,40520,58270,17680,51570,69250,33010EAS
R72 16415 0010,20510,43170,63680,20090,55720,75810,33010EAS
R72 16415 0011,18150,51850,70000,18230,17910,36140,33010EAS
R72 16415 0012,17420,42800,60220,17460,61270,78730,33010EAS
R72 16415 0013,16740,45890,62630,16730,63470,80200,33010EAS
R72 16415 0014,17460,41900,59360,17480,52860,70340,33010EAS
R72 16415 0015,17100,52280,69380,17030,67060,84090,33010EAS
R72 16415 0016,17100,41700,58800,17030,52620,69650,33010EAS
R72 16415 0017,17100,41350,58450,17030,52500,69530,33010EAS
R72 16415 0018,17100,52540,69640,17030,65420,82450,33010EAS
R72 16415 0019,17100,46120,63220,17030,63720,80750,33010EAS
R72 16415 0020,19220,44960,64180,19230,51010,70240,33010EAS
R72 16415 0021,19220,58050,77270,19230,72410,91640,33010EAS
R72 16415 0022,19220,43230,62450,19230,56570,75800,33010EAS
R72 16415 0023,19220,40050,59270,19230,66660,85890,33010EAS
R72 16415 0024,19220,39000,58220,19230,52580,71810,33010EAS
R72 16415 0025,19220,39810,59030,19230,54280,73510,33010EAS
R72 16415 0026,19220,48540,67760,19230,61110,80340,33010EAS
R72 16417 0001,18900,40010,58910,18500,49590,68090,33010EAS
R72 16417 0002,18410,44970,63380,18360,70200,88560,33010EAS
R72 16417 0003,18880,39510,58390,18550,42720,61270,33010EAS
R72 16417 0004,17280,42810,60090,17160,54070,71230,33010EAS
R72 16417 0005,18470,42340,60810,18230,51320,69550,33010EAS
R72 16417 0006,18700,46280,64980,18200,51990,70190,33010EAS
R72 16417 0007,17480,47130,64610,17480,62950,80430,33010EAS
R72 16417 0008,17390,46080,63470,17330,65640,82970,33010EAS
R72 16417 0009,17760,43080,60840,17580,55620,73200,33010EAS
R72 16417 0010,18880,37030,55910,18910,46600,65510,33010EAS
R72 16417 0011,19950,45140,65090,20080,56040,76120,33010EAS
R72 16417 0012,19980,32410,52390,20250,39750,60000,33010EAS
R72 16417 0013,19980,53890,73870,20250,59190,79440,33010EAS
R72 16417 0014,19980,61280,81260,20250,76130,96380,33010EAS
R72 16417 0015,19980,42490,62470,20250,53800,74050,33010EAS
R72 16417 0016,19980,39640,59620,20250,47040,67290,33010EAS
R72 16417 0017,19980,23430,43410,20250,27750,48000,33010EAS
R72 16417 0018,19980,49320,69300,20250,63790,84040,33010EAS
R72 16417 0019,19980,45130,65110,20250,50770,71020,33010EAS
R72 16417 0020,19980,47300,67280,20250,55710,75960,33010EAS
R72 16417 0021,19980,48920,68900,20250,55600,75850,33010EAS
R72 16417 0022,19980,49840,69820,20250,56910,77160,33010EAS
R72 16418 0001,17640,42550,60190,17630,54130,71760,33010EAS
R72 16418 0002,17820,48160,65980,17780,60340,78120,33010EAS
R72 16418 0003,17640,42380,60020,17550,53770,71320,33010EAS
R72 16418 0004,17280,41710,58990,17330,52850,70180,33010EAS
R72 16418 0005,17100,52030,69130,17100,63100,80200,33010EAS
R72 16418 0006,17340,83220,100560,17270,116780,134050,33010EAS
R72 16418 0007,18330,43480,61810,18100,61750,79850,33010EAS
R72 16418 0008,18290,62900,81190,17950,108170,126120,33010EAS
R72 16418 0009,18900,52180,71080,18450,52510,70960,33010EAS
R72 16418 0010,17850,64930,82780,17500,100620,118120,33010EAS
R72 16418 0011,16920,53230,70150,16950,56380,73330,33010EAS
R72 16418 0012,17100,48380,65480,17030,67440,84470,33010EAS
R72 16418 0013,17100,42570,59670,17100,51880,68980,33010EAS
R72 16418 0014,17280,39580,56860,17180,45470,62650,33010EAS
R72 16418 0015,17910,45580,63490,17880,54740,72620,33010EAS
R72 16418 0016,17910,61250,79160,17710,78930,96640,33010EAS
R72 16418 0017,19950,45980,65930,19700,52590,72290,33010EAS
R72 16418 0018,21240,41240,62480,22730,56570,79300,33010EAS
R72 16418 0019,20880,44180,65060,21750,55970,77720,33010EAS
R72 16418 0020,19580,46170,65750,19620,52920,72540,33010EAS
R72 16418 0021,19220,44110,63330,19230,59400,78630,33010EAS
R72 16418 0022,21380,42280,63660,21040,54710,75750,33010EAS
R72 16418 0023,17100,42010,59110,17030,52500,69530,33010EAS
R72 16418 0024,17100,39120,56220,17030,51110,68140,33010EAS
R72 16418 0025,21380,45360,66740,21150,59350,80500,33010EAS
R72 16418 0026,17100,45510,62610,17100,57810,74910,33010EAS
R72 16418 0027,17100,41640,58740,17100,51230,68330,33010EAS
R72 16418 0028,17100,40870,57970,17100,59650,76750,33010EAS
R72 16418 0029,17100,41690,58790,17100,70280,87380,33010EAS
R72 16418 0030,17100,68200,85300,17100,76260,93360,33010EAS
R72 16418 0031,17100,49680,66780,17100,59710,76810,33010EAS
R72 16418 0032,17100,48480,65580,17100,61050,78150,33010EAS
R72 16418 0033,17100,46540,63640,17100,53810,70910,33010EAS
R72 16418 0034,17100,59970,77070,17100,68960,86060,33010EAS
R72 16418 0035,17100,51380,68480,17100,56500,73600,33010EAS
R72 16418 0036,17100,32570,49670,17100,50700,67800,33010EAS
R72 16418 0037,17460,43570,61030,17400,56670,74070,33010EAS
R72 16418 0038,18150,16370,34520,18070,57180,75250,33010EAS
R72 16502 0001,18000,67470,85470,18000,75180,93180,33010EAS
R72 16502 0009,19450,57970,77420,19380,63900,83280,33010EAS
R72 16502 0010,18560,55050,73610,18510,62950,81460,33010EAS
R72 16502 0011,18410,64460,82870,18360,68810,87170,33010EAS
R72 16502 0012,18450,59340,77790,18450,67000,85450,33010EAS
R72 16502 0013,18630,61700,80330,18690,80890,99580,33010EAS
R72 16502 0014,19400,58290,77690,19260,64500,83760,33010EAS
R72 16502 0015,18670,58020,76690,18590,64020,82610,33010EAS
R72 16502 0016,19740,56720,76460,19870,64810,84680,33010EAS
R72 16502 0017,19400,63370,82770,19260,72880,92140,33010EAS
R72 16502 0018,18520,65610,84130,18410,86890,105300,33010EAS
R72 16503 0001,26410,78790,105200,28500,72900,101400,13002000
R72 16503 0002,25830,75540,101370,21120,123620,144740,13002000
R72 16503 0003,26040,64440,90480,21000,76910,97910,13002000
R72 16503 0004,26040,98320,124360,21000,147700,168700,13002000
R72 16503 0005,26040,67120,93160,21000,85420,106420,13002000
R72 16503 0006,28830,83570,112400,23810,105590,129400,13002000
R72 16504 0001,7520,0,7520,6540,0,6540,33010EAS
R72 16504 0002,26400,76630,103030,19800,124710,144510,13002000
R72 16504 0003,26400,49560,75960,19800,68180,87980,13002000
R72 16504 0004,26970,83580,110550,14850,106860,121710,13002000
R72 16504 0005,26970,76400,103370,22200,89550,111750,13002000
R72 16504 0006,26040,83040,109080,21450,112350,133800,13002000
R72 16504 0007,26040,67580,93620,21000,85750,106750,13002000
R72 16504 0008,26040,89110,115150,21000,108230,129230,13002000
R72 16504 0009,26970,73950,100920,21940,104870,126810,13002000
R72 16505 0001,18360,57360,75720,18380,63110,81490,33010EAS
R72 16505 0002,18360,43460,61820,18380,49440,67820,33010EAS
R72 16505 0003,19740,49870,69610,19780,74810,94590,33010EAS
R72 16505 0004,21780,46700,68480,23260,44370,67630,33010EAS
R72 16505 0005,21240,46150,67390,22430,48930,71360,33010EAS
R72 16505 0006,19800,30660,50460,19950,51950,71900,33010EAS
R72 16505 0007,19620,69350,88970,19730,79350,99080,33010EAS
R72 16505 0008,19440,43840,63280,19500,56770,76270,33010EAS
R72 16505 0009,19260,55140,74400,19350,74600,93950,33010EAS
R72 16505 0010,19080,46790,65870,19130,61400,80530,33010EAS
R72 16505 0011,18670,52400,71070,18610,61410,80020,33010EAS
R72 16505 0012,21030,55950,76980,21680,70160,91840,33010EAS
R72 16505 0013,19880,48030,67910,20050,44570,64620,33010EAS
R72 16505 0014,19080,47710,66790,19200,45800,65000,33010EAS
R72 16505 0015,19080,53990,73070,19200,61570,80770,33010EAS
R72 16505 0016,19880,47630,67510,20050,47530,67580,33010EAS
R72 16505 0017,19880,47660,67540,20050,51940,71990,33010EAS
R72 16505 0018,19080,60730,79810,19200,64160,83360,33010EAS
R72 16505 0019,18970,45990,64960,19000,48010,67010,33010EAS
R72 16505 0020,19130,56030,75160,19240,71150,90390,33010EAS
R72 16505 0021,18970,53680,72650,19080,64020,83100,33010EAS
R72 16505 0022,19280,48380,67660,19310,48440,67750,33010EAS
R72 16505 0023,19130,48940,68070,19160,50340,69500,33010EAS
R72 16505 0024,20040,50240,70280,20090,68360,88450,33010EAS
R72 16505 0025,18510,47150,65660,18530,46980,65510,33010EAS
R72 16505 0026,18300,43850,62150,18300,43680,61980,33010EAS
R72 16505 0027,18670,42150,60820,18690,42790,61480,33010EAS
R72 16505 0028,18670,45700,64370,18690,48920,67610,33010EAS
R72 16505 0029,18670,46700,65370,18690,48640,67330,33010EAS
R72 16505 0030,18360,45920,64280,18380,48460,66840,33010EAS
R72 16505 0031,18360,45300,63660,18380,45950,64330,33010EAS
R72 16505 0032,18360,66030,84390,18380,73960,92340,33010EAS
R72 16505 0033,18360,45670,64030,18380,35220,53600,33010EAS
R72 16505 0034,18670,46430,65100,18690,47320,66010,33010EAS
R72 16505 0035,18360,48140,66500,18380,51010,69390,33010EAS
R72 16505 0036,18360,51070,69430,18380,66180,84560,33010EAS
R72 16505 0037,18360,46080,64440,18380,47630,66010,33010EAS
R72 16505 0038,18360,49560,67920,18380,54830,73210,33010EAS
R72 16505 0039,18360,43340,61700,18380,55030,73410,33010EAS
R72 16505 0040,18360,44160,62520,18380,46580,64960,33010EAS
R72 16505 0041,18360,41790,60150,18380,46590,64970,33010EAS
R72 16505 0042,18360,51370,69730,18380,49930,68310,33010EAS
R72 16505 0043,18360,47740,66100,18380,60740,79120,33010EAS
R72 16505 0044,18360,53020,71380,18380,64680,83060,33010EAS
R72 16505 0045,18360,46480,64840,18380,45220,63600,33010EAS
R72 16505 0046,18360,44390,62750,18380,44980,63360,33010EAS
R72 16505 0047,18360,43020,61380,18380,56380,74760,33010EAS
R72 16505 0048,18360,47900,66260,18380,64150,82530,33010EAS
R72 16505 0049,18360,43870,62230,18380,56940,75320,33010EAS
R72 16505 0050,18480,54320,72800,18530,69860,88390,33010EAS
R72 16506 0001,19950,47790,67740,20160,55440,75600,33010EAS
R72 16506 0002,21630,53930,75560,21700,66110,87810,33010EAS
R72 16506 0003,18360,49890,68250,18380,52310,70690,33010EAS
R72 16506 0004,18360,47940,66300,18380,54540,72920,33010EAS
R72 16506 0005,18360,64800,83160,18380,78750,97130,33010EAS
R72 16506 0006,18360,48330,66690,18380,55040,73420,33010EAS
R72 16506 0007,18360,46900,65260,18380,54550,72930,33010EAS
R72 16506 0008,18360,59260,77620,18380,40620,59000,33010EAS
R72 16506 0009,18360,46430,64790,18380,53460,71840,33010EAS
R72 16506 0010,18360,60620,78980,18380,79110,97490,33010EAS
R72 16506 0011,18360,53760,72120,18380,66360,84740,33010EAS
R72 16506 0012,18360,50380,68740,18380,63810,82190,33010EAS
R72 16506 0013,18360,46880,65240,18380,53430,71810,33010EAS
R72 16506 0014,18360,47560,65920,18380,54150,72530,33010EAS
R72 16506 0015,22950,55450,78400,23060,81220,104280,33010EAS
R72 16506 0016,19000,42160,61160,19000,53190,72190,33010EAS
R72 16506 0017,18540,47650,66190,18530,58580,77110,33010EAS
R72 16506 0018,18540,45390,63930,18530,58740,77270,33010EAS
R72 16506 0019,18540,51920,70460,18530,56920,75450,33010EAS
R72 16506 0020,18540,51440,69980,18530,85260,103790,33010EAS
R72 16506 0021,18540,42020,60560,18530,53720,72250,33010EAS
R72 16506 0024,20200,54260,74460,20250,68860,89110,33010EAS
R72 16506 0025,18360,53680,72040,18380,58380,76760,33010EAS
R72 16506 0026,18360,70540,88900,18380,71830,90210,33010EAS
R72 16506 0027,18360,51090,69450,18380,63890,82270,33010EAS
R72 16506 0028,18360,57170,75530,18380,65470,83850,33010EAS
R72 16506 0029,18360,66720,85080,18380,74080,92460,33010EAS
R72 16506 0030,18360,56590,74950,18380,60930,79310,33010EAS
R72 16506 0031,20660,71020,91680,20720,77510,98230,33010EAS
R72 16506 0032,18670,53580,72250,18690,63340,82030,33010EAS
R72 16506 0033,18670,49960,68630,18690,61640,80330,33010EAS
R72 16506 0034,18670,52760,71430,18690,63700,82390,33010EAS
R72 16506 0035,19890,40240,60130,19940,56230,76170,33010EAS
R72 16506 0036,18810,40850,59660,18630,52620,71250,33010EAS
R72 16506 0037,17290,45240,62530,17280,70720,88000,33010EAS
R72 16506 0038,18410,44440,62850,18360,59270,77630,33010EAS
R72 16506 0039,18540,45000,63540,18530,61060,79590,33010EAS
R72 16506 0040,910,0,910,970,0,970,33010EAS
R72 16506 0041,480,0,480,460,0,460,33010EAS
R72 16507 0001,18360,55050,73410,18380,58340,76720,33010EAS
R72 16507 0002,18360,59830,78190,18380,58710,77090,33010EAS
R72 16507 0003,18360,54820,73180,18380,58190,76570,33010EAS
R72 16507 0004,18360,45750,64110,18380,49880,68260,33010EAS
R72 16507 0005,18360,56500,74860,18380,64000,82380,33010EAS
R72 16507 0006,18360,52830,71190,18380,56990,75370,33010EAS
R72 16507 0007,18360,51410,69770,18380,57130,75510,33010EAS
R72 16507 0008,18360,58460,76820,18380,54080,72460,33010EAS
R72 16507 0009,18360,51580,69940,18380,57150,75530,33010EAS
R72 16507 0010,18360,52990,71350,18380,58370,76750,33010EAS
R72 16507 0011,18510,57830,76340,18530,67740,86270,33010EAS
R72 16507 0012,18360,49810,68170,18380,54540,72920,33010EAS
R72 16507 0013,18360,62560,80920,18380,74160,92540,33010EAS
R72 16507 0014,18360,60660,79020,18380,58360,76740,33010EAS
R72 16507 0015,18360,61100,79460,18380,56750,75130,33010EAS
R72 16507 0016,18360,54600,72960,18380,57840,76220,33010EAS
R72 16507 0017,18360,51770,70130,18380,61630,80010,33010EAS
R72 16507 0018,18360,42930,61290,18380,41760,60140,33010EAS
R72 16507 0019,18360,62380,80740,18380,61000,79380,33010EAS
R72 16507 0020,18360,60890,79250,18380,56240,74620,33010EAS
R72 16507 0027,20500,47590,68090,20560,70060,90620,33010EAS
R72 16507 0028,20810,56500,77310,20880,64860,85740,33010EAS
R72 16507 0029,20960,54840,75800,21030,59910,80940,33010EAS
R72 16507 0030,20960,50790,71750,21030,57570,78600,33010EAS
R72 16507 0031,20810,53350,74160,20880,63080,83960,33010EAS
R72 16507 0032,20660,45100,65760,20720,52810,73530,33010EAS
R72 16507 0033,18360,59240,77600,18380,95140,113520,33010EAS
R72 16507 0034,18360,48900,67260,18380,39470,57850,33010EAS
R72 16507 0035,18360,51360,69720,18380,57710,76090,33010EAS
R72 16507 0036,18360,52280,70640,18380,65440,83820,33010EAS
R72 16507 0037,18360,59220,77580,18380,82570,100950,33010EAS
R72 16507 0038,18360,55960,74320,18380,59850,78230,33010EAS
R72 16507 0039,18360,55730,74090,18380,58340,76720,33010EAS
R72 16507 0040,18360,53280,71640,18380,64830,83210,33010EAS
R72 16507 0041,18360,65170,83530,18380,68220,86600,33010EAS
R72 16507 0042,18510,52950,71460,18530,57030,75560,33010EAS
R72 16507 0043,19580,80070,99650,19630,106870,126500,33010EAS
R72 16507 0044,19580,66090,85670,19630,69930,89560,33010EAS
R72 16507 0045,19580,61290,80870,19630,65470,85100,33010EAS
R72 16507 0046,20960,62730,83690,21030,77550,98580,33010EAS
R72 16507 0047,20660,54280,74940,20630,100380,121010,33010EAS
R72 16507 0048,20500,58220,78720,20560,62950,83510,33010EAS
R72 16507 0049,18360,65050,83410,18380,58500,76880,33010EAS
R72 16507 0050,18360,60650,79010,18380,73060,91440,33010EAS
R72 16507 0051,18360,62900,81260,18380,68700,87080,33010EAS
R72 16507 0052,18360,51830,70190,18380,52840,71220,33010EAS
R72 16507 0053,18360,52840,71200,18380,60580,78960,33010EAS
R72 16507 0054,18360,54630,72990,18380,59190,77570,33010EAS
R72 16507 0055,18360,63250,81610,18380,58750,77130,33010EAS
R72 16507 0056,18360,46520,64880,18380,55750,74130,33010EAS
R72 16507 0057,18360,49920,68280,18380,56360,74740,33010EAS
R72 16507 0058,20040,66220,86260,20090,61580,81670,33010EAS
R72 16508 0001,18970,44700,63670,19000,46560,65560,33010EAS
R72 16508 0002,18450,53900,72350,18530,49810,68340,33010EAS
R72 16508 0003,18300,43800,62100,18380,45250,63630,33010EAS
R72 16508 0004,18300,49430,67730,18380,70750,89130,33010EAS
R72 16508 0005,18450,45980,64430,18530,64350,82880,33010EAS
R72 16508 0006,18510,49150,67660,18530,48440,66970,33010EAS
R72 16508 0007,18360,54910,73270,18380,60050,78430,33010EAS
R72 16508 0008,18360,46860,65220,18380,46820,65200,33010EAS
R72 16508 0009,18360,44980,63340,18380,46560,64940,33010EAS
R72 16508 0010,18360,42230,60590,18380,45000,63380,33010EAS
R72 16508 0011,18360,39630,57990,18380,53990,72370,33010EAS
R72 16508 0012,18360,52650,71010,18380,53300,71680,33010EAS
R72 16508 0013,18360,45260,63620,18380,56630,75010,33010EAS
R72 16508 0014,18360,50900,69260,18380,64640,83020,33010EAS
R72 16508 0015,18360,62110,80470,18380,81690,100070,33010EAS
R72 16508 0016,18360,51020,69380,18380,56590,74970,33010EAS
R72 16508 0017,18360,51610,69970,18380,47720,66100,33010EAS
R72 16508 0018,18360,53240,71600,18380,49050,67430,33010EAS
R72 16508 0019,18360,46380,64740,18380,67320,85700,33010EAS
R72 16508 0020,18970,50470,69440,19000,56260,75260,33010EAS
R72 16508 0021,20240,54560,74800,20270,79790,100060,33010EAS
R72 16508 0022,18540,53990,72530,18530,65170,83700,33010EAS
R72 16508 0023,18540,60650,79190,18530,84360,102890,33010EAS
R72 16508 0024,18540,51010,69550,18530,50630,69160,33010EAS
R72 16508 0025,18540,42830,61370,18530,47230,65760,33010EAS
R72 16508 0026,18540,48290,66830,18530,59310,77840,33010EAS
R72 16508 0027,18540,41970,60510,18530,52870,71400,33010EAS
R72 16508 0028,19000,44420,63420,19000,48160,67160,33010EAS
R72 16508 0029,20870,38010,58880,21430,61020,82450,33010EAS
R72 16508 0030,20340,54420,74760,20850,51870,72720,33010EAS
R72 16508 0031,19800,45300,65100,20100,47230,67330,33010EAS
R72 16508 0032,19440,44430,63870,19430,45070,64500,33010EAS
R72 16508 0033,20510,24890,45400,20560,51790,72350,33010EAS
R72 16508 0034,18480,45050,63530,18460,46440,64900,33010EAS
R72 16508 0035,19700,51740,71440,19680,74700,94380,33010EAS
R72 16508 0036,19800,65370,85170,20100,71570,91670,33010EAS
R72 16508 0037,21190,46730,67920,21680,49200,70880,33010EAS
R72 16508 0038,20700,43950,64650,21300,47060,68360,33010EAS
R72 16508 0039,18360,50750,69110,18380,51340,69720,33010EAS
R72 16508 0040,18360,46590,64950,18380,54640,73020,33010EAS
R72 16508 0041,18360,43550,61910,18380,44620,63000,33010EAS
R72 16508 0042,18360,48980,67340,18380,49120,67500,33010EAS
R72 16508 0043,18670,45030,63700,18690,54410,73100,33010EAS
R72 16508 0044,18820,61320,80140,18840,57720,76560,33010EAS
R72 16508 0045,18360,43650,62010,18380,55630,74010,33010EAS
R72 16508 0046,18360,47930,66290,18380,51160,69540,33010EAS
R72 16508 0047,18360,59170,77530,18380,72760,91140,33010EAS
R72 16508 0048,18360,44450,62810,18380,46670,65050,33010EAS
R72 16509 0001,18360,45630,63990,18380,48180,66560,33010EAS
R72 16509 0002,18360,48370,66730,18380,57590,75970,33010EAS
R72 16509 0003,18360,48590,66950,18380,49880,68260,33010EAS
R72 16509 0004,18360,44420,62780,18380,45550,63930,33010EAS
R72 16509 0005,18360,43810,62170,18380,45450,63830,33010EAS
R72 16509 0006,18360,44460,62820,18380,45010,63390,33010EAS
R72 16509 0007,18360,52240,70600,18380,51040,69420,33010EAS
R72 16509 0008,18360,43630,61990,18380,48250,66630,33010EAS
R72 16509 0009,18360,44480,62840,18380,47150,65530,33010EAS
R72 16509 0010,18360,43050,61410,18380,45440,63820,33010EAS
R72 16509 0011,18360,45590,63950,18380,47030,65410,33010EAS
R72 16509 0012,18360,47990,66350,18380,59100,77480,33010EAS
R72 16509 0013,18360,43690,62050,18380,48210,66590,33010EAS
R72 16509 0014,18360,44040,62400,18380,46140,64520,33010EAS
R72 16509 0015,18360,44720,63080,18380,45600,63980,33010EAS
R72 16509 0016,18360,53150,71510,18380,69020,87400,33010EAS
R72 16509 0017,18360,46220,64580,18380,46970,65350,33010EAS
R72 16509 0018,18360,42400,60760,18380,44290,62670,33010EAS
R72 16509 0019,18360,48990,67350,18380,50450,68830,33010EAS
R72 16509 0020,18360,49110,67470,18380,45020,63400,33010EAS
R72 16509 0021,18360,15440,33800,18380,58230,76610,33010EAS
R72 16509 0022,19130,48590,67720,19160,53200,72360,33010EAS
R72 16509 0023,19130,57220,76350,19160,74280,93440,33010EAS
R72 16509 0024,18360,46660,65020,18380,48670,67050,33010EAS
R72 16509 0025,18360,42290,60650,18380,33590,51970,33010EAS
R72 16509 0026,19130,50550,69680,19160,54600,73760,33010EAS
R72 16509 0027,18670,53810,72480,18690,66750,85440,33010EAS
R72 16509 0028,18360,44430,62790,18380,58330,76710,33010EAS
R72 16509 0029,18360,42290,60650,18380,42130,60510,33010EAS
R72 16509 0030,18360,50610,68970,18380,58030,76410,33010EAS
R72 16509 0031,18360,44450,62810,18380,46080,64460,33010EAS
R72 16509 0032,18360,51330,69690,18380,51370,69750,33010EAS
R72 16509 0033,18360,47400,65760,18380,44440,62820,33010EAS
R72 16509 0034,18360,47300,65660,18380,46670,65050,33010EAS
R72 16509 0035,18360,49050,67410,18380,47470,65850,33010EAS
R72 16509 0036,18360,48690,67050,18380,50940,69320,33010EAS
R72 16509 0037,18360,45460,63820,18380,44240,62620,33010EAS
R72 16509 0038,18360,47030,65390,18380,46680,65060,33010EAS
R72 16509 0039,18360,48070,66430,18380,61810,80190,33010EAS
R72 16509 0040,18360,44590,62950,18380,45380,63760,33010EAS
R72 16509 0041,18360,43290,61650,18380,44590,62970,33010EAS
R72 16509 0042,18360,44610,62970,18380,46990,65370,33010EAS
R72 16509 0043,18360,43680,62040,18380,45070,63450,33010EAS
R72 16509 0044,18360,42920,61280,18380,44930,63310,33010EAS
R72 16509 0045,18360,44320,62680,18380,45370,63750,33010EAS
R72 16509 0046,18360,51060,69420,18380,65380,83760,33010EAS
R72 16509 0047,18360,40280,58640,18380,60750,79130,33010EAS
R72 16509 0048,19130,50340,69470,19160,58580,77740,33010EAS
R72 16509 0049,18360,45280,63640,18380,44810,63190,33010EAS
R72 16509 0050,18360,43340,61700,18380,43520,61900,33010EAS
R72 16509 0051,18360,47580,65940,18380,47270,65650,33010EAS
R72 16509 0052,18360,49440,67800,18380,60570,78950,33010EAS
R72 16509 0053,18360,58830,77190,18380,53870,72250,33010EAS
R72 16509 0054,18360,43870,62230,18380,50410,68790,33010EAS
R72 16509 0055,18360,47570,65930,18380,45100,63480,33010EAS
R72 16509 0056,18360,48660,67020,18380,45840,64220,33010EAS
R72 16509 0057,18360,47300,65660,18380,50220,68600,33010EAS
R72 16509 0058,20660,60160,80820,20720,75120,95840,33010EAS
R72 16509 0059,18670,52720,71390,18770,26170,44940,33010EAS
R72 16509 0060,18510,53230,71740,18530,64950,83480,33010EAS
R72 16509 0061,18360,58990,77350,18380,70050,88430,33010EAS
R72 16509 0062,18360,46100,64460,18380,74960,93340,33010EAS
R72 16509 0063,18360,45410,63770,18380,55930,74310,33010EAS
R72 16509 0064,18360,43200,61560,18380,42520,60900,33010EAS
R72 16509 0065,18360,43200,61560,18380,51300,69680,33010EAS
R72 16509 0066,18360,47950,66310,18380,48490,66870,33010EAS
R72 16509 0067,18360,50520,68880,18380,26620,45000,33010EAS
R72 16509 0068,18360,44290,62650,18380,44180,62560,33010EAS
R72 16509 0069,18360,56430,74790,18380,53400,71780,33010EAS
R72 16509 0070,19130,53500,72630,19160,57900,77060,33010EAS
R72 16509 0071,18540,41370,59910,18600,37000,55600,33010EAS
R72 16509 0072,18360,48070,66430,18380,49020,67400,33010EAS
R72 16509 0073,18360,44320,62680,18380,58320,76700,33010EAS
R72 16509 0074,18360,45690,64050,18380,53490,71870,33010EAS
R72 16509 0075,18360,48200,66560,18380,51210,69590,33010EAS
R72 16509 0076,18360,47280,65640,18380,46320,64700,33010EAS
R72 16509 0077,18360,47070,65430,18380,47140,65520,33010EAS
R72 16509 0078,18360,54630,72990,18380,67820,86200,33010EAS
R72 16509 0079,18360,68620,86980,18380,76590,94970,33010EAS
R72 16509 0080,18360,50540,68900,18380,64310,82690,33010EAS
R72 16509 0081,18360,45990,64350,18380,46420,64800,33010EAS
R72 16509 0082,18360,58250,76610,18380,60650,79030,33010EAS
R72 16509 0083,18510,49370,67880,18530,50570,69100,33010EAS
R72 16509 0084,18970,54440,73410,19000,49290,68290,33010EAS
R72 16509 0085,18970,49220,68190,19000,48990,67990,33010EAS
R72 16509 0086,18970,56060,75030,19000,69300,88300,33010EAS
R72 16509 0087,18330,43010,61340,18380,57680,76060,33010EAS
R72 16509 0088,19980,45610,65590,20330,52070,72400,33010EAS
R72 16509 0089,20960,42710,63670,21310,54860,76170,33010EAS
R72 16509 0090,18540,57810,76350,18530,74530,93060,33010EAS
R72 16509 0091,19240,46240,65480,19220,45500,64720,33010EAS
R72 16509 0092,18360,54310,72670,18450,65100,83550,33010EAS
R72 16509 0093,18510,46030,64540,18530,47000,65530,33010EAS
R72 16509 0094,18360,49180,67540,18380,46310,64690,33010EAS
R72 16509 0095,18360,47730,66090,18380,48430,66810,33010EAS
R72 16509 0096,18360,45960,64320,18380,45300,63680,33010EAS
R72 16509 0097,18360,47240,65600,18380,46680,65060,33010EAS
R72 16509 0098,18360,50670,69030,18380,48500,66880,33010EAS
R72 16509 0099,18360,45780,64140,18380,51820,70200,33010EAS
R72 16509 0100,18360,46780,65140,18380,69410,87790,33010EAS
R72 16509 0101,18360,52440,70800,18380,62200,80580,33010EAS
R72 16509 0102,18360,52350,70710,18380,51370,69750,33010EAS
R72 16509 0103,19130,42270,61400,19160,60110,79270,33010EAS
R72 16509 0104,18360,45880,64240,18380,43510,61890,33010EAS
R72 16509 0105,18360,46330,64690,18380,47900,66280,33010EAS
R72 16509 0106,19130,51630,70760,19160,49860,69020,33010EAS
R72 16509 0107,18360,43920,62280,18380,42960,61340,33010EAS
R72 16509 0108,18360,44170,62530,18380,45570,63950,33010EAS
R72 16509 0109,18360,38560,56920,18380,65910,84290,33010EAS
R72 16509 0110,18360,51210,69570,18380,52940,71320,33010EAS
R72 16509 0111,18360,47000,65360,18380,46200,64580,33010EAS
R72 16509 0112,18360,44500,62860,18380,43090,61470,33010EAS
R72 16510 0001,18300,72540,90840,18380,79650,98030,33010EAS
R72 16510 0002,18450,55020,73470,18530,49320,67850,33010EAS
R72 16510 0003,18820,60550,79370,18840,76230,95070,33010EAS
R72 16510 0004,18360,46520,64880,18380,43680,62060,33010EAS
R72 16510 0005,18360,44390,62750,18380,46100,64480,33010EAS
R72 16510 0006,18360,45100,63460,18380,48130,66510,33010EAS
R72 16510 0007,18360,41200,59560,18380,54530,72910,33010EAS
R72 16510 0008,18360,44860,63220,18380,45860,64240,33010EAS
R72 16510 0009,18360,60000,78360,18380,63480,81860,33010EAS
R72 16510 0010,18360,44550,62910,18380,49440,67820,33010EAS
R72 16510 0011,18360,47700,66060,18380,47480,65860,33010EAS
R72 16510 0012,18510,37240,55750,18530,54220,72750,33010EAS
R72 16510 0013,19130,49780,68910,19160,53180,72340,33010EAS
R72 16510 0014,18360,51930,70290,18380,53220,71600,33010EAS
R72 16510 0015,18360,66350,84710,18380,97970,116350,33010EAS
R72 16510 0016,19130,46450,65580,19160,57940,77100,33010EAS
R72 16510 0017,19580,47480,67060,19630,46240,65870,33010EAS
R72 16510 0018,18360,49940,68300,18380,49740,68120,33010EAS
R72 16510 0019,18360,48590,66950,18380,48610,66990,33010EAS
R72 16510 0020,18360,46690,65050,18380,54460,72840,33010EAS
R72 16510 0021,18360,48490,66850,18380,59760,78140,33010EAS
R72 16510 0022,18900,50830,69730,18900,50450,69350,33010EAS
R72 16510 0023,18720,48260,66980,18750,48070,66820,33010EAS
R72 16510 0024,18540,49900,68440,18530,53810,72340,33010EAS
R72 16510 0025,18360,45380,63740,18380,51610,69990,33010EAS
R72 16510 0026,18850,45870,64720,18920,68000,86920,33010EAS
R72 16510 0027,19890,56680,76570,20030,59590,79620,33010EAS
R72 16510 0028,18360,47250,65610,18450,41120,59570,33010EAS
R72 16510 0029,18380,53030,71410,18340,57490,75830,33010EAS
R72 16510 0030,19220,53710,72930,18770,52940,71710,33010EAS
R72 16510 0031,19670,42170,61840,20070,53410,73480,33010EAS
R72 16510 0032,20050,51690,71740,19970,47930,67900,33010EAS
R72 16510 0033,16740,48270,65010,16730,54810,71540,33010EAS
R72 16510 0034,18310,50430,68740,18230,49590,67820,33010EAS
R72 16510 0035,17490,47060,64550,17410,40500,57910,33010EAS
R72 16510 0036,18360,50290,68650,18380,50400,68780,33010EAS
R72 16510 0037,18360,47730,66090,18380,46960,65340,33010EAS
R72 16510 0038,18360,41090,59450,18380,50750,69130,33010EAS
R72 16510 0039,18360,49150,67510,18380,63160,81540,33010EAS
R72 16510 0040,18360,46840,65200,18380,61760,80140,33010EAS
R72 16510 0041,18360,36440,54800,18380,44790,63170,33010EAS
R72 16510 0042,18360,57170,75530,18380,71660,90040,33010EAS
R72 16510 0043,18360,47810,66170,18380,53500,71880,33010EAS
R72 16510 0044,18360,47030,65390,18380,62490,80870,33010EAS
R72 16510 0045,18360,36240,54600,18380,46290,64670,33010EAS
R72 16510 0046,18360,48640,67000,18380,46660,65040,33010EAS
R72 16510 0047,18360,50360,68720,18380,48440,66820,33010EAS
R72 16510 0048,19130,52750,71880,19160,66340,85500,33010EAS
R72 16510 0049,19550,49350,68900,19590,51060,70650,33010EAS
R72 16510 0050,18750,44470,63220,18670,52130,70800,33010EAS
R72 16510 0051,18300,42320,60620,18380,50550,68930,33010EAS
R72 16510 0052,18330,48790,67120,18380,43860,62240,33010EAS
R72 16510 0053,18510,49190,67700,18530,58370,76900,33010EAS
R72 16510 0054,18360,48690,67050,18450,48390,66840,33010EAS
R72 16510 0055,18540,41790,60330,18600,53510,72110,33010EAS
R72 16510 0056,18720,47720,66440,18680,62510,81190,33010EAS
R72 16510 0057,18720,59650,78370,18830,62380,81210,33010EAS
R72 16510 0058,20200,45900,66100,20250,61180,81430,33010EAS
R72 16510 0059,18360,38550,56910,18380,54200,72580,33010EAS
R72 16510 0060,18360,24580,42940,18380,26620,45000,33010EAS
R72 16510 0061,19890,47410,67300,19940,62040,81980,33010EAS
R72 16510 0062,18720,50370,69090,18680,51760,70440,33010EAS
R72 16510 0063,18540,50060,68600,18600,49710,68310,33010EAS
R72 16510 0064,18360,44180,62540,18380,50520,68900,33010EAS
R72 16510 0065,18360,50870,69230,18380,67330,85710,33010EAS
R72 16510 0066,18510,50490,69000,18460,53840,72300,33010EAS
R72 16510 0067,18330,45540,63870,18300,45230,63530,33010EAS
R72 16510 0068,18300,44600,62900,18380,52390,70770,33010EAS
R72 16510 0069,18750,48380,67130,18670,46600,65270,33010EAS
R72 16510 0070,20100,54670,74770,20010,50360,70370,33010EAS
R72 16510 0071,22940,49050,71990,23620,64850,88470,33010EAS
R72 16510 0072,19800,49280,69080,20100,63410,83510,33010EAS
R72 16510 0073,19800,50040,69840,20100,47880,67980,33010EAS
R72 16510 0074,18290,48330,66620,18130,47590,65720,33010EAS
R72 16510 0076,19080,23190,42270,19200,46610,65810,33010EAS
R72 16510 0077,19080,47290,66370,19130,47790,66920,33010EAS
R72 16510 0078,19080,49810,68890,19050,62000,81050,33010EAS
R72 16510 0079,18900,45990,64890,18980,45900,64880,33010EAS
R72 16510 0080,18720,42320,61040,18830,61630,80460,33010EAS
R72 16510 0081,18720,46210,64930,18750,46180,64930,33010EAS
R72 16510 0082,19740,57350,77090,19780,69130,88910,33010EAS
R72 16510 0083,18360,37970,56330,18380,45530,63910,33010EAS
R72 16510 0084,18360,46460,64820,18380,46610,64990,33010EAS
R72 16510 0085,20660,47000,67660,20720,47240,67960,33010EAS
R72 16510 0086,19080,51120,70200,19130,49390,68520,33010EAS
R72 16510 0087,19080,47840,66920,19200,48950,68150,33010EAS
R72 16510 0088,19080,48130,67210,19200,49390,68590,33010EAS
R72 16510 0089,19260,48160,67420,19280,49300,68580,33010EAS
R72 16510 0090,19260,52130,71390,19280,48120,67400,33010EAS
R72 16510 0091,19260,48570,67830,19350,55280,74630,33010EAS
R72 16510 0092,19260,49160,68420,19350,64850,84200,33010EAS
R72 16510 0093,21520,43380,64900,21170,62880,84050,33010EAS
R72 16510 0094,18360,39530,57890,18380,47830,66210,33010EAS
R72 16510 0095,18360,46870,65230,18380,48340,66720,33010EAS
R72 16510 0096,18360,36790,55150,18380,46880,65260,33010EAS
R72 16510 0097,18360,62210,80570,18380,66350,84730,33010EAS
R72 16510 0098,18360,50350,68710,18380,52360,70740,33010EAS
R72 16510 0099,18360,12440,30800,18380,53560,71940,33010EAS
R72 16510 0100,18180,45500,63680,18230,53120,71350,33010EAS
R72 16510 0101,18360,37120,55480,18380,45120,63500,33010EAS
R72 16510 0102,18360,46860,65220,18380,48900,67280,33010EAS
R72 16510 0103,18360,49970,68330,18380,81630,100010,33010EAS
R72 16510 0104,18360,49580,67940,18380,54230,72610,33010EAS
R72 16510 0105,18140,39280,57420,17930,43820,61750,33010EAS
R72 16510 0106,20370,47900,68270,20300,47790,68090,33010EAS
R72 16510 0107,22100,49130,71230,22330,48480,70810,33010EAS
R72 16511 0001,23430,52800,76230,24590,62840,87430,33010EAS
R72 16511 0002,19530,54230,73760,19560,58730,78290,33010EAS
R72 16511 0003,18380,47330,65710,18340,46760,65100,33010EAS
R72 16511 0004,18900,54440,73340,18980,62050,81030,33010EAS
R72 16511 0005,18630,54060,72690,18470,56970,75440,33010EAS
R72 16511 0006,19850,55990,75840,19970,60890,80860,33010EAS
R72 16511 0007,19970,52970,72940,20210,57300,77510,33010EAS
R72 16511 0008,19140,45710,64850,18780,67650,86430,33010EAS
R72 16511 0009,18820,63120,81940,18420,79180,97600,33010EAS
R72 16511 0010,20700,52080,72780,21380,44970,66350,33010EAS
R72 16511 0011,20520,46680,67200,21150,61270,82420,33010EAS
R72 16511 0012,20340,44500,64840,20850,45130,65980,33010EAS
R72 16511 0013,20160,67380,87540,20480,77290,97770,33010EAS
R72 16511 0014,19800,39770,59570,20100,51560,71660,33010EAS
R72 16511 0015,19620,40040,59660,19650,47750,67400,33010EAS
R72 16511 0016,19080,35390,54470,19130,51200,70330,33010EAS
R72 16511 0017,18540,36650,55190,18530,42420,60950,33010EAS
R72 16511 0018,19950,53780,73730,20080,66020,86100,33010EAS
R72 16511 0019,19990,38420,58410,20360,46100,66460,33010EAS
R72 16511 0020,18030,41540,59570,18070,57160,75230,33010EAS
R72 16511 0021,18360,47950,66310,18380,54250,72630,33010EAS
R72 16511 0022,18360,59310,77670,18450,69530,87980,33010EAS
R72 16511 0023,18360,45790,64150,18300,47860,66160,33010EAS
R72 16511 0024,18300,49490,67790,18300,55480,73780,33010EAS
R72 16511 0025,18410,69730,88140,18360,82140,100500,33010EAS
R72 16511 0026,18380,50050,68430,18260,55150,73410,33010EAS
R72 16511 0027,22610,42260,64870,23050,61760,84810,33010EAS
R72 16511 0028,20390,41740,62130,20520,43130,63650,33010EAS
R72 16511 0029,21060,45320,66380,21280,45920,67200,33010EAS
R72 16511 0030,21170,45780,66950,20850,49730,70580,33010EAS
R72 16511 0031,19000,48660,67660,19000,72110,91110,33010EAS
R72 16511 0032,18540,49310,67850,18530,45510,64040,33010EAS
R72 16511 0033,18540,45480,64020,18530,47390,65920,33010EAS
R72 16511 0034,18540,15410,33950,18530,48730,67260,33010EAS
R72 16511 0035,18670,46110,64780,18610,48960,67570,33010EAS
R72 16511 0036,18630,42830,61460,18690,60030,78720,33010EAS
R72 16511 0037,17110,43650,60760,17080,45890,62970,33010EAS
R72 16511 0038,18300,46750,65050,18220,49050,67270,33010EAS
R72 16511 0039,17420,47710,65130,17460,47040,64500,33010EAS
R72 16511 0040,18300,61280,79580,18300,61740,80040,33010EAS
R72 16511 0041,18360,46420,64780,18380,59790,78170,33010EAS
R72 16511 0042,18360,48050,66410,18380,59360,77740,33010EAS
R72 16511 0043,21900,48360,70260,21900,53240,75140,33010EAS
R72 16511 0044,20700,49260,69960,20700,63430,84130,33010EAS
R72 16511 0045,18900,49210,68110,18900,50500,69400,33010EAS
R72 16511 0046,18900,54370,73270,18900,65690,84590,33010EAS
R72 16511 0047,18900,46290,65190,18900,44980,63880,33010EAS
R72 16511 0048,18560,46140,64700,18590,49170,67760,33010EAS
R72 16511 0049,18790,44320,63110,18840,38120,56960,33010EAS
R72 16511 0050,70230,24340,94570,72050,64130,136180,33010EAS
R72 16512 0001,19260,79800,99060,19210,120370,139580,33010EAS
R72 16512 0002,57100,108870,165970,58030,151190,209220,33010EAS
R72 16512 0003,52270,133730,186000,52540,272460,325000,33010EAS
R72 16512 0004,19260,97880,117140,19210,106190,125400,33010EAS
R72 16512 0005,19260,80790,100050,19210,99740,118950,33010EAS
R72 16512 0006,19260,65600,84860,19210,87810,107020,33010EAS
R72 16512 0007,19260,75770,95030,19210,133680,152890,33010EAS
R72 16512 0008,20580,86030,106610,20500,91140,111640,33010EAS
R72 16512 0009,30500,98870,129370,29960,95040,125000,33010EAS
R72 16513 0001,18450,47510,65960,18450,48290,66740,33010EAS
R72 16513 0002,18450,53150,71600,18450,69460,87910,33010EAS
R72 16513 0003,18450,58460,76910,18450,71010,89460,33010EAS
R72 16513 0004,18450,53820,72270,18450,61730,80180,33010EAS
R72 16513 0005,18450,58820,77270,18450,68290,86740,33010EAS
R72 16513 0006,18750,50500,69250,18750,66990,85740,33010EAS
R72 16513 0007,19130,51580,70710,19160,64330,83490,33010EAS
R72 16513 0008,18360,47420,65780,18380,49200,67580,33010EAS
R72 16513 0009,18360,64120,82480,18380,62200,80580,33010EAS
R72 16513 0010,18360,48800,67160,18380,59400,77780,33010EAS
R72 16513 0011,18360,48150,66510,18380,49930,68310,33010EAS
R72 16513 0012,18360,45550,63910,18380,47920,66300,33010EAS
R72 16513 0013,20310,66050,86360,20630,79750,100380,33010EAS
R72 16513 0014,21920,54490,76410,22860,60890,83750,33010EAS
R72 16513 0015,21590,55920,77510,23110,60230,83340,33010EAS
R72 16513 0016,21400,57010,78410,22470,60580,83050,33010EAS
R72 16513 0017,20870,36910,57780,21510,53490,75000,33010EAS
R72 16513 0018,20700,49060,69760,21450,51450,72900,33010EAS
R72 16513 0019,20880,53420,74300,21900,55880,77780,33010EAS
R72 16513 0020,21390,55050,76440,22200,63140,85340,33010EAS
R72 16513 0021,22670,53130,75800,24410,58140,82550,33010EAS
R72 16513 0022,22140,50740,72880,21680,53180,74860,33010EAS
R72 16513 0023,19890,48280,68170,19350,49340,68690,33010EAS
R72 16513 0024,19130,50680,69810,19240,53020,72260,33010EAS
R72 16513 0025,21050,54940,75990,21630,61860,83490,33010EAS
R72 16513 0026,21060,49670,70730,22050,61340,83390,33010EAS
R72 16513 0027,20700,56130,76830,21530,64380,85910,33010EAS
R72 16513 0028,20520,52430,72950,21000,58720,79720,33010EAS
R72 16514 0001,22140,48540,70680,22050,50870,72920,33010EAS
R72 16514 0002,22510,42700,65210,22540,45870,68410,33010EAS
R72 16514 0003,22510,50140,72650,22010,57770,79780,33010EAS
R72 16514 0004,21780,63780,85560,23650,87140,110790,33010EAS
R72 16514 0005,21050,43890,64940,21870,47080,68950,33010EAS
R72 16514 0006,20860,46080,66940,21480,45500,66980,33010EAS
R72 16514 0007,20860,51090,71950,21400,60620,82020,33010EAS
R72 16514 0008,20730,42210,62940,20750,49760,70510,33010EAS
R72 16514 0009,20430,43930,64360,20460,41420,61880,33010EAS
R72 16514 0010,20730,59400,80130,20540,57810,78350,33010EAS
R72 16514 0011,23100,50340,73440,23100,52370,75470,33010EAS
R72 16514 0012,18470,54400,72870,18230,61480,79710,33010EAS
R72 16514 0013,28690,52430,81120,24630,57860,82490,33010EAS
R72 16514 0014,19720,52310,72030,19800,56660,76460,33010EAS
R72 16514 0015,19340,62280,81620,19400,57030,76430,33010EAS
R72 16514 0016,18790,60370,79160,18760,54320,73080,33010EAS
R72 16514 0017,18450,52300,70750,18450,54510,72960,33010EAS
R72 16514 0018,18360,46320,64680,18380,48940,67320,33010EAS
R72 16514 0019,18360,46360,64720,18380,48280,66660,33010EAS
R72 16514 0020,18360,43680,62040,18380,46630,65010,33010EAS
R72 16514 0021,18360,46750,65110,18450,44870,63320,33010EAS
R72 16514 0022,19060,44960,64020,19070,57710,76780,33010EAS
R72 16514 0023,20440,47520,67960,20620,49340,69960,33010EAS
R72 16514 0024,20160,51620,71780,20400,57380,77780,33010EAS
R72 16514 0025,19620,52800,72420,19730,58460,78190,33010EAS
R72 16514 0026,18850,51880,70730,18840,63690,82530,33010EAS
R72 16514 0027,20700,50130,70830,20250,53900,74150,33010EAS
R72 16514 0028,23180,53490,76670,22500,59570,82070,33010EAS
R72 16514 0032,19260,68950,88210,16330,88840,105170,33010EAS
R72 16514 0033,19260,62370,81630,19210,86050,105260,33010EAS
R72 16514 0034,19260,70240,89500,19210,86550,105760,33010EAS
R72 16514 0035,19260,74740,94000,19210,80410,99620,33010EAS
R72 16514 0036,19260,65940,85200,19210,90840,110050,33010EAS
R72 16514 0037,20580,76690,97270,20500,75310,95810,33010EAS
R72 16514 0038,640,0,640,690,0,690,33010EAS
R72 16514 0039,1100,0,1100,1210,0,1210,33010EAS
R72 16515 0001,18360,54180,72540,18380,57240,75620,33010EAS
R72 16515 0002,18360,49040,67400,18380,49830,68210,33010EAS
R72 16515 0003,18360,48560,66920,18380,49460,67840,33010EAS
R72 16515 0004,18360,50110,68470,18380,49690,68070,33010EAS
R72 16515 0005,18050,42310,60360,18060,34260,52320,33010EAS
R72 16515 0006,18630,59410,78040,18690,62420,81110,33010EAS
R72 16515 0007,18940,27610,46550,18910,47080,65990,33010EAS
R72 16515 0008,18850,46130,64980,18840,46720,65560,33010EAS
R72 16515 0009,19060,47200,66260,19070,60460,79530,33010EAS
R72 16515 0010,21320,49100,70420,21380,54430,75810,33010EAS
R72 16515 0011,22790,46890,69680,22780,50460,73240,33010EAS
R72 16515 0012,19130,57730,76860,19160,66960,86120,33010EAS
R72 16515 0013,18360,53730,72090,18380,55620,74000,33010EAS
R72 16515 0014,18670,43480,62150,18690,49710,68400,33010EAS
R72 16515 0015,18360,45150,63510,18380,47860,66240,33010EAS
R72 16515 0016,18670,45600,64270,18770,47100,65870,33010EAS
R72 16515 0017,20190,50910,71100,20220,63270,83490,33010EAS
R72 16515 0018,20960,54870,75830,21400,50070,71470,33010EAS
R72 16515 0019,22100,42950,65050,23240,46740,69980,33010EAS
R72 16515 0020,19870,54150,74020,19610,64390,84000,33010EAS
R72 16515 0021,18560,56650,75210,18590,66260,84850,33010EAS
R72 16515 0022,19310,47660,66970,19400,48630,68030,33010EAS
R72 16515 0023,19900,53820,73720,20040,60380,80420,33010EAS
R72 16516 0002,20580,64980,85560,20500,71530,92030,33010EAS
R72 16516 0003,21780,57360,79140,24000,95720,119720,33010EAS
R72 16516 0004,46990,63490,110480,21150,80430,101580,33010EAS
R72 16516 0005,19980,41870,61850,20250,51660,71910,33010EAS
R72 16516 0011,29040,55610,84650,28900,84760,113660,33010EAS
R72 16516 0013,18290,54650,72940,18300,116150,134450,33010EAS
R72 16516 0016,24140,47760,71900,24940,38340,63280,33010EAS
R72 16603 0001,18860,54940,73800,18880,58170,77050,33010EAS
R72 16603 0002,18860,53450,72310,18880,55020,73900,33010EAS
R72 16603 0003,18860,57150,76010,18880,68030,86910,33010EAS
R72 16603 0004,18710,52260,70970,18740,64040,82780,33010EAS
R72 16603 0005,18450,57630,76080,18450,57160,75610,33010EAS
R72 16603 0006,18940,50950,69890,18990,62430,81420,33010EAS
R72 16603 0007,19130,51260,70390,19080,61730,80810,33010EAS
R72 16603 0008,19130,43650,62780,19160,53580,72740,33010EAS
R72 16603 0009,18670,44490,63160,18690,53080,71770,33010EAS
R72 16603 0010,18670,45460,64130,18690,54620,73310,33010EAS
R72 16603 0011,18820,51900,70720,18840,53590,72430,33010EAS
R72 16603 0012,19930,49890,69820,19780,61210,80990,33010EAS
R72 16603 0013,18770,61890,80660,18660,62100,80760,33010EAS
R72 16603 0014,18770,42090,60860,18660,64080,82740,33010EAS
R72 16603 0015,18770,39290,58060,18660,50810,69470,33010EAS
R72 16603 0016,20220,39990,60210,20060,39240,59300,33010EAS
R72 16603 0017,20870,42010,62880,20790,52400,73190,33010EAS
R72 16603 0018,18510,41450,59960,18530,54270,72800,33010EAS
R72 16603 0019,18510,39000,57510,18530,59770,78300,33010EAS
R72 16603 0020,18150,56280,74430,18230,65200,83430,33010EAS
R72 16603 0021,18450,58460,76910,18450,56380,74830,33010EAS
R72 16603 0022,19850,44130,63980,19690,54170,73860,33010EAS
R72 16603 0023,19420,43760,63180,19450,54750,74200,33010EAS
R72 16603 0024,19060,54900,73960,19070,69090,88160,33010EAS
R72 16603 0025,18690,40010,58700,18680,49510,68190,33010EAS
R72 16603 0026,18480,43320,61800,18460,56730,75190,33010EAS
R72 16603 0027,18450,41980,60430,18450,55850,74300,33010EAS
R72 16603 0028,18450,41690,60140,18450,56090,74540,33010EAS
R72 16603 0029,18450,39180,57630,18450,50530,68980,33010EAS
R72 16603 0030,19010,50160,69170,19030,61760,80790,33010EAS
R72 16603 0031,19010,53530,72540,19030,68890,87920,33010EAS
R72 16603 0032,18710,42130,60840,18740,50700,69440,33010EAS
R72 16603 0033,18970,56040,75010,19080,57950,77030,33010EAS
R72 16603 0034,25050,41130,66180,24030,61760,85790,33010EAS
R72 16603 0035,24860,66810,91670,25930,63800,89730,33010EAS
R72 16603 0036,19350,60140,79490,19350,91170,110520,33010EAS
R72 16603 0037,19790,37610,57400,19740,60470,80210,33010EAS
R72 16603 0038,19110,40340,59450,18910,53490,72400,33010EAS
R72 16603 0039,21920,37980,59900,21020,48740,69760,33010EAS
R72 16603 0040,18610,39460,58070,18450,50770,69220,33010EAS
R72 16603 0041,18580,45470,64050,18490,58380,76870,33010EAS
R72 16603 0042,18720,40760,59480,18540,54990,73530,33010EAS
R72 16603 0043,18470,49230,67700,18410,60510,78920,33010EAS
R72 16603 0044,18750,44170,62920,18490,74650,93140,33010EAS
R72 16603 0045,19190,43100,62290,19320,71310,90630,33010EAS
R72 16603 0046,18690,47780,66470,18680,59410,78090,33010EAS
R72 16603 0047,19160,61780,80940,19160,72340,91500,33010EAS
R72 16603 0048,18850,48550,67400,18840,59890,78730,33010EAS
R72 16603 0049,18670,58200,76870,18770,71750,90520,33010EAS
R72 16603 0050,18670,54640,73310,18770,80490,99260,33010EAS
R72 16603 0051,18670,43310,61980,18690,57860,76550,33010EAS
R72 16603 0052,18670,52600,71270,18690,63770,82460,33010EAS
R72 16603 0053,18670,40190,58860,18690,52810,71500,33010EAS
R72 16603 0054,18670,44390,63060,18690,58770,77460,33010EAS
R72 16603 0055,18670,47290,65960,18690,59310,78000,33010EAS
R72 16603 0056,18670,42160,60830,18610,55100,73710,33010EAS
R72 16604 0001,20300,44800,65100,20240,62600,82840,33010EAS
R72 16604 0002,18860,50840,69700,18880,49270,68150,33010EAS
R72 16604 0003,18860,42990,61850,18880,55830,74710,33010EAS
R72 16604 0004,18860,44170,63030,18880,56080,74960,33010EAS
R72 16604 0005,18710,40620,59330,18740,52670,71410,33010EAS
R72 16604 0006,18710,47110,65820,18740,68600,87340,33010EAS
R72 16604 0007,18710,57730,76440,18740,71900,90640,33010EAS
R72 16604 0008,18710,37600,56310,18740,47760,66500,33010EAS
R72 16604 0009,20050,71300,91350,20060,86860,106920,33010EAS
R72 16604 0010,20050,49460,69510,20060,62950,83010,33010EAS
R72 16604 0011,20250,42730,62980,20250,55560,75810,33010EAS
R72 16604 0012,20250,56140,76390,20250,56440,76690,33010EAS
R72 16604 0013,18600,39700,58300,18600,50410,69010,33010EAS
R72 16604 0014,18600,52240,70840,18600,52880,71480,33010EAS
R72 16604 0016,18600,38520,57120,18600,75090,93690,33010EAS
R72 16604 0017,18600,42050,60650,18600,53770,72370,33010EAS
R72 16604 0018,18600,54730,73330,18600,56230,74830,33010EAS
R72 16604 0019,18600,41990,60590,18600,69820,88420,33010EAS
R72 16604 0020,23760,61870,85630,23440,83100,106540,33010EAS
R72 16604 0021,20050,60690,80740,20060,69230,89290,33010EAS
R72 16604 0022,18860,42760,61620,18880,56500,75380,33010EAS
R72 16604 0023,18860,63600,82460,18880,88230,107110,33010EAS
R72 16604 0024,18860,56460,75320,18880,73740,92620,33010EAS
R72 16604 0025,18710,40030,58740,18740,53810,72550,33010EAS
R72 16604 0026,18710,41650,60360,18740,66800,85540,33010EAS
R72 16604 0027,18710,45130,63840,18740,68560,87300,33010EAS
R72 16604 0028,18710,40630,59340,18740,54040,72780,33010EAS
R72 16604 0029,20050,43910,63960,3810,0,3810,33010EAS
R72 16604 0030,20050,43230,63280,20060,66900,86960,33010EAS
R72 16604 0031,18480,55070,73550,18460,89010,107470,33010EAS
R72 16604 0032,18480,41730,60210,18460,64350,82810,33010EAS
R72 16604 0033,18520,39670,58190,18490,54020,72510,33010EAS
R72 16604 0034,18380,39960,58340,18430,53550,71980,33010EAS
R72 16604 0035,18560,49980,68540,18510,63840,82350,33010EAS
R72 16604 0036,18560,45840,64400,18590,57990,76580,33010EAS
R72 16604 0037,18750,38830,57580,18670,51430,70100,33010EAS
R72 16604 0038,18600,46460,65060,18600,57660,76260,33010EAS
R72 16604 0039,18600,38820,57420,18680,52350,71030,33010EAS
R72 16604 0040,18790,44640,63430,18760,73040,91800,33010EAS
R72 16604 0041,18480,39440,57920,18530,52510,71040,33010EAS
R72 16604 0042,18300,41490,59790,18380,54840,73220,33010EAS
R72 16604 0043,18300,50460,68760,18380,61690,80070,33010EAS
R72 16604 0044,18300,48110,66410,18380,61360,79740,33010EAS
R72 16604 0045,18300,60080,78380,18380,70510,88890,33010EAS
R72 16604 0046,18300,52130,70430,18380,63950,82330,33010EAS
R72 16604 0047,18300,44510,62810,18380,56570,74950,33010EAS
R72 16604 0048,18300,39970,58270,18380,53960,72340,33010EAS
R72 16604 0049,18300,43020,61320,18380,55300,73680,33010EAS
R72 16604 0050,19350,45310,64660,19350,56620,75970,33010EAS
R72 16604 0051,19010,67180,86190,19030,73890,92920,33010EAS
R72 16604 0052,18820,23680,42500,18780,53680,72460,33010EAS
R72 16604 0053,18670,42030,60700,18610,54360,72970,33010EAS
R72 16604 0054,18670,39490,58160,18610,52480,71090,33010EAS
R72 16604 0055,19280,40120,59400,19230,61460,80690,33010EAS
R72 16604 0056,18510,54590,73100,18530,55740,74270,33010EAS
R72 16604 0057,18510,39940,58450,18530,53150,71680,33010EAS
R72 16604 0058,18510,42400,60910,18530,52690,71220,33010EAS
R72 16604 0059,18510,56650,75160,18530,77700,96230,33010EAS
R72 16604 0060,18510,49790,68300,18530,49880,68410,33010EAS
R72 16604 0061,18970,40020,58990,19000,63110,82110,33010EAS
R72 16604 0062,18820,45570,64390,18840,54030,72870,33010EAS
R72 16604 0063,18820,39500,58320,18840,49690,68530,33010EAS
R72 16605 0001,25020,48220,73240,25520,56220,81740,33010EAS
R72 16605 0002,18880,54450,73330,18990,57620,76610,33010EAS
R72 16605 0003,18820,37440,56260,18840,53090,71930,33010EAS
R72 16605 0004,18510,49060,67570,18530,50820,69350,33010EAS
R72 16605 0005,19740,44490,64230,19780,56180,75960,33010EAS
R72 16605 0006,20450,51950,72400,20050,73710,93760,33010EAS
R72 16605 0007,19360,48990,68350,18990,60070,79060,33010EAS
R72 16605 0008,19360,58940,78300,18990,69280,88270,33010EAS
R72 16605 0009,20430,43490,63920,20460,89530,109990,33010EAS
R72 16605 0010,18380,54380,72760,18430,72360,90790,33010EAS
R72 16605 0011,18940,44360,63300,18910,64550,83460,33010EAS
R72 16605 0012,22370,49480,71850,23130,63050,86180,33010EAS
R72 16605 0013,23980,51630,75610,24400,61710,86110,33010EAS
R72 16605 0014,19280,66760,86040,19230,85120,104350,33010EAS
R72 16605 0015,19580,45460,65040,19540,54990,74530,33010EAS
R72 16605 0016,18330,55590,73920,18380,56510,74890,33010EAS
R72 16605 0017,18510,41770,60280,18460,48450,66910,33010EAS
R72 16605 0018,20500,30750,51250,20470,36530,57000,33010EAS
R72 16605 0019,17290,42460,59750,17050,55370,72420,33010EAS
R72 16605 0020,18670,41480,60150,18610,59540,78150,33010EAS
R72 16605 0021,19280,39920,59200,19310,52370,71680,33010EAS
R72 16605 0022,19580,53510,73090,19630,55210,74840,33010EAS
R72 16605 0023,20510,51870,72380,20820,56620,77440,33010EAS
R72 16605 0024,18510,54140,72650,18530,56220,74750,33010EAS
R72 16605 0025,19400,44630,64030,19390,52520,71910,33010EAS
R72 16605 0026,23540,69750,93290,25430,78330,103760,33010EAS
R72 16605 0027,18510,45360,63870,18530,53530,72060,33010EAS
R72 16605 0028,18510,44140,62650,18460,52760,71220,33010EAS
R72 16605 0029,19390,35460,54850,19370,94130,113500,33010EAS
R72 16605 0032,8510,0,8510,7640,0,7640,33010EAS
R72 16702 0002,8970,0,8970,4770,0,4770,41000OND
R72 16702 0016,20650,40050,60700,10170,0,10170,41000OND
R72 16702 0017,14280,0,14280,6420,0,6420,41000OND
R72 16702 0115,!,!,!
R72 16702 0116,!,!,!
R72 16703 0013,3590,27440,31030,3650,25610,29260,4100REPA
R72 16703 0014,3780,26970,30750,3930,34140,38070,4100REPA
R72 16703 0015,7210,22430,29640,7470,39350,46820,4100REPA
R72 16703 0018,2040,0,2040,1870,0,1870,4100REPA
R72 16703 0020,10750,43180,53930,11660,83820,95480,4100REPA
R72 16704 0007,18440,0,18440,18440,0,18440,4100REPA
R72 16704 0008,6960,19110,26070,7440,38250,45690,4100REPA
R72 16704 0009,6960,24220,31180,3720,39440,43160,4100REPA
R72 16704 0010,12870,22130,35000,12870,38790,51660,4100REPA
R72 16704 0015,3750,0,3750,3750,0,3750,4100REPA
R72 16704 0023,3300,32460,35760,3300,45740,49040,4100REPA
R72 16704 0038,600,0,600,630,0,630,4100REPA
R72 16704 0039,3260,52720,55980,3210,24790,28000,4100REPA
R72 16704 0040,1440,0,1440,1300,0,1300,4100REPA
R72 16704 0041,980,0,980,1000,0,1000,4100REPA
R72 16704 0042,20000,32550,52550,20000,45480,65480,4100REPA
R72 16704 0044,5590,39110,44700,5260,39820,45080,4100REPA
R72 16704 0045,5410,11660,17070,5240,29370,34610,4100REPA
R72 16704 0046,6700,21400,28100,6820,29170,35990,4100REPA
R72 16704 0047,1840,6860,8700,1780,6770,8550,4100REPA
R72 16704 0048,800,0,800,800,0,800,4100REPA
R72 16704 0052,27150,16200,43350,27150,20670,47820,4100REPA
R72 16704 0053,26490,11770,38260,22460,13000,35460,4100REPA
R72 16704 0054,23480,20990,44470,23480,20000,43480,4100REPA
R72 16704 0056,8990,26770,35760,9840,36550,46390,4100REPA
R72 16704 0060,4760,33550,38310,4900,40860,45760,4100REPA
R72 16704 0070,1700,0,1700,1510,1640,3150,4100REPA
R72 16704 0071,3400,35100,38500,3320,36030,39350,4100REPA
R72 16704 0074,1600,0,1600,1600,0,1600,4100REPA
R72 16704 0075,1600,0,1600,1600,0,1600,4100REPA
R72 16704 0079,3640,32990,36630,3630,44020,47650,4100REPA
R72 16704 0080,3560,6580,10140,3540,7910,11450,4100REPA
R72 16704 0081,1630,0,1630,1380,0,1380,4100REPA
R72 16704 0084,5890,47570,53460,6250,36850,43100,4100REPA
R72 16704 0112,1590,0,1590,1590,0,1590,4100REPA
R72 16704 0113,1590,0,1590,1590,0,1590,4100REPA
R72 16704 0123,10390,111770,122160,4130,24020,28150,4100REPA
R72 16704 0125,1270,0,1270,1270,0,1270,4100REPA
R72 16704 0128,7190,37330,44520,7800,61390,69190,4100REPA
R72 16704 0130,2710,0,2710,2710,0,2710,4100REPA
R72 16704 0131,5180,25730,30910,5030,33940,38970,4100REPA
R72 16705 0001,10000,27110,37110,3130,23880,27010,41000OND
R72 16705 0002,10000,21620,31620,3130,23200,26330,41000OND
R72 16705 0003,10000,21620,31620,3130,23200,26330,41000OND
R72 16705 0013,13350,14630,27980,4470,28840,33310,41000OND
R72 16705 0024,12360,27350,39710,6820,23490,30310,41000OND
R72 16705 0026,12360,17710,30070,6820,26240,33060,41000OND
R72 16705 0027,12360,27200,39560,6820,38060,44880,41000OND
R72 16705 0028,12360,22520,34880,6820,24540,31360,41000OND
R72 16705 0029,12360,30980,43340,6820,33850,40670,41000OND
R72 16705 0030,12360,23390,35750,6820,27980,34800,41000OND
R72 16705 0031,12360,24450,36810,6820,24960,31780,41000OND
R72 16705 0032,12360,25530,37890,6820,26790,33610,41000OND
R72 16705 0033,12360,24200,36560,6820,30230,37050,41000OND
R72 16705 0034,12360,24450,36810,6820,21840,28660,41000OND
R72 16705 0035,12360,35170,47530,6820,31650,38470,41000OND
R72 16705 0036,12360,25180,37540,6820,27740,34560,41000OND
R72 16705 0037,12360,23530,35890,6820,27980,34800,41000OND
R72 16705 0038,12360,31910,44270,6820,33450,40270,41000OND
R72 16705 0039,6180,1200,7380,3450,1050,4500,41000OND
R72 16705 0040,13290,28680,41970,7420,27410,34830,41000OND
R72 16705 0041,16690,41880,58570,9650,34980,44630,41000OND
R72 16705 0042,12360,17590,29950,6820,19290,26110,41000OND
R72 16705 0043,12360,17470,29830,6820,20740,27560,41000OND
R72 16705 0044,18540,31800,50340,10860,34790,45650,41000OND
R72 16705 0047,12360,23530,35890,6820,31820,38640,41000OND
R72 16705 0049,12360,25150,37510,5730,14080,19810,41000OND
R72 16705 0050,12360,32680,45040,5730,22600,28330,41000OND
R72 16705 0051,12360,25870,38230,6820,29220,36040,41000OND
R72 16705 0052,12360,22060,34420,6820,23100,29920,41000OND
R72 16705 0053,12360,27210,39570,6820,26850,33670,41000OND
R72 16705 0054,12360,30950,43310,6820,29590,36410,41000OND
R72 16705 0055,12360,21820,34180,6820,26990,33810,41000OND
R72 16705 0056,12360,27350,39710,6820,35410,42230,41000OND
R72 16706 0001,13070,28860,41930,3310,0,3310,41000OND
R72 16706 0002,13070,21330,34400,7260,20450,27710,41000OND
R72 16706 0004,12920,25010,37930,5720,0,5720,41000OND
R72 16706 0005,19850,23280,43130,11740,0,11740,41000OND
R72 16706 0007,13070,19120,32190,5810,0,5810,41000OND
R72 16706 0008,13070,21600,34670,5810,0,5810,41000OND
R72 16706 0009,12790,19180,31970,7120,36650,43770,41000OND
R72 16706 0010,12600,22780,35380,5560,0,5560,41000OND
R72 16706 0011,11810,21880,33690,5140,0,5140,41000OND
R72 16706 0012,11810,22850,34660,5140,0,5140,41000OND
R72 16706 0013,8000,0,8000,2500,0,2500,41000OND
R72 16706 0014,5000,2530,7530,1560,0,1560,41000OND
R72 16706 0015,10000,25720,35720,3130,91810,94940,41000OND
R72 16706 0016,10000,33340,43340,3130,91810,94940,41000OND
R72 16706 0019,10000,25720,35720,3130,91810,94940,41000OND
R72 16706 0020,10000,33340,43340,3130,65100,68230,41000OND
R72 16706 0021,10000,34330,44330,3130,24460,27590,41000OND
R72 16706 0022,10000,34330,44330,3130,24290,27420,41000OND
R72 16706 0023,10000,34330,44330,3130,94450,97580,41000OND
R72 16706 0025,10000,19190,29190,3130,21650,24780,41000OND
R72 16706 0026,10000,19190,29190,3130,33690,36820,41000OND
R72 16706 0028,10000,20340,30340,3130,34390,37520,41000OND
R72 16706 0029,10000,19190,29190,3130,33690,36820,41000OND
R72 16706 0030,10000,13880,23880,3130,24180,27310,41000OND
R72 16706 0031,10000,18650,28650,3130,31590,34720,41000OND
R72 16706 0032,8000,0,8000,2500,0,2500,41000OND
R72 16706 0033,8000,0,8000,2500,0,2500,41000OND
R72 16706 0034,8000,0,8000,2500,0,2500,41000OND
R72 16706 0035,11430,21350,32780,6210,24150,30360,41000OND
R72 16706 0036,11430,22040,33470,6210,17330,23540,41000OND
R72 16706 0037,12360,11420,23780,6820,55250,62070,41000OND
R72 16706 0038,12360,18260,30620,6820,20160,26980,41000OND
R72 16706 0039,12360,17490,29850,5730,2820,8550,41000OND
R72 16706 0040,12360,20670,33030,6820,23360,30180,41000OND
R72 16706 0041,12360,15330,27690,6820,7960,14780,41000OND
R72 16706 0042,12360,24980,37340,6820,13880,20700,41000OND
R72 16706 0043,12360,25380,37740,6820,47750,54570,41000OND
R72 16706 0044,12360,23230,35590,6820,24600,31420,41000OND
R72 16706 0045,12360,27380,39740,6820,30000,36820,41000OND
R72 16706 0046,12360,23610,35970,6820,23720,30540,41000OND
R72 16706 0047,12360,21440,33800,6820,22830,29650,41000OND
R72 16706 0048,12360,22170,34530,6820,24110,30930,41000OND
R72 16706 0049,12360,26080,38440,6820,28600,35420,41000OND
R72 16706 0050,12360,18290,30650,6820,17800,24620,41000OND
R72 16706 0051,12360,22850,35210,6820,25390,32210,41000OND
R72 16706 0052,12360,15600,27960,5730,5810,11540,41000OND
R72 16706 0053,12360,22030,34390,6820,25080,31900,41000OND
R72 16706 0054,12360,17900,30260,6820,20410,27230,41000OND
R72 16706 0055,12360,22270,34630,6820,21690,28510,41000OND
R72 16706 0056,12360,21410,33770,6820,24600,31420,41000OND
R72 16706 0057,12360,26630,38990,6820,31930,38750,41000OND
R72 16706 0058,12510,12700,25210,6920,23870,30790,41000OND
R72 16706 0059,0,0,0,0,0,0,99999999
R72 16706 0061,0,0,0,0,0,0,41000OND
R72 16706 0063,400,0,400,130,0,130,41000OND
R72 16707 0023,15120,22490,37610,8780,34930,43710,41000OND
R72 16707 0024,15120,17600,32720,8780,20550,29330,41000OND
R72 16708 0002,12320,21530,33850,6770,18280,25050,41000OND
R72 16708 0018,5380,0,5380,3050,0,3050,41000OND
R72 16708 0019,12650,21050,33700,7100,20340,27440,41000OND
R72 16708 0020,5380,0,5380,3050,0,3050,41000OND
R72 16708 0021,12650,26280,38930,7100,31150,38250,41000OND
R72 16708 0022,12650,28130,40780,7100,28570,35670,41000OND
R72 16708 0023,10430,0,10430,6020,0,6020,41000OND
R72 16708 0024,6340,7020,13360,3470,4950,8420,41000OND
R72 16708 0026,10660,15710,26370,5730,17080,22810,41000OND
R72 16708 0027,10660,22130,32790,5730,24250,29980,41000OND
R72 16708 0028,10660,16960,27620,5730,30180,35910,41000OND
R72 16708 0029,10660,5770,16430,5730,10550,16280,41000OND
R72 16708 0030,10660,19580,30240,5730,25270,31000,41000OND
R72 16708 0031,10660,23560,34220,5730,28470,34200,41000OND
R72 16708 0032,10660,22410,33070,5730,19160,24890,41000OND
R72 16708 0033,10660,24390,35050,5730,12470,18200,41000OND
R72 16708 0034,5330,0,5330,2610,0,2610,41000OND
R72 16708 0035,10660,26190,36850,5730,27990,33720,41000OND
R72 16708 0036,4100,0,4100,1940,0,1940,41000OND
R72 16708 0039,10660,16690,27350,5730,20650,26380,41000OND
R72 16708 0040,10660,19390,30050,5730,21760,27490,41000OND
R72 16708 0041,5330,0,5330,2610,0,2610,41000OND
R72 16708 0042,5330,0,5330,2610,0,2610,41000OND
R72 16708 0043,10660,32900,43560,5730,20430,26160,41000OND
R72 16708 0044,10660,32900,43560,5730,20430,26160,41000OND
R72 16708 0045,10660,32900,43560,5730,20430,26160,41000OND
R72 16708 0046,10660,5500,16160,6350,0,6350,41000OND
R72 16708 0047,10660,15230,25890,5730,13890,19620,41000OND
R72 16708 0048,2120,0,2120,1800,0,1800,41000OND
R72 16708 0049,9500,20300,29800,5030,16640,21670,41000OND
R72 16708 0053,5330,0,5330,2900,0,2900,41000OND
R72 16708 0054,2140,0,2140,3730,0,3730,41000OND
R72 16708 0055,10660,15070,25730,5730,18460,24190,41000OND
R72 16708 0070,8870,7890,16760,4780,20350,25130,41000OND
R72 16708 0088,9070,12790,21860,2420,0,2420,41000OND
R72 16709 0006,14330,32970,47300,8090,28840,36930,41000OND
R72 16709 0007,13920,39830,53750,7810,32680,40490,41000OND
R72 16709 0008,14230,25560,39790,8010,14780,22790,41000OND
R72 16709 0010,16050,29670,45720,9310,33010,42320,41000OND
R72 16709 0011,16510,19540,36050,9420,21490,30910,41000OND
R72 16709 0013,7110,0,7110,3640,0,3640,41000OND
R72 16709 0014,13440,18000,31440,7580,27890,35470,41000OND
R72 16709 0015,12960,27510,40470,7230,27550,34780,41000OND
R72 16709 0016,12360,16870,29230,6820,18250,25070,41000OND
R72 16709 0017,14200,19820,34020,7970,22080,30050,41000OND
R72 16709 0018,13280,6670,19950,7450,7960,15410,41000OND
R72 16709 0019,6350,0,6350,3220,0,3220,41000OND
R72 16709 0020,12650,29360,42010,7040,31260,38300,41000OND
R72 16709 0021,12770,23260,36030,7090,8730,15820,41000OND
R72 16709 0022,12770,20610,33380,7090,23030,30120,41000OND
R72 16709 0023,13440,12310,25750,3840,0,3840,41000OND
R72 16709 0024,6640,0,6640,3400,0,3400,41000OND
R72 16709 0026,6360,0,6360,3210,0,3210,41000OND
R72 16709 0027,6380,0,6380,3210,0,3210,41000OND
R72 16709 0028,6700,0,6700,3360,0,3360,41000OND
R72 16709 0029,12540,41000,53540,6770,53010,59780,41000OND
R72 16709 0030,14030,27440,41470,7930,38930,46860,41000OND
R72 16709 0031,13420,14400,27820,7460,16220,23680,41000OND
R72 16709 0032,3670,0,3670,2040,0,2040,41000OND
R72 16709 0033,12240,25950,38190,6720,29190,35910,41000OND
R72 16709 0034,5510,1940,7450,3060,2550,5610,41000OND
R72 16709 0035,12240,9600,21840,6750,11560,18310,41000OND
R72 16709 0036,9000,50720,59720,4980,60690,65670,41000OND
R72 16709 0037,4280,0,4280,2380,0,2380,41000OND
R72 16709 0053,6540,0,6540,3320,0,3320,41000OND
R72 16709 0054,14850,56550,71400,8620,50030,58650,41000OND
R72 16709 0055,6120,0,6120,3060,0,3060,41000OND
R72 16709 0056,12240,32240,44480,6720,27510,34230,41000OND
R72 16709 0057,12240,37520,49760,6720,37300,44020,41000OND
R72 16709 0058,6120,0,6120,3060,0,3060,41000OND
R72 16709 0059,6120,3430,9550,3400,4480,7880,41000OND
R72 16709 0060,14990,33160,48150,8500,34540,43040,41000OND
R72 16709 0061,16070,35300,51370,9190,34640,43830,41000OND
R72 16709 0063,13640,28000,41640,7590,32760,40350,41000OND
R72 16709 0064,14900,33740,48640,8560,26960,35520,41000OND
R72 16709 0065,14620,28030,42650,8450,32570,41020,41000OND
R72 16709 0066,14620,21210,35830,8490,22370,30860,41000OND
R72 16709 0067,7190,0,7190,3720,0,3720,41000OND
R72 16709 0068,6180,0,6180,3110,0,3110,41000OND
R72 16709 0069,6120,0,6120,3060,0,3060,41000OND
R72 16709 0070,12240,23580,35820,6720,29440,36160,41000OND
R72 16709 0073,6120,0,6120,3060,0,3060,41000OND
R72 16709 0074,12240,21740,33980,6720,23070,29790,41000OND
R72 16709 0075,6120,0,6120,3060,0,3060,41000OND
R72 16709 0077,!,!,!
R72 16710 0001,3880,0,3880,2140,0,2140,41000OND
R72 16710 0002,11340,35520,46860,6090,32800,38890,41000OND
R72 16710 0003,14550,30440,44990,8080,41570,49650,41000OND
R72 16710 0004,14200,19500,33700,8010,24680,32690,41000OND
R72 16710 0005,18720,16310,35030,10990,20700,31690,41000OND
R72 16710 0007,12480,17350,29830,6880,23870,30750,41000OND
R72 16710 0008,6270,0,6270,3150,0,3150,41000OND
R72 16710 0009,6460,0,6460,3270,0,3270,41000OND
R72 16710 0010,12240,32840,45080,6720,31880,38600,41000OND
R72 16710 0011,6120,0,6120,3060,0,3060,41000OND
R72 16710 0012,12240,28800,41040,6720,31350,38070,41000OND
R72 16710 0013,12240,28630,40870,6720,35450,42170,41000OND
R72 16710 0014,2070,0,2070,990,0,990,41000OND
R72 16710 0015,13770,22300,36070,7710,23630,31340,41000OND
R72 16710 0016,12240,16710,28950,6720,19610,26330,41000OND
R72 16710 0017,15300,11520,26820,8700,12930,21630,41000OND
R72 16710 0019,15300,24300,39600,8700,19600,28300,41000OND
R72 16710 0034,780,0,780,0,0,0,41000OND
R72 16710 0035,430,0,430,0,0,0,41000OND
R72 16710 0036,12240,13840,26080,6720,13890,20610,41000OND
R72 16710 0037,12240,21430,33670,6720,28530,35250,41000OND
R72 16710 0038,6120,0,6120,3060,0,3060,41000OND
R72 16710 0039,12240,8180,20420,6720,14090,20810,41000OND
R72 16710 0040,12240,29680,41920,6720,30380,37100,41000OND
R72 16710 0041,6120,2080,8200,3400,2740,6140,41000OND
R72 16710 0042,6350,3950,10300,3550,5150,8700,41000OND
R72 16710 0043,6360,0,6360,3220,0,3220,41000OND
R72 16710 0047,7200,0,7200,3810,0,3810,41000OND
R72 16710 0048,13360,22070,35430,7460,21440,28900,41000OND
R72 16710 0050,4970,0,4970,2390,0,2390,41000OND
R72 16711 0003,1460,0,1460,1320,0,1320,4100REPA
R72 16711 0004,2910,22480,25390,2900,29220,32120,4100REPA
R72 16711 0005,1460,0,1460,1320,0,1320,4100REPA
R72 16711 0006,2910,23990,26900,2900,12840,15740,4100REPA
R72 16711 0007,1480,0,1480,1340,0,1340,4100REPA
R72 16711 0008,4510,35940,40450,4400,54880,59280,4100REPA
R72 16711 0010,4650,27190,31840,4530,34120,38650,4100REPA
R72 16711 0012,2330,0,2330,2060,0,2060,4100REPA
R72 16711 0013,2960,22250,25210,2940,21040,23980,4100REPA
R72 16711 0014,1480,0,1480,1340,0,1340,4100REPA
R72 16711 0015,1480,0,1480,1340,0,1340,4100REPA
R72 16711 0016,2960,15160,18120,2940,20300,23240,4100REPA
R72 16711 0017,1480,0,1480,1340,0,1340,4100REPA
R72 16711 0018,1480,0,1480,1340,0,1340,4100REPA
R72 16711 0019,1480,0,1480,1340,0,1340,4100REPA
R72 16711 0020,1530,0,1530,1380,0,1380,4100REPA
R72 16711 0021,1530,0,1530,1380,0,1380,4100REPA
R72 16711 0022,2820,20330,23150,2810,38880,41690,4100REPA
R72 16711 0023,3040,0,3040,2780,0,2780,4100REPA
R72 16711 0024,3220,18910,22130,3230,9510,12740,4100REPA
R72 16711 0025,1610,0,1610,1480,0,1480,4100REPA
R72 16711 0026,1610,0,1610,1480,0,1480,4100REPA
R72 16711 0027,3220,36270,39490,3230,30550,33780,4100REPA
R72 16711 0028,1610,0,1610,1480,0,1480,4100REPA
R72 16711 0029,3220,16370,19590,3230,8350,11580,4100REPA
R72 16711 0030,1610,0,1610,1480,0,1480,4100REPA
R72 16711 0039,1610,0,1610,1480,0,1480,4100REPA
R72 16711 0040,3220,21700,24920,3230,20100,23330,4100REPA
R72 16711 0041,1610,0,1610,1480,0,1480,4100REPA
R72 16711 0042,1610,0,1610,1480,0,1480,4100REPA
R72 16711 0043,1590,0,1590,1450,0,1450,4100REPA
R72 16711 0044,1610,0,1610,1480,0,1480,4100REPA
R72 16711 0045,1610,0,1610,1480,0,1480,4100REPA
R72 16711 0046,3470,32840,36310,3480,31400,34880,4100REPA
R72 16714 0022,2500,0,2500,2500,0,2500,4100REPA
R72 16714 0024,2500,0,2500,2500,0,2500,4100REPA
R72 16715 0003,17920,30500,48420,8000,33790,41790,41000OND
R72 16715 0007,24390,45130,69520,10890,59330,70220,41000OND
R72 16715 0008,24020,80260,104280,2360,39490,41850,41000OND
R72 16715 0009,23660,36310,59970,10560,47360,57920,41000OND
R72 16715 0010,12850,37070,49920,5740,49190,54930,41000OND
R72 16715 0011,10950,30830,41780,4890,36150,41040,41000OND
R72 16715 0013,12140,0,12140,5460,0,5460,41000OND
R72 16715 0015,56000,29350,85350,25000,30180,55180,41000OND
R72 16715 0017,51240,24430,75670,22880,32790,55670,41000OND
R72 16715 0020,18480,21540,40020,8250,34960,43210,41000OND
R72 16715 0023,5210,0,5210,2370,0,2370,41000OND
R72 16715 0024,10500,0,10500,4730,0,4730,41000OND
R72 16715 0027,17000,0,17000,7630,0,7630,41000OND
R72 16715 0028,!,!,!
R72 16715 0029,!,!,!
R72 16715 0030,!,!,!
R72 16715 0031,!,!,!
R72 16719 0001,20870,23280,44150,11730,28580,40310,41000OND
R72 16719 0002,19310,20610,39920,10500,28240,38740,41000OND
R72 16719 0003,7610,0,7610,3710,0,3710,41000OND
R72 16719 0004,17010,61830,78840,9000,69430,78430,41000OND
R72 16719 0005,1200,0,1200,380,0,380,41000OND
R72 16720 0001,51180,0,51180,22880,0,22880,41000OND
R72 16801 0003,8320,19970,28290,6220,26690,32910,82001HIG
R72 16801 0005,12650,30200,42850,10470,24210,34680,82001HIG
R72 16801 0006,2940,0,2940,2400,0,2400,82001HIG
R72 16801 0009,19680,4070,23750,6720,0,6720,82001HIG
R72 16801 0014,8050,0,8050,6860,0,6860,82001HIG
R72 16801 0019,4390,0,4390,2870,0,2870,82001HIG
R72 16801 0022,4450,0,4450,2930,0,2930,82001HIG
R72 16801 0023,7630,26070,33700,5500,18490,23990,82001HIG
R72 16801 0024,3880,0,3880,2480,0,2480,82001HIG
R72 16801 0025,7630,18390,26020,5500,360,5860,82001HIG
R72 16801 0027,7630,23130,30760,5500,7960,13460,82001HIG
R72 16801 0028,3880,0,3880,2480,0,2480,82001HIG
R72 16801 0029,6100,0,6100,4400,0,4400,82001HIG
R72 16801 0030,7630,15380,23010,5500,390,5890,82001HIG
R72 16801 0031,3880,0,3880,2480,0,2480,82001HIG
R72 16801 0032,3880,0,3880,2480,0,2480,82001HIG
R72 16801 0033,3800,0,3800,2430,0,2430,82001HIG
R72 16801 0034,7610,24510,32120,5520,23430,28950,82001HIG
R72 16801 0035,3860,0,3860,2480,0,2480,82001HIG
R72 16801 0036,3860,0,3860,2480,0,2480,82001HIG
R72 16801 0037,7610,25170,32780,5520,25380,30900,82001HIG
R72 16801 0038,3270,0,3270,1970,0,1970,82001HIG
R72 16801 0039,3860,0,3860,2480,0,2480,82001HIG
R72 16801 0040,2170,0,2170,610,0,610,82001HIG
R72 16801 0041,7630,23110,30740,5500,15760,21260,82001HIG
R72 16801 0042,5670,0,5670,2480,0,2480,82001HIG
R72 16801 0043,5670,0,5670,2480,0,2480,82001HIG
R72 16801 0046,3100,0,3100,2200,0,2200,82001HIG
R72 16801 0047,7630,10470,18100,4120,0,4120,82001HIG
R72 16801 0048,3880,0,3880,2480,0,2480,82001HIG
R72 16801 0049,3880,0,3880,2480,0,2480,82001HIG
R72 16801 0052,3880,0,3880,2480,0,2480,82001HIG
R72 16801 0053,7630,2230,9860,5500,320,5820,82001HIG
R72 16801 0054,3880,0,3880,2480,0,2480,82001HIG
R72 16801 0055,3880,0,3880,2480,0,2480,82001HIG
R72 16801 0056,7630,18100,25730,5500,33740,39240,82001HIG
R72 16801 0057,3880,0,3880,2480,0,2480,82001HIG
R72 16801 0058,1360,0,1360,960,0,960,82001HIG
R72 16801 0059,1360,0,1360,960,0,960,82001HIG
R72 16801 0060,3880,0,3880,2480,0,2480,82001HIG
R72 16801 0061,7630,28240,35870,5500,15730,21230,82001HIG
R72 16801 0062,3880,0,3880,2480,0,2480,82001HIG
R72 16801 0063,3880,0,3880,2480,0,2480,82001HIG
R72 16801 0064,3860,0,3860,2480,0,2480,82001HIG
R72 16801 0065,7610,23420,31030,5520,18420,23940,82001HIG
R72 16801 0066,3860,0,3860,2480,0,2480,82001HIG
R72 16801 0067,3860,0,3860,2480,0,2480,82001HIG
R72 16801 0068,3860,0,3860,2480,0,2480,82001HIG
R72 16801 0069,7610,26330,33940,5520,21930,27450,82001HIG
R72 16801 0070,3880,0,3880,2480,0,2480,82001HIG
R72 16801 0071,10200,22850,33050,8000,32720,40720,82001HIG
R72 16801 0073,7630,29620,37250,5500,18180,23680,82001HIG
R72 16801 0074,3880,0,3880,2480,0,2480,82001HIG
R72 16801 0075,3880,0,3880,2480,0,2480,82001HIG
R72 16801 0076,8910,27540,36450,8910,13720,22630,83000HIG
R72 16801 0077,8910,21340,30250,8910,18500,27410,83000HIG
R72 16801 0078,8910,21600,30510,8910,17570,26480,83000HIG
R72 16801 0079,4490,0,4490,4000,0,4000,83000HIG
R72 16801 0081,7130,0,7130,7120,0,7120,83000HIG
R72 16801 0082,4670,0,4670,4180,0,4180,83000HIG
R72 16801 0083,9180,13190,22370,9210,11430,20640,83000HIG
R72 16801 0084,8950,23880,32830,8990,14100,23090,83000HIG
R72 16801 0085,4480,2060,6540,4460,4070,8530,83000HIG
R72 16801 0086,4400,0,4400,3950,0,3950,83000HIG
R72 16801 0089,4480,0,4480,4000,0,4000,83000HIG
R72 16801 0090,8900,26960,35860,8940,20880,29820,83000HIG
R72 16801 0091,8910,44560,53470,8920,49680,58600,83000HIG
R72 16801 0092,4440,0,4440,3990,0,3990,83000HIG
R72 16801 0093,8920,28750,37670,8900,21860,30760,83000HIG
R72 16801 0095,4490,0,4490,4000,0,4000,83000HIG
R72 16801 0096,8910,3820,12730,8910,810,9720,83000HIG
R72 16801 0097,4490,0,4490,4000,0,4000,83000HIG
R72 16801 0098,4490,0,4490,4000,0,4000,83000HIG
R72 16801 0099,4490,0,4490,4000,0,4000,83000HIG
R72 16801 0100,13570,66690,80260,14040,65120,79160,83000HIG
R72 16801 0101,4170,0,4170,3710,0,3710,83000HIG
R72 16801 0102,4490,0,4490,4000,0,4000,83000HIG
R72 16801 0103,8910,22570,31480,8910,900,9810,83000HIG
R72 16801 0104,8910,26930,35840,8910,0,8910,83000HIG
R72 16801 0105,4490,0,4490,4000,0,4000,83000HIG
R72 16801 0106,4490,0,4490,4000,0,4000,83000HIG
R72 16801 0107,4400,0,4400,3910,0,3910,83000HIG
R72 16801 0109,10680,20300,30980,10730,18150,28880,83000HIG
R72 16801 0111,4490,0,4490,4000,0,4000,83000HIG
R72 16801 0112,8910,13700,22610,4000,0,4000,83000HIG
R72 16801 0113,4490,0,4490,4000,0,4000,83000HIG
R72 16801 0114,8910,0,8910,8910,0,8910,83000HIG
R72 16801 0115,4490,0,4490,4000,0,4000,83000HIG
R72 16801 0116,4490,0,4490,4000,0,4000,83000HIG
R72 16801 0117,7130,0,7130,7120,0,7120,83000HIG
R72 16801 0118,4490,0,4490,4000,0,4000,83000HIG
R72 16801 0119,4490,0,4490,4000,0,4000,83000HIG
R72 16801 0120,3890,0,3890,3580,0,3580,83000HIG
R72 16801 0121,8910,34200,43110,8980,900,9880,83000HIG
R72 16801 0126,4490,0,4490,4000,0,4000,83000HIG
R72 16801 0127,4490,0,4490,4000,0,4000,83000HIG
R72 16801 0128,4490,900,5390,4440,900,5340,83000HIG
R72 16801 0129,4490,0,4490,4000,0,4000,83000HIG
R72 16801 0130,4490,0,4490,4000,0,4000,83000HIG
R72 16801 0131,4490,0,4490,4000,0,4000,83000HIG
R72 16801 0133,4490,0,4490,4000,0,4000,83000HIG
R72 16801 0134,4490,0,4490,4000,0,4000,83000HIG
R72 16801 0135,4660,0,4660,4130,0,4130,83000HIG
R72 16801 0136,4490,0,4490,4000,0,4000,83000HIG
R72 16801 0137,8910,2450,11360,8820,500,9320,83000HIG
R72 16801 0138,4490,0,4490,4000,0,4000,83000HIG
R72 16801 0139,4490,0,4490,4000,0,4000,83000HIG
R72 16801 0140,4490,0,4490,4000,0,4000,83000HIG
R72 16801 0141,13430,35310,48740,13610,28960,42570,83000HIG
R72 16801 0142,9480,0,9480,7740,0,7740,82001HIG
R72 16801 0143,18130,25730,43860,19090,20340,39430,83000HIG
R72 16801 0145,5040,0,5040,2010,0,2010,82001HIG
R72 16801 0146,10970,3250,14220,11170,590,11760,83000HIG
R72 16801 0147,5760,0,5760,5430,0,5430,83000HIG
R72 16801 0151,3430,0,3430,1840,0,1840,82001HIG
R72 16801 0153,1910,0,1910,610,0,610,82001HIG
R72 16801 0154,5570,0,5570,4910,0,4910,83000HIG
R72 16801 0155,5610,0,5610,4970,0,4970,83000HIG
R72 16801 0156,7410,0,7410,6930,0,6930,83000HIG
R72 16801 0157,9180,0,9180,8970,0,8970,83000HIG
R72 16801 0158,6580,0,6580,6130,0,6130,83000HIG
R72 16801 0159,5670,0,5670,5100,0,5100,83000HIG
R72 16801 0160,13100,51360,64460,12770,10080,22850,83000HIG
R72 16801 0161,12550,46970,59520,12260,9360,21620,83000HIG
R72 16801 0162,5440,0,5440,4870,0,4870,83000HIG
R72 16801 0163,5860,0,5860,5310,0,5310,83000HIG
R72 16801 0164,12280,32070,44350,13370,75620,88990,83000HIG
R72 16801 0165,6020,0,6020,5620,0,5620,83000HIG
R72 16801 0166,11630,35150,46780,11690,33260,44950,83000HIG
R72 16801 0167,5840,0,5840,5270,0,5270,83000HIG
R72 16801 0171,3210,0,3210,3200,0,3200,83000HIG
R72 16802 0001,7260,14000,21260,5080,17340,22420,82001HIG
R72 16802 0002,4530,0,4530,3010,0,3010,82001HIG
R72 16802 0003,8950,9690,18640,6640,13250,19890,82001HIG
R72 16802 0004,4320,0,4320,2890,0,2890,82001HIG
R72 16802 0005,7850,22680,30530,2820,0,2820,82001HIG
R72 16802 0006,4250,0,4250,2730,0,2730,82001HIG
R72 16802 0007,13150,29620,42770,10920,25490,36410,82001HIG
R72 16802 0010,8090,20490,28580,5770,16230,22000,82001HIG
R72 16802 0012,3880,0,3880,2480,0,2480,82001HIG
R72 16802 0013,3880,0,3880,2480,0,2480,82001HIG
R72 16802 0014,7630,10870,18500,2760,0,2760,82001HIG
R72 16802 0015,3880,0,3880,2480,0,2480,82001HIG
R72 16802 0016,3880,0,3880,2480,0,2480,82001HIG
R72 16802 0017,3890,0,3890,2970,0,2970,82001HIG
R72 16802 0018,7540,0,7540,7540,0,7540,82001HIG
R72 16802 0019,7850,20460,28310,5660,14970,20630,82001HIG
R72 16802 0020,3840,0,3840,2480,0,2480,82001HIG
R72 16802 0021,4400,0,4400,2960,0,2960,82001HIG
R72 16802 0023,3880,0,3880,2470,0,2470,82001HIG
R72 16802 0024,4520,0,4520,3040,0,3040,82001HIG
R72 16802 0025,12510,25350,37860,10560,11190,21750,82001HIG
R72 16802 0027,3940,0,3940,2530,0,2530,82001HIG
R72 16802 0028,6410,0,6410,5900,10340,16240,82001HIG
R72 16802 0029,4330,0,4330,2790,0,2790,82001HIG
R72 16802 0030,3970,0,3970,2650,0,2650,82001HIG
R72 16802 0031,9430,2740,12170,7420,0,7420,82001HIG
R72 16802 0032,4750,0,4750,3300,0,3300,82001HIG
R72 16802 0033,9280,21420,30700,7310,18740,26050,82001HIG
R72 16802 0034,4670,0,4670,3210,0,3210,82001HIG
R72 16802 0035,4630,0,4630,3150,0,3150,82001HIG
R72 16802 0036,4590,0,4590,3120,0,3120,82001HIG
R72 16802 0037,9050,25000,34050,6910,22930,29840,82001HIG
R72 16802 0038,4630,0,4630,3140,0,3140,82001HIG
R72 16802 0039,9880,23100,32980,7960,15150,23110,82001HIG
R72 16802 0040,5020,0,5020,3890,0,3890,82001HIG
R72 16802 0041,9200,19340,28540,7420,13810,21230,82001HIG
R72 16802 0042,9130,19690,28820,0,0,0,82001HIG
R72 16802 0046,5560,0,5560,4240,0,4240,82001HIG
R72 16802 0047,2300,0,2300,1720,0,1720,82001HIG
R72 16802 0048,8900,0,8900,6700,0,6700,82001HIG
R72 16802 0051,5150,0,5150,3610,0,3610,82001HIG
R72 16802 0052,9780,23220,33000,7520,11540,19060,82001HIG
R72 16802 0053,4100,0,4100,2600,0,2600,82001HIG
R72 16802 0054,4100,0,4100,2600,0,2600,82001HIG
R72 16802 0055,4100,0,4100,2600,0,2600,82001HIG
R72 16802 0056,7600,24000,31600,5290,15920,21210,82001HIG
R72 16802 0057,7950,24400,32350,5810,1780,7590,82001HIG
R72 16802 0058,3940,0,3940,2530,0,2530,82001HIG
R72 16802 0059,7760,18500,26260,5630,28630,34260,82001HIG
R72 16802 0060,3940,0,3940,2530,0,2530,82001HIG
R72 16802 0061,7760,27200,34960,5630,23550,29180,82001HIG
R72 16802 0062,3940,0,3940,2530,0,2530,82001HIG
R72 16802 0063,3880,0,3880,2480,0,2480,82001HIG
R72 16802 0064,3880,0,3880,2480,0,2480,82001HIG
R72 16802 0065,3880,0,3880,2480,0,2480,82001HIG
R72 16802 0066,7630,21890,29520,5500,15550,21050,82001HIG
R72 16802 0067,3880,0,3880,2480,0,2480,82001HIG
R72 16802 0068,4490,0,4490,4000,0,4000,83000HIG
R72 16802 0069,8830,20970,29800,8850,3020,11870,83000HIG
R72 16802 0070,4880,0,4880,4350,0,4350,83000HIG
R72 16802 0071,14010,0,14010,13940,0,13940,83000HIG
R72 16802 0072,10970,0,10970,11290,0,11290,83000HIG
R72 16802 0073,10420,0,10420,10400,0,10400,83000HIG
R72 16802 0074,22310,25350,47660,24170,18130,42300,83000HIG
R72 16802 0075,11430,0,11430,11490,0,11490,83000HIG
R72 16802 0076,4490,0,4490,4000,0,4000,83000HIG
R72 16802 0077,8910,18030,26940,9810,0,9810,83000HIG
R72 16802 0078,4490,0,4490,4000,0,4000,83000HIG
R72 16802 0079,4490,0,4490,4000,0,4000,83000HIG
R72 16802 0080,4490,0,4490,4000,0,4000,83000HIG
R72 16802 0081,4490,0,4490,4000,0,4000,83000HIG
R72 16802 0082,8910,26300,35210,8910,720,9630,83000HIG
R72 16802 0083,4490,0,4490,4000,0,4000,83000HIG
R72 16802 0084,8910,21920,30830,8910,2580,11490,83000HIG
R72 16802 0085,4490,0,4490,4000,0,4000,83000HIG
R72 16802 0086,4490,0,4490,4000,0,4000,83000HIG
R72 16802 0087,8910,0,8910,4440,0,4440,83000HIG
R72 16802 0088,4490,0,4490,4000,0,4000,83000HIG
R72 16802 0089,8910,23190,32100,8910,26360,35270,83000HIG
R72 16802 0090,4490,0,4490,4000,0,4000,83000HIG
R72 16802 0091,4490,0,4490,4000,0,4000,83000HIG
R72 16802 0092,4490,0,4490,4000,0,4000,83000HIG
R72 16802 0093,4360,0,4360,3900,0,3900,83000HIG
R72 16802 0094,4490,0,4490,4000,0,4000,83000HIG
R72 16802 0095,4490,0,4490,4000,0,4000,83000HIG
R72 16802 0096,8910,16390,25300,8910,5430,14340,83000HIG
R72 16802 0097,4490,0,4490,4000,0,4000,83000HIG
R72 16802 0098,8910,18640,27550,8910,910,9820,83000HIG
R72 16802 0099,4490,0,4490,4000,0,4000,83000HIG
R72 16802 0100,8910,45790,54700,8910,33590,42500,83000HIG
R72 16802 0101,4490,0,4490,4000,0,4000,83000HIG
R72 16802 0102,4490,0,4490,4000,0,4000,83000HIG
R72 16802 0103,4490,0,4490,4000,0,4000,83000HIG
R72 16802 0104,4490,0,4490,4000,0,4000,83000HIG
R72 16802 0105,4490,0,4490,4000,0,4000,83000HIG
R72 16802 0106,4490,0,4490,4000,0,4000,83000HIG
R72 16802 0107,4490,0,4490,4000,0,4000,83000HIG
R72 16802 0108,2990,0,2990,2920,0,2920,83000HIG
R72 16802 0109,4490,0,4490,4000,0,4000,83000HIG
R72 16802 0110,8910,10910,19820,8910,670,9580,83000HIG
R72 16802 0111,8910,13160,22070,4000,0,4000,83000HIG
R72 16802 0112,4490,0,4490,4000,0,4000,83000HIG
R72 16802 0113,4490,0,4490,4000,0,4000,83000HIG
R72 16802 0114,8910,7580,16490,4440,0,4440,83000HIG
R72 16802 0115,8910,0,8910,8910,0,8910,83000HIG
R72 16802 0116,8910,2790,11700,8910,0,8910,83000HIG
R72 16802 0117,4490,0,4490,4000,0,4000,83000HIG
R72 16802 0118,4490,0,4490,4000,0,4000,83000HIG
R72 16802 0122,4490,0,4490,4000,0,4000,83000HIG
R72 16802 0123,8910,28510,37420,8910,770,9680,83000HIG
R72 16802 0124,4490,0,4490,4000,0,4000,83000HIG
R72 16802 0125,4490,0,4490,4000,0,4000,83000HIG
R72 16802 0126,4490,0,4490,4000,0,4000,83000HIG
R72 16802 0127,7130,0,7130,7120,0,7120,83000HIG
R72 16802 0128,7130,0,7130,7120,0,7120,83000HIG
R72 16802 0129,4490,0,4490,4000,0,4000,83000HIG
R72 16802 0138,4490,0,4490,4000,0,4000,83000HIG
R72 16802 0139,4490,0,4490,4000,0,4000,83000HIG
R72 16802 0140,8910,31220,40130,4440,0,4440,83000HIG
R72 16802 0141,4490,0,4490,4000,0,4000,83000HIG
R72 16802 0142,4490,0,4490,4000,0,4000,83000HIG
R72 16802 0143,4490,0,4490,4000,0,4000,83000HIG
R72 16802 0144,8910,29640,38550,8910,15490,24400,83000HIG
R72 16802 0145,8910,11980,20890,8910,20670,29580,83000HIG
R72 16802 0146,8910,11680,20590,8910,8490,17400,83000HIG
R72 16802 0147,4490,0,4490,4000,0,4000,83000HIG
R72 16802 0148,4490,0,4490,4000,0,4000,83000HIG
R72 16802 0149,9180,4260,13440,9140,19050,28190,83000HIG
R72 16802 0150,4490,0,4490,4000,0,4000,83000HIG
R72 16802 0151,4490,0,4490,4000,0,4000,83000HIG
R72 16802 0152,4490,0,4490,4000,0,4000,83000HIG
R72 16802 0153,4490,0,4490,4000,0,4000,83000HIG
R72 16802 0154,4490,0,4490,4000,0,4000,83000HIG
R72 16802 0158,4490,0,4490,4000,0,4000,83000HIG
R72 16802 0159,8910,25620,34530,8910,11360,20270,83000HIG
R72 16802 0160,4490,0,4490,4000,0,4000,83000HIG
R72 16802 0161,8910,19450,28360,8910,10260,19170,83000HIG
R72 16802 0162,4490,0,4490,4000,0,4000,83000HIG
R72 16802 0163,4490,0,4490,4000,0,4000,83000HIG
R72 16802 0164,4490,0,4490,4000,0,4000,83000HIG
R72 16802 0165,4490,0,4490,4000,0,4000,83000HIG
R72 16802 0166,4490,0,4490,4000,0,4000,83000HIG
R72 16802 0167,4490,0,4490,4000,0,4000,83000HIG
R72 16802 0168,4490,0,4490,4000,0,4000,83000HIG
R72 16802 0169,4550,0,4550,3970,0,3970,83000HIG
R72 16802 0170,4650,0,4650,4610,0,4610,83000HIG
R72 16802 0171,4360,0,4360,3890,0,3890,83000HIG
R72 16802 0173,12480,23030,35510,12810,20270,33080,83000HIG
R72 16802 0174,15410,0,15410,14600,0,14600,83000HIG
R72 16802 0175,0,0,0,0,0,0,83000HIG
R72 16802 0176,4580,0,4580,4030,0,4030,83000HIG
R72 16802 0177,9790,26140,35930,9800,3410,13210,83000HIG
R72 16802 0178,3270,0,3270,3240,0,3240,83000HIG
R72 16802 0180,10180,21930,32110,10140,11220,21360,83000HIG
R72 16804 0001,9870,32240,42110,9860,35310,45170,82001MAD
R72 16804 0002,9620,32700,42320,9610,42860,52470,82001MAD
R72 16804 0003,9870,37590,47460,9860,38450,48310,82001MAD
R72 16804 0004,9370,31680,41050,9360,40270,49630,82001MAD
R72 16804 0005,9870,42570,52440,9860,57600,67460,82001MAD
R72 16804 0006,9370,33800,43170,9360,45230,54590,82001MAD
R72 16804 0007,9870,36360,46230,9860,43980,53840,82001MAD
R72 16804 0008,9370,31590,40960,9360,31580,40940,82001MAD
R72 16804 0009,9810,37240,47050,9800,50020,59820,82001MAD
R72 16804 0010,9370,33220,42590,9360,37670,47030,82001MAD
R72 16804 0011,9750,35550,45300,9730,41640,51370,82001MAD
R72 16804 0012,10130,41390,51520,10110,48370,58480,82001MAD
R72 16804 0013,12080,36460,48540,12040,46160,58200,82001MAD
R72 16804 0014,10330,32580,42910,10330,40220,50550,82001MAD
R72 16804 0015,9020,32640,41660,8980,39810,48790,82001MAD
R72 16804 0016,12490,35640,48130,12290,64440,76730,82001MAD
R72 16804 0017,10530,36960,47490,10400,32280,42680,82001MAD
R72 16804 0018,12180,33830,46010,13290,44030,57320,82001MAD
R72 16804 0019,11700,35550,47250,12190,41250,53440,82001MAD
R72 16804 0020,11230,36180,47410,11440,43330,54770,82001MAD
R72 16804 0021,11030,33170,44200,11150,37950,49100,82001MAD
R72 16804 0022,11070,34860,45930,11230,42360,53590,82001MAD
R72 16804 0023,10800,32660,43460,10820,37630,48450,82001MAD
R72 16804 0024,11100,38360,49460,11230,47640,58870,82001MAD
R72 16804 0025,11100,33940,45040,11270,41830,53100,82001MAD
R72 16804 0026,11200,45630,56830,11320,57580,68900,82001MAD
R72 16804 0027,10990,66740,77730,11080,55740,66820,82001MAD
R72 16805 0027,16720,36590,53310,18100,0,18100,82001MAD
R72 16805 0031,4690,0,4690,4120,0,4120,82001MAD
R72 16805 0032,4690,0,4690,4120,0,4120,82001MAD
R72 16805 0033,4690,0,4690,4120,0,4120,82001MAD
R72 16805 0034,4690,0,4690,4120,0,4120,82001MAD
R72 16805 0035,11700,56010,67710,12230,62090,74320,82001MAD
R72 16805 0036,11900,64100,76000,12850,91940,104790,82001MAD
R72 16805 0092,10910,30260,41170,10910,26700,37610,82001MAD
R72 16806 0001,9390,33390,42780,9380,45120,54500,82001MAD
R72 16806 0002,9980,38070,48050,9980,44710,54690,82001MAD
R72 16806 0003,10300,36510,46810,10320,34300,44620,82001MAD
R72 16806 0004,10300,32580,42880,10320,39400,49720,82001MAD
R72 16806 0005,12120,39200,51320,12180,47430,59610,82001MAD
R72 16806 0006,11760,42120,53880,11730,60400,72130,82001MAD
R72 16806 0007,10200,31650,41850,10190,39670,49860,82001MAD
R72 16806 0008,10300,28970,39270,10320,37040,47360,82001MAD
R72 16806 0009,9910,31970,41880,9920,42020,51940,82001MAD
R72 16806 0010,9390,32210,41600,9380,44110,53490,82001MAD
R72 16806 0011,11100,30210,41310,11100,37030,48130,82001MAD
R72 16806 0012,10070,33440,43510,10060,32520,42580,82001MAD
R72 16806 0013,10200,32670,42870,10190,38430,48620,82001MAD
R72 16806 0014,10700,31650,42350,10690,32750,43440,82001MAD
R72 16806 0015,11000,36210,47210,10000,49440,59440,82001MAD
R72 16806 0016,11000,34770,45770,10000,45270,55270,82001MAD
R72 16806 0017,10600,41650,52250,10640,55990,66630,82001MAD
R72 16806 0019,11120,32910,44030,11140,42070,53210,82001MAD
R72 16806 0020,11790,33990,45780,11790,43880,55670,82001MAD
R72 16806 0021,10490,39790,50280,10520,50810,61330,82001MAD
R72 16806 0022,10730,55910,66640,10620,94950,105570,82001MAD
R72 16806 0023,10140,56200,66340,10080,97120,107200,82001MAD
R72 16806 0024,10130,82970,93100,10110,91510,101620,82001MAD
R72 16806 0025,10130,56990,67120,10110,87970,98080,82001MAD
R72 16806 0026,5100,0,5100,4550,0,4550,82001MAD
R72 16806 0027,5040,0,5040,4490,0,4490,82001MAD
R72 16806 0037,11010,60920,71930,10980,99020,110000,82001MAD
R72 16806 0039,10110,79080,89190,10060,103590,113650,82001MAD
R72 16806 0040,11590,55020,66610,11510,69130,80640,82001MAD
R72 16806 0041,11640,47720,59360,11660,90060,101720,82001MAD
R72 16806 0042,11000,75050,86050,10000,90390,100390,82001MAD
R72 16806 0043,10000,79140,89140,10000,94870,104870,82001MAD
R72 16806 0044,!,!,!
R72 16807 0001,4510,0,4510,3040,0,3040,82001HIG
R72 16807 0002,8910,23120,32030,6750,18690,25440,82001HIG
R72 16807 0003,8910,21980,30890,6750,18540,25290,82001HIG
R72 16807 0004,8910,23990,32900,6750,18620,25370,82001HIG
R72 16807 0005,8910,29640,38550,6750,28920,35670,82001HIG
R72 16807 0006,8910,23930,32840,6750,22360,29110,82001HIG
R72 16807 0007,8910,23810,32720,6750,19310,26060,82001HIG
R72 16807 0008,8910,25740,34650,6750,23330,30080,82001HIG
R72 16807 0009,12380,23170,35550,10130,18890,29020,82001HIG
R72 16807 0010,9260,23170,32430,7050,8400,15450,82001HIG
R72 16807 0011,8910,22570,31480,6750,20580,27330,82001HIG
R72 16807 0012,8910,26790,35700,6750,24480,31230,82001HIG
R72 16807 0013,8910,22570,31480,6750,20290,27040,82001HIG
R72 16807 0014,8910,29850,38760,6750,24800,31550,82001HIG
R72 16807 0015,8910,22960,31870,6750,20290,27040,82001HIG
R72 16807 0016,8910,28290,37200,6750,25500,32250,82001HIG
R72 16807 0017,8910,22570,31480,6750,22770,29520,82001HIG
R72 16807 0018,8910,23080,31990,6750,22070,28820,82001HIG
R72 16807 0019,8910,29000,37910,6750,33860,40610,82001HIG
R72 16807 0020,8910,34640,43550,6750,34090,40840,82001HIG
R72 16807 0021,8910,25690,34600,5070,0,5070,82001HIG
R72 16807 0022,8910,25970,34880,6750,25760,32510,82001HIG
R72 16807 0023,9000,34170,43170,6840,30690,37530,82001HIG
R72 16807 0024,9020,25330,34350,6840,25990,32830,82001HIG
R72 16807 0025,9260,25880,35140,7050,25910,32960,82001HIG
R72 16807 0026,8790,28330,37120,6690,25630,32320,82001HIG
R72 16807 0027,8660,24850,33510,6560,33030,39590,82001HIG
R72 16807 0028,9130,28610,37740,6910,29930,36840,82001HIG
R72 16807 0029,8620,23600,32220,6540,20010,26550,82001HIG
R72 16807 0030,10210,27790,38000,7970,22500,30470,82001HIG
R72 16807 0031,4940,0,4940,3440,0,3440,82001HIG
R72 16807 0032,5090,0,5090,3550,0,3550,82001HIG
R72 16807 0033,9140,25170,34310,6960,24670,31630,82001HIG
R72 16807 0034,8750,26040,34790,6590,27480,34070,82001HIG
R72 16808 0001,11520,30720,42240,11500,21160,32660,83000HIG
R72 16808 0002,10740,24800,35540,10770,20890,31660,83000HIG
R72 16808 0003,10780,32340,43120,10820,32470,43290,83000HIG
R72 16808 0004,10890,28450,39340,10910,22340,33250,83000HIG
R72 16808 0005,10980,27580,38560,11000,24960,35960,83000HIG
R72 16808 0006,10980,27990,38970,11000,17970,28970,83000HIG
R72 16808 0007,10980,10180,21160,11000,25970,36970,83000HIG
R72 16808 0008,10980,31060,42040,11000,25780,36780,83000HIG
R72 16808 0009,10980,30290,41270,11000,27870,38870,83000HIG
R72 16808 0010,12660,18350,31010,12530,24150,36680,83000HIG
R72 16808 0011,11190,26270,37460,11230,20250,31480,83000HIG
R72 16808 0012,10980,27990,38970,11050,24440,35490,83000HIG
R72 16808 0013,10980,31810,42790,11000,22050,33050,83000HIG
R72 16808 0014,10980,28760,39740,11000,20480,31480,83000HIG
R72 16808 0015,10980,30390,41370,11000,32030,43030,83000HIG
R72 16808 0016,10980,29770,40750,11000,25330,36330,83000HIG
R72 16808 0017,12070,35660,47730,11960,33530,45490,83000HIG
R72 16808 0018,11650,42270,53920,11500,32590,44090,83000HIG
R72 16808 0019,11940,28050,39990,11770,24090,35860,83000HIG
R72 16808 0020,10980,13590,24570,11000,23060,34060,83000HIG
R72 16808 0021,10980,29810,40790,11000,18690,29690,83000HIG
R72 16808 0022,10980,35140,46120,11000,25040,36040,83000HIG
R72 16808 0023,10980,29520,40500,11000,29900,40900,83000HIG
R72 16808 0024,10980,28850,39830,11000,23460,34460,83000HIG
R72 16808 0025,10980,31710,42690,11000,32330,43330,83000HIG
R72 16808 0026,12580,34820,47400,12520,19980,32500,83000HIG
R72 16808 0027,12280,30390,42670,11980,33150,45130,83000HIG
R72 16808 0028,11110,27990,39100,10930,20180,31110,83000HIG
R72 16808 0029,10710,28760,39470,10730,18860,29590,83000HIG
R72 16808 0030,10710,20820,31530,10730,25130,35860,83000HIG
R72 16808 0031,10710,20170,30880,10730,23160,33890,83000HIG
R72 16808 0032,10710,29420,40130,10730,23580,34310,83000HIG
R72 16808 0033,10710,28230,38940,10730,3480,14210,83000HIG
R72 16808 0034,10820,8800,19620,10820,20180,31000,83000HIG
R72 16808 0035,11280,24990,36270,11040,19310,30350,83000HIG
R72 16808 0036,11000,25250,36250,10780,9620,20400,83000HIG
R72 16808 0037,13070,39080,52150,12830,36840,49670,83000HIG
R72 16808 0038,10710,28740,39450,10730,21770,32500,83000HIG
R72 16808 0039,10710,19410,30120,10730,20180,30910,83000HIG
R72 16808 0040,10710,26450,37160,10730,22760,33490,83000HIG
R72 16808 0041,10710,19290,30000,10730,20560,31290,83000HIG
R72 16808 0042,13060,28660,41720,12700,18510,31210,83000HIG
R72 16808 0043,10990,29740,40730,10760,29110,39870,83000HIG
R72 16808 0044,11000,28530,39530,11000,18510,29510,83000HIG
R72 16808 0045,10710,28070,38780,10730,26200,36930,83000HIG
R72 16808 0046,10710,27990,38700,10730,20180,30910,83000HIG
R72 16808 0047,10710,36040,46750,10730,35500,46230,83000HIG
R72 16808 0048,10710,25670,36380,10730,25110,35840,83000HIG
R72 16808 0049,10710,28180,38890,10730,18790,29520,83000HIG
R72 16808 0050,10710,31600,42310,10730,9740,20470,83000HIG
R72 16808 0051,10710,30060,40770,10730,27020,37750,83000HIG
R72 16808 0052,10710,25770,36480,10730,23280,34010,83000HIG
R72 16808 0053,10710,27150,37860,10730,24810,35540,83000HIG
R72 16808 0054,10710,27230,37940,10730,21660,32390,83000HIG
R72 16808 0055,10710,37870,48580,10730,29950,40680,83000HIG
R72 16808 0056,10710,14490,25200,10730,23310,34040,83000HIG
R72 16808 0057,10710,32030,42740,10730,10080,20810,83000HIG
R72 16808 0058,10710,28160,38870,10730,25190,35920,83000HIG
R72 16808 0059,10710,28090,38800,10730,25550,36280,83000HIG
R72 16808 0060,10710,28640,39350,10690,25650,36340,83000HIG
R72 16808 0061,10710,28180,38890,10690,22050,32740,83000HIG
R72 16808 0062,10710,29030,39740,10690,29740,40430,83000HIG
R72 16808 0063,10710,26460,37170,10690,22760,33450,83000HIG
R72 16808 0064,10710,28060,38770,10690,20410,31100,83000HIG
R72 16808 0065,10620,29690,40310,10600,26810,37410,83000HIG
R72 16809 0001,9110,26610,35720,6940,30380,37320,82001HIG
R72 16809 0002,9110,27880,36990,6940,26350,33290,82001HIG
R72 16809 0003,9110,29730,38840,6940,21090,28030,82001HIG
R72 16809 0004,9040,17810,26850,6880,16220,23100,82001HIG
R72 16809 0005,9300,21970,31270,7160,18040,25200,82001HIG
R72 16809 0006,9850,25060,34910,7620,24870,32490,82001HIG
R72 16809 0007,9600,24100,33700,7390,22160,29550,82001HIG
R72 16809 0009,11000,29900,40900,8920,9400,18320,82001HIG
R72 16809 0010,11760,19610,31370,9730,19720,29450,82001HIG
R72 16809 0011,9040,26630,35670,6880,24370,31250,82001HIG
R72 16809 0013,10130,30870,41000,7930,23190,31120,82001HIG
R72 16809 0015,8910,23010,31920,6750,17270,24020,82001HIG
R72 16809 0016,8910,27500,36410,6750,31600,38350,82001HIG
R72 16809 0017,8910,35360,44270,6750,32610,39360,82001HIG
R72 16809 0018,10430,23030,33460,8250,18240,26490,82001HIG
R72 16809 0021,9970,25990,35960,7760,24140,31900,82001HIG
R72 16809 0022,8870,25340,34210,6710,26950,33660,82001HIG
R72 16810 0001,9000,23730,32730,6840,23270,30110,82001HIG
R72 16810 0002,9180,34270,43450,6960,36530,43490,82001HIG
R72 16810 0003,10170,22930,33100,8000,11440,19440,82001HIG
R72 16810 0004,10820,25910,36730,8920,19280,28200,82001HIG
R72 16810 0005,10890,28680,39570,9040,24780,33820,82001HIG
R72 16810 0006,10820,29720,40540,8950,26900,35850,82001HIG
R72 16810 0007,8910,25470,34380,6750,22300,29050,82001HIG
R72 16810 0008,10230,8440,18670,8250,8730,16980,82001HIG
R72 16810 0009,10230,33130,43360,8250,28810,37060,82001HIG
R72 16810 0011,10150,34180,44330,8160,37170,45330,82001HIG
R72 16810 0012,10670,22620,33290,8780,20620,29400,82001HIG
R72 16810 0013,10670,26370,37040,8780,22740,31520,82001HIG
R72 16810 0014,10670,23700,34370,8780,20220,29000,82001HIG
R72 16810 0015,10230,31270,41500,8250,31310,39560,82001HIG
R72 16810 0016,10140,23000,33140,7900,16240,24140,82001HIG
R72 16811 0001,12760,58020,70780,12830,69870,82700,82001MAD
R72 16811 0002,11710,55380,67090,11750,71050,82800,82001MAD
R72 16811 0003,11710,53970,65680,11750,70920,82670,82001MAD
R72 16811 0004,11710,40860,52570,11750,49330,61080,82001MAD
R72 16811 0005,12760,63540,76300,12830,79050,91880,82001MAD
R72 16811 0006,12160,54780,66940,12270,65590,77860,82001MAD
R72 16811 0007,12160,44580,56740,12270,50390,62660,82001MAD
R72 16811 0008,12160,45790,57950,12270,52950,65220,82001MAD
R72 16811 0009,12160,43490,55650,12270,56130,68400,82001MAD
R72 16811 0010,12160,48990,61150,12270,68700,80970,82001MAD
R72 16811 0011,5460,0,5460,4880,0,4880,82001MAD
R72 16811 0014,5460,0,5460,4880,0,4880,82001MAD
R72 16811 0015,5460,0,5460,4880,0,4880,82001MAD
R72 16811 0016,11000,44300,55300,10000,56360,66360,82001MAD
R72 16811 0017,11000,45360,56360,10000,67770,77770,82001MAD
R72 16811 0018,11000,44640,55640,10000,48840,58840,82001MAD
R72 16811 0019,11060,46840,57900,11080,67750,78830,82001MAD
R72 16811 0020,12040,56580,68620,12090,89830,101920,82001MAD
R72 16811 0021,12000,50580,62580,12010,64440,76450,82001MAD
R72 16811 0022,10700,45370,56070,10610,63980,74590,82001MAD
R72 16811 0024,10700,52210,62910,10610,80070,90680,82001MAD
R72 16811 0028,10000,44700,54700,10000,62360,72360,82001MAD
R72 16812 0001,11890,51700,63590,11910,54670,66580,82001MAD
R72 16812 0002,10810,41300,52110,10660,62780,73440,82001MAD
R72 16812 0003,11890,0,11890,11670,77220,88890,82001MAD
R72 16812 0005,11890,40500,52390,11730,60160,71890,82001MAD
R72 16812 0006,11890,60890,72780,11730,38310,50040,82001MAD
R72 16812 0007,10700,0,10700,10610,99600,110210,82001MAD
R72 16812 0008,11320,56360,67680,10970,75390,86360,82001MAD
R72 16812 0009,11590,60240,71830,11680,112000,123680,82001MAD
R72 16812 0011,10000,55120,65120,10000,56180,66180,82001MAD
R72 16812 0012,11000,49310,60310,10000,57340,67340,82001MAD
R72 16812 0013,5500,0,5500,5000,0,5000,82001MAD
R72 16812 0014,10840,41880,52720,10840,62280,73120,82001MAD
R72 16812 0016,11870,61780,73650,11880,61280,73160,82001MAD
R72 16812 0017,12770,54610,67380,12790,117400,130190,82001MAD
R72 16812 0018,14070,48790,62860,14310,63680,77990,82001MAD
R72 16812 0019,13520,47710,61230,13730,57740,71470,82001MAD
R72 16812 0020,12430,49240,61670,12560,63960,76520,82001MAD
R72 16812 0021,6250,0,6250,5650,0,5650,82001MAD
R72 16812 0022,12430,94470,106900,12560,101570,114130,82001MAD
R72 16812 0023,6250,0,6250,5650,0,5650,82001MAD
R72 16813 0001,9940,42810,52750,9930,36540,46470,82001MAD
R72 16813 0002,10470,41860,52330,10430,52920,63350,82001MAD
R72 16813 0003,10260,41030,51290,10260,54120,64380,82001MAD
R72 16813 0006,10500,45550,56050,10480,39330,49810,82001MAD
R72 16813 0007,10690,39410,50100,10680,46920,57600,82001MAD
R72 16813 0008,10790,39300,50090,10800,49190,59990,82001MAD
R72 16813 0009,10580,40720,51300,10570,48060,58630,82001MAD
R72 16813 0010,10900,44940,55840,10980,45090,56070,82001MAD
R72 16813 0011,10200,43230,53430,10200,48640,58840,82001MAD
R72 16813 0012,400,0,400,400,0,400,82001MAD
R72 16813 0013,9550,39120,48670,9520,50570,60090,82001MAD
R72 16813 0014,10140,40510,50650,10130,44280,54410,82001MAD
R72 16813 0015,9740,30350,40090,9720,43650,53370,82001MAD
R72 16813 0016,10270,33480,43750,10260,40170,50430,82001MAD
R72 16813 0018,10140,40600,50740,10130,42490,52620,82001MAD
R72 16813 0019,9740,35240,44980,9720,46000,55720,82001MAD
R72 16813 0020,10070,40170,50240,10060,45660,55720,82001MAD
R72 16813 0021,10070,42930,53000,10060,59040,69100,82001MAD
R72 16813 0022,10070,41580,51650,10060,51830,61890,82001MAD
R72 16813 0023,10270,40510,50780,10260,51420,61680,82001MAD
R72 16813 0024,9750,39080,48830,9730,45660,55390,82001MAD
R72 16813 0025,9690,39660,49350,9670,45880,55550,82001MAD
R72 16813 0026,9500,37750,47250,9450,49630,59080,82001MAD
R72 16813 0027,9690,42340,52030,9630,46070,55700,82001MAD
R72 16813 0028,9750,45240,54990,9730,53940,63670,82001MAD
R72 16813 0029,9750,42050,51800,9690,43590,53280,82001MAD
R72 16813 0031,9750,43660,53410,9690,58410,68100,82001MAD
R72 16813 0032,9690,35890,45580,9630,46980,56610,82001MAD
R72 16813 0033,9370,35880,45250,9320,43320,52640,82001MAD
R72 16813 0034,10060,42160,52220,10000,46360,56360,82001MAD
R72 16813 0035,9560,40020,49580,9510,54140,63650,82001MAD
R72 16813 0036,9620,34880,44500,9570,40410,49980,82001MAD
R72 16813 0037,9750,44880,54630,9690,41140,50830,82001MAD
R72 16813 0039,9680,45270,54950,9660,58200,67860,82001MAD
R72 16813 0043,9810,45130,54940,9800,57240,67040,82001MAD
R72 16813 0045,12060,46530,58590,12130,67530,79660,82001MAD
R72 16814 0001,10400,55060,65460,10400,75410,85810,82001MAD
R72 16814 0002,10270,47750,58020,10260,43590,53850,82001MAD
R72 16814 0003,10270,44720,54990,10260,59200,69460,82001MAD
R72 16814 0004,10270,47920,58190,10260,59010,69270,82001MAD
R72 16814 0005,10270,47330,57600,10260,58570,68830,82001MAD
R72 16814 0006,10270,58280,68550,10260,66960,77220,82001MAD
R72 16814 0007,10270,47120,57390,10260,56160,66420,82001MAD
R72 16814 0008,10330,47120,57450,10330,56250,66580,82001MAD
R72 16814 0010,10400,46830,57230,10400,62030,72430,82001MAD
R72 16814 0011,10270,47170,57440,10260,54070,64330,82001MAD
R72 16814 0013,9750,44760,54510,9730,46790,56520,82001MAD
R72 16814 0014,9750,44060,53810,9730,44020,53750,82001MAD
R72 16814 0015,9750,45990,55740,9730,43020,52750,82001MAD
R72 16814 0016,9690,43910,53600,9670,46670,56340,82001MAD
R72 16814 0017,10200,46820,57020,10200,51440,61640,82001MAD
R72 16816 0001,5200,0,5200,4610,0,4610,82001MAD
R72 16816 0002,10630,44940,55570,10560,94430,104990,82001MAD
R72 16816 0003,10690,61500,72190,10620,102930,113550,82001MAD
R72 16816 0004,5140,0,5140,4590,0,4590,82001MAD
R72 16816 0005,9900,81510,91410,9900,86910,96810,82001MAD
R72 16816 0007,11140,69320,80460,11260,74760,86020,82001MAD
R72 16816 0008,11120,69420,80540,11100,67690,78790,82001MAD
R72 16816 0014,10910,59660,70570,10910,71430,82340,82001MAD
R72 16816 0019,10130,90050,100180,10150,102020,112170,82001MAD
R72 16817 0001,10800,50330,61130,10820,56490,67310,82001MAD
R72 16817 0002,10940,45790,56730,10960,50510,61470,82001MAD
R72 16817 0003,10120,44160,54280,10090,47820,57910,82001MAD
R72 16817 0004,10800,45880,56680,10770,45590,56360,82001MAD
R72 16817 0005,10660,51530,62190,10670,58170,68840,82001MAD
R72 16817 0006,10800,44950,55750,10820,43990,54810,82001MAD
R72 16817 0007,10120,44890,55010,10090,44680,54770,82001MAD
R72 16817 0008,10620,45090,55710,10650,43100,53750,82001MAD
R72 16817 0009,7080,0,7080,6470,0,6470,82001MAD
R72 16817 0010,5750,0,5750,5240,0,5240,82001MAD
R72 16817 0014,5440,0,5440,4870,0,4870,82001MAD
R72 16817 0015,11480,109350,120830,11540,155330,166870,82001MAD
R72 16902 0015,10000,58350,68350,10000,63200,73200,82001MAD
R72 16902 0020,10000,40640,50640,10000,25870,35870,82001MAD
R72 16902 0033,1500,0,1500,1770,0,1770,83000STO
R72 16902 0034,12000,61940,73940,9600,63920,73520,83000STO
R72 16902 0036,12000,27700,39700,9600,23930,33530,83000STO
R72 16902 0037,12000,67430,79430,9600,62230,71830,83000STO
R72 16902 0038,12000,60970,72970,9600,89910,99510,83000STO
R72 16902 0039,9600,0,9600,3200,0,3200,83000STO
R72 16902 0040,9600,0,9600,7680,0,7680,83000STO
R72 16902 0041,12000,29860,41860,9600,16540,26140,83000STO
R72 16902 0042,12000,35680,47680,9600,33760,43360,83000STO
R72 16902 0043,12000,64620,76620,9600,81970,91570,83000STO
R72 16902 0044,9600,0,9600,7680,0,7680,83000STO
R72 16902 0061,12000,64480,76480,9600,84860,94460,83000STO
R72 16902 0062,12000,48290,60290,9600,100190,109790,83000STO
R72 16902 0063,12000,48430,60430,9600,35570,45170,83000STO
R72 16902 0066,12000,82820,94820,9600,92670,102270,83000STO
R72 16902 0069,12000,66560,78560,9600,59800,69400,83000STO
R72 16902 0074,1500,0,1500,1770,0,1770,83000STO
R72 16902 0075,16170,0,16170,19400,0,19400,83000STO
R72 16905 0002,49380,50580,99960,49380,39610,88990,82001HIG
R72 16905 0003,10000,0,10000,10000,0,10000,82001HIG
R72 16905 0004,10000,45890,55890,10000,42000,52000,82001HIG
R72 16905 0026,10000,79530,89530,10000,70110,80110,82001HIG
R72 16906 0001,10500,0,10500,12600,0,12600,83000STO
R72 16906 0010,5840,0,5840,4670,0,4670,83000GER
R72 16906 0011,15600,0,15600,12480,0,12480,83000GER
R72 16906 0018,10310,0,10310,12370,0,12370,83000STO
R72 16907 0002,28520,0,28520,34220,0,34220,83000STO
R72 16907 0003,10750,0,10750,12900,0,12900,83000STO
R72 16907 0005,10190,0,10190,12220,0,12220,83000STO
R72 16907 0006,36520,0,36520,43820,0,43820,83000STO
R72 16907 0007,30660,33810,64470,36790,33780,70570,83000STO
R72 16907 0008,18060,0,18060,8290,0,8290,83000STO
R72 16907 0009,4800,0,4800,7680,0,7680,83000STO
R72 16907 0010,12000,24540,36540,0,0,0,83000STO
R72 16907 0011,9600,0,9600,7680,0,7680,83000STO
R72 16907 0012,4800,0,4800,7680,0,7680,83000STO
R72 16907 0013,9600,0,9600,7680,0,7680,83000STO
R72 16907 0014,12140,0,12140,14570,0,14570,83000STO
R72 16907 0015,4800,0,4800,7680,0,7680,83000STO
R72 16907 0016,4800,0,4800,7680,0,7680,83000STO
R72 16907 0017,12000,33840,45840,9600,28660,38260,83000STO
R72 16907 0018,19010,0,19010,22810,0,22810,83000STO
R72 16907 0019,8990,0,8990,10790,0,10790,83000STO
R72 16907 0020,8990,0,8990,10790,0,10790,83000STO
R72 16907 0022,9600,24510,34110,7680,21470,29150,83000STO
R72 16907 0023,12000,26620,38620,9600,32490,42090,83000STO
R72 16907 0024,12000,34460,46460,9600,32840,42440,83000STO
R72 16907 0027,32560,44750,77310,39080,32110,71190,83000STO
R72 16907 0029,9430,2800,12230,30680,18520,49200,83000STO
R72 16907 0033,15230,49200,64430,18280,53990,72270,83000STO
R72 16907 0040,9600,0,9600,7680,0,7680,83000STO
R72 16907 0043,28270,0,28270,33920,0,33920,83000STO
R72 16907 0044,23000,0,23000,27600,0,27600,83000STO
R72 16907 0045,52330,157790,210120,62790,242650,305440,83000STO
R72 16907 0046,16230,0,16230,19480,0,19480,83000STO
R72 16907 0047,75390,151450,226840,90470,139900,230370,83000STO
R72 16907 0048,12000,120330,132330,9600,154640,164240,83000STO
R72 16907 0049,16230,0,16230,19480,0,19480,83000STO
R72 16907 0050,10120,0,10120,12150,0,12150,83000STO
R72 16907 0051,88690,142150,230840,106430,175060,281490,83000STO
R72 16907 0052,35320,0,35320,42390,0,42390,83000STO
R72 16907 0053,52430,67370,119800,62920,72610,135530,83000STO
R72 16907 0054,70280,0,70280,67540,0,67540,83000STO
R72 16907 0055,23100,0,23100,27720,0,27720,83000STO
R72 16907 0056,80920,70070,150990,97100,52580,149680,83000STO
R72 16907 0057,36020,0,36020,43220,0,43220,83000STO
R72 16907 0058,41020,80060,121080,49220,125210,174430,83000STO
R72 16907 0063,76430,0,76430,91720,2930,94650,83000STO
R72 16907 0064,22230,20280,42510,26670,21270,47940,83000STO
R72 16908 0013,11760,0,11760,14110,0,14110,83000STO
R72 16908 0014,51380,31490,82870,61660,27070,88730,83000STO
R72 16908 0016,19040,0,19040,22850,0,22850,83000STO
R72 16908 0020,27440,18570,46010,32930,0,32930,83000STO
R72 16909 0027,33280,0,33280,39940,0,39940,83000STO
R72 16910 0001,12240,62990,75230,12280,58780,71060,83000FRL
R72 16910 0002,11610,52730,64340,11640,61980,73620,83000FRL
R72 16910 0003,11610,48950,60560,11640,46660,58300,83000FRL
R72 16910 0004,11380,58790,70170,11390,52460,63850,83000FRL
R72 16910 0005,11890,63140,75030,11860,61280,73140,83000FRL
R72 16910 0006,11490,63760,75250,11540,59350,70890,83000FRL
R72 16910 0007,11040,53690,64730,11030,38940,49970,83000FRL
R72 16910 0008,11040,57230,68270,11030,61030,72060,83000FRL
R72 16910 0009,11040,36530,47570,11030,34160,45190,83000FRL
R72 16910 0010,11980,64530,76510,11940,59800,71740,83000FRL
R72 16910 0011,11530,62340,73870,11490,111400,122890,83000FRL
R72 16910 0012,12000,51290,63290,12000,49260,61260,83000FRL
R72 16910 0013,13200,61380,74580,12000,52850,64850,83000FRL
R72 16910 0014,13200,50770,63970,12000,57090,69090,83000FRL
R72 16910 0015,13200,58750,71950,12000,68470,80470,83000FRL
R72 16910 0016,13200,57790,70990,12000,56990,68990,83000FRL
R72 16910 0017,13200,59400,72600,12000,57680,69680,83000FRL
R72 16910 0018,12000,53470,65470,12000,53110,65110,83000FRL
R72 16910 0019,11530,60730,72260,11490,54740,66230,83000FRL
R72 16910 0020,14740,51830,66570,14780,48400,63180,83000FRL
R72 16910 0021,13880,59190,73070,13970,54250,68220,83000FRL
R72 16910 0022,13660,63590,77250,15020,63020,78040,83000FRL
R72 16910 0023,13430,62780,76210,14610,58590,73200,83000FRL
R72 16910 0024,11610,58610,70220,11640,62130,73770,83000FRL
R72 16910 0025,11610,61220,72830,11640,57760,69400,83000FRL
R72 16910 0026,11790,55520,67310,11770,53290,65060,83000FRL
R72 16910 0027,12780,57110,69890,12870,48820,61690,83000FRL
R72 16910 0028,12960,54490,67450,13130,60590,73720,83000FRL
R72 16911 0001,12330,59450,71780,12430,70200,82630,83000FRL
R72 16911 0002,11610,61190,72800,11640,52820,64460,83000FRL
R72 16911 0003,11610,57850,69460,11640,67760,79400,83000FRL
R72 16911 0004,12060,57690,69750,12100,54800,66900,83000FRL
R72 16911 0005,10710,58300,69010,10730,49140,59870,83000FRL
R72 16911 0006,11610,55680,67290,11640,54440,66080,83000FRL
R72 16911 0007,11610,62720,74330,11640,57760,69400,83000FRL
R72 16911 0008,11610,67830,79440,11640,65790,77430,83000FRL
R72 16911 0009,12610,57100,69710,12480,52730,65210,83000FRL
R72 16911 0010,11610,61250,72860,11640,63230,74870,83000FRL
R72 16911 0011,11610,59890,71500,11640,58220,69860,83000FRL
R72 16911 0012,13400,64880,78280,13470,60870,74340,83000FRL
R72 16911 0013,13400,54790,68190,13470,53950,67420,83000FRL
R72 16911 0014,12680,53320,66000,12740,57290,70030,83000FRL
R72 16911 0015,14300,70390,84690,14380,57730,72110,83000FRL
R72 16911 0016,13400,58570,71970,13470,80090,93560,83000FRL
R72 16911 0017,12510,62720,75230,12560,60890,73450,83000FRL
R72 16911 0018,14300,64250,78550,14380,63730,78110,83000FRL
R72 16911 0019,12330,65080,77410,12370,61650,74020,83000FRL
R72 16911 0020,12330,56120,68450,12370,32360,44730,83000FRL
R72 16911 0021,12330,59520,71850,12370,57540,69910,83000FRL
R72 16911 0022,12330,49270,61600,12370,47300,59670,83000FRL
R72 16911 0023,12330,49270,61600,12370,47300,59670,83000FRL
R72 16911 0024,12950,55980,68930,13010,58550,71560,83000FRL
R72 16911 0025,11610,46080,57690,11640,49300,60940,83000FRL
R72 16911 0026,11610,62160,73770,11640,57910,69550,83000FRL
R72 16911 0027,4670,0,4670,4660,0,4660,83000FRL
R72 16911 0028,11880,58610,70490,11920,53800,65720,83000FRL
R72 16911 0029,11880,64080,75960,11920,59660,71580,83000FRL
R72 16911 0030,11880,60380,72260,11920,57870,69790,83000FRL
R72 16911 0031,11880,56890,68770,11920,54890,66810,83000FRL
R72 16911 0032,11880,61250,73130,11920,58390,70310,83000FRL
R72 16911 0033,11880,51520,63400,11920,58790,70710,83000FRL
R72 16911 0034,13220,51860,65080,13290,38980,52270,83000FRL
R72 16911 0035,11610,63240,74850,11640,55850,67490,83000FRL
R72 16911 0036,11610,58110,69720,11640,52410,64050,83000FRL
R72 16911 0037,13200,65190,78390,12000,57120,69120,83000FRL
R72 16911 0038,13200,57150,70350,12000,56110,68110,83000FRL
R72 16911 0039,13200,60610,73810,12000,52660,64660,83000FRL
R72 16911 0040,13200,46880,60080,12000,44560,56560,83000FRL
R72 16911 0041,13200,49750,62950,12000,45400,57400,83000FRL
R72 16911 0042,13200,61530,74730,12000,56950,68950,83000FRL
R72 16911 0043,12060,45880,57940,12150,28820,40970,83000FRL
R72 16911 0044,12060,46970,59030,12150,49460,61610,83000FRL
R72 16911 0045,12190,47940,60130,12140,47300,59440,83000FRL
R72 16911 0046,11610,61650,73260,11640,60950,72590,83000FRL
R72 16911 0047,11610,44070,55680,11640,34490,46130,83000FRL
R72 16916 0001,13230,53210,66440,13290,49160,62450,83000FRL
R72 16916 0002,11610,57580,69190,11580,54130,65710,83000FRL
R72 16916 0003,12190,48830,61020,12020,45020,57040,83000FRL
R72 16916 0004,10530,58550,69080,10490,53820,64310,83000FRL
R72 16916 0005,10710,59670,70380,10730,51160,61890,83000FRL
R72 16916 0006,11070,50520,61590,11100,46820,57920,83000FRL
R72 16916 0007,10710,54700,65410,10730,44220,54950,83000FRL
R72 16916 0008,10710,45800,56510,10730,36140,46870,83000FRL
R72 16916 0009,11070,55380,66450,11100,48700,59800,83000FRL
R72 16916 0010,10710,55720,66430,10730,48430,59160,83000FRL
R72 16916 0011,11070,60990,72060,11100,55800,66900,83000FRL
R72 16916 0012,10710,54360,65070,10730,45970,56700,83000FRL
R72 16916 0013,10710,60060,70770,10730,59030,69760,83000FRL
R72 16916 0014,11070,48890,59960,11100,49760,60860,83000FRL
R72 16916 0015,10710,45800,56510,10730,32340,43070,83000FRL
R72 16916 0016,10710,55800,66510,10730,52110,62840,83000FRL
R72 16916 0017,10310,59040,69350,10300,58350,68650,83000FRL
R72 16916 0018,11350,28000,39350,11280,1600,12880,83000FRL
R72 16916 0019,13400,54010,67410,13470,52670,66140,83000FRL
R72 16916 0020,14300,55270,69570,14380,56960,71340,83000FRL
R72 16916 0021,11070,50290,61360,11100,54850,65950,83000FRL
R72 16916 0022,11070,56470,67540,11100,52520,63620,83000FRL
R72 16916 0023,11070,52590,63660,11100,43500,54600,83000FRL
R72 16916 0024,11070,49940,61010,11100,52400,63500,83000FRL
R72 16916 0025,11070,48890,59960,11100,46220,57320,83000FRL
R72 16916 0026,11070,35870,46940,11100,27500,38600,83000FRL
R72 16916 0027,11070,46790,57860,11100,51740,62840,83000FRL
R72 16917 0001,11380,58890,70270,11390,51610,63000,83000FRL
R72 16917 0002,12060,63030,75090,12150,67150,79300,83000FRL
R72 16917 0003,11610,48860,60470,11640,52920,64560,83000FRL
R72 16917 0004,12510,59900,72410,12610,61720,74330,83000FRL
R72 16917 0005,14300,57390,71690,14450,60400,74850,83000FRL
R72 16917 0006,14300,46730,61030,14450,55590,70040,83000FRL
R72 16917 0007,14300,63220,77520,14450,62540,76990,83000FRL
R72 16917 0008,14300,61370,75670,14380,69120,83500,83000FRL
R72 16917 0009,14300,59120,73420,14450,58570,73020,83000FRL
R72 16917 0010,14350,85540,99890,14430,67010,81440,83000FRL
R72 16917 0011,14300,67600,81900,14380,59430,73810,83000FRL
R72 16918 0001,11610,59870,71480,11640,49570,61210,83000FRL
R72 16918 0002,11610,62120,73730,11640,59290,70930,83000FRL
R72 16918 0003,11610,62480,74090,11640,59290,70930,83000FRL
R72 16918 0004,11610,58530,70140,11640,56680,68320,83000FRL
R72 16918 0005,11610,55730,67340,11640,54960,66600,83000FRL
R72 16918 0006,11610,59950,71560,11640,56760,68400,83000FRL
R72 16918 0007,13310,47590,60900,14200,37860,52060,83000FRL
R72 16918 0008,11610,53880,65490,11640,53240,64880,83000FRL
R72 16918 0009,12060,55930,67990,12100,53870,65970,83000FRL
R72 16918 0010,10800,40860,51660,10820,41120,51940,83000FRL
R72 16918 0011,11390,59560,70950,11470,64950,76420,83000FRL
R72 16918 0012,11390,51820,63210,11470,51630,63100,83000FRL
R72 16918 0013,10910,61340,72250,10910,65910,76820,83000FRL
R72 16918 0014,10710,50620,61330,10730,51200,61930,83000FRL
R72 16918 0015,12000,56340,68340,12000,55400,67400,83000FRL
R72 16918 0016,13200,47730,60930,12000,48520,60520,83000FRL
R72 16918 0017,13200,50860,64060,12000,51800,63800,83000FRL
R72 16918 0018,13200,43680,56880,12000,46520,58520,83000FRL
R72 16918 0019,13200,62060,75260,12000,58420,70420,83000FRL
R72 16918 0020,12000,46870,58870,12000,44160,56160,83000FRL
R72 16918 0021,10810,49660,60470,10770,51980,62750,83000FRL
R72 16918 0022,12900,50220,63120,12680,50040,62720,83000FRL
R72 16918 0023,11110,54550,65660,11000,55580,66580,83000FRL
R72 16918 0024,10240,51330,61570,10160,46580,56740,83000FRL
R72 16918 0025,11150,50990,62140,11080,50050,61130,83000FRL
R72 16918 0026,11150,49730,60880,11130,49870,61000,83000FRL
R72 16918 0027,11150,58700,69850,11130,55260,66390,83000FRL
R72 16918 0028,13400,63160,76560,13470,59930,73400,83000FRL
R72 16918 0029,13400,69020,82420,13470,63670,77140,83000FRL
R72 16918 0030,14300,62720,77020,14380,68940,83320,83000FRL
R72 16918 0031,13400,62210,75610,13470,60140,73610,83000FRL
R72 16918 0032,13400,73380,86780,13470,66330,79800,83000FRL
R72 16918 0033,13580,66670,80250,13650,64360,78010,83000FRL
R72 16918 0034,14570,77220,91790,14650,67890,82540,83000FRL
R72 16918 0035,14300,61740,76040,14380,65450,79830,83000FRL
R72 16918 0036,14750,57120,71870,14840,65790,80630,83000FRL
R72 16918 0037,13120,49610,62730,13470,52550,66020,83000FRL
R72 16918 0038,11380,54540,65920,11390,53390,64780,83000FRL
R72 16918 0039,11610,57310,68920,11630,54270,65900,83000FRL
R72 16918 0040,12650,54290,66940,12650,36720,49370,83000FRL
R72 16918 0041,12510,57110,69620,12500,54070,66570,83000FRL
R72 16918 0042,11790,64650,76440,11830,59340,71170,83000FRL
R72 16918 0043,12060,61150,73210,12100,55930,68030,83000FRL
R72 16918 0044,12060,57210,69270,12100,72380,84480,83000FRL
R72 16918 0045,12420,52840,65260,12460,58350,70810,83000FRL
R72 16918 0046,12130,60810,72940,12190,56510,68700,83000FRL
R72 16918 0047,11700,54210,65910,11730,52840,64570,83000FRL
R72 16918 0048,13760,60610,74370,13830,54530,68360,83000FRL
R72 16918 0050,11610,53710,65320,11640,53390,65030,83000FRL
R72 16918 0051,13490,52180,65670,13560,48180,61740,83000FRL
R72 16918 0052,14300,57260,71560,14380,64680,79060,83000FRL
R72 16918 0053,11700,50760,62460,11730,48840,60570,83000FRL
R72 16918 0054,11900,50860,62760,11930,47060,58990,83000FRL
R72 16918 0055,12320,54750,67070,12450,105640,118090,83000FRL
R72 16918 0056,12490,73060,85550,13360,101280,114640,83000FRL
R72 16918 0057,12380,60450,72830,12520,56390,68910,83000FRL
R72 16918 0058,13260,47490,60750,13390,42510,55900,83000FRL
R72 16918 0059,10870,49170,60040,10730,53440,64170,83000FRL
R72 16918 0060,12090,61490,73580,11830,66840,78670,83000FRL
R72 16918 0061,11400,24340,35740,11400,42230,53630,83000FRL
R72 16918 0062,12000,60670,72670,12000,56590,68590,83000FRL
R72 16918 0063,13200,47570,60770,12000,49450,61450,83000FRL
R72 16918 0064,13200,53940,67140,12000,61770,73770,83000FRL
R72 16918 0065,13200,54840,68040,12000,61270,73270,83000FRL
R72 16918 0066,13200,56850,70050,12000,49850,61850,83000FRL
R72 16918 0067,12000,66450,78450,12000,55510,67510,83000FRL
R72 16918 0068,12650,46450,59100,12760,38010,50770,83000FRL
R72 16918 0069,23220,70980,94200,23340,85290,108630,83000FRL
R72 17002 0003,37720,0,37720,16840,0,16840,41000OND
R72 17002 0036,8500,14130,22630,2660,18590,21250,41000OND
R72 17002 0037,17920,11300,29220,1950,0,1950,41000OND
R72 17002 0038,240,0,240,80,0,80,41000OND
R72 17002 0039,6910,0,6910,230,0,230,41000OND
R72 17002 0041,1600,0,1600,500,0,500,41000OND
R72 17002 0045,80,0,80,30,0,30,41000OND
R72 17002 0048,240,0,240,80,0,80,41000OND
R72 17002 0049,240,0,240,80,0,80,41000OND
R72 17002 0050,240,0,240,80,0,80,41000OND
R72 17002 0051,240,0,240,80,0,80,41000OND
R72 17002 0052,18630,27620,46250,10700,44850,55550,41000OND
R72 17002 0054,16820,32100,48920,10210,48920,59130,41000OND
R72 17002 0055,4250,43120,47370,4390,43600,47990,4100REPA
R72 17002 0057,15120,24250,39370,8700,44180,52880,41000OND
R72 17002 0058,15310,15300,30610,8980,20410,29390,41000OND
R72 17002 0059,22870,27110,49980,14180,43980,58160,41000OND
R72 17002 0061,10160,0,10160,5990,0,5990,41000OND
R72 17002 0062,20180,39030,59210,11790,44650,56440,41000OND
R72 17002 0063,11610,0,11610,7410,0,7410,41000OND
R72 17002 0064,21220,22190,43410,12520,31370,43890,41000OND
R72 17002 0065,12220,0,12220,5030,0,5030,41000OND
R72 17002 0066,24760,0,24760,17100,0,17100,41000OND
R72 17006 0003,16400,46500,62900,12290,49000,61290,42000DEW
R72 17006 0004,16860,51490,68350,12800,51970,64770,42000DEW
R72 17006 0005,16860,73580,90440,12800,82800,95600,42000DEW
R72 17006 0006,500,0,500,380,0,380,42000DEW
R72 17006 0007,16000,45620,61620,12000,43910,55910,42000DEW
R72 17006 0008,16060,31050,47110,12120,31600,43720,42000DEW
R72 17006 0009,8370,0,8370,5700,0,5700,42000DEW
R72 17006 0010,17460,31990,49450,13590,29840,43430,42000DEW
R72 17006 0011,18220,40240,58460,14790,41300,56090,42000DEW
R72 17006 0012,15340,53600,68940,11560,50540,62100,42000DEW
R72 17006 0013,7780,0,7780,5260,0,5260,42000DEW
R72 17006 0014,16620,49470,66090,12580,56820,69400,42000DEW
R72 17006 0024,13100,32240,45340,9590,34150,43740,42000DEW
R72 17006 0025,13600,36410,50010,10000,32810,42810,42000DEW
R72 17006 0026,13600,32260,45860,10000,34620,44620,42000DEW
R72 17006 0027,13600,37320,50920,10000,32340,42340,42000DEW
R72 17006 0028,13600,18900,32500,10000,14860,24860,42000DEW
R72 17006 0029,13600,34550,48150,10000,36290,46290,42000DEW
R72 17006 0030,13600,41860,55460,10000,36190,46190,42000DEW
R72 17006 0031,13600,35120,48720,13350,17500,30850,42000DEW
R72 17006 0032,13600,45280,58880,10000,41500,51500,42000DEW
R72 17006 0033,13600,19430,33030,10000,29250,39250,42000DEW
R72 17006 0034,13600,36960,50560,10000,30040,40040,42000DEW
R72 17006 0035,13600,30880,44480,10000,26130,36130,42000DEW
R72 17006 0036,13600,34280,47880,10000,29080,39080,42000DEW
R72 17006 0037,13100,29340,42440,9690,24710,34400,42000DEW
R72 17006 0038,6950,1710,8660,5210,1910,7120,42000DEW
R72 17006 0039,13710,33970,47680,10160,44060,54220,42000DEW
R72 17006 0040,12740,33000,45740,9470,35010,44480,42000DEW
R72 17006 0041,12740,37530,50270,9470,40220,49690,42000DEW
R72 17006 0042,12740,33450,46190,9470,25220,34690,42000DEW
R72 17006 0043,12740,39630,52370,9470,42610,52080,42000DEW
R72 17006 0044,18400,59230,77630,14080,52680,66760,42000DEW
R72 17006 0046,18430,43620,62050,14480,43490,57970,42000DEW
R72 17006 0048,13680,36840,50520,10100,37680,47780,42000DEW
R72 17006 0049,6900,0,6900,4600,0,4600,42000DEW
R72 17006 0050,16000,58750,74750,12000,53310,65310,42000DEW
R72 17007 0002,15380,29160,44540,11620,25710,37330,42000DEW
R72 17007 0003,15510,28930,44440,11740,28530,40270,42000DEW
R72 17007 0004,15510,33870,49380,11740,34240,45980,42000DEW
R72 17007 0006,8070,0,8070,5490,0,5490,42000DEW
R72 17007 0007,16050,44030,60080,12270,41080,53350,42000DEW
R72 17007 0008,17800,55350,73150,14160,52310,66470,42000DEW
R72 17007 0009,18660,75930,94590,14020,34980,49000,42000DEW
R72 17007 0010,18530,51880,70410,14100,52180,66280,42000DEW
R72 17007 0011,18530,57000,75530,14140,53070,67210,42000DEW
R72 17007 0012,18530,41810,60340,14180,52440,66620,42000DEW
R72 17007 0013,18530,55210,73740,14220,68400,82620,42000DEW
R72 17007 0014,18030,41690,59720,13630,47780,61410,42000DEW
R72 17007 0015,16030,35320,51350,12060,31980,44040,42000DEW
R72 17007 0016,7940,0,7940,5380,0,5380,42000DEW
R72 17007 0017,20850,30210,51060,15850,35150,51000,42000DEW
R72 17007 0018,19910,40400,60310,15110,36090,51200,42000DEW
R72 17007 0021,18530,47060,65590,15200,54360,69560,42000DEW
R72 17007 0022,18530,55470,74000,14140,59180,73320,42000DEW
R72 17007 0023,18680,54510,73190,13860,59090,72950,42000DEW
R72 17007 0024,18680,43620,62300,14330,41330,55660,42000DEW
R72 17007 0025,18680,63920,82600,14490,54970,69460,42000DEW
R72 17007 0026,18680,42330,61010,14260,46540,60800,42000DEW
R72 17007 0028,13600,51790,65390,10000,40120,50120,42000DEW
R72 17007 0029,6850,0,6850,4550,0,4550,42000DEW
R72 17007 0030,13600,37000,50600,10000,31350,41350,42000DEW
R72 17007 0031,6790,0,6790,4500,0,4500,42000DEW
R72 17007 0032,14220,33420,47640,10540,32050,42590,42000DEW
R72 17007 0033,12840,32470,45310,9370,27730,37100,42000DEW
R72 17007 0034,13100,31420,44520,9590,27820,37410,42000DEW
R72 17007 0035,13350,35650,49000,9790,34140,43930,42000DEW
R72 17007 0036,14860,30420,45280,11220,27330,38550,42000DEW
R72 17007 0037,7680,0,7680,5270,0,5270,42000DEW
R72 17007 0038,15380,41380,56760,11850,58810,70660,42000DEW
R72 17008 0003,16860,34560,51420,12800,32360,45160,42000DEW
R72 17008 0008,14970,28760,43730,11210,26560,37770,42000DEW
R72 17008 0009,15730,29210,44940,11840,27830,39670,42000DEW
R72 17008 0010,15910,25760,41670,12080,32710,44790,42000DEW
R72 17008 0026,12400,0,12400,8660,0,8660,42000DEW
R72 17008 0027,17820,61440,79260,13500,49810,63310,42000DEW
R72 17009 0001,18680,58910,77590,13670,65670,79340,42000DEW
R72 17009 0002,23540,60680,84220,18280,63790,82070,42000DEW
R72 17009 0004,1920,0,1920,1440,0,1440,42000DEW
R72 17009 0005,7680,0,7680,5760,0,5760,42000DEW
R72 17009 0013,22810,49150,71960,16530,55140,71670,42000DEW
R72 17009 0015,3840,0,3840,2880,0,2880,42000DEW
R72 17009 0016,7680,0,7680,5760,0,5760,42000DEW
R72 17009 0017,6400,0,6400,4800,0,4800,42000DEW
R72 17009 0018,6400,0,6400,4800,0,4800,42000DEW
R72 17009 0019,18830,72480,91310,13960,65620,79580,42000DEW
R72 17009 0020,18830,64870,83700,13860,60740,74600,42000DEW
R72 17009 0021,9380,0,9380,6920,0,6920,42000DEW
R72 17009 0022,9380,0,9380,6940,0,6940,42000DEW
R72 17009 0023,9310,0,9310,7060,0,7060,42000DEW
R72 17009 0029,14970,29830,44800,11210,25000,36210,42000DEW
R72 17009 0035,150,0,150,40,0,40,42000DEW
R72 17018 0001,17060,36660,53720,9490,49870,59360,41000OND
R72 17018 0002,7050,0,7050,3530,0,3530,41000OND
R72 17018 0003,7050,0,7050,3530,0,3530,41000OND
R72 17018 0004,14100,31240,45340,7750,43900,51650,41000OND
R72 17018 0005,14100,30000,44100,7750,36060,43810,41000OND
R72 17018 0006,14100,37710,51810,7750,42630,50380,41000OND
R72 17018 0007,19740,37280,57020,11070,42130,53200,41000OND
R72 17018 0009,19740,30580,50320,11070,29780,40850,41000OND
R72 17018 0010,19740,37640,57380,11070,39310,50380,41000OND
R72 17018 0012,18330,36160,54490,10240,49200,59440,41000OND
R72 17018 0013,19740,24830,44570,11070,35790,46860,41000OND
R72 17018 0014,12690,3090,15780,6920,4070,10990,41000OND
R72 17018 0015,19040,27170,46210,10650,35200,45850,41000OND
R72 17018 0016,19040,37040,56080,10650,46060,56710,41000OND
R72 17018 0017,19740,29550,49290,11070,33600,44670,41000OND
R72 17018 0018,19740,24940,44680,11070,32510,43580,41000OND
R72 17018 0019,19740,30190,49930,11070,39740,50810,41000OND
R72 17018 0020,19740,37440,57180,11070,51700,62770,41000OND
R72 17018 0021,19740,24080,43820,11070,34860,45930,41000OND
R72 17018 0022,19740,27110,46850,11070,38430,49500,41000OND
R72 17018 0023,19740,31330,51070,11070,46170,57240,41000OND
R72 17018 0024,7050,0,7050,3530,0,3530,41000OND
R72 17018 0025,27030,29520,56550,15830,42370,58200,41000OND
R72 17018 0026,16650,36320,52970,9880,44020,53900,41000OND
R72 17018 0027,15450,33950,49400,8840,45590,54430,41000OND
R72 17018 0028,16360,36120,52480,9520,36530,46050,41000OND
R72 17018 0029,28230,3100,31330,15870,6990,22860,41000OND
R72 17018 0030,14700,28280,42980,8220,35550,43770,41000OND
R72 17018 0031,14400,24190,38590,7990,27630,35620,41000OND
R72 17018 0032,7200,0,7200,3620,0,3620,41000OND
R72 17018 0033,14400,24890,39290,7990,32490,40480,41000OND
R72 17018 0034,14260,31750,46010,7950,35900,43850,41000OND
R72 17018 0035,7280,0,7280,3680,0,3680,41000OND
R72 17018 0036,7200,0,7200,3660,0,3660,41000OND
R72 17018 0037,22560,32480,55040,12820,40860,53680,41000OND
R72 17018 0039,9520,0,9520,4720,0,4720,41000OND
R72 17018 0040,8270,0,8270,4380,0,4380,41000OND
R72 17018 0041,6790,0,6790,3460,0,3460,41000OND
R72 17018 0045,7800,0,7800,4050,0,4050,41000OND
R72 17018 0046,12550,43840,56390,6920,53400,60320,41000OND
R72 17018 0047,6500,0,6500,3290,0,3290,41000OND
R72 17018 0048,13860,23150,37010,7780,29250,37030,41000OND
R72 17018 0049,6460,0,6460,3260,0,3260,41000OND
R72 17018 0050,12920,36150,49070,7150,48290,55440,41000OND
R72 17018 0051,6400,0,6400,3240,0,3240,41000OND
R72 17018 0052,9280,0,9280,4960,0,4960,41000OND
R72 17018 0053,36230,31850,68080,22590,40380,62970,41000OND
R72 17018 0054,15450,26700,42150,8830,41100,49930,41000OND
R72 17103 0002,23490,35040,58530,18790,37930,56720,72002RES
R72 17103 0003,18900,0,18900,15120,0,15120,72002RES
R72 17103 0004,10800,0,10800,8640,0,8640,72002RES
R72 17103 0006,13430,0,13430,10750,0,10750,72002RES
R72 17103 0008,3710,0,3710,2970,0,2970,72002RES
R72 17103 0010,6590,0,6590,5270,0,5270,72002RES
R72 17103 0012,3830,0,3830,3070,0,3070,72002RES
R72 17103 0013,3830,0,3830,3070,0,3070,72002RES
R72 17103 0014,5010,0,5010,4010,0,4010,72002RES
R72 17103 0015,10190,0,10190,8150,0,8150,72002RES
R72 17103 0021,4160,0,4160,3330,0,3330,72002RES
R72 17103 0022,4160,0,4160,3330,0,3330,72002RES
R72 17103 0023,11230,26980,38210,8990,27040,36030,72002RES
R72 17103 0024,6220,0,6220,4980,0,4980,72002RES
R72 17103 0025,6390,0,6390,5110,0,5110,72002RES
R72 17103 0041,12960,51570,64530,10370,51110,61480,72002RES
R72 17103 0043,840,0,840,670,0,670,72002RES
R72 17104 0004,40230,26360,66590,49970,26820,76790,72002RES
R72 17104 0010,6910,0,6910,5530,0,5530,72002RES
R72 17104 0011,26730,14970,41700,21380,4820,26200,72002RES
R72 17104 0014,18000,51970,69970,14400,87500,101900,72002RES
R72 17104 0015,9490,0,9490,7590,0,7590,72002RES
R72 17104 0016,7900,7900,15800,14900,46600,61500,72002RES
R72 17104 0018,13500,21080,34580,10800,10850,21650,72002RES
R72 17104 0019,13230,23050,36280,10580,16750,27330,72002RES
R72 17104 0020,4730,0,4730,3780,0,3780,72002RES
R72 17104 0021,4160,0,4160,3330,0,3330,72002RES
R72 17104 0022,8260,57800,66060,6610,77910,84520,72002RES
R72 17104 0023,5820,0,5820,4650,0,4650,72002RES
R72 17104 0025,13100,40460,53560,10480,37300,47780,72002RES
R72 17104 0027,5250,0,5250,4200,0,4200,72002RES
R72 17104 0028,12620,0,12620,10100,0,10100,72002RES
R72 17104 0030,130,0,130,20,0,20,72002RES
R72 17104 0031,14620,41670,56290,11690,34770,46460,72002RES
R72 17104 0032,20790,32790,53580,16630,51160,67790,72002RES
R72 17105 0001,22480,0,22480,17980,0,17980,72002RES
R72 17105 0003,32900,0,32900,26320,0,26320,72002RES
R72 17105 0008,6390,0,6390,5110,0,5110,72002RES
R72 17105 0012,20880,0,20880,16710,8740,25450,72002RES
R72 17106 0001,29120,0,29120,26210,0,26210,72001RES
R72 17106 0007,!,!,!
R72 17106 0010,600,0,600,540,0,540,72001RES
R72 17106 0011,600,0,600,540,0,540,72001RES
R72 17107 0001,7060,32320,39380,6580,34700,41280,72001RES
R72 17107 0002,7060,37680,44740,6580,55690,62270,72001RES
R72 17107 0003,7060,44340,51400,6580,47270,53850,72001RES
R72 17107 0004,7060,31870,38930,6580,31400,37980,72001RES
R72 17107 0005,7060,43520,50580,6580,53170,59750,72001RES
R72 17107 0006,7430,42340,49770,6890,51090,57980,72001RES
R72 17107 0007,6440,35020,41460,6060,32230,38290,72001RES
R72 17107 0008,6440,40790,47230,6060,46280,52340,72001RES
R72 17107 0009,6440,40580,47020,6060,41370,47430,72001RES
R72 17107 0010,6440,42480,48920,6060,35500,41560,72001RES
R72 17107 0011,6440,32250,38690,6060,31800,37860,72001RES
R72 17107 0012,6440,37690,44130,6060,45070,51130,72001RES
R72 17107 0013,6440,35940,42380,6060,44690,50750,72001RES
R72 17107 0014,6440,41180,47620,6060,34190,40250,72001RES
R72 17107 0015,7420,40060,47480,6990,47980,54970,72001RES
R72 17107 0016,7350,43540,50890,7690,32550,40240,72001RES
R72 17107 0017,6660,38840,45500,5950,40140,46090,72001RES
R72 17107 0018,6920,31420,38340,6300,31810,38110,72001RES
R72 17107 0019,6390,38440,44830,6080,38360,44440,72001RES
R72 17107 0020,6390,37690,44080,6750,25300,32050,72001RES
R72 17107 0021,6390,43350,49740,6080,40580,46660,72001RES
R72 17107 0022,6390,41350,47740,6080,35310,41390,72001RES
R72 17107 0023,7210,51630,58840,6530,58870,65400,72001RES
R72 17107 0024,7440,43340,50780,6790,59140,65930,72001RES
R72 17107 0025,6390,40390,46780,6080,36930,43010,72001RES
R72 17107 0026,6390,39840,46230,6080,44400,50480,72001RES
R72 17108 0001,6440,35340,41780,6060,40170,46230,72001RES
R72 17108 0002,6440,41170,47610,6060,34130,40190,72001RES
R72 17108 0003,6440,41210,47650,6060,34290,40350,72001RES
R72 17108 0004,6440,39570,46010,6060,38890,44950,72001RES
R72 17108 0005,6440,34870,41310,6060,32170,38230,72001RES
R72 17108 0006,6510,40540,47050,6120,68790,74910,72001RES
R72 17108 0007,6390,37100,43490,6080,38120,44200,72001RES
R72 17108 0008,6390,41170,47560,6080,34130,40210,72001RES
R72 17108 0009,6390,37830,44220,6080,37150,43230,72001RES
R72 17108 0010,6390,38330,44720,6080,69940,76020,72001RES
R72 17108 0011,6390,35340,41730,6080,33150,39230,72001RES
R72 17108 0012,6390,41170,47560,6080,35060,41140,72001RES
R72 17108 0013,6390,36220,42610,6080,39990,46070,72001RES
R72 17108 0014,6390,36640,43030,6080,35900,41980,72001RES
R72 17108 0015,6390,36690,43080,6080,60630,66710,72001RES
R72 17108 0016,6390,37530,43920,6080,37120,43200,72001RES
R72 17108 0017,6390,43970,50360,6080,47710,53790,72001RES
R72 17108 0018,6390,38420,44810,6080,41720,47800,72001RES
R72 17108 0019,6390,38500,44890,6080,40010,46090,72001RES
R72 17108 0020,6390,37770,44160,6080,39120,45200,72001RES
R72 17108 0021,6390,50890,57280,6750,22190,28940,72001RES
R72 17108 0022,6390,51590,57980,6750,21410,28160,72001RES
R72 17108 0023,6390,40490,46880,6080,36370,42450,72001RES
R72 17108 0024,6390,40070,46460,6080,42190,48270,72001RES
R72 17108 0025,6390,39190,45580,6080,51530,57610,72001RES
R72 17108 0026,6390,45240,51630,6080,46220,52300,72001RES
R72 17108 0027,6390,42960,49350,6080,46360,52440,72001RES
R72 17109 0001,7140,38760,45900,6550,41290,47840,72001RES
R72 17109 0002,7440,56140,63580,6790,70730,77520,72001RES
R72 17109 0003,6770,45740,52510,6410,50900,57310,72001RES
R72 17109 0004,6770,38990,45760,6410,44550,50960,72001RES
R72 17109 0005,7630,43890,51520,7600,54250,61850,72001RES
R72 17109 0006,6770,36270,43040,6410,38100,44510,72001RES
R72 17109 0007,6770,41470,48240,6410,49680,56090,72001RES
R72 17109 0008,6770,39260,46030,6410,44080,50490,72001RES
R72 17109 0009,6770,36270,43040,6410,42590,49000,72001RES
R72 17109 0010,3390,0,3390,2900,0,2900,72001RES
R72 17109 0011,8760,42910,51670,7900,47190,55090,72001RES
R72 17109 0012,8870,43270,52140,8190,52750,60940,72001RES
R72 17109 0013,7290,38110,45400,7140,41820,48960,72001RES
R72 17109 0014,7140,38320,45460,7010,43200,50210,72001RES
R72 17109 0015,7070,39130,46200,6970,44460,51430,72001RES
R72 17109 0016,7070,39750,46820,6970,49060,56030,72001RES
R72 17109 0017,6570,53800,60370,6290,62900,69190,72001RES
R72 17109 0018,3390,0,3390,3220,4840,8060,72001RES
R72 17109 0019,3390,0,3390,2900,0,2900,72001RES
R72 17109 0020,6630,37320,43950,6230,40430,46660,72001RES
R72 17109 0021,8400,44270,52670,7610,54600,62210,72001RES
R72 17109 0022,6770,33580,40350,6410,32610,39020,72001RES
R72 17109 0023,6770,36510,43280,6410,41510,47920,72001RES
R72 17109 0024,3390,0,3390,2900,0,2900,72001RES
R72 17109 0025,6770,35020,41790,6410,43290,49700,72001RES
R72 17109 0026,6770,36110,42880,6410,36570,42980,72001RES
R72 17109 0027,6770,44840,51610,6410,50260,56670,72001RES
R72 17109 0028,6770,37650,44420,6410,43100,49510,72001RES
R72 17109 0029,7610,45050,52660,7180,50770,57950,72001RES
R72 17111 0022,7500,33400,40900,6750,30690,37440,72001RES
R72 17111 0023,8250,36350,44600,7430,30770,38200,72001RES
R72 17111 0024,8250,41340,49590,7430,37650,45080,72001RES
R72 17111 0025,8250,35260,43510,7430,29800,37230,72001RES
R72 17111 0026,8250,28810,37060,7430,30770,38200,72001RES
R72 17111 0027,8250,36330,44580,7430,31140,38570,72001RES
R72 17111 0028,7500,34110,41610,6750,32740,39490,72001RES
R72 17111 0029,7500,33590,41090,6750,29440,36190,72001RES
R72 17414 0001,9600,0,9600,7680,0,7680,83000STO
R72 17414 0002,9600,0,9600,7680,0,7680,83000STO
R72 17414 0003,9600,0,9600,7680,0,7680,83000STO
R72 17414 0004,9600,0,9600,7680,0,7680,83000STO
R72 17414 0005,9600,0,9600,7680,0,7680,83000STO
R72 17414 0006,9600,0,9600,7680,0,7680,83000STO
R72 17414 0007,9600,0,9600,7680,0,7680,83000STO
R72 17414 0008,9600,0,9600,7680,0,7680,83000STO
R72 17414 0009,9600,0,9600,7680,0,7680,83000STO
R72 17414 0010,9600,0,9600,7680,0,7680,83000STO
R72 17414 0011,9600,0,9600,7680,0,7680,83000STO
R72 17414 0012,9600,0,9600,7680,0,7680,83000STO
R72 17414 0013,4800,8790,13590,3840,6650,10490,83000STO
R72 17532 0001,0,0,0,0,0,0,84000STO
R72 17532 0002,6250,26370,32620,6250,36880,43130,84000STO
R72 17532 0003,6250,26240,32490,6250,36710,42960,84000STO
R72 17532 0004,6250,24740,30990,6250,34200,40450,84000STO
R72 17532 0005,6250,26240,32490,6250,36710,42960,84000STO
R72 17532 0006,6250,24740,30990,6250,34200,40450,84000STO
R72 17532 0007,6250,26370,32620,6250,36880,43130,84000STO
R72 17532 0008,6250,24740,30990,6250,34200,40450,84000STO
R72 17532 0009,6250,24740,30990,6250,34200,40450,84000STO
R72 17532 0010,6250,26370,32620,6250,36880,43130,84000STO
R72 17532 0011,6250,26240,32490,6250,36710,42960,84000STO
R72 17532 0012,6250,26370,32620,6250,36880,43130,84000STO
R72 17532 0013,6250,24740,30990,6250,34200,40450,84000STO
R72 17532 0014,6250,26240,32490,6250,36710,42960,84000STO
R72 17532 0015,6250,26370,32620,6250,36880,43130,84000STO
R72 17532 0016,6250,24740,30990,6250,34200,40450,84000STO
R72 17532 0017,6250,26370,32620,6250,36880,43130,84000STO
R72 17532 0018,6250,24740,30990,6250,34200,40450,84000STO
R72 17532 0019,6250,26240,32490,6250,33040,39290,84000STO
R72 17532 0020,6250,26240,32490,6250,33040,39290,84000STO
R72 17532 0021,6250,26370,32620,6250,36880,43130,84000STO
R72 17532 0022,6250,24740,30990,6250,34200,40450,84000STO
R72 17532 0023,6250,26240,32490,6250,36710,42960,84000STO
R72 17532 0024,0,0,0,0,0,0,84000STO
R72 17532 0025,6250,24740,30990,6250,34200,40450,84000STO
R72 17532 0026,6250,26240,32490,6250,36710,42960,84000STO
R72 17532 0027,6250,26370,32620,6250,36880,43130,84000STO
R72 17618 0001,8000,21240,29240,5600,16530,22130,33001EAH
R72 17618 0002,8000,36940,44940,5600,24170,29770,33001EAH
R72 17618 0003,8000,29520,37520,5600,21410,27010,33001EAH
R72 17618 0004,8000,21240,29240,5600,16530,22130,33001EAH
R72 17618 0005,8000,34080,42080,5600,24080,29680,33001EAH
R72 17618 0006,8000,14180,22180,5600,23830,29430,33001EAH
R72 17618 0007,8000,35390,43390,5600,16430,22030,33001EAH
R72 17618 0008,8000,13510,21510,5600,22690,28290,33001EAH
R72 17618 0009,8000,34980,42980,5600,24920,30520,33001EAH
R72 17618 0010,8000,20590,28590,5600,24050,29650,33001EAH
R72 17618 0011,8000,34810,42810,8000,28110,36110,33001EAH
R72 17618 0012,8000,36130,44130,8000,27390,35390,33001EAH
R72 17618 0013,8000,40380,48380,5600,25430,31030,33001EAH
R72 17618 0014,8000,14760,22760,5600,23350,28950,33001EAH
R72 17618 0015,8000,36390,44390,5600,23350,28950,33001EAH
R72 17618 0016,8000,34370,42370,5600,24560,30160,33001EAH
R72 17618 0017,8000,21190,29190,5600,16430,22030,33001EAH
R72 17618 0018,8000,34130,42130,4480,24440,28920,33001EAH
R72 17618 0019,8000,15610,23610,5600,25310,30910,33001EAH
R72 17618 0020,8000,31750,39750,5600,25310,30910,33001EAH
R72 17618 0021,8000,31750,39750,5600,18980,24580,33001EAH
R72 17618 0022,8000,30680,38680,5600,24440,30040,33001EAH
R72 17618 0023,8000,30840,38840,5600,24540,30140,33001EAH
R72 17618 0024,8000,34440,42440,5600,24540,30140,33001EAH
R72 17618 0025,8000,34440,42440,5600,24540,30140,33001EAH
R72 17618 0026,8000,13570,21570,5600,14400,20000,33001EAH
R72 17618 0027,8000,35070,43070,5600,25310,30910,33001EAH
R72 17618 0028,8000,34130,42130,5600,24440,30040,33001EAH
R72 17618 0029,8000,35070,43070,5600,25310,30910,33001EAH
R72 17618 0030,8000,31750,39750,5600,25310,30910,33001EAH
R72 17618 0031,8000,12950,20950,5600,23090,28690,33001EAH
R72 17618 0032,8000,30840,38840,5600,15930,21530,33001EAH
R72 17618 0033,8000,13810,21810,5600,23000,28600,33001EAH
R72 17618 0034,8000,24830,32830,5600,25310,30910,33001EAH
R72 17618 0035,8000,31750,39750,5600,25310,30910,33001EAH
R72 17618 0036,8000,35070,43070,5600,25310,30910,33001EAH
R72 17618 0037,8000,35070,43070,5600,14400,20000,33001EAH
R72 17618 0038,8000,35070,43070,5600,25310,30910,33001EAH
R72 17618 0039,4340,0,4340,3030,0,3030,33001EAH
R72 17706 0001,10000,16790,26790,8000,22410,30410,72002LIT
R72 17706 0002,10000,19980,29980,8000,26680,34680,72002LIT
R72 17706 0003,10000,20850,30850,8000,28490,36490,72002LIT
R72 17706 0004,10000,16790,26790,8000,22410,30410,72002LIT
R72 17706 0005,10000,23200,33200,8000,29830,37830,72002LIT
R72 17706 0006,10000,16620,26620,8000,37100,45100,72002LIT
R72 17706 0007,10000,13980,23980,8000,23370,31370,72002LIT
R72 17706 0008,10000,20260,30260,8000,23450,31450,72002LIT
R72 17706 0009,10000,21120,31120,8000,24200,32200,72002LIT
R72 17706 0010,10000,19100,29100,8000,27420,35420,72002LIT
R72 17706 0011,10000,19370,29370,8000,21890,29890,72002LIT
R72 17706 0012,10000,18220,28220,8000,25380,33380,72002LIT
R72 17706 0013,10000,16960,26960,8000,26320,34320,72002LIT
R72 17706 0014,10000,19020,29020,8000,22320,30320,72002LIT
R72 17706 0015,10000,19820,29820,8000,23400,31400,72002LIT
R72 17706 0016,10000,2820,12820,6400,0,6400,72002LIT
R72 17706 0017,10000,16830,26830,8000,22660,30660,72002LIT
R72 17706 0018,10000,18220,28220,8000,25380,33380,72002LIT
R72 17706 0019,10000,18220,28220,8000,21150,29150,72002LIT
R72 17706 0020,10000,18900,28900,8000,26320,34320,72002LIT
R72 17706 0021,8000,0,8000,6400,0,6400,72002LIT
R72 17706 0022,10000,3420,13420,8000,7460,15460,72002LIT
R72 17706 0023,10000,16830,26830,8000,18880,26880,72002LIT
R72 17706 0024,10000,20120,30120,8000,26770,34770,72002LIT
R72 17706 0025,10000,19300,29300,8000,26950,34950,72002LIT
R72 17706 0026,10000,20970,30970,8000,29100,37100,72002LIT
R72 17706 0027,10000,15140,25140,8000,26760,34760,72002LIT
R72 17706 0028,10000,19600,29600,6400,0,6400,72002LIT
R72 17706 0029,10000,4900,14900,8000,37810,45810,72002LIT
R72 17706 0030,10000,20690,30690,8000,28630,36630,72002LIT
R72 17712 0002,930,0,930,4150,0,4150,4100REPA
R72 17722 0001,40000,91680,131680,40000,187880,227880,62011NOH
R72 17722 0002,40000,73180,113180,40000,106290,146290,62011NOH
R72 17722 0006,40000,139290,179290,40000,126350,166350,62011NOH
R72 17722 0007,40000,191440,231440,40000,222090,262090,62011NOH
R72 17722 0008,44000,80270,124270,40000,142210,182210,62011NOH
R72 17722 0009,32000,0,32000,40000,0,40000,62011NOH
R72 17722 0010,32000,0,32000,40000,0,40000,62011NOH
R72 17722 0011,40000,124650,164650,40000,132390,172390,62011NOH
R72 17722 0012,40000,157850,197850,40000,188830,228830,62011NOH
R72 17722 0013,40000,116460,156460,40000,234490,274490,62011NOH
R72 17723 0001,32000,0,32000,40000,0,40000,62011NOH
R72 17723 0002,40000,80040,120040,40000,139580,179580,62011NOH
R72 17723 0003,40000,90130,130130,40000,164280,204280,62011NOH
R72 17723 0004,40000,235390,275390,40000,190070,230070,62011NOH
R72 17723 0005,32000,0,32000,40000,0,40000,62011NOH
R72 17723 0006,32000,0,32000,40000,0,40000,62011NOH
R72 17723 0007,40000,128210,168210,40000,139250,179250,62011NOH
R72 17723 0012,32000,0,32000,40000,0,40000,62011NOH
R72 17723 0013,32000,0,32000,40000,0,40000,62011NOH
R72 17723 0014,32000,0,32000,40000,0,40000,62011NOH
R72 17723 0015,44000,99920,143920,40000,174560,214560,62011NOH
R72 17723 0017,44000,245490,289490,40000,225290,265290,62011NOH
R72 17723 0018,32000,0,32000,40000,0,40000,62011NOH
R72 17726 0001,40000,128380,168380,40000,127220,167220,11021SHR
R72 17726 0002,40000,119980,159980,40000,184830,224830,11021SHR
R72 17726 0003,40000,159100,199100,40000,161370,201370,11021SHR
R72 17726 0004,44000,130910,174910,40000,144840,184840,11021SHR
R72 17726 0005,40000,182660,222660,40000,211320,251320,11021SHR
R72 17726 0006,40000,176280,216280,40000,207180,247180,11021SHR
R72 17726 0007,40000,310860,350860,40000,233000,273000,11021SHR
R72 17726 0008,40000,141380,181380,40000,195530,235530,11021SHR
R72 17729 0001,7500,15830,23330,7500,13580,21080,72001B00
R72 17729 0002,7500,15830,23330,7500,18760,26260,72001B00
R72 17729 0003,7500,20140,27640,7500,21860,29360,72001B00
R72 17729 0004,7500,20140,27640,7500,21860,29360,72001B00
R72 17729 0005,7500,17630,25130,7500,20460,27960,72001B00
R72 17729 0006,7500,17630,25130,7500,20460,27960,72001B00
R72 17729 0007,7500,18140,25640,7500,19410,26910,72001B00
R72 17729 0008,7500,14720,22220,7500,18080,25580,72001B00
R72 17729 0009,7500,18140,25640,7500,19460,26960,72001B00
R72 17729 0010,7500,18140,25640,7500,19460,26960,72001B00
R72 17729 0011,7500,14720,22220,7500,17900,25400,72001B00
R72 17729 0012,7500,18140,25640,7500,19410,26910,72001B00
R72 17729 0013,7500,18140,25640,7500,19410,26910,72001B00
R72 17729 0014,7500,17630,25130,7500,20400,27900,72001B00
R72 17729 0015,7500,17630,25130,7500,20400,27900,72001B00
R72 17729 0016,7500,20140,27640,7500,21860,29360,72001B00
R72 17729 0017,7500,20140,27640,7500,21860,29360,72001B00
R72 17729 0018,7500,20140,27640,7500,21860,29360,72001B00
R72 17729 0019,7500,20710,28210,7500,20580,28080,72001B00
R72 50316 0001,4000,16480,20480,4000,13030,17030,6101BCON
R72 50316 0002,4000,24330,28330,4000,19290,23290,6101BCON
R72 50316 0003,4000,15570,19570,4000,12230,16230,6101BCON
R72 50316 0004,4000,12360,16360,4000,9340,13340,6101BCON
R72 50316 0005,4000,13730,17730,4000,15700,19700,6101BCON
R72 50316 0006,4000,14130,18130,4000,11090,15090,6101BCON
R72 50316 0007,4000,16870,20870,4000,13330,17330,6101BCON
R72 50316 0008,4000,25200,29200,4000,19990,23990,6101BCON
R72 50316 0009,4000,14950,18950,4000,11730,15730,6101BCON
R72 50316 0010,4000,12010,16010,4000,9510,13510,6101BCON
R72 50316 0011,4000,13850,17850,4000,14400,18400,6101BCON
R72 50316 0012,4000,14440,18440,4000,11470,15470,6101BCON
R72 50316 0013,4000,16870,20870,4000,13330,17330,6101BCON
R72 50316 0014,4000,25200,29200,4000,19990,23990,6101BCON
R72 50316 0015,4000,15570,19570,4000,12230,16230,6101BCON
R72 50316 0016,4000,12360,16360,4000,9790,13790,6101BCON
R72 50316 0017,4000,13850,17850,4000,10890,14890,6101BCON
R72 50316 0018,4000,14440,18440,4000,11470,15470,6101BCON
R72 50316 0019,4000,20860,24860,4000,12800,16800,6101BCON
R72 50316 0020,4000,25200,29200,4000,19990,23990,6101BCON
R72 50316 0021,4000,15570,19570,4000,12230,16230,6101BCON
R72 50316 0022,4000,12870,16870,4000,10210,14210,6101BCON
R72 50316 0023,4000,13850,17850,4000,10890,14890,6101BCON
R72 50316 0024,4000,14010,18010,4000,11000,15000,6101BCON
R72 50316 0025,4000,16870,20870,4000,13330,17330,6101BCON
R72 50316 0026,4000,24290,28290,4000,19250,23250,6101BCON
R72 50316 0027,4000,11210,15210,4000,12230,16230,6101BCON
R72 50316 0028,4000,12870,16870,4000,10210,14210,6101BCON
R72 50316 0029,4000,13850,17850,4000,10890,14890,6101BCON
R72 50316 0030,4000,14590,18590,4000,11470,15470,6101BCON
R72 50316 0031,0,0,0,0,0,0,6101BCON
R72 50316 0032,0,0,0,0,0,0,6101BCON
R72 50316 0033,0,0,0,0,0,0,6101BCON
R72 50317 0010,5000,23550,28550,5000,29450,34450,8200A000
R72 50317 0011,5000,22290,27290,5000,23330,28330,8200A000
R72 50317 0012,5000,22910,27910,5000,24190,29190,8200A000
R72 50317 0013,5000,20630,25630,5000,19520,24520,8200A000
R72 50317 0014,5000,18360,23360,5000,16640,21640,8200A000
R72 50317 0015,5000,19880,24880,5000,21970,26970,8200A000
R72 50317 0016,5000,19940,24940,5000,22280,27280,8200A000
R72 50317 0017,5000,24070,29070,5000,33110,38110,8200A000
R72 50317 0018,5000,21500,26500,5000,32510,37510,8200A000
R72 50402 0001,4000,35410,39410,4000,35410,39410,6101CCON
R72 50402 0002,4000,31340,35340,4000,32020,36020,6101CCON
R72 50402 0003,4000,31710,35710,4000,31970,35970,6101CCON
R72 50402 0004,4000,29220,33220,4000,41470,45470,6101CCON
R72 50402 0005,4000,30560,34560,4000,31090,35090,6101CCON
R72 50402 0006,4000,29020,33020,4000,35060,39060,6101CCON
R72 50402 0007,4000,26680,30680,4000,26980,30980,6101CCON
R72 50402 0008,4000,29730,33730,4000,30160,34160,6101CCON
R72 50402 0009,4000,29820,33820,4000,30770,34770,6101CCON
R72 50402 0010,0,0,0,0,0,0,6101CCON
R72 50409 0001,5000,24350,29350,6000,29760,35760,1200ABEL
R72 50409 0002,5000,23870,28870,6000,29190,35190,1200ABEL
R72 50409 0003,5000,22410,27410,6000,29470,35470,1200ABEL
R72 50409 0004,5000,23160,28160,6000,28310,34310,1200ABEL
R72 50409 0005,5000,24350,29350,6000,29760,35760,1200ABEL
R72 50409 0006,5000,22200,27200,6000,29190,35190,1200ABEL
R72 50409 0007,5000,24100,29100,6000,29470,35470,1200ABEL
R72 50409 0008,5000,23160,28160,6000,28310,34310,1200ABEL
R72 50409 0009,5000,24350,29350,6000,29760,35760,1200ABEL
R72 50409 0010,5000,23870,28870,6000,29190,35190,1200ABEL
R72 50409 0011,5000,24100,29100,6000,29470,35470,1200ABEL
R72 50409 0012,5000,23160,28160,6000,28310,34310,1200ABEL
R72 50409 0013,5000,24350,29350,6000,29760,35760,1200ABEL
R72 50409 0014,5000,23870,28870,6000,29190,35190,1200ABEL
R72 50409 0015,5000,24100,29100,6000,29470,35470,1200ABEL
R72 50409 0016,5000,23160,28160,6000,28310,34310,1200ABEL
R72 50409 0017,0,0,0,0,0,0,1200ABEL
R72 50509 0001,65250,124750,190000,43500,213520,257020,1103A000
R72 50509 0002,62400,139850,202250,41600,208020,249620,1103A000
R72 50509 0003,62550,117010,179560,41700,153850,195550,1103A000
R72 50509 0004,63000,106240,169240,42000,140740,182740,1103A000
R72 50509 0005,50700,182990,233690,33800,185120,218920,1103A000
R72 50509 0006,0,0,0,0,0,0,1103A000
R72 50509 0007,61800,118200,180000,41200,201200,242400,1103A000
R72 50509 0008,66000,117800,183800,44000,156500,200500,1103A000
R72 50509 0009,52950,106180,159130,35300,182520,217820,1103A000
R72 50509 0010,63900,129700,193600,42600,221130,263730,1103A000
R72 50509 0011,0,0,0,0,0,0,1103A000
R72 50509 0012,74550,140280,214830,49700,186380,236080,1103A000
R72 50509 0013,0,0,0,0,0,0,1103A000
R72 50509 0014,55500,107670,163170,37000,141650,178650,1103A000
R72 50509 0015,0,0,0,0,0,0,1103A000
R72 50509 0016,71400,120500,191900,47600,158860,206460,1103A000
R72 50509 0017,75600,139400,215000,50400,314640,365040,1103A000
R72 50509 0018,0,0,0,0,0,0,1103A000
R72 50509 0019,55950,201460,257410,37300,215540,252840,1103A000
R72 50509 0020,55650,154780,210430,37100,197800,234900,1103A000
R72 50509 0021,0,0,0,0,0,0,1103A000
R72 50509 0022,57900,183070,240970,38600,261120,299720,1103A000
R72 50509 0023,59400,153590,212990,39600,242090,281690,1103A000
R72 50509 0024,74250,142410,216660,49500,184260,233760,1103A000
R72 50509 0025,58050,130070,188120,38700,202490,241190,1103A000
R72 50509 0026,0,0,0,0,0,0,1103A000
R72 50509 0027,60150,179660,239810,40100,257390,297490,1103A000
R72 50509 0028,61350,154280,215630,40900,231080,271980,1103A000
R72 50509 0029,0,0,0,0,0,0,1103A000
R72 50509 0030,29850,56060,85910,19900,94020,113920,1103A000
R72 50509 0031,0,0,0,0,0,0,1103A000
R72 50509 0032,0,0,0,0,0,0,1103A000
R72 50509 0033,88500,367530,456030,59000,446120,505120,1103A000
R72 50509 0034,73200,225350,298550,48800,287180,335980,1103A000
R72 50509 0035,0,0,0,0,0,0,1103A000
R72 50511 0001,4000,33860,37860,4000,31500,35500,5200A000
R72 50511 0002,4000,33860,37860,4000,31500,35500,5200A000
R72 50511 0003,4000,34600,38600,4000,31520,35520,5200A000
R72 50511 0004,4000,34720,38720,4000,31670,35670,5200A000
R72 50511 0005,4000,34100,38100,4000,31360,35360,5200A000
R72 50511 0006,4000,34100,38100,4000,31360,35360,5200A000
R72 50511 0007,4000,35020,39020,4000,31540,35540,5200A000
R72 50511 0008,4000,35340,39340,4000,31580,35580,5200A000
R72 50511 0021,0,0,0,0,0,0,5200A000
R72 50807 0001,17600,42950,60550,14960,40150,55110,1200B000
R72 50807 0002,17600,42950,60550,14960,40150,55110,1200B000
R72 50807 0003,17600,42950,60550,14960,40150,55110,1200B000
R72 50807 0004,17600,42950,60550,14960,40150,55110,1200B000
R72 50807 0005,17600,48850,66450,14960,40750,55710,1200B000
R72 50807 0006,17600,40580,58180,14960,40150,55110,1200B000
R72 50807 0007,17600,44710,62310,14960,41950,56910,1200B000
R72 50807 0008,17600,44710,62310,14960,41950,56910,1200B000
R72 50807 0009,17600,44710,62310,14960,41950,56910,1200B000
R72 50807 0010,17600,44710,62310,14960,41950,56910,1200B000
R72 50807 0011,17600,44710,62310,14960,38170,53130,1200B000
R72 50807 0012,17600,44710,62310,14960,41950,56910,1200B000
R72 50807 0013,17600,44710,62310,14960,41950,56910,1200B000
R72 50807 0014,17600,44710,62310,14960,41950,56910,1200B000
R72 50807 0015,17600,44710,62310,14960,41950,56910,1200B000
R72 50807 0016,17600,44710,62310,14960,41950,56910,1200B000
R72 50807 0017,17600,44710,62310,14960,41950,56910,1200B000
R72 50807 0018,17600,44710,62310,14960,41950,56910,1200B000
R72 50807 0019,0,0,0,0,0,0,1200B000
R72 50825 0001,6850,18460,25310,6850,8520,15370,5101A000
R72 50825 0002,5430,16170,21600,5430,8260,13690,5101A000
R72 50825 0003,7760,19260,27020,7760,6780,14540,5101A000
R72 50825 0004,5590,16300,21890,5590,2410,8000,5101A000
R72 50825 0005,7670,19260,26930,7670,6780,14450,5101A000
R72 50825 0006,5620,16300,21920,5620,2380,8000,5101A000
R72 50825 0007,5450,16170,21620,5450,8260,13710,5101A000
R72 50825 0008,6690,18080,24770,6690,17360,24050,5101A000
R72 50825 0009,5630,16300,21930,5630,2370,8000,5101A000
R72 50825 0010,7590,19660,27250,7590,9860,17450,5101A000
R72 50825 0011,5630,16300,21930,5630,14710,20340,5101A000
R72 50825 0012,7620,19660,27280,7620,16440,24060,5101A000
R72 50825 0013,6470,17690,24160,4470,1530,6000,5101A000
R72 50825 0014,0,0,0,0,0,0,5101A000
R72 51010 0001,16000,49010,65010,16000,67310,83310,1102A000
R72 51010 0002,16000,27320,43320,16000,39480,55480,1102A000
R72 51010 0003,16000,24950,40950,16000,35860,51860,1102A000
R72 51010 0004,16000,43500,59500,16000,61920,77920,1102A000
R72 51010 0005,16000,46120,62120,16000,58950,74950,1102A000
R72 51010 0007,16000,47490,63490,16000,61920,77920,1102A000
R72 51010 0008,16000,29140,45140,16000,39480,55480,1102A000
R72 51010 0009,16000,26590,42590,16000,35860,51860,1102A000
R72 51010 0010,16000,47490,63490,16000,61920,77920,1102A000
R72 51010 0011,16000,46190,62190,16000,59010,75010,1102A000
R72 51010 0012,16000,46120,62120,16000,58950,74950,1102A000
R72 51010 0013,0,0,0,0,0,0,1102A000
R72 51010 0014,16000,49420,65420,16000,61730,77730,1102A000
R72 51010 0015,16000,29480,45480,16000,39480,55480,1102A000
R72 51010 0016,16000,26920,42920,16000,35860,51860,1102A000
R72 51010 0017,16000,48060,64060,16000,61920,77920,1102A000
R72 51010 0018,16000,46670,62670,16000,58950,74950,1102A000
R72 51010 0019,16000,46670,62670,16000,58950,74950,1102A000
R72 51010 0020,0,0,0,0,0,0,1102A000
R72 51010 0022,16000,29480,45480,16000,39480,55480,1102A000
R72 51010 0023,16000,29480,45480,16000,39480,55480,1102A000
R72 51010 0024,16000,48170,64170,16000,62050,78050,1102A000
R72 51010 0026,16000,46670,62670,16000,58950,74950,1102A000
R72 51010 0027,16000,48060,64060,16000,61920,77920,1102A000
R72 51010 0028,16000,29480,45480,16000,39480,55480,1102A000
R72 51010 0029,16000,26920,42920,16000,35860,51860,1102A000
R72 51010 0030,16000,48060,64060,16000,61920,77920,1102A000
R72 51010 0032,16000,46670,62670,16000,58950,74950,1102A000
R72 51010 0033,0,0,0,0,0,0,1102A000
R72 51010 0034,0,0,0,0,0,0,1102A000
R72 51010 0039,16000,47220,63220,16000,59770,75770,1102A000
R72 51010 0041,0,0,0,0,0,0,1102A000
R72 51010 0042,16000,43200,59200,16000,62800,78800,1102A000
R72 51010 0045,16000,48630,64630,16000,62800,78800,1102A000
R72 51010 0047,16000,47220,63220,16000,59770,75770,1102A000
R72 51010 0048,0,0,0,0,0,0,1102A000
R72 51010 0049,16000,48680,64680,16000,62870,78870,1102A000
R72 51010 0051,16000,29840,45840,16000,40030,56030,1102A000
R72 51010 0054,16000,47220,63220,16000,59770,75770,1102A000
R72 51010 0055,0,0,0,0,0,0,1102A000
R72 51010 0056,16000,49750,65750,16000,63670,79670,1102A000
R72 51010 0057,16000,30560,46560,16000,40580,56580,1102A000
R72 51010 0059,16000,49750,65750,16000,63670,79670,1102A000
R72 51010 0062,0,0,0,0,0,0,1102A000
R72 51010 0065,16000,30930,46930,16000,40580,56580,1102A000
R72 51010 0069,0,0,0,0,0,0,1102A000
R72 51205 0004,25000,99250,124250,25000,103680,128680,C1500C05
R72 51205 0005,25000,99250,124250,25000,103680,128680,C1500C05
R72 51205 0006,25000,93590,118590,25000,98120,123120,C1500C05
R72 51205 0007,25000,99250,124250,25000,103680,128680,C1500C05
R72 51205 0008,25000,89330,114330,25000,103680,128680,C1500C05
R72 51205 0009,25000,92730,117730,25000,96920,121920,C1500C05
R72 51318 0001,19300,0,19300,19300,107300,126600,3100B000
R72 51318 0002,36900,0,36900,36900,180190,217090,3100B000
R72 51318 0003,26750,0,26750,26750,135110,161860,3100B000
R72 51318 0004,33000,0,33000,33000,154920,187920,3100B000
R72 51318 0005,28900,0,28900,28900,140230,169130,3100B000
R72 51318 0006,22050,0,22050,22050,111700,133750,3100B000
R72 51318 0007,17150,0,17150,17150,96280,113430,3100B000
R72 51318 0008,26750,0,26750,26750,132170,158920,3100B000
R72 51318 0009,33000,0,33000,33000,169320,202320,3100B000
R72 51318 0010,28900,0,28900,28900,140230,169130,3100B000
R72 51318 0011,39500,0,39500,39500,178380,217880,3100B000
R72 51318 0012,26750,0,26750,26750,138630,165380,3100B000
R72 51318 0013,33000,0,33000,33000,151240,184240,3100B000
R72 51318 0014,28900,0,28900,28900,138550,167450,3100B000
R72 51318 0015,39500,0,39500,39500,178380,217880,3100B000
R72 51318 0016,26750,0,26750,26750,132170,158920,3100B000
R72 51318 0017,33000,0,33000,33000,139890,172890,3100B000
R72 51318 0018,0,0,0,0,0,0,3100B000
R72 51322 0002,16400,199110,215510,16400,299710,316110,C1501C00
R72 51322 0003,16400,199110,215510,16400,299710,316110,C1501C00
R72 51322 0004,16400,258580,274980,16400,346170,362570,C1501C00
R72 51403 0001,24000,49470,73470,24000,61090,85090,11001000
R72 51403 0002,24000,52130,76130,24000,64790,88790,11001000
R72 51403 0003,24000,50070,74070,24000,61510,85510,11001000
R72 51403 0004,24000,54010,78010,24000,61920,85920,11001000
R72 51403 0005,24000,48050,72050,24000,59040,83040,11001000
R72 51403 0006,24000,50470,74470,24000,62740,86740,11001000
R72 51403 0007,24000,50970,74970,24000,59590,83590,11001000
R72 51403 0008,24000,52050,76050,24000,61540,85540,11001000
R72 51403 0009,24000,49040,73040,24000,58020,82020,11001000
R72 51403 0010,24000,51470,75470,24000,63950,87950,11001000
R72 51403 0011,24000,49390,73390,24000,60680,84680,11001000
R72 51403 0012,24000,51720,75720,24000,61130,85130,11001000
R72 51403 0013,0,0,0,0,0,0,11001000
R72 51405 0001,14450,3350,17800,11560,5170,16730,C1500C07
R72 51405 0002,32800,17530,50330,32800,159690,192490,C1500C07
R72 51405 0003,11700,8670,20370,11700,79530,91230,C1500C07
R72 51405 0004,26700,15040,41740,26700,134890,161590,C1500C07
R72 51413 0019,11140,38730,49870,32500,205900,238400,C1500C00
R72 51413 0020,11410,39290,50700,35000,199220,234220,C1500C00
R72 51413 0021,10280,37170,47450,32500,198090,230590,C1500C00
R72 51413 0022,10350,38570,48920,32500,186370,218870,C1500C00
R72 51413 0027,12360,49990,62350,40000,200170,240170,C1500C00
R72 51413 0028,10810,44970,55780,35000,198070,233070,C1500C00
R72 51413 0029,11570,47200,58770,37500,207900,245400,C1500C00
R72 51413 0030,10840,41560,52400,35000,201350,236350,C1500C00
R72 51413 0031,12500,52260,64760,40000,242200,282200,C1500C00
R72 51413 0032,10940,47020,57960,35000,217880,252880,C1500C00
R72 51413 0033,11700,49350,61050,37500,228690,266190,C1500C00
R72 51413 0034,11750,47790,59540,37500,221490,258990,C1500C00
R72 51413 0035,12790,54530,67320,42500,242200,284700,C1500C00
R72 51413 0036,11280,49060,60340,37500,217880,255380,C1500C00
R72 51413 0037,12010,51490,63500,40000,228690,268690,C1500C00
R72 51413 0038,11300,49520,60820,37500,219410,256910,C1500C00
R72 51413 0039,12550,56440,68990,42500,240130,282630,C1500C00
R72 51413 0040,11080,51100,62180,37500,217880,255380,C1500C00
R72 51413 0041,11790,53280,65070,40000,226620,266620,C1500C00
R72 51413 0042,11070,48690,59760,37500,221490,258990,C1500C00
R72 51413 0045,24890,112970,137860,85000,444610,529610,C1500C00
R72 51413 0046,19760,92250,112010,67500,360680,428180,C1500C00
R72 51413 0047,0,0,0,0,0,0,C1500C00
R72 51413 0050,12420,44530,56950,37500,215720,253220,C1500C00
R72 51413 0051,11550,41210,52760,35000,199130,234130,C1500C00
R72 51413 0052,11590,40800,52390,35000,197660,232660,C1500C00
R72 51413 0053,11590,39700,51290,35000,201980,236980,C1500C00
R72 51413 0054,11030,53210,64240,37500,237380,274880,C1500C00
R72 51413 0055,10290,51890,62180,35000,198660,233660,C1500C00
R72 51413 0056,12490,55030,67520,42500,239490,281990,C1500C00
R72 51413 0057,11030,54310,65340,37500,242290,279790,C1500C00
R72 51419 0001,62100,0,62100,62100,217820,279920,3101H000
R72 51419 0003,57500,0,57500,57500,273050,330550,3101H000
R72 51419 0004,42550,0,42550,42550,212670,255220,3101H000
R72 51419 0005,44850,0,44850,44850,222340,267190,3101H000
R72 51419 0006,46000,0,46000,46000,240920,286920,3101H000
R72 51419 0007,39100,0,39100,39100,202680,241780,3101H000
R72 51419 0008,46350,0,46350,46350,230370,276720,3101H000
R72 51419 0009,38530,0,38530,38530,214190,252720,3101H000
R72 51419 0010,47500,0,47500,47500,234380,281880,3101H000
R72 51419 0011,49450,0,49450,49450,0,49450,3101H000
R72 51419 0012,52210,0,52210,52210,252910,305120,3101H000
R72 51419 0013,47150,0,47150,47150,211710,258860,3101H000
R72 51419 0014,46000,0,46000,46000,227970,273970,3101H000
R72 51419 0015,46350,0,46350,46350,230370,276720,3101H000
R72 51419 0016,47500,0,47500,47500,234380,281880,3101H000
R72 51419 0017,52210,0,52210,52210,252910,305120,3101H000
R72 51419 0018,47150,0,47150,47150,232810,279960,3101H000
R72 51419 0019,35650,0,35650,35650,172010,207660,3101H000
R72 51419 0020,46000,0,46000,46000,227970,273970,3101H000
R72 51419 0021,31050,0,31050,31050,156600,187650,3101H000
R72 51419 0022,46350,0,46350,46350,230370,276720,3101H000
R72 51419 0023,31050,0,31050,31050,156600,187650,3101H000
R72 51419 0024,47500,0,47500,47500,234380,281880,3101H000
R72 51419 0025,35650,0,35650,35650,172010,207660,3101H000
R72 51419 0026,!,!,!
R72 51426 0004,125400,25170,150570,100320,161420,261740,C1500C09
R72 51426 0005,174800,32630,207430,139840,122990,262830,C1500C09
R72 51426 0006,34200,9950,44150,27360,44800,72160,C1500C09
R72 51426 0007,34200,10350,44550,27360,47020,74380,C1500C09
R72 51426 0008,39900,11650,51550,31920,52730,84650,C1500C09
R72 51426 0009,28500,9290,37790,22800,43350,66150,C1500C09
R72 51426 0010,36100,10840,46940,28880,49140,78020,C1500C09
R72 51426 0011,36100,10840,46940,28880,49140,78020,C1500C09
R72 51426 0012,32300,9950,42250,25840,45460,71300,C1500C09
R72 51426 0013,34200,10350,44550,27360,47020,74380,C1500C09
R72 51426 0014,39900,11650,51550,31920,52730,84650,C1500C09
R72 51426 0015,28500,9300,37800,22800,43350,66150,C1500C09
R72 51426 0016,36100,10840,46940,28880,49140,78020,C1500C09
R72 51426 0017,36100,10840,46940,28880,49140,78020,C1500C09
R72 51426 0018,34200,9950,44150,27360,44800,72160,C1500C09
R72 51426 0019,34200,10350,44550,27360,47020,74380,C1500C09
R72 51426 0020,39900,11650,51550,31920,52730,84650,C1500C09
R72 51426 0021,28500,9300,37800,22800,43350,66150,C1500C09
R72 51426 0022,36100,10840,46940,28880,49140,78020,C1500C09
R72 51426 0023,36100,10840,46940,28880,49140,78020,C1500C09
R72 51426 0024,34200,9960,44160,27360,44800,72160,C1500C09
R72 51426 0025,34200,10340,44540,27360,47020,74380,C1500C09
R72 51426 0026,39900,11650,51550,31920,52730,84650,C1500C09
R72 51426 0027,28500,9290,37790,22800,43350,66150,C1500C09
R72 51426 0028,36100,10840,46940,28880,49140,78020,C1500C09
R72 51426 0029,36100,10840,46940,28880,49140,78020,C1500C09
R72 51426 0030,34200,9960,44160,27360,44800,72160,C1500C09
R72 51426 0031,34200,10340,44540,27360,47020,74380,C1500C09
R72 51426 0032,39900,11650,51550,31920,52730,84650,C1500C09
R72 51426 0033,28500,9240,37740,22800,43350,66150,C1500C09
R72 51426 0034,36100,10840,46940,28880,49140,78020,C1500C09
R72 51426 0035,36100,10840,46940,28880,49140,78020,C1500C09
R72 51426 0036,34200,9950,44150,27360,44800,72160,C1500C09
R72 51426 0037,34200,10340,44540,27360,47020,74380,C1500C09
R72 51426 0038,39900,11650,51550,31920,52730,84650,C1500C09
R72 51426 0039,28500,9280,37780,22800,43350,66150,C1500C09
R72 51426 0040,36100,10840,46940,28880,49140,78020,C1500C09
R72 51426 0041,36100,10840,46940,28880,49140,78020,C1500C09
R72 51426 0042,34200,9950,44150,27360,44800,72160,C1500C09
R72 51426 0043,34200,10340,44540,27360,47020,74380,C1500C09
R72 51426 0044,39900,11650,51550,31920,52730,84650,C1500C09
R72 51426 0045,28500,8450,36950,22800,43350,66150,C1500C09
R72 51426 0046,36100,10780,46880,28880,49140,78020,C1500C09
R72 51426 0047,36100,10780,46880,28880,49140,78020,C1500C09
R72 51463 0001,!,!,!
R72 51463 0002,!,!,!
R72 51463 0004,!,!,!
R72 51463 0005,!,!,!
R72 51463 0006,!,!,!
R72 51463 0007,!,!,!
R72 51463 0008,!,!,!
R72 51463 0009,!,!,!
R72 51463 0010,!,!,!
R72 51463 0011,!,!,!
R72 51463 0012,!,!,!
R72 51463 0013,!,!,!
R72110810 0008,28800,0,28800,14400,0,14400,43003NOE
R72110810 0009,21600,0,21600,14400,0,14400,43003NOE
R72110810 0010,20160,0,20160,14400,0,14400,43003NOE
R72110810 0011,39600,121900,161500,36000,125250,161250,43003NOE
R72110810 0012,20160,0,20160,14400,0,14400,43003NOE
R72110810 0013,28800,0,28800,14400,0,14400,43003NOE
R72110810 0014,28800,0,28800,2880,0,2880,43003NOE
R72110810 0015,28800,0,28800,2880,0,2880,43003NOE
R72110810 0016,28800,0,28800,2880,0,2880,43003NOE
R72110810 0017,28800,0,28800,28800,0,28800,43003NOE
R72110810 0018,36000,169990,205990,36000,257030,293030,43003NOE
R72110810 0019,32000,137080,169080,36000,152290,188290,43003NOE
R72116121 0001,26650,0,26650,11430,0,11430,43004NOE
R72116121 0002,26510,0,26510,14110,145140,159250,43004NOE
R72116121 0003,26510,0,26510,29180,0,29180,43004NOE
R72116121 0004,26510,0,26510,29180,0,29180,43004NOE
R72116121 0005,27240,0,27240,30190,0,30190,43004NOE
R72116121 0006,30440,0,30440,37430,0,37430,43004NOE
R72116121 0007,31050,0,31050,39470,0,39470,43004NOE
R72116121 0008,29010,0,29010,32650,0,32650,43004NOE
R72116121 0009,25840,0,25840,27490,0,27490,43004NOE
R72116121 0010,25840,0,25840,27490,0,27490,43004NOE
R72116121 0011,22390,0,22390,27490,0,27490,43004NOE
R72116121 0012,22200,0,22200,26820,0,26820,43004NOE
R72116121 0013,0,0,0,0,0,0,43004NOE
R72116121 0014,26700,0,26700,28570,0,28570,43004NOE
R72116121 0015,26700,0,26700,28570,0,28570,43004NOE
R72116121 0016,26700,0,26700,28570,0,28570,43004NOE
R72116121 0017,26700,0,26700,28750,0,28750,43004NOE
R72116121 0018,30260,0,30260,33170,0,33170,43004NOE
R72116121 0019,25840,0,25840,27490,0,27490,43004NOE
R72116121 0020,25840,0,25840,27490,0,27490,43004NOE
R72116121 0021,25840,0,25840,13280,152470,165750,43004NOE
R72116121 0022,42800,112770,155570,37950,116900,154850,43004NOE
R72117011 0048,35380,64810,100190,36080,62630,98710,45001KIT
R72117201 0003,23750,68260,92010,24010,70860,94870,43000NOE
R72117201 0004,22500,92800,115300,22340,96640,118980,43000NOE
R72117201 0005,22500,92180,114680,22340,71390,93730,43000NOE
R72117201 0006,22500,83260,105760,22340,136850,159190,43000NOE
R72117201 0007,22500,60410,82910,22340,126600,148940,43000NOE
R72117201 0008,22500,130490,152990,22340,163400,185740,43000NOE
R72117201 0009,27000,81570,108570,26340,115600,141940,43000NOE
R72117201 0010,28750,69120,97870,28520,87510,116030,43000NOE
R72117201 0011,25220,103380,128600,25270,115270,140540,43000NOE
R72117201 0012,25220,58790,84010,25270,56210,81480,43000NOE
R72117201 0013,22140,101560,123700,21830,111780,133610,43000NOE
R72117201 0014,3230,0,3230,3220,0,3220,43000NOE
R72117201 0015,25220,86560,111780,25270,101340,126610,43000NOE
R72117201 0016,31980,68330,100310,31490,69860,101350,43000NOE
R72117201 0018,5660,0,5660,12740,0,12740,43000NOE
R72117201 0019,34390,96910,131300,34830,105060,139890,43000NOE
R72117201 0020,21900,67330,89230,21950,73850,95800,43000NOE
R72117201 0021,21900,55260,77160,21950,55860,77810,43000NOE
R72117201 0022,3420,0,3420,3400,0,3400,43000NOE
R72117201 0023,21900,79770,101670,21950,89510,111460,43000NOE
R72117201 0024,20110,39370,59480,22020,55070,77090,43000NOE
R72117201 0025,21900,72570,94470,21950,64480,86430,43000NOE
R72117201 0026,21900,76380,98280,21950,97710,119660,43000NOE
R72117201 0027,21900,63710,85610,21950,66170,88120,43000NOE
R72117201 0028,21900,56550,78450,21950,66680,88630,43000NOE
R72117201 0029,1340,0,1340,1210,0,1210,43000NOE
R72117201 0030,34390,71030,105420,34830,77500,112330,43000NOE
R72117201 0031,42360,52330,94690,51550,68510,120060,43000NOE
R72117201 0032,41130,83380,124510,41130,109110,150240,43000NOE
R72117201 0033,1880,0,1880,1880,0,1880,43000NOE
R72117201 0034,43000,102040,145040,43000,108500,151500,43000NOE
R72117201 0035,43000,67960,110960,43000,148560,191560,43000NOE
R72117201 0036,30140,69470,99610,29250,58410,87660,43000NOE
R72117201 0038,2580,0,2580,2580,0,2580,43000NOE
R72117201 0039,25250,100920,126170,25250,100830,126080,43000NOE
R72117201 0040,2660,0,2660,2660,0,2660,43000NOE
R72117201 0041,54630,80530,135160,54630,129350,183980,43000NOE
R72117201 0042,54520,0,54520,54520,0,54520,43000NOE
R72117201 0043,58590,0,58590,58590,0,58590,43000NOE
R72117201 0044,44750,0,44750,44750,0,44750,43000NOE
R72117201 0048,!,!,!
R72117201 0049,4480,0,4480,4480,0,4480,43000NOE
R72117201 0050,1580,0,1580,1580,0,1580,43000NOE
R72117201 0051,25880,76940,102820,25880,88590,114470,43000NOE
R72117201 0052,42630,63210,105840,42630,80410,123040,43000NOE
R72117201 0054,22140,135680,157820,22340,184110,206450,43000NOE
R72117201 0055,20440,52310,72750,20440,81160,101600,43000NOE
R72117202 0001,35000,110290,145290,35000,131480,166480,43000NOE
R72117202 0003,45380,127500,172880,45380,147560,192940,43000NOE
R72117202 0004,41880,88460,130340,41880,84620,126500,43000NOE
R72117202 0005,25000,185630,210630,25000,83380,108380,43000NOE
R72117202 0012,6200,0,6200,6200,0,6200,43000NOE
R72117202 0027,25130,0,25130,21340,0,21340,42001NOE
R72117203 0008,36250,38240,74490,36250,16900,53150,43000NOE
R72117204 0015,39000,73970,112970,39000,80830,119830,43000NOE
R72117204 0024,31620,147450,179070,26680,210740,237420,42001DEW
R72117204 0025,1260,0,1260,790,0,790,43000NOE
R72117204 0026,25410,94730,120140,23460,109390,132850,42001DEW
R72117204 0027,27380,135060,162440,25570,101040,126610,42001DEW
R72117204 0028,390,0,390,390,0,390,43000NOE
R72117204 0029,4330,0,4330,4300,0,4300,43000NOE
R72117204 0030,20400,85130,105530,22260,75900,98160,42001DEW
R72117204 0032,10630,31880,42510,10630,37220,47850,43000NOE
R72117204 0033,8550,34940,43490,8550,33370,41920,43000NOE
R72117204 0035,11910,0,11910,11910,0,11910,43000NOE
R72117204 0037,16600,23980,40580,16600,27490,44090,43000NOE
R72117204 0038,37500,12120,49620,26500,34030,60530,43000NOE
R72117204 0039,25000,59210,84210,25000,63660,88660,43000NOE
R72117204 0040,25000,77390,102390,25000,83480,108480,43000NOE
R72117204 0041,25000,66270,91270,25000,73470,98470,43000NOE
R72117204 0042,29380,71870,101250,29380,104030,133410,43000NOE
R72117204 0043,28380,73100,101480,28380,81810,110190,43000NOE
R72117204 0044,30880,85100,115980,30880,80380,111260,43000NOE
R72117204 0045,43750,55580,99330,43750,46270,90020,43000NOE
R72117204 0060,0,0,0,0,0,0,43000NOE
R72117205 0001,19870,79870,99740,21710,104790,126500,43000NOE
R72117205 0002,19040,89960,109000,20600,77510,98110,43000NOE
R72117205 0003,19040,83910,102950,20600,89150,109750,43000NOE
R72117205 0004,19040,94560,113600,20600,91680,112280,43000NOE
R72117205 0005,19040,89060,108100,20600,88250,108850,43000NOE
R72117205 0006,19040,62700,81740,20600,83280,103880,43000NOE
R72117205 0007,19040,80890,99930,20600,68460,89060,43000NOE
R72117205 0008,19040,89090,108130,20600,74080,94680,43000NOE
R72117205 0009,19040,78200,97240,20600,79200,99800,43000NOE
R72117205 0010,19040,90590,109630,20600,82190,102790,43000NOE
R72117205 0011,19040,81270,100310,20600,80700,101300,43000NOE
R72117205 0012,19160,81980,101140,20560,76380,96940,43000NOE
R72117205 0013,19160,87650,106810,20560,101820,122380,43000NOE
R72117205 0014,19160,93130,112290,20560,93300,113860,43000NOE
R72117205 0015,19160,86800,105960,20560,84660,105220,43000NOE
R72117205 0016,19160,79430,98590,20560,84400,104960,43000NOE
R72117205 0017,19160,83700,102860,20560,78710,99270,43000NOE
R72117205 0018,19160,77330,96490,20560,78540,99100,43000NOE
R72117205 0019,19160,80570,99730,20560,86020,106580,43000NOE
R72117205 0020,19160,77950,97110,20560,70380,90940,43000NOE
R72117205 0021,19900,84860,104760,21010,92030,113040,43000NOE
R72117205 0022,19720,90380,110100,20620,87770,108390,43000NOE
R72117205 0023,19720,90990,110710,20550,88950,109500,43000NOE
R72117205 0024,19840,119040,138880,20680,108360,129040,43000NOE
R72117205 0025,19840,89520,109360,20600,90110,110710,43000NOE
R72117205 0026,19610,82510,102120,20330,82560,102890,43000NOE
R72117205 0027,19670,89570,109240,20580,86170,106750,43000NOE
R72117205 0028,19670,90210,109880,20580,86870,107450,43000NOE
R72117205 0029,19670,83670,103340,20580,82740,103320,43000NOE
R72117205 0030,19670,92370,112040,20580,95220,115800,43000NOE
R72117205 0031,19670,92480,112150,20580,92930,113510,43000NOE
R72117205 0032,19670,92360,112030,20580,91680,112260,43000NOE
R72117205 0033,19670,87090,106760,20580,79250,99830,43000NOE
R72117205 0034,19670,96200,115870,20580,94380,114960,43000NOE
R72117205 0035,19940,94620,114560,20560,90330,110890,43000NOE
R72117205 0036,20050,83480,103530,20690,76700,97390,43000NOE
R72117205 0037,19980,87320,107300,20480,84130,104610,43000NOE
R72117205 0038,20020,95780,115800,20560,101130,121690,43000NOE
R72117205 0039,20130,92810,112940,20510,111140,131650,43000NOE
R72117205 0040,20170,100230,120400,20580,95100,115680,43000NOE
R72117205 0041,22250,100790,123040,22790,96280,119070,43000NOE
R72117206 0001,20450,80080,100530,21120,78190,99310,43000NOE
R72117206 0002,20060,79170,99230,21650,71190,92840,43000NOE
R72117206 0003,19360,78550,97910,19270,72830,92100,43000NOE
R72117206 0004,19520,79480,99000,19630,88910,108540,43000NOE
R72117206 0005,19520,87060,106580,19630,93810,113440,43000NOE
R72117206 0006,19520,88960,108480,19630,79020,98650,43000NOE
R72117206 0007,19520,93160,112680,19630,84710,104340,43000NOE
R72117206 0008,19520,85500,105020,19630,76800,96430,43000NOE
R72117206 0009,19520,87850,107370,19630,80970,100600,43000NOE
R72117206 0010,18000,80940,98940,18000,68460,86460,43000NOE
R72117206 0011,18000,86070,104070,18000,79350,97350,43000NOE
R72117206 0012,18000,77720,95720,18000,91860,109860,43000NOE
R72117206 0013,20290,82900,103190,20550,78280,98830,43000NOE
R72117206 0014,19370,95170,114540,19590,86800,106390,43000NOE
R72117206 0015,18000,75400,93400,18000,68010,86010,43000NOE
R72117206 0016,18000,85300,103300,18000,76770,94770,43000NOE
R72117206 0017,18000,78370,96370,18000,72240,90240,43000NOE
R72117206 0018,18000,88000,106000,18000,81100,99100,43000NOE
R72117206 0019,19040,86220,105260,20530,86900,107430,43000NOE
R72117206 0020,19040,88460,107500,20530,97070,117600,43000NOE
R72117206 0021,19040,76660,95700,20530,66290,86820,43000NOE
R72117206 0022,19040,73700,92740,20530,74740,95270,43000NOE
R72117206 0023,19040,82330,101370,20530,72600,93130,43000NOE
R72117206 0024,19040,69320,88360,20600,63660,84260,43000NOE
R72117206 0025,19040,68100,87140,20600,62440,83040,43000NOE
R72117206 0026,19040,81220,100260,20600,81150,101750,43000NOE
R72117206 0027,19040,83530,102570,20600,90370,110970,43000NOE
R72117206 0028,19040,83930,102970,20600,76190,96790,43000NOE
R72117207 0001,19040,86940,105980,20530,91370,111900,43000NOE
R72117207 0002,19040,74900,93940,20530,87350,107880,43000NOE
R72117207 0003,19040,73960,93000,20530,69720,90250,43000NOE
R72117207 0004,19040,80520,99560,20530,73060,93590,43000NOE
R72117207 0005,19040,73050,92090,20530,66600,87130,43000NOE
R72117207 0006,19040,61680,80720,20530,62740,83270,43000NOE
R72117207 0007,19490,74580,94070,20610,79190,99800,43000NOE
R72117207 0008,19360,92560,111920,19270,81890,101160,43000NOE
R72117207 0009,19360,89770,109130,19270,88190,107460,43000NOE
R72117207 0010,19360,83220,102580,19270,73270,92540,43000NOE
R72117207 0011,19360,79040,98400,19270,71510,90780,43000NOE
R72117207 0012,19360,76320,95680,19270,75820,95090,43000NOE
R72117208 0001,21280,82250,103530,21630,75990,97620,43000NOE
R72117208 0002,19400,97330,116730,21150,91170,112320,43000NOE
R72117208 0003,19040,90290,109330,20530,79270,99800,43000NOE
R72117208 0004,19360,70470,89830,19270,70500,89770,43000NOE
R72117208 0005,19360,66470,85830,21270,52750,74020,43000NOE
R72117208 0006,19480,80500,99980,21440,39280,60720,43000NOE
R72117208 0007,20890,80990,101880,22470,77580,100050,43000NOE
R72117208 0008,21600,91650,113250,22180,85820,108000,43000NOE
R72117208 0009,19660,79050,98710,20210,85790,106000,43000NOE
R72117208 0010,23440,92730,116170,23530,89900,113430,43000NOE
R72117208 0011,22320,79790,102110,22860,69060,91920,43000NOE
R72117208 0012,21380,79400,100780,21630,82200,103830,43000NOE
R72117208 0013,21080,82650,103730,21550,77940,99490,43000NOE
R72117208 0014,20130,76040,96170,20220,67450,87670,43000NOE
R72117208 0015,19160,64840,84000,20690,65860,86550,43000NOE
R72117208 0016,19040,77510,96550,20530,68900,89430,43000NOE
R72117208 0017,19040,85240,104280,20600,79280,99880,43000NOE
R72117208 0018,22020,80350,102370,22090,68980,91070,43000NOE
R72117208 0019,19040,76290,95330,20600,66490,87090,43000NOE
R72117209 0001,15000,73810,88810,15020,69220,84240,43000NOE
R72117209 0002,15000,78080,93080,15020,70170,85190,43000NOE
R72117209 0003,15000,82740,97740,15020,78730,93750,43000NOE
R72117209 0004,15000,86380,101380,15020,89200,104220,43000NOE
R72117209 0005,15800,72850,88650,15830,65510,81340,43000NOE
R72117209 0006,15000,73670,88670,15020,91920,106940,43000NOE
R72117209 0007,15000,68440,83440,15020,63150,78170,43000NOE
R72117209 0008,15000,59890,74890,15020,69660,84680,43000NOE
R72117209 0009,15000,76170,91170,15020,69230,84250,43000NOE
R72117209 0010,16900,85630,102530,16940,100910,117850,43000NOE
R72117209 0011,18840,71440,90280,19880,65960,85840,43000NOE
R72117209 0012,18000,72430,90430,18000,66650,84650,43000NOE
R72117209 0013,22230,70510,92740,22020,73970,95990,43000NOE
R72117209 0014,20450,77450,97900,20920,70610,91530,43000NOE
R72117209 0015,19050,72900,91950,18980,67450,86430,43000NOE
R72117209 0016,19050,77830,96880,19170,70380,89550,43000NOE
R72117209 0017,19050,69850,88900,19360,59650,79010,43000NOE
R72117209 0018,19050,69150,88200,19590,73280,92870,43000NOE
R72117209 0019,20320,80090,100410,20180,71310,91490,43000NOE
R72117209 0020,14850,74860,89710,14850,69620,84470,43000NOE
R72117210 0001,20390,89230,109620,20660,91960,112620,43000NOE
R72117210 0002,19880,85620,105500,20120,101120,121240,43000NOE
R72117210 0003,15450,74930,90380,15490,67520,83010,43000NOE
R72117210 0004,15450,89430,104880,15490,78950,94440,43000NOE
R72117210 0005,15450,85120,100570,15490,79060,94550,43000NOE
R72117210 0006,15450,76320,91770,15490,71590,87080,43000NOE
R72117210 0007,15450,101580,117030,15490,93980,109470,43000NOE
R72117210 0008,16800,66950,83750,16910,64770,81680,43000NOE
R72117210 0009,18130,74050,92180,18520,66600,85120,43000NOE
R72117210 0010,21160,84220,105380,21820,109130,130950,43000NOE
R72117210 0011,20750,89830,110580,20950,94930,115880,43000NOE
R72117210 0012,20830,65130,85960,20450,66980,87430,43000NOE
R72117210 0013,19800,72650,92450,20020,64490,84510,43000NOE
R72117210 0014,18450,88930,107380,18070,77270,95340,43000NOE
R72117210 0015,18450,52270,70720,18070,46480,64550,43000NOE
R72117210 0016,20170,16740,36910,20580,69710,90290,43000NOE
R72117210 0017,22020,94840,116860,22020,87840,109860,43000NOE
R72117210 0018,18500,70360,88860,18550,63550,82100,43000NOE
R72117210 0019,15000,88560,103560,15020,94780,109800,43000NOE
R72117210 0020,15000,68580,83580,15020,79760,94780,43000NOE
R72117210 0021,15000,45990,60990,15020,62420,77440,43000NOE
R72117210 0022,15000,66110,81110,15020,57210,72230,43000NOE
R72117210 0023,18500,83430,101930,18550,80800,99350,43000NOE
R72117210 0024,18600,70860,89460,19580,65070,84650,43000NOE
R72117210 0025,18950,68530,87480,20020,65350,85370,43000NOE
R72117210 0026,17820,70810,88630,18820,65070,83890,43000NOE
R72117210 0027,17700,75060,92760,18670,67690,86360,43000NOE
R72117210 0028,15000,70050,85050,15020,65070,80090,43000NOE
R72117210 0029,15000,78560,93560,15020,78480,93500,43000NOE
R72117211 0001,18450,78970,97420,18070,72690,90760,43000NOE
R72117211 0002,18450,71030,89480,18070,67090,85160,43000NOE
R72117211 0003,18450,64020,82470,18020,65330,83350,43000NOE
R72117211 0004,18450,70100,88550,18020,72630,90650,43000NOE
R72117211 0005,18450,67780,86230,18020,79910,97930,43000NOE
R72117211 0006,19070,81800,100870,18880,85620,104500,43000NOE
R72117211 0007,18000,77060,95060,18000,76240,94240,43000NOE
R72117211 0008,18000,83940,101940,18000,88950,106950,43000NOE
R72117211 0009,18000,74290,92290,18000,100160,118160,43000NOE
R72117211 0010,17700,83970,101670,18670,68880,87550,43000NOE
R72117211 0011,17700,79950,97650,18670,72220,90890,43000NOE
R72117211 0012,17700,70540,88240,18670,68590,87260,43000NOE
R72117211 0013,17700,70770,88470,18670,63770,82440,43000NOE
R72117211 0014,17700,71930,89630,18670,67220,85890,43000NOE
R72117211 0015,17820,87970,105790,18820,84760,103580,43000NOE
R72117211 0016,18950,68920,87870,20020,63770,83790,43000NOE
R72117211 0017,15000,74510,89510,15020,71000,86020,43000NOE
R72117211 0018,15000,83840,98840,15020,83220,98240,43000NOE
R72117211 0019,15000,60430,75430,15020,58440,73460,43000NOE
R72117211 0020,15000,69760,84760,15020,67300,82320,43000NOE
R72117211 0021,15000,78810,93810,15020,70730,85750,43000NOE
R72117211 0022,15000,64780,79780,15020,80400,95420,43000NOE
R72117212 0001,22320,111210,133530,21730,124980,146710,43000NOE
R72117212 0002,22320,98740,121060,21730,87350,109080,43000NOE
R72117212 0003,22320,72590,94910,21730,86320,108050,43000NOE
R72117212 0004,22320,75890,98210,21730,102410,124140,43000NOE
R72117212 0005,10850,0,10850,10770,0,10770,43000NOE
R72117212 0006,22940,102330,125270,22510,122010,144520,43000NOE
R72117212 0007,22320,96500,118820,21730,97230,118960,43000NOE
R72117212 0008,22140,68380,90520,22340,70240,92580,43000NOE
R72117212 0009,21530,115880,137410,21560,95890,117450,43000NOE
R72117212 0010,22760,82030,104790,23120,95200,118320,43000NOE
R72117212 0011,22140,116220,138360,22340,118920,141260,43000NOE
R72117212 0012,11070,0,11070,11210,12590,23800,43000NOE
R72117212 0013,25220,92060,117280,24690,100980,125670,43000NOE
R72117212 0014,16810,145460,162270,16370,211750,228120,43000NOE
R72117213 0001,25420,98520,123940,25660,91470,117130,43000NOE
R72117213 0002,25420,109650,135070,25660,94930,120590,43000NOE
R72117213 0003,25420,100810,126230,25660,94720,120380,43000NOE
R72117213 0004,25420,97990,123410,25660,82810,108470,43000NOE
R72117213 0005,25420,88740,114160,25660,71940,97600,43000NOE
R72117213 0006,26660,108370,135030,27240,97160,124400,43000NOE
R72117214 0001,15250,57550,72800,15300,65570,80870,43000NOE
R72117214 0002,16720,88580,105300,16740,64410,81150,43000NOE
R72117214 0003,16680,72090,88770,16980,70340,87320,43000NOE
R72117214 0004,15390,100650,116040,15410,89780,105190,43000NOE
R72117214 0005,17460,98180,115640,17380,82480,99860,43000NOE
R72117214 0006,17330,83030,100360,17460,69110,86570,43000NOE
R72117214 0007,17700,72830,90530,17990,65830,83820,43000NOE
R72117214 0008,17400,81000,98400,17520,48790,66310,43000NOE
R72117214 0009,18240,80110,98350,18130,80240,98370,43000NOE
R72117214 0010,16320,80440,96760,16370,81510,97880,43000NOE
R72117214 0011,16310,73720,90030,16380,67300,83680,43000NOE
R72117214 0012,16310,83590,99900,16380,79300,95680,43000NOE
R72117214 0013,16310,70340,86650,16380,69630,86010,43000NOE
R72117214 0014,16310,76310,92620,16380,73490,89870,43000NOE
R72117214 0015,16310,70330,86640,16380,63620,80000,43000NOE
R72117214 0016,16310,67600,83910,16380,62330,78710,43000NOE
R72117214 0017,17980,75640,93620,18230,70400,88630,43000NOE
R72117214 0018,15540,84870,100410,15540,78400,93940,43000NOE
R72117214 0019,18000,76240,94240,18000,70930,88930,43000NOE
R72117214 0020,19800,71230,91030,19800,68710,88510,43000NOE
R72117214 0021,19800,78490,98290,19800,74000,93800,43000NOE
R72117214 0022,19800,86730,106530,19800,69230,89030,43000NOE
R72117214 0023,19800,86150,105950,19800,76140,95940,43000NOE
R72117214 0024,18000,75860,93860,18000,68770,86770,43000NOE
R72117214 0025,15540,71490,87030,15540,66450,81990,43000NOE
R72117214 0026,15810,83090,98900,15890,74960,90850,43000NOE
R72117214 0027,17650,82500,100150,17920,80350,98270,43000NOE
R72117215 0001,26110,75170,101280,25580,70780,96360,43000NOE
R72117215 0002,16960,74440,91400,17040,71210,88250,43000NOE
R72117215 0003,16160,79910,96070,16230,77670,93900,43000NOE
R72117215 0004,18000,86770,104770,18000,78430,96430,43000NOE
R72117215 0005,14400,0,14400,14400,0,14400,43000NOE
R72117215 0006,16420,78070,94490,16440,76670,93110,43000NOE
R72117215 0007,16420,89290,105710,16440,86140,102580,43000NOE
R72117215 0008,16420,88530,104950,16440,85460,101900,43000NOE
R72117215 0009,16420,76780,93200,16440,75280,91720,43000NOE
R72117215 0010,16420,85110,101530,16440,83030,99470,43000NOE
R72117215 0011,16420,68810,85230,16440,71080,87520,43000NOE
R72117215 0012,16740,76400,93140,16790,72320,89110,43000NOE
R72117215 0013,16630,76870,93500,16670,71680,88350,43000NOE
R72117215 0014,16630,87060,103690,16670,86250,102920,43000NOE
R72117215 0015,16630,77340,93970,16670,74500,91170,43000NOE
R72117215 0016,16630,97710,114340,16670,89250,105920,43000NOE
R72117215 0017,16960,91610,108570,17020,88840,105860,43000NOE
R72117215 0018,18000,62120,80120,18000,67920,85920,43000NOE
R72117215 0019,19800,84980,104780,19800,78060,97860,43000NOE
R72117215 0020,19800,83670,103470,19800,68300,88100,43000NOE
R72117215 0021,18000,83180,101180,18000,74960,92960,43000NOE
R72117215 0022,16390,78820,95210,16370,82090,98460,43000NOE
R72117215 0023,17710,125820,143530,18160,139200,157360,43000NOE
R72117215 0024,18630,106280,124910,20400,95870,116270,43000NOE
R72117215 0025,19310,74830,94140,18950,70750,89700,43000NOE
R72117215 0026,1190,0,1190,1100,0,1100,43000NOE
R72117216 0001,16010,90290,106300,16120,71020,87140,43000NOE
R72117216 0002,17270,63750,81020,17190,56730,73920,43000NOE
R72117216 0003,16560,85790,102350,16370,69440,85810,43000NOE
R72117216 0004,16320,67090,83410,16370,67610,83980,43000NOE
R72117216 0005,18630,88940,107570,18580,95060,113640,43000NOE
R72117216 0006,17770,63890,81660,17700,59440,77140,43000NOE
R72117216 0007,17630,73730,91360,17770,74520,92290,43000NOE
R72117216 0008,17340,82210,99550,17640,72780,90420,43000NOE
R72117216 0009,17340,66260,83600,17530,57130,74660,43000NOE
R72117216 0010,18060,66070,84130,19620,53610,73230,43000NOE
R72117216 0011,18000,81110,99110,18000,63630,81630,43000NOE
R72117216 0012,17440,90280,107720,17640,80540,98180,43000NOE
R72117216 0013,17700,84990,102690,18430,73330,91760,43000NOE
R72117216 0014,18300,82650,100950,19850,68560,88410,43000NOE
R72117216 0015,18450,85630,104080,18650,77740,96390,43000NOE
R72117216 0016,18330,68070,86400,18600,68030,86630,43000NOE
R72117216 0017,18180,77380,95560,19970,46930,66900,43000NOE
R72117216 0018,17760,73690,91450,19160,77360,96520,43000NOE
R72117217 0001,16870,80990,97860,17600,71220,88820,43000NOE
R72117217 0002,16760,55740,72500,16970,81150,98120,43000NOE
R72117217 0003,15520,83570,99090,15560,59750,75310,43000NOE
R72117217 0004,18890,83800,102690,18930,69700,88630,43000NOE
R72117217 0005,16700,66820,83520,17650,61220,78870,43000NOE
R72117217 0006,15980,76350,92330,16280,64800,81080,43000NOE
R72117217 0007,15620,78510,94130,15920,66770,82690,43000NOE
R72117217 0008,15620,66260,81880,15970,61660,77630,43000NOE
R72117217 0009,15620,66870,82490,15970,58100,74070,43000NOE
R72117217 0010,15620,94800,110420,15970,91340,107310,43000NOE
R72117217 0011,15620,64660,80280,15970,74730,90700,43000NOE
R72117217 0012,15620,69100,84720,15970,62620,78590,43000NOE
R72117217 0013,15840,56550,72390,16230,60350,76580,43000NOE
R72117217 0014,16420,46030,62450,16930,63910,80840,43000NOE
R72117217 0015,16480,75200,91680,17140,74000,91140,43000NOE
R72117217 0016,14630,75220,89850,14580,65180,79760,43000NOE
R72117217 0017,14950,67070,82020,14830,65500,80330,43000NOE
R72117217 0018,12700,54790,67490,12700,66880,79580,43000NOE
R72117217 0019,17680,54420,72100,17780,67670,85450,43000NOE
R72117221 0001,18000,70770,88770,18000,66580,84580,43000NOE
R72117221 0002,14850,57350,72200,14850,14700,29550,43000NOE
R72117221 0003,15190,60460,75650,15210,56190,71400,43000NOE
R72117221 0004,15190,58320,73510,15210,57630,72840,43000NOE
R72117221 0005,14410,55350,69760,14440,53790,68230,43000NOE
R72117221 0006,16020,63020,79040,15960,68510,84470,43000NOE
R72117221 0007,16020,61770,77790,16070,67840,83910,43000NOE
R72117221 0008,16840,62110,78950,16950,60550,77500,43000NOE
R72117221 0009,16990,62770,79760,17300,60200,77500,43000NOE
R72117221 0010,16240,75540,91780,16200,71930,88130,43000NOE
R72117221 0011,14850,91070,105920,14890,98650,113540,43000NOE
R72117221 0012,14900,72290,87190,14920,78540,93460,43000NOE
R72117221 0013,15900,63350,79250,15960,67030,82990,43000NOE
R72117221 0014,18000,48410,66410,18000,39200,57200,43000NOE
R72117221 0015,15840,39080,54920,15840,59610,75450,43000NOE
R72117221 0016,15840,46690,62530,15840,70080,85920,43000NOE
R72117221 0017,19800,57020,76820,19800,55450,75250,43000NOE
R72117221 0018,19800,59960,79760,19800,61310,81110,43000NOE
R72117221 0019,18000,62870,80870,18000,66540,84540,43000NOE
R72117221 0020,16350,65370,81720,16390,69270,85660,43000NOE
R72117221 0021,16280,59620,75900,16360,59520,75880,43000NOE
R72117221 0022,15840,59600,75440,15870,58650,74520,43000NOE
R72117221 0023,16680,58940,75620,16920,66600,83520,43000NOE
R72117221 0024,16610,63020,79630,16860,65520,82380,43000NOE
R72117223 0003,16610,45590,62200,12370,51580,63950,42000DEW
R72117223 0005,16610,44020,60630,12430,61970,74400,42000DEW
R72117223 0006,16610,31850,48460,12430,29540,41970,42000DEW
R72117223 0008,16610,43360,59970,12430,42500,54930,42000DEW
R72117223 0009,16890,53670,70560,12570,63150,75720,42000DEW
R72117223 0011,17840,63520,81360,13010,50920,63930,42000DEW
R72117223 0013,18650,61520,80170,13590,74400,87990,42000DEW
R72117223 0015,13630,39130,52760,10250,42040,52290,42000DEW
R72117223 0016,6860,0,6860,4660,0,4660,42000DEW
R72117223 0017,6860,0,6860,4660,0,4660,42000DEW
R72117223 0018,13630,38520,52150,10250,36810,47060,42000DEW
R72117223 0019,13630,36780,50410,13690,36330,50020,42000DEW
R72117223 0020,6590,0,6590,4500,0,4500,42000DEW
R72117223 0021,13630,49270,62900,10250,45540,55790,42000DEW
R72117223 0022,13630,51610,65240,10250,45810,56060,42000DEW
R72117223 0027,17250,40480,57730,12880,43180,56060,42000DEW
R72117223 0029,17250,41970,59220,12880,40440,53320,42000DEW
R72117223 0030,17250,31110,48360,12880,38540,51420,42000DEW
R72117223 0032,17250,42550,59800,12880,46470,59350,42000DEW
R72117223 0033,17250,33590,50840,12880,33330,46210,42000DEW
R72117223 0035,19470,59140,78610,14390,58170,72560,42000DEW
R72117223 0045,17660,43630,61290,13340,33440,46780,42000DEW
R72117223 0046,17010,39260,56270,17110,25350,42460,42000DEW
R72117223 0047,17010,37520,54530,12840,35510,48350,42000DEW
R72117223 0048,17010,42240,59250,12840,45530,58370,42000DEW
R72117223 0049,17010,32220,49230,12840,39880,52720,42000DEW
R72117223 0050,17010,31300,48310,12840,40250,53090,42000DEW
R72117223 0051,15420,32830,48250,11550,39520,51070,42000DEW
R72117417 0001,30000,116240,146240,25500,122960,148460,43002NOE
R72117417 0002,30000,128260,158260,25500,139560,165060,43002NOE
R72117417 0003,30000,140890,170890,25500,147080,172580,43002NOE
R72117417 0004,30000,118780,148780,25500,119860,145360,43002NOE
R72117417 0005,30000,126600,156600,25500,116510,142010,43002NOE
R72117417 0006,30000,139690,169690,25500,135250,160750,43002NOE
R72117417 0007,30000,114400,144400,25500,118690,144190,43002NOE
R72117417 0008,30000,111640,141640,25500,133850,159350,43002NOE
R72117417 0009,33000,121590,154590,25500,128030,153530,43002NOE
R72117417 0010,33000,134380,167380,25500,139250,164750,43002NOE
R72117417 0011,33000,121270,154270,25500,128100,153600,43002NOE
R72117417 0012,33000,130170,163170,25500,127090,152590,43002NOE
R72117417 0013,30000,113030,143030,25500,112790,138290,43002NOE
R72117417 0014,30000,113140,143140,25500,113130,138630,43002NOE
R72117417 0015,30000,116230,146230,25500,109260,134760,43002NOE
R72117417 0016,30000,111880,141880,25500,115620,141120,43002NOE
R72117417 0017,30000,116940,146940,25500,125300,150800,43002NOE
R72117417 0018,30000,148100,178100,25500,154990,180490,43002NOE
R72117417 0019,30000,111470,141470,25500,118300,143800,43002NOE
R72117417 0020,30000,123300,153300,25500,123310,148810,43002NOE
R72117417 0021,30000,119280,149280,25500,120980,146480,43002NOE
R72117417 0022,30000,115340,145340,25500,121810,147310,43002NOE
R72117417 0023,30000,118980,148980,25500,123390,148890,43002NOE
R72117417 0024,30000,119020,149020,25500,121640,147140,43002NOE
R72117417 0025,30000,123110,153110,25500,126130,151630,43002NOE
R72117417 0026,30000,132120,162120,25500,137340,162840,43002NOE
R72117417 0027,30000,119760,149760,25500,123860,149360,43002NOE
R72117417 0028,30000,132800,162800,25500,119930,145430,43002NOE
R72117417 0029,30000,109560,139560,25500,109550,135050,43002NOE
R72117417 0030,30000,119750,149750,25500,133490,158990,43002NOE
R72117417 0031,30000,151310,181310,25500,150890,176390,43002NOE
R72117417 0032,30000,141140,171140,25500,140920,166420,43002NOE
R72117417 0033,30000,132380,162380,25500,145720,171220,43002NOE
R72117417 0034,30000,118740,148740,25500,123360,148860,43002NOE
R72117417 0035,30000,122770,152770,25500,126510,152010,43002NOE
R72117417 0036,30000,90130,120130,25500,95030,120530,43002NOE
R72117417 0037,30000,104710,134710,25500,97510,123010,43002NOE
R72117417 0038,30000,103210,133210,25500,112330,137830,43002NOE
R72117417 0039,30000,104280,134280,25500,97300,122800,43002NOE
R72117417 0040,30000,108780,138780,25500,113120,138620,43002NOE
R72117524 0001,30000,84530,114530,25500,66550,92050,43002NOE
R72117524 0002,30000,90350,120350,25500,62560,88060,43002NOE
R72117524 0003,30000,60970,90970,25500,59960,85460,43002NOE
R72117524 0004,30000,70090,100090,25500,63670,89170,43002NOE
R72117524 0005,30000,86790,116790,25500,68850,94350,43002NOE
R72117524 0006,30000,72870,102870,25500,55410,80910,43002NOE
R72117524 0007,30000,85720,115720,25500,69790,95290,43002NOE
R72117524 0008,30000,106690,136690,25500,81980,107480,43002NOE
R72117524 0009,30000,75490,105490,25500,67380,92880,43002NOE
R72117524 0010,30000,105910,135910,25500,89000,114500,43002NOE
R72117524 0011,30000,93840,123840,25500,98470,123970,43002NOE
R72117524 0012,30000,93850,123850,25500,87960,113460,43002NOE
R72117524 0013,30000,80430,110430,25500,59980,85480,43002NOE
R72117524 0014,30000,93840,123840,25500,93630,119130,43002NOE
R72117524 0015,30000,70500,100500,25500,59980,85480,43002NOE
R72117524 0016,33000,86530,119530,25500,71900,97400,43002NOE
R72117524 0017,33000,89950,122950,25500,69790,95290,43002NOE
R72117524 0018,33000,72660,105660,25500,65960,91460,43002NOE
R72117524 0019,33000,83820,116820,25500,67350,92850,43002NOE
R72117524 0020,33000,82650,115650,25500,63940,89440,43002NOE
R72117524 0021,33000,106340,139340,25500,77160,102660,43002NOE
R72117524 0022,33000,63500,96500,25500,64050,89550,43002NOE
R72117524 0023,33000,102530,135530,25500,85680,111180,43002NOE
R72117524 0024,30000,86340,116340,25500,67150,92650,43002NOE
R72117524 0025,30000,88630,118630,25500,82940,108440,43002NOE
R72117524 0026,30000,81710,111710,25500,63160,88660,43002NOE
R72117524 0027,30000,89780,119780,25500,79420,104920,43002NOE
R72117524 0028,30000,86880,116880,25500,85600,111100,43002NOE
R72117524 0029,33000,102160,135160,25500,91260,116760,43002NOE
R72117524 0030,33000,84010,117010,25500,74770,100270,43002NOE
R72117524 0031,33000,85780,118780,25500,87950,113450,43002NOE
R72117524 0032,33000,83860,116860,25500,66930,92430,43002NOE
R72117524 0033,30000,86140,116140,25500,79780,105280,43002NOE
R72117524 0034,30000,94550,124550,25500,92060,117560,43002NOE
R72117524 0035,30000,84370,114370,25500,66870,92370,43002NOE
R72117524 0036,30000,84040,114040,25500,78000,103500,43002NOE
R72117529 0001,32000,87320,119320,27200,81800,109000,42001NOE
R72117529 0002,32000,99270,131270,27200,105020,132220,42001NOE
R72117529 0003,32000,102480,134480,27200,91120,118320,42001NOE
R72117529 0004,32000,105260,137260,27200,110980,138180,42001NOE
R72117529 0005,32000,104530,136530,27200,98380,125580,42001NOE
R72117529 0006,32000,105070,137070,27200,114570,141770,42001NOE
R72117529 0007,32000,129190,161190,27200,126430,153630,42001NOE
R72117529 0008,32000,152970,184970,27200,161620,188820,42001NOE
R72117529 0009,32000,99000,131000,27200,103870,131070,42001NOE
R72117529 0010,32000,151490,183490,27200,0,27200,42001NOE
R72117529 0011,32000,115090,147090,27200,109320,136520,42001NOE
R72117529 0012,32000,112470,144470,27200,138980,166180,42001NOE
R72117529 0013,32000,127350,159350,27200,135770,162970,42001NOE
R72117529 0014,32000,129520,161520,27200,143700,170900,42001NOE
R72117529 0015,32000,103070,135070,27200,124920,152120,42001NOE
R72117529 0016,3200,107190,110390,27200,113610,140810,42001NOE
R72117529 0017,32000,121030,153030,27200,136040,163240,42001NOE
R72117529 0018,32000,114900,146900,27200,122780,149980,42001NOE
R72117529 0019,32000,129990,161990,27200,125370,152570,42001NOE
R72117529 0020,32000,120500,152500,27200,134840,162040,42001NOE
R72117529 0021,32000,128280,160280,27200,124020,151220,42001NOE
R72117529 0022,32000,97900,129900,27200,88330,115530,42001NOE
R72117529 0023,32000,106750,138750,27200,172800,200000,42001NOE
R72117529 0024,32000,91130,123130,27200,85800,113000,42001NOE
R72117529 0025,32000,116050,148050,27200,94050,121250,42001NOE
R72117529 0026,32000,100390,132390,27200,113120,140320,42001NOE
R72117529 0027,0,0,0,0,0,0,42001NOE
R72117530 0001,32000,102530,134530,27200,110350,137550,42001NOE
R72117530 0002,32000,112430,144430,27200,123270,150470,42001NOE
R72117530 0003,32000,121080,153080,27200,139790,166990,42001NOE
R72117530 0004,32000,135830,167830,27200,121590,148790,42001NOE
R72117530 0005,32000,130430,162430,27200,145720,172920,42001NOE
R72117530 0006,32000,110740,142740,27200,115030,142230,42001NOE
R72117530 0007,32000,104390,136390,27200,112590,139790,42001NOE
R72117530 0008,32000,104310,136310,27200,112280,139480,42001NOE
R72117530 0009,32000,115190,147190,27200,108900,136100,42001NOE
R72117530 0010,32000,116710,148710,27200,125880,153080,42001NOE
R72117530 0011,32000,133640,165640,27200,119540,146740,42001NOE
R72117530 0012,35200,141910,177110,27200,124660,151860,42001NOE
R72117530 0013,35200,121240,156440,27200,130430,157630,42001NOE
R72117530 0014,35200,115750,150950,27200,117640,144840,42001NOE
R72117530 0015,35200,151370,186570,27200,173760,200960,42001NOE
R72117530 0016,32000,128560,160560,27200,129770,156970,42001NOE
R72117530 0017,32000,112270,144270,27200,124030,151230,42001NOE
R72117530 0018,32000,123920,155920,27200,102280,129480,42001NOE
R72117530 0019,32000,117510,149510,27200,121800,149000,42001NOE
R72117530 0020,32000,139850,171850,27200,126920,154120,42001NOE
R72117530 0021,32000,97350,129350,27200,102750,129950,42001NOE
R72117530 0022,32000,116520,148520,27200,96810,124010,42001NOE
R72117530 0023,32000,112390,144390,27200,97180,124380,42001NOE
R72117530 0024,32000,111430,143430,27200,113250,140450,42001NOE
R72117530 0025,32000,113610,145610,27200,98000,125200,42001NOE
R72117530 0026,32000,112390,144390,27200,98670,125870,42001NOE
R72117530 0027,32000,106000,138000,27200,116730,143930,42001NOE
R72117530 0028,32000,126180,158180,27200,121050,148250,42001NOE
R72117530 0029,32000,127280,159280,27200,106400,133600,42001NOE
R72117530 0030,32000,139250,171250,27200,125450,152650,42001NOE
R72117530 0031,32000,108180,140180,27200,109700,136900,42001NOE
R72117534 0001,32000,142030,174030,27200,159640,186840,42001NOE
R72117534 0002,32000,106190,138190,27200,108400,135600,42001NOE
R72117534 0003,32000,99650,131650,27200,101300,128500,42001NOE
R72117534 0004,32000,104050,136050,27200,100430,127630,42001NOE
R72117534 0005,32000,100280,132280,27200,114230,141430,42001NOE
R72117534 0006,32000,104550,136550,27200,112330,139530,42001NOE
R72117534 0007,32000,113110,145110,27200,115360,142560,42001NOE
R72117534 0008,32000,114430,146430,27200,122550,149750,42001NOE
R72117534 0009,32000,93990,125990,27200,103640,130840,42001NOE
R72117534 0010,32000,97230,129230,27200,103950,131150,42001NOE
R72117534 0011,32000,104180,136180,27200,108570,135770,42001NOE
R72117534 0012,32000,116890,148890,27200,127960,155160,42001NOE
R72117534 0013,32000,108330,140330,27200,110990,138190,42001NOE
R72117534 0014,32000,103860,135860,27200,111980,139180,42001NOE
R72117534 0015,32000,103860,135860,27200,111980,139180,42001NOE
R72117534 0016,32000,114950,146950,32000,111650,143650,42001NOE
R72117534 0017,32000,114800,146800,27200,122850,150050,42001NOE
R72117534 0018,35200,103880,139080,27200,103680,130880,42001NOE
R72117534 0019,35200,137640,172840,27200,152930,180130,42001NOE
R72117534 0020,35200,131000,166200,27200,143090,170290,42001NOE
R72117534 0021,35200,121170,156370,27200,125640,152840,42001NOE
R72117534 0022,35200,114850,150050,27200,141130,168330,42001NOE
R72117534 0023,32000,118880,150880,27200,130260,157460,42001NOE
R72117621 0001,32000,89960,121960,27200,84190,111390,42001NOE
R72117621 0002,32000,91380,123380,27200,94610,121810,42001NOE
R72117621 0003,32000,99960,131960,27200,94760,121960,42001NOE
R72117621 0004,32000,78940,110940,27200,96620,123820,42001NOE
R72117621 0005,32000,116310,148310,27200,110080,137280,42001NOE
R72117621 0006,32000,94480,126480,27200,96880,124080,42001NOE
R72117621 0007,35200,95280,130480,27200,83300,110500,42001NOE
R72117621 0008,35200,104680,139880,27200,91130,118330,42001NOE
R72117621 0009,35200,104540,139740,27200,105230,132430,42001NOE
R72117621 0010,35200,94950,130150,27200,97590,124790,42001NOE
R72117621 0011,35200,97280,132480,27200,93870,121070,42001NOE
R72117621 0012,35200,109860,145060,27200,147460,174660,42001NOE
R72117621 0013,32000,96950,128950,27200,95580,122780,42001NOE
R72117621 0014,32000,114340,146340,27200,119540,146740,42001NOE
R72117621 0015,32000,94740,126740,27200,97480,124680,42001NOE
R72117621 0016,32000,103170,135170,27200,89830,117030,42001NOE
R72117621 0017,32000,100310,132310,27200,95870,123070,42001NOE
R72117621 0018,32000,81150,113150,27200,84270,111470,42001NOE
R72201620 0001,50000,215590,265590,48000,219550,267550,47030FOR
R72201620 0002,50000,173700,223700,48000,200750,248750,47030FOR
R72201620 0003,50000,162450,212450,48000,180950,228950,47030FOR
R72201620 0004,50000,159300,209300,48000,182160,230160,47030FOR
R72201620 0005,50000,241200,291200,48000,241110,289110,47030FOR
R72201620 0006,55000,171880,226880,48000,194480,242480,47030FOR
R72201620 0007,50000,227360,277360,48000,211790,259790,47030FOR
R72201620 0008,55000,226460,281460,48000,203730,251730,47030FOR
R72201620 0009,55000,332470,387470,48000,381290,429290,47030FOR
R72201620 0010,55000,236350,291350,48000,255430,303430,47030FOR
R72201620 0011,55000,199000,254000,48000,237100,285100,47030FOR
R72201620 0012,35000,0,35000,48000,194120,242120,47030FOR
R72201620 0013,50000,159330,209330,48000,164790,212790,47030FOR
R72201620 0014,50000,162730,212730,48000,168670,216670,47030FOR
R72201620 0015,50000,194730,244730,48000,199080,247080,47030FOR
R72201620 0016,35000,0,35000,48000,161860,209860,47030FOR
R72201620 0017,50000,228270,278270,48000,260030,308030,47030FOR
R72201620 0018,35000,0,35000,48000,191710,239710,47030FOR
R72201620 0019,50000,194700,244700,48000,191420,239420,47030FOR
R72201620 0020,55000,189480,244480,48000,246620,294620,47030FOR
R72201620 0021,55000,135000,190000,48000,191680,239680,47030FOR
R72201620 0022,55000,284190,339190,48000,262410,310410,47030FOR
R72201620 0023,35000,0,35000,48000,181550,229550,47030FOR
R72201620 0024,50000,177280,227280,48000,202820,250820,47030FOR
R72201620 0025,50000,179540,229540,48000,242100,290100,47030FOR
R72201620 0026,50000,204960,254960,48000,217660,265660,47030FOR
R72201620 0027,0,0,0,0,0,0,47030FOR
R72201621 0001,35000,0,35000,48000,171950,219950,47030FOR
R72201621 0002,35000,0,35000,48000,192970,240970,47030FOR
R72201621 0003,35000,0,35000,48000,165660,213660,47030FOR
R72201621 0004,35000,0,35000,48000,183020,231020,47030FOR
R72201621 0005,35000,0,35000,48000,160980,208980,47030FOR
R72201621 0006,35000,0,35000,48000,192460,240460,47030FOR
R72201621 0007,50000,140850,190850,48000,196930,244930,47030FOR
R72201621 0008,50000,197470,247470,48000,203960,251960,47030FOR
R72201621 0009,50000,167990,217990,48000,173580,221580,47030FOR
R72201621 0010,50000,178610,228610,48000,197500,245500,47030FOR
R72201621 0011,50000,171550,221550,48000,192120,240120,47030FOR
R72201621 0012,50000,157160,207160,48000,215760,263760,47030FOR
R72201621 0013,50000,127730,177730,48000,183080,231080,47030FOR
R72201621 0014,50000,199670,249670,48000,208090,256090,47030FOR
R72201621 0015,50000,157280,207280,32000,125180,157180,47030FOR
R72201621 0016,50000,177570,227570,48000,188590,236590,47030FOR
R72201621 0017,50000,166620,216620,48000,197370,245370,47030FOR
R72201621 0018,50000,161000,211000,48000,163260,211260,47030FOR
R72201621 0019,35000,0,35000,48000,223420,271420,47030FOR
R72201621 0020,50000,164830,214830,48000,171490,219490,47030FOR
R72201621 0021,50000,170910,220910,48000,175830,223830,47030FOR
R72201621 0022,35000,0,35000,48000,159380,207380,47030FOR
R72201621 0023,50000,155050,205050,48000,162360,210360,47030FOR
R72201621 0024,35000,0,35000,48000,115130,163130,47030FOR
R72201621 0025,50000,117350,167350,48000,112220,160220,47030FOR
R72201621 0026,50000,218590,268590,48000,223870,271870,47030FOR
R72201621 0027,50000,216880,266880,48000,238720,286720,47030FOR
R72201621 0028,50000,194180,244180,48000,212250,260250,47030FOR
R72201621 0029,50000,150000,200000,48000,165640,213640,47030FOR
R72201621 0030,35000,0,35000,48000,164560,212560,47030FOR
R72203707 0001,40000,201290,241290,40000,226550,266550,40001FOR
R72203707 0002,40000,198280,238280,40000,244470,284470,40001FOR
R72203707 0003,44000,143050,187050,40000,169860,209860,40001FOR
R72203707 0004,44000,155260,199260,40000,162580,202580,40001FOR
R72203707 0005,44000,177870,221870,40000,187710,227710,40001FOR
R72203707 0006,44000,183980,227980,40000,231150,271150,40001FOR
R72203707 0007,40000,172760,212760,40000,211240,251240,40001FOR
R72203707 0009,40000,176490,216490,40000,188270,228270,40001FOR
R72203707 0013,44000,220150,264150,40000,271080,311080,40001FOR
R72203707 0014,1420,0,1420,1420,0,1420,40001FOR
R72203707 0015,40000,164620,204620,40000,200880,240880,40001FOR
R72203708 0001,50000,194050,244050,48000,227390,275390,47030FOR
R72203708 0002,50000,216530,266530,48000,264470,312470,47030FOR
R72203708 0003,50000,139100,189100,48000,203000,251000,47030FOR
R72203708 0004,50000,197160,247160,48000,223480,271480,47030FOR
R72203708 0007,50000,153360,203360,48000,154230,202230,47030FOR
R72203708 0008,50000,163430,213430,48000,197030,245030,47030FOR
R72203708 0009,50000,177480,227480,48000,203100,251100,47030FOR
R72203708 0010,50000,148640,198640,48000,202270,250270,47030FOR
R72203708 0011,50000,170550,220550,48000,209880,257880,47030FOR
R72203708 0012,50000,155290,205290,48000,170380,218380,47030FOR
R72203708 0013,50000,148500,198500,48000,156950,204950,47030FOR
R72203708 0014,50000,144940,194940,48000,190380,238380,47030FOR
R72203708 0015,50000,173570,223570,48000,182760,230760,47030FOR
R72203708 0016,11660,0,11660,17540,0,17540,47030FOR
R72203708 0018,50000,129380,179380,48000,189610,237610,47030FOR
R72203708 0019,50000,193380,243380,48000,256160,304160,47030FOR
R72203709 0001,50000,203650,253650,48000,271520,319520,47030FOR
R72203709 0002,50000,163090,213090,48000,175670,223670,47030FOR
R72203709 0003,50000,136640,186640,48000,179520,227520,47030FOR
R72203709 0004,50000,152520,202520,48000,158630,206630,47030FOR
R72203709 0005,50000,118540,168540,48000,143750,191750,47030FOR
R72203709 0006,50000,177700,227700,48000,206150,254150,47030FOR
R72203709 0007,55000,165470,220470,48000,188830,236830,47030FOR
R72203709 0008,55000,207280,262280,48000,248030,296030,47030FOR
R72203709 0009,55000,191360,246360,48000,230910,278910,47030FOR
R72203709 0010,50000,110030,160030,48000,124500,172500,47030FOR
R72203709 0011,50000,161190,211190,48000,179460,227460,47030FOR
R72203709 0012,50000,157170,207170,48000,156110,204110,47030FOR
R72203709 0013,50000,165990,215990,48000,174550,222550,47030FOR
R72203709 0014,50000,172100,222100,48000,177050,225050,47030FOR
R72203709 0015,50000,150980,200980,48000,155390,203390,47030FOR
R72203709 0016,50000,157460,207460,48000,192780,240780,47030FOR
R72203709 0017,55000,187270,242270,48000,226720,274720,47030FOR
R72203709 0018,55000,186470,241470,48000,200880,248880,47030FOR
R72203709 0019,55000,172480,227480,48000,186380,234380,47030FOR
R72203709 0020,55000,132830,187830,48000,173370,221370,47030FOR
R72203709 0021,50000,161060,211060,48000,182530,230530,47030FOR
R72203709 0022,50000,155270,205270,48000,179470,227470,47030FOR
R72203709 0023,50000,167410,217410,48000,170460,218460,47030FOR
R72210802 0001,40000,177980,217980,40000,194240,234240,40001FOR
R72210802 0002,40000,133120,173120,40000,137720,177720,40001FOR
R72210802 0003,40000,127430,167430,40000,151120,191120,40001FOR
R72210802 0004,40000,153160,193160,40000,160460,200460,40001FOR
R72210802 0005,40000,134010,174010,40000,140780,180780,40001FOR
R72210802 0006,40000,191060,231060,40000,219670,259670,40001FOR
R72210802 0007,44000,160780,204780,40000,207340,247340,40001FOR
R72210802 0008,44000,144490,188490,40000,141930,181930,40001FOR
R72210802 0009,44000,150080,194080,40000,165630,205630,40001FOR
R72210802 0010,44000,152480,196480,40000,157520,197520,40001FOR
R72210802 0011,40000,162630,202630,40000,179640,219640,40001FOR
R72210802 0012,40000,161500,201500,40000,170880,210880,40001FOR
R72210802 0013,40000,154990,194990,40000,163420,203420,40001FOR
R72210802 0014,40000,148140,188140,40000,146510,186510,40001FOR
R72210802 0015,40000,137180,177180,40000,140660,180660,40001FOR
R72210802 0016,40000,156540,196540,40000,157540,197540,40001FOR
R72210802 0017,40000,149690,189690,40000,154130,194130,40001FOR
R72210802 0018,40000,195500,235500,40000,231250,271250,40001FOR
R72210802 0019,40000,136860,176860,40000,137100,177100,40001FOR
R72210802 0020,44000,147730,191730,40000,147900,187900,40001FOR
R72210802 0021,44000,142010,186010,40000,151040,191040,40001FOR
R72210802 0022,44000,155510,199510,40000,150850,190850,40001FOR
R72210802 0023,44000,152380,196380,40000,156190,196190,40001FOR
R72210802 0024,40000,142010,182010,40000,186670,226670,40001FOR
R72210802 0025,40000,156830,196830,40000,169540,209540,40001FOR
R72210802 0026,40000,156980,196980,40000,168930,208930,40001FOR
R72210802 0027,40000,159840,199840,40000,162380,202380,40001FOR
R72210802 0028,40000,147530,187530,40000,153160,193160,40001FOR
R72210802 0029,40000,134830,174830,40000,138970,178970,40001FOR
R72210802 0030,40000,144010,184010,40000,143910,183910,40001FOR
R72210802 0031,40000,163640,203640,40000,167290,207290,40001FOR
R72210802 0032,40000,146240,186240,40000,150280,190280,40001FOR
R72215401 0001,18000,30490,48490,18000,39900,57900,33000EAH
R72215401 0002,18000,28160,46160,18000,37160,55160,33000EAH
R72215401 0003,18000,31610,49610,18000,38470,56470,33000EAH
R72215401 0004,18000,44780,62780,18000,49380,67380,33000EAH
R72215401 0005,18000,33890,51890,18000,58540,76540,33000EAH
R72215401 0006,18000,31210,49210,18000,40870,58870,33000EAH
R72215401 0007,18000,35010,53010,18000,43640,61640,33000EAH
R72215401 0008,18000,47970,65970,18000,69410,87410,33000EAH
R72215414 0003,1940,0,1940,1940,0,1940,33000EAH
R72215414 0004,2000,0,2000,2000,0,2000,33000EAH
R72215414 0006,1840,0,1840,1840,0,1840,33000EAH
R72215415 0004,19780,36560,56340,12750,56510,69260,33000EAH
R72215415 0005,20130,33350,53480,12970,48610,61580,33000EAH
R72215415 0006,18870,33160,52030,13290,48370,61660,33000EAH
R72215415 0007,19640,46100,65740,13950,67980,81930,33000EAH
R72215415 0008,18870,36610,55480,13290,55810,69100,33000EAH
R72215415 0009,18720,45630,64350,13080,65300,78380,33000EAH
R72215415 0010,19640,34560,54200,12410,44610,57020,33000EAH
R72215415 0011,19520,33120,52640,12480,55630,68110,33000EAH
R72215415 0012,19720,33160,52880,14570,55630,70200,33000EAH
R72215415 0019,19800,37420,57220,12810,58970,71780,33000EAH
R72215415 0020,20200,41710,61910,14840,48370,63210,33000EAH
R72215415 0021,19530,33090,52620,12420,52040,64460,33000EAH
R72215415 0023,29570,50920,80490,18570,70890,89460,33000EAH
R72215419 0001,55000,166670,221670,48000,181130,229130,47030FOR
R72215419 0002,55000,147300,202300,48000,176110,224110,47030FOR
R72215419 0003,50000,168780,218780,48000,161480,209480,47030FOR
R72215419 0004,50000,179280,229280,48000,214530,262530,47030FOR
R72215419 0005,50000,157620,207620,48000,154030,202030,47030FOR
R72215419 0006,50000,169600,219600,48000,164910,212910,47030FOR
R72215419 0007,50000,147280,197280,48000,182580,230580,47030FOR
R72215419 0008,50000,177810,227810,48000,204070,252070,47030FOR
R72215419 0009,50000,134060,184060,48000,142430,190430,47030FOR
R72215419 0010,50000,154930,204930,48000,160430,208430,47030FOR
R72215419 0011,50000,165530,215530,48000,166710,214710,47030FOR
R72215419 0012,50000,151970,201970,48000,172000,220000,47030FOR
R72215420 0001,50000,150570,200570,48000,150810,198810,47030FOR
R72215420 0002,50000,133380,183380,48000,144190,192190,47030FOR
R72215420 0003,50000,168070,218070,48000,171260,219260,47030FOR
R72215420 0004,50000,176510,226510,48000,181550,229550,47030FOR
R72215420 0005,50000,154120,204120,48000,152330,200330,47030FOR
R72215420 0006,50000,123960,173960,48000,118990,166990,47030FOR
R72215420 0007,50000,144440,194440,48000,135420,183420,47030FOR
R72215420 0008,50000,165950,215950,48000,161310,209310,47030FOR
R72215420 0009,50000,154300,204300,48000,156760,204760,47030FOR
R72215420 0010,50000,170590,220590,48000,192520,240520,47030FOR
R72215420 0011,50000,167740,217740,48000,158290,206290,47030FOR
R72215420 0012,50000,179890,229890,48000,198960,246960,47030FOR
R72215420 0013,50000,148400,198400,48000,157020,205020,47030FOR
R72215420 0014,50000,155480,205480,48000,155140,203140,47030FOR
R72215420 0015,50000,162010,212010,48000,193040,241040,47030FOR
R72215420 0016,50000,165940,215940,48000,195190,243190,47030FOR
R72217303 0001,98020,0,98020,99980,0,99980,45001KIT
R72217303 0013,59500,138830,198330,60690,148560,209250,45001KIT
R72217304 0001,16220,0,16220,16570,0,16570,45001KIT
R72217304 0007,18550,86180,104730,18920,89220,108140,45001KIT
R72217304 0013,25000,62130,87130,25500,86050,111550,45001KIT
R72217304 0015,3980,0,3980,4540,0,4540,45001KIT
R72217304 0018,16840,56730,73570,17170,66180,83350,45001KIT
R72217304 0022,8220,0,8220,8420,0,8420,45001KIT
R72217304 0030,0,0,0,0,0,0,45001KIT
R72217304 0032,4480,0,4480,5300,0,5300,45001KIT
R72217304 0033,11050,73020,84070,11270,102570,113840,45001KIT
R72217304 0034,49390,94400,143790,50380,141010,191390,45001KIT
R72217304 0037,0,0,0,0,0,0,99999999
R72217304 0043,35580,0,35580,36290,0,36290,45001KIT
R72217304 0044,!,!,!
R72217304 0045,!,!,!
R72217304 0046,!,!,!
R72217304 0047,!,!,!
R72217304 0048,!,!,!
R72217304 0049,!,!,!
R72217304 0050,!,!,!
R72217304 0051,!,!,!
R72217304 0052,!,!,!
R72217304 0053,!,!,!
R72217304 0054,!,!,!
R72217304 0055,!,!,!
R72217304 0056,!,!,!
R72217304 0057,!,!,!
R72217304 0058,!,!,!
R72217304 0059,!,!,!
R72217304 0060,!,!,!
R72217304 0061,!,!,!
R72217304 0062,!,!,!
R72217304 0063,!,!,!
R72217304 0064,!,!,!
R72217304 0065,!,!,!
R72217304 0066,!,!,!
R72217304 0067,!,!,!
R72217304 0068,!,!,!
R72217304 0069,!,!,!
R72217304 0070,!,!,!
R72217304 0071,!,!,!
R72217304 0072,!,!,!
R72217304 0073,!,!,!
R72217304 0074,!,!,!
R72217304 0075,!,!,!
R72217304 0076,!,!,!
R72217304 0077,!,!,!
R72217304 0078,!,!,!
R72217304 0079,!,!,!
R72217304 0080,!,!,!
R72217304 0081,!,!,!
R72217304 0082,!,!,!
R72217304 0083,!,!,!
R72217304 0084,!,!,!
R72217304 0085,!,!,!
R72217304 0086,!,!,!
R72217304 0087,!,!,!
R72217304 0088,!,!,!
R72217304 0089,!,!,!
R72217304 0090,!,!,!
R72217304 0091,!,!,!
R72217304 0092,!,!,!
R72217304 0093,!,!,!
R72217304 0094,!,!,!
R72217304 0095,!,!,!
R72217304 0096,!,!,!
R72217304 0097,!,!,!
R72217304 0098,!,!,!
R72217304 0099,!,!,!
R72217304 0100,!,!,!
R72217304 0101,!,!,!
R72217304 0102,!,!,!
R72217304 0103,!,!,!
R72217304 0104,!,!,!
R72217304 0105,!,!,!
R72217306 0020,4900,0,4900,5150,0,5150,45001FOR
R72217306 0021,25200,116680,141880,26460,127020,153480,45001FOR
R72217306 0022,28000,106010,134010,29400,106060,135460,45001FOR
R72217306 0023,28000,109790,137790,29400,119400,148800,45001FOR
R72217306 0024,28000,122030,150030,29400,129050,158450,45001FOR
R72217306 0025,28000,109510,137510,29400,119960,149360,45001FOR
R72217306 0026,28000,75630,103630,29400,98650,128050,45001FOR
R72217311 0001,28000,108910,136910,29400,117340,146740,45001FOR
R72217311 0010,28000,106190,134190,29400,117040,146440,45001FOR
R72217311 0011,28000,117660,145660,29400,123680,153080,45001FOR
R72217311 0024,28000,105090,133090,29400,124470,153870,45001FOR
R72217311 0025,28000,111770,139770,29400,117440,146840,45001FOR
R72217311 0026,28000,90270,118270,29400,101170,130570,45001FOR
R72217311 0027,28000,118430,146430,29400,132510,161910,45001FOR
R72217311 0028,0,0,0,0,0,0,45001FOR
R72217311 0029,28000,98910,126910,29400,107570,136970,45001FOR
R72217313 0003,25380,62700,88080,25880,106730,132610,45001KIT
R72217314 0001,28000,112680,140680,29400,118730,148130,45001FOR
R72217314 0002,28000,119130,147130,29400,130890,160290,45001FOR
R72217314 0003,28000,121950,149950,29400,125430,154830,45001FOR
R72217314 0004,28000,86950,114950,29400,98190,127590,45001FOR
R72217314 0005,30800,129490,160290,32340,150060,182400,45001FOR
R72217314 0006,30800,127760,158560,32340,141770,174110,45001FOR
R72217314 0007,30800,133240,164040,32340,151810,184150,45001FOR
R72217314 0008,30800,107370,138170,32340,139720,172060,45001FOR
R72217314 0009,28000,93490,121490,29400,105220,134620,45001FOR
R72217314 0010,28000,126430,154430,29400,145970,175370,45001FOR
R72217314 0011,28000,111920,139920,29400,120410,149810,45001FOR
R72217314 0012,28000,116970,144970,29400,148300,177700,45001FOR
R72217314 0013,28000,122340,150340,29400,124310,153710,45001FOR
R72217314 0014,28000,95580,123580,29400,107240,136640,45001FOR
R72217314 0015,28000,90710,118710,29400,99670,129070,45001FOR
R72217314 0016,30800,110310,141110,32340,121610,153950,45001FOR
R72217314 0017,30800,97190,127990,32340,113410,145750,45001FOR
R72217314 0018,30800,120080,150880,32340,141870,174210,45001FOR
R72217314 0019,30800,104260,135060,32340,112060,144400,45001FOR
R72217314 0020,28000,88280,116280,29400,103960,133360,45001FOR
R72217314 0021,28000,112070,140070,29400,127540,156940,45001FOR
R72217314 0022,28000,85980,113980,29400,101920,131320,45001FOR
R72217314 0023,28000,116320,144320,29400,138780,168180,45001FOR
R72217314 0024,28000,93050,121050,29400,132480,161880,45001FOR
R72217314 0025,7160,0,7160,7520,0,7520,45001FOR
R72217315 0001,28000,100290,128290,29400,114810,144210,45001FOR
R72217315 0002,28000,99380,127380,29400,113690,143090,45001FOR
R72217315 0003,28000,133510,161510,29400,145610,175010,45001FOR
R72217315 0004,28000,119740,147740,29400,131260,160660,45001FOR
R72217315 0005,28000,123730,151730,29400,149660,179060,45001FOR
R72217315 0006,28000,124360,152360,29400,137880,167280,45001FOR
R72217315 0007,28000,132390,160390,29400,144060,173460,45001FOR
R72217315 0008,28000,109210,137210,29400,111890,141290,45001FOR
R72217315 0009,28000,110750,138750,29400,126800,156200,45001FOR
R72217315 0010,28000,133340,161340,29400,142830,172230,45001FOR
R72217315 0011,28000,130360,158360,29400,147950,177350,45001FOR
R72217315 0012,28000,90580,118580,29400,109440,138840,45001FOR
R72217315 0013,28000,124060,152060,29400,128520,157920,45001FOR
R72217315 0014,28000,95850,123850,29400,111480,140880,45001FOR
R72217315 0015,28000,131780,159780,29400,145820,175220,45001FOR
R72217315 0016,28000,103460,131460,29400,111120,140520,45001FOR
R72217315 0017,28000,98070,126070,29400,116990,146390,45001FOR
R72217315 0018,28000,26980,54980,29400,0,29400,45001FOR
R72217315 0019,28000,118260,146260,29400,124290,153690,45001FOR
R72217315 0020,28000,95840,123840,29400,107130,136530,45001FOR
R72217315 0021,28000,107910,135910,29400,109090,138490,45001FOR
R72217315 0022,28000,126100,154100,29400,131060,160460,45001FOR
R72217315 0023,28000,95100,123100,29400,113730,143130,45001FOR
R72217315 0024,28000,92230,120230,29400,97550,126950,45001FOR
R72217316 0001,28000,114540,142540,29400,114170,143570,45001FOR
R72217316 0002,28000,96500,124500,29400,109480,138880,45001FOR
R72217316 0003,28000,86660,114660,29400,102840,132240,45001FOR
R72217316 0004,28000,130280,158280,29400,145200,174600,45001FOR
R72217316 0005,28000,94430,122430,29400,118960,148360,45001FOR
R72217316 0006,28000,85590,113590,29400,97550,126950,45001FOR
R72217316 0007,28000,90140,118140,29400,115160,144560,45001FOR
R72217316 0008,28000,87080,115080,29400,102020,131420,45001FOR
R72217316 0009,28000,124630,152630,29400,127240,156640,45001FOR
R72217316 0010,28000,123070,151070,29400,139910,169310,45001FOR
R72217316 0011,28000,90650,118650,29400,122140,151540,45001FOR
R72217316 0012,28000,94210,122210,29400,111460,140860,45001FOR
R72217316 0013,28000,116710,144710,29400,124080,153480,45001FOR
R72217316 0014,28000,97450,125450,29400,103070,132470,45001FOR
R72217316 0015,28000,86600,114600,29400,113250,142650,45001FOR
R72217316 0016,28000,108790,136790,29400,120430,149830,45001FOR
R72217316 0017,28000,121240,149240,29400,135420,164820,45001FOR
R72217316 0018,28000,84170,112170,29400,98400,127800,45001FOR
R72217316 0019,28000,111440,139440,29400,122040,151440,45001FOR
R72217316 0020,28000,88010,116010,29400,102230,131630,45001FOR
R72217316 0021,28000,94080,122080,29400,123420,152820,45001FOR
R72217316 0022,28000,93590,121590,29400,112810,142210,45001FOR
R72217316 0023,28000,123140,151140,29400,144340,173740,45001FOR
R72217316 0024,28000,117000,145000,29400,130420,159820,45001FOR
R72217316 0025,28000,104950,132950,29400,114330,143730,45001FOR
R72217317 0001,28000,105240,133240,29400,152370,181770,45001FOR
R72217317 0002,28000,95280,123280,29400,113090,142490,45001FOR
R72217317 0003,28000,95250,123250,29400,119430,148830,45001FOR
R72217317 0004,28000,81220,109220,29400,100530,129930,45001FOR
R72217317 0005,28000,102370,130370,29400,139100,168500,45001FOR
R72217317 0006,28000,95120,123120,29400,112400,141800,45001FOR
R72217317 0007,28000,102810,130810,29400,125990,155390,45001FOR
R72217317 0008,28000,116120,144120,29400,121820,151220,45001FOR
R72217317 0009,28000,84950,112950,29400,95990,125390,45001FOR
R72217317 0010,28000,93450,121450,29400,113760,143160,45001FOR
R72217317 0011,28000,117380,145380,29400,136250,165650,45001FOR
R72217317 0012,28000,102010,130010,29400,112040,141440,45001FOR
R72217317 0013,28000,113820,141820,29400,124690,154090,45001FOR
R72217317 0014,28000,110600,138600,29400,121120,150520,45001FOR
R72217317 0015,28000,92610,120610,29400,113720,143120,45001FOR
R72217318 0001,28000,119470,147470,29400,127890,157290,45001FOR
R72217318 0002,28000,82260,110260,29400,95740,125140,45001FOR
R72217318 0003,28000,122970,150970,29400,133100,162500,45001FOR
R72217318 0004,28000,126220,154220,29400,147810,177210,45001FOR
R72217318 0005,28000,99450,127450,29400,116320,145720,45001FOR
R72217318 0006,28000,131330,159330,29400,142660,172060,45001FOR
R72217318 0007,7590,0,7590,7970,0,7970,45001FOR
R72217318 0008,28000,87910,115910,29400,120570,149970,45001FOR
R72217318 0009,28000,92290,120290,29400,117730,147130,45001FOR
R72217318 0010,28000,116250,144250,29400,139220,168620,45001FOR
R72217318 0011,28000,98360,126360,29400,111860,141260,45001FOR
R72217318 0012,28000,95330,123330,29400,114320,143720,45001FOR
R72217318 0013,28000,117540,145540,29400,141260,170660,45001FOR
R72217318 0014,28000,94750,122750,29400,106960,136360,45001FOR
R72217318 0015,28000,118200,146200,29400,131240,160640,45001FOR
R72217318 0016,28000,111530,139530,29400,128170,157570,45001FOR
R72217318 0017,28000,103040,131040,29400,118950,148350,45001FOR
R72217318 0018,9140,0,9140,9600,0,9600,45001FOR
R72217319 0001,28000,98480,126480,29400,109290,138690,45001FOR
R72217319 0002,28000,106440,134440,29400,137180,166580,45001FOR
R72217319 0003,28000,85190,113190,29400,100340,129740,45001FOR
R72217319 0004,28000,117640,145640,29400,118190,147590,45001FOR
R72217319 0005,28000,84970,112970,29400,102570,131970,45001FOR
R72217319 0006,28000,118600,146600,29400,129350,158750,45001FOR
R72217319 0007,28000,83910,111910,29400,95310,124710,45001FOR
R72217319 0008,28000,105530,133530,29400,113490,142890,45001FOR
R72217319 0009,28000,123180,151180,29400,127340,156740,45001FOR
R72217319 0010,28000,78820,106820,29400,85930,115330,45001FOR
R72217319 0011,28000,112230,140230,29400,123930,153330,45001FOR
R72217319 0012,28000,99060,127060,29400,135710,165110,45001FOR
R72217319 0013,28000,115530,143530,29400,126500,155900,45001FOR
R72217319 0014,28000,126330,154330,29400,133380,162780,45001FOR
R72217319 0015,28000,89240,117240,29400,103110,132510,45001FOR
R72217319 0016,28000,98410,126410,29400,114830,144230,45001FOR
R72217319 0017,28000,112780,140780,29400,131930,161330,45001FOR
R72217319 0018,28000,107730,135730,29400,117300,146700,45001FOR
R72217319 0019,28000,82410,110410,29400,89310,118710,45001FOR
R72217319 0020,28000,84210,112210,29400,95940,125340,45001FOR
R72217319 0021,28000,85360,113360,29400,105500,134900,45001FOR
R72217319 0022,28000,96750,124750,29400,113200,142600,45001FOR
R72217319 0023,28000,82650,110650,29400,101430,130830,45001FOR
R72217319 0024,28000,108820,136820,29400,122900,152300,45001FOR
R72217319 0025,28000,89560,117560,29400,98380,127780,45001FOR
R72217319 0026,28000,106710,134710,29400,118870,148270,45001FOR
R72217319 0027,28000,97180,125180,29400,114810,144210,45001FOR
R72217319 0028,28000,107950,135950,29400,135720,165120,45001FOR
R72217319 0029,28000,102360,130360,29400,115550,144950,45001FOR
R72217319 0030,28000,87360,115360,29400,103490,132890,45001FOR
R72217319 0031,28000,95390,123390,29400,112030,141430,45001FOR
R72217319 0032,28000,96810,124810,29400,109340,138740,45001FOR
R72217319 0033,28000,83350,111350,29400,97060,126460,45001FOR
R72217319 0034,28000,97180,125180,29400,114810,144210,45001FOR
R72217319 0035,28000,109330,137330,29400,125030,154430,45001FOR
R72217319 0036,28000,126110,154110,29400,136050,165450,45001FOR
R72217319 0037,30800,111970,142770,32340,141630,173970,45001FOR
R72217319 0038,30800,118230,149030,32340,135450,167790,45001FOR
R72217319 0039,30800,124560,155360,32340,131390,163730,45001FOR
R72217319 0040,30800,121040,151840,32340,135010,167350,45001FOR
R72217319 0041,28000,118710,146710,29400,129580,158980,45001FOR
R72217319 0042,28000,92210,120210,29400,110660,140060,45001FOR
R72217319 0043,28000,95610,123610,29400,115450,144850,45001FOR
R72217319 0044,28000,110230,138230,29400,115940,145340,45001FOR
R72217319 0045,28000,96150,124150,29400,110650,140050,45001FOR
R72217319 0046,28000,112370,140370,29400,113430,142830,45001FOR
R72217320 0001,28000,89080,117080,29400,111850,141250,45001FOR
R72217320 0002,28000,94280,122280,29400,112880,142280,45001FOR
R72217320 0003,28000,101550,129550,29400,102950,132350,45001FOR
R72217320 0004,28000,107120,135120,29400,117160,146560,45001FOR
R72217320 0005,28000,84990,112990,29400,95610,125010,45001FOR
R72217320 0006,28000,103820,131820,29400,108900,138300,45001FOR
R72217320 0007,28000,109500,137500,29400,115380,144780,45001FOR
R72217320 0008,28000,96310,124310,29400,117240,146640,45001FOR
R72217320 0009,28000,117370,145370,29400,115070,144470,45001FOR
R72217320 0010,28000,111650,139650,29400,110190,139590,45001FOR
R72217320 0011,28000,84440,112440,29400,116310,145710,45001FOR
R72217320 0012,28000,108160,136160,29400,121030,150430,45001FOR
R72217320 0013,28000,122010,150010,29400,132090,161490,45001FOR
R72217320 0014,28000,84130,112130,29400,99020,128420,45001FOR
R72217320 0015,28000,118690,146690,29400,123300,152700,45001FOR
R72217320 0016,28000,91860,119860,29400,87190,116590,45001FOR
R72217320 0017,28000,87070,115070,29400,109050,138450,45001FOR
R72217320 0018,28000,107910,135910,29400,125080,154480,45001FOR
R72217320 0019,28000,114870,142870,29400,115440,144840,45001FOR
R72217320 0020,28000,77460,105460,29400,111660,141060,45001FOR
R72217320 0021,28000,83940,111940,29400,93340,122740,45001FOR
R72217320 0022,28000,101950,129950,29400,135060,164460,45001FOR
R72217320 0023,28000,118860,146860,29400,118350,147750,45001FOR
R72217320 0024,28000,124360,152360,29400,155500,184900,45001FOR
R72217320 0025,28000,113540,141540,29400,113220,142620,45001FOR
R72217320 0026,28000,125060,153060,29400,147380,176780,45001FOR
R72217320 0027,28000,90790,118790,29400,103740,133140,45001FOR
R72217320 0028,28000,118450,146450,29400,133130,162530,45001FOR
R72217320 0029,28000,81890,109890,29400,116170,145570,45001FOR
R72217320 0030,28000,86170,114170,29400,96270,125670,45001FOR
R72217320 0031,30800,110440,141240,32340,107710,140050,45001FOR
R72217320 0032,30800,101120,131920,32340,117030,149370,45001FOR
R72217320 0033,30800,114360,145160,32340,126870,159210,45001FOR
R72217320 0034,30800,131290,162090,32340,146160,178500,45001FOR
R72217320 0035,28000,90240,118240,29400,102100,131500,45001FOR
R72217320 0036,28000,103150,131150,29400,102880,132280,45001FOR
R72217320 0037,28000,92210,120210,29400,116400,145800,45001FOR
R72217320 0038,28000,115470,143470,29400,122340,151740,45001FOR
R72217320 0039,28000,91210,119210,29400,103480,132880,45001FOR
R72217320 0040,28000,131630,159630,29400,133590,162990,45001FOR
R72217320 0041,28000,87750,115750,29400,101240,130640,45001FOR
R72217320 0042,28000,116570,144570,29400,130820,160220,45001FOR
R72217320 0043,28000,115480,143480,29400,124140,153540,45001FOR
R72217320 0044,28000,124530,152530,29400,137420,166820,45001FOR
R72217320 0045,30800,120790,151590,29400,136610,166010,45001FOR
R72217320 0046,30800,94860,125660,29400,110260,139660,45001FOR
R72217320 0047,28000,128580,156580,29400,135920,165320,45001FOR
R72217320 0048,28000,77840,105840,29400,83820,113220,45001FOR
R72217320 0049,28000,93010,121010,29400,107360,136760,45001FOR
R72217320 0050,28000,109750,137750,29400,117250,146650,45001FOR
R72217321 0001,28000,122630,150630,29400,144770,174170,45001FOR
R72217321 0002,30800,91010,121810,32340,102930,135270,45001FOR
R72217321 0003,30800,114880,145680,32340,124250,156590,45001FOR
R72217321 0004,30800,93910,124710,32340,112080,144420,45001FOR
R72217321 0005,30800,123400,154200,32340,131800,164140,45001FOR
R72217321 0006,30800,76640,107440,32340,87000,119340,45001FOR
R72217321 0007,28000,106670,134670,32340,117460,149800,45001FOR
R72217321 0008,28000,88360,116360,29400,100100,129500,45001FOR
R72217321 0009,28000,91890,119890,29400,95590,124990,45001FOR
R72217321 0010,28000,111580,139580,29400,128920,158320,45001FOR
R72217321 0011,28000,133330,161330,29400,155950,185350,45001FOR
R72217321 0012,28000,94540,122540,29400,120660,150060,45001FOR
R72217321 0013,28000,89540,117540,29400,103400,132800,45001FOR
R72217321 0014,28000,103140,131140,29400,105970,135370,45001FOR
R72217321 0015,28000,104720,132720,29400,108870,138270,45001FOR
R72217321 0016,28000,94020,122020,29400,120310,149710,45001FOR
R72217321 0017,28000,106670,134670,29400,128160,157560,45001FOR
R72217321 0018,28000,103450,131450,29400,113160,142560,45001FOR
R72217321 0019,28000,116580,144580,29400,126460,155860,45001FOR
R72217321 0020,30800,106440,137240,32340,118920,151260,45001FOR
R72217321 0021,30800,116680,147480,32340,122000,154340,45001FOR
R72217321 0022,30800,91850,122650,32340,115750,148090,45001FOR
R72217321 0023,30800,116850,147650,32340,129300,161640,45001FOR
R72217321 0024,28000,88320,116320,29400,106650,136050,45001FOR
R72217321 0025,28000,85310,113310,29400,96190,125590,45001FOR
R72217321 0026,28000,89400,117400,29400,107240,136640,45001FOR
R72217321 0027,28000,90620,118620,29400,116940,146340,45001FOR
R72217321 0028,28000,79690,107690,29400,95440,124840,45001FOR
R72217321 0029,28000,124530,152530,29400,125900,155300,45001FOR
R72217623 0001,50000,144740,194740,48000,192840,240840,47030FOR
R72217623 0002,35000,0,35000,48000,166080,214080,47030FOR
R72217623 0003,50000,147590,197590,48000,153250,201250,47030FOR
R72217623 0004,50000,198290,248290,48000,183550,231550,47030FOR
R72217623 0005,35000,0,35000,48000,160760,208760,47030FOR
R72217623 0006,55000,153770,208770,48000,166380,214380,47030FOR
R72217623 0007,55000,102520,157520,48000,125850,173850,47030FOR
R72217623 0008,55000,189690,244690,48000,226690,274690,47030FOR
R72217623 0009,50000,135470,185470,48000,180260,228260,47030FOR
R72217623 0010,50000,166090,216090,48000,247600,295600,47030FOR
R72217623 0011,50000,145640,195640,48000,169490,217490,47030FOR
R72217623 0012,50000,175330,225330,48000,212950,260950,47030FOR
R72217623 0013,50000,175170,225170,48000,210520,258520,47030FOR
R72217623 0014,50000,179510,229510,48000,256380,304380,47030FOR
R72217623 0015,50000,195220,245220,48000,217400,265400,47030FOR
R72217623 0016,50000,175600,225600,48000,232290,280290,47030FOR
R72217623 0017,50000,156190,206190,48000,250030,298030,47030FOR
R72217623 0018,50000,158430,208430,48000,164410,212410,47030FOR
R72217623 0019,35000,0,35000,48000,0,48000,47030FOR
R72217623 0020,55000,159700,214700,48000,198870,246870,47030FOR
R72217623 0021,55000,150220,205220,48000,172770,220770,47030FOR
R72217623 0022,55000,170460,225460,48000,183170,231170,47030FOR
R72217623 0023,55000,151770,206770,48000,207760,255760,47030FOR
R72217623 0024,50000,150400,200400,48000,165000,213000,47030FOR
R72217623 0025,50000,162740,212740,48000,188950,236950,47030FOR
R72217623 0026,50000,157830,207830,48000,201170,249170,47030FOR
R72217623 0027,50000,120810,170810,48000,153760,201760,47030FOR
R72217623 0028,30000,130600,160600,28800,158640,187440,47030FOR
R72217623 0029,50000,200860,250860,48000,234810,282810,47030FOR
R72217623 0030,55000,191210,246210,48000,205720,253720,47030FOR
R72217623 0031,55000,178110,233110,48000,171940,219940,47030FOR
R72217623 0032,55000,172950,227950,48000,174600,222600,47030FOR
R72217623 0033,55000,157970,212970,48000,182220,230220,47030FOR
R72217623 0034,35000,0,35000,48000,165570,213570,47030FOR
R72217623 0035,37500,133500,171000,36000,167360,203360,47030FOR
R72217623 0036,50000,177920,227920,48000,186630,234630,47030FOR
R72217623 0037,35000,0,35000,48000,208460,256460,47030FOR
R72217623 0038,50000,182160,232160,48000,253590,301590,47030FOR
R72217623 0039,50000,173310,223310,48000,194870,242870,47030FOR
R72217623 0040,35000,0,35000,48000,191910,239910,47030FOR
R72217623 0041,50000,200310,250310,48000,227910,275910,47030FOR
R72217623 0042,0,0,0,0,0,0,99999999
R72217708 0002,22400,0,3880,22850,0,22850,45001KIT
R72217708 0003,17920,0,3230,3390,0,3390,45001KIT
R72217708 0004,17920,0,4480,4650,0,4650,45001KIT
R72217708 0005,22400,0,5290,5780,0,5780,45001KIT
R72217708 0006,22400,0,8260,8340,0,8340,45001KIT
R72315811 0025,20510,24070,44580,15510,10030,25540,62000GRE
R72317110 0001,2840,0,2840,3960,0,3960,72002LIT
R72317110 0002,32450,0,32450,32450,0,32450,72002LIT
R72317110 0003,14850,0,14850,14850,0,14850,72002LIT
R72317110 0006,51170,60630,111800,51170,67820,118990,72002LIT
R72317110 0007,12420,18420,30840,12420,16200,28620,72002LIT
R72317110 0008,6750,0,6750,6750,0,6750,72002LIT
R72317110 0009,6750,0,6750,6750,0,6750,72002LIT
R72317110 0010,23400,0,23400,14400,0,14400,72002LIT
R72317110 0011,32760,0,32760,32760,0,32760,72002LIT
R72317110 0012,30240,0,30240,30240,0,30240,72002LIT
R72317110 0013,113810,34050,147860,113810,26190,140000,72002LIT
R72317110 0014,45000,32210,77210,45000,33360,78360,72002LIT
R72317110 0017,8000,0,8000,6400,0,6400,72002LIT
R72317110 0018,210,0,210,3200,0,3200,72002LIT
R72317110 0022,6750,0,6750,6750,0,6750,72002LIT
R72317110 0026,6750,0,6750,6750,0,6750,72002LIT
R72317110 0027,18000,58610,76610,18000,56220,74220,72002LIT
R72317112 0001,6390,24890,31280,10330,34360,44690,72001RES
R72317112 0002,6390,32850,39240,10330,44260,54590,72001RES
R72317112 0003,6390,32850,39240,10330,44260,54590,72001RES
R72317112 0004,6390,32850,39240,10330,44260,54590,72001RES
R72317112 0005,6390,32850,39240,10330,44260,54590,72001RES
R72317112 0006,6390,32850,39240,10330,44260,54590,72001RES
R72317112 0007,3200,0,3200,2740,0,2740,72001RES
R72317112 0008,3200,0,3200,2740,0,2740,72001RES
R72317112 0010,3230,0,3230,2770,0,2770,72001RES
R72317112 0011,3330,0,3330,2850,0,2850,72001RES
R72317115 0001,5400,0,5400,5400,0,5400,72002LIT
R72317115 0002,38070,52790,90860,38070,48690,86760,72002LIT
R72317115 0003,33530,7630,41160,33530,6460,39990,72002LIT
R72317115 0004,12500,0,12500,12500,0,12500,72002LIT
R72317115 0005,23850,0,23850,23850,0,23850,72002LIT
R72317115 0007,9500,0,9500,9500,0,9500,72002LIT
R72317115 0013,12910,0,12910,12910,0,12910,72002LIT
R72317115 0015,10000,14050,24050,8000,18500,26500,72002LIT
R72317115 0016,10000,14510,24510,8000,21980,29980,72002LIT
R72317115 0029,17660,187780,205440,17660,192220,209880,72002LIT
R72317115 0030,6310,0,6310,6310,0,6310,72002LIT
R72317115 0031,41090,141050,182140,41090,136860,177950,72002LIT
R72317115 0032,18930,0,18930,0,0,0,99999999
R72317115 0038,!,!,!
R72317116 0001,10000,23150,33150,6400,29720,36120,72002LIT
R72317116 0002,10000,20050,30050,6400,25670,32070,72002LIT
R72317116 0003,10000,23920,33920,6400,30700,37100,72002LIT
R72317116 0004,10000,22510,32510,6400,28870,35270,72002LIT
R72317116 0005,10000,24480,34480,6400,31530,37930,72002LIT
R72317116 0006,10000,21620,31620,6400,27690,34090,72002LIT
R72317116 0007,10000,20050,30050,6400,25670,32070,72002LIT
R72317116 0008,10000,4270,14270,6400,30700,37100,72002LIT
R72317116 0009,10000,23150,33150,6400,29720,36120,72002LIT
R72317116 0010,10000,20050,30050,6400,25670,32070,72002LIT
R72317116 0011,10000,24480,34480,6400,31530,37930,72002LIT
R72317116 0012,10000,22510,32510,6400,28870,35270,72002LIT
R72317116 0013,10000,20050,30050,6400,25670,32070,72002LIT
R72317116 0014,10000,23870,33870,6400,30700,37100,72002LIT
R72317116 0015,10000,23150,33150,6400,29720,36120,72002LIT
R72317116 0016,10000,21620,31620,6400,27690,34090,72002LIT
R72317116 0017,800,0,800,640,0,640,72002LIT
R72317116 0018,800,0,800,640,0,640,72002LIT
R72317116 0019,800,0,800,640,0,640,72002LIT
R72317116 0020,800,0,800,640,0,640,72002LIT
R72317116 0021,800,0,800,640,0,640,72002LIT
R72317116 0022,800,0,800,640,0,640,72002LIT
R72317116 0023,800,0,800,640,0,640,72002LIT
R72317116 0024,800,0,800,640,0,640,72002LIT
R72317116 0025,800,0,800,640,0,640,72002LIT
R72317116 0026,800,0,800,640,0,640,72002LIT
R72317116 0027,800,0,800,640,0,640,72002LIT
R72317116 0028,800,0,800,640,0,640,72002LIT
R72317116 0029,800,0,800,640,0,640,72002LIT
R72317116 0030,800,0,800,640,0,640,72002LIT
R72317116 0031,800,0,800,640,0,640,72002LIT
R72317116 0032,800,0,800,640,0,640,72002LIT
R72317116 0033,800,0,800,640,0,640,72002LIT
R72317116 0034,800,0,800,640,0,640,72002LIT
R72317116 0035,800,0,800,640,0,640,72002LIT
R72317116 0036,800,0,800,640,0,640,72002LIT
R72317116 0037,800,0,800,640,0,640,72002LIT
R72317116 0038,800,0,800,640,0,640,72002LIT
R72317116 0039,800,0,800,640,0,640,72002LIT
R72317116 0040,800,0,800,640,0,640,72002LIT
R72317116 0041,800,0,800,640,0,640,72002LIT
R72317116 0042,800,0,800,640,0,640,72002LIT
R72317116 0043,800,0,800,640,0,640,72002LIT
R72317116 0044,800,0,800,640,0,640,72002LIT
R72317116 0045,800,0,800,640,0,640,72002LIT
R72317116 0046,800,0,800,640,0,640,72002LIT
R72317116 0047,800,0,800,640,0,640,72002LIT
R72317116 0048,800,0,800,640,0,640,72002LIT
R72317116 0049,800,0,800,640,0,640,72002LIT
R72317116 0050,800,0,800,640,0,640,72002LIT
R72317116 0051,800,0,800,640,0,640,72002LIT
R72317116 0052,800,0,800,640,0,640,72002LIT
R72317116 0053,800,0,800,640,0,640,72002LIT
R72317116 0054,800,0,800,640,0,640,72002LIT
R72317116 0055,0,0,0,0,0,0,72002LIT
R72317116 0056,0,0,0,0,0,0,72002LIT
R72317117 0001,11890,0,11890,11890,0,11890,72002LIT
R72317117 0003,10000,23180,33180,4000,22030,26030,72004LIT
R72317117 0004,10000,23090,33090,4000,22000,26000,72004LIT
R72317117 0005,10000,23180,33180,4000,22030,26030,72004LIT
R72317117 0006,10000,20770,30770,4000,19760,23760,72004LIT
R72317117 0007,10000,23960,33960,4000,22860,26860,72004LIT
R72317117 0008,10000,22310,32310,4000,21170,25170,72004LIT
R72317117 0010,10000,19800,29800,4000,23320,27320,72004LIT
R72317117 0011,10000,20770,30770,4000,19760,23760,72004LIT
R72317117 0012,10000,23960,33960,4000,22860,26860,72004LIT
R72317117 0013,10000,23960,33960,4000,22860,26860,72004LIT
R72317117 0014,10000,20770,30770,4000,19760,23760,72004LIT
R72317117 0015,10000,19800,29800,4000,23320,27320,72004LIT
R72317117 0016,10000,23180,33180,4000,22030,26030,72004LIT
R72317117 0017,10000,23180,33180,4000,22030,26030,72004LIT
R72317117 0018,10000,23180,33180,4000,22030,26030,72004LIT
R72317117 0019,10000,23960,33960,4000,22860,26860,72004LIT
R72317117 0020,10000,23960,33960,4000,22860,26860,72004LIT
R72317117 0021,10000,17060,27060,4000,10910,14910,72004LIT
R72317117 0022,10000,22310,32310,4000,21170,25170,72004LIT
R72317117 0023,10000,23180,33180,4000,22030,26030,72004LIT
R72317117 0024,10000,25150,35150,4000,12150,16150,72004LIT
R72317117 0025,10000,23960,33960,4000,14070,18070,72004LIT
R72317117 0026,10000,20770,30770,4000,19760,23760,72004LIT
R72317117 0027,10000,18080,28080,4000,22030,26030,72004LIT
R72317117 0028,12920,0,12920,12920,0,12920,72002LIT
R72317117 0029,15570,0,15570,11090,0,11090,72002LIT
R72317117 0030,!,!,!
R72317402 0005,6390,18750,25140,6390,17400,23790,72002LIT
R72317404 0001,30800,36790,67590,35600,3380,38980,72002LIT
R72317404 0002,10000,23340,33340,8000,32430,40430,72002LIT
R72317404 0003,62490,5410,67900,53490,0,53490,72002LIT
R72317405 0014,25050,0,25050,25050,0,25050,72002LIT
R72317405 0015,9220,19570,28790,9220,7920,17140,72002LIT
R72317405 0017,3580,0,3580,3580,0,3580,72002LIT
R72317405 0018,11610,6920,18530,11610,10860,22470,72002LIT
R72317405 0019,34430,26320,60750,34430,24260,58690,72002LIT
R72317405 0020,44100,33070,77170,44100,28210,72310,72002LIT
R72317405 0021,16740,23030,39770,16740,23340,40080,72002LIT
R72317405 0022,9500,69870,79370,9500,62270,71770,72002LIT
R72317405 0043,5400,0,5400,5400,0,5400,72002LIT
R72317406 0009,69800,0,69800,69800,0,69800,72002LIT
R72317406 0010,22480,0,22480,22370,0,22370,72002LIT
R72317707 0001,15180,24080,39260,15670,32170,47840,72002LIT
R72317707 0002,15400,27800,43200,15790,29630,45420,72002LIT
R72317707 0003,13700,29840,43540,13800,38080,51880,72002LIT
R72317707 0004,12920,25760,38680,12810,33080,45890,72002LIT
R72317707 0005,13540,31100,44640,13390,27660,41050,72002LIT
R72317707 0006,14820,27600,42420,15110,32870,47980,72002LIT
R72317707 0007,14210,28170,42380,14540,30640,45180,72002LIT
R72317707 0008,10000,30970,40970,8000,30930,38930,72002LIT
R72317707 0009,13500,28320,41820,13540,31050,44590,72002LIT
R72317707 0010,13500,34200,47700,13540,33930,47470,72002LIT
R72317707 0011,13500,40310,53810,13540,32480,46020,72002LIT
R72317707 0012,16000,33890,49890,16060,39980,56040,72002LIT
R72317707 0013,10000,39830,49830,8000,39350,47350,72002LIT
R72317707 0014,10000,30390,40390,8000,33580,41580,72002LIT
R72317707 0015,14980,34670,49650,15350,35120,50470,72002LIT
R72351410 0001,20000,0,20000,16000,64280,80280,72003LIT
R72351410 0002,20000,0,20000,16000,66380,82380,72003LIT
R72351410 0003,20000,0,20000,16000,68770,84770,72003LIT
R72351410 0004,20000,0,20000,16000,64280,80280,72003LIT
R72351410 0005,20000,0,20000,16000,68770,84770,72003LIT
R72351410 0006,20000,0,20000,16000,64280,80280,72003LIT
R72351410 0007,20000,0,20000,16000,68140,84140,72003LIT
R72351410 0008,20000,0,20000,16000,64280,80280,72003LIT
R72351410 0009,20000,0,20000,16000,64280,80280,72003LIT
R72351410 0010,0,0,0,0,0,0,72003LIT
R72405013 0004,103890,85460,189350,103890,69420,173310,41000GAT
R72405013 0006,5590,0,5590,5590,0,5590,41000GAT
R72405013 0007,26040,65820,91860,26040,39320,65360,41000GAT
R72405013 0011,75320,77270,152590,75320,69010,144330,41000GAT
R72405013 0013,15410,0,15410,15410,0,15410,41000GAT
R72405013 0014,38780,71220,110000,38780,49890,88670,41000GAT
R72410801 0002,9940,0,9940,9940,0,9940,41000GAT
R72410801 0004,0,0,0,0,0,0,99999999
R72410801 0005,19990,82210,102200,19990,67730,87720,41000GAT
R72410801 0009,46200,0,46200,17930,0,17930,41000GAT
R72410801 0010,!,!,!
R72410801 0011,!,!,!
R72410803 0001,36000,129690,165690,36000,172190,208190,45002GAT
R72410803 0002,36000,94800,130800,36000,93700,129700,45002GAT
R72410803 0003,36000,131950,167950,36000,181970,217970,45002GAT
R72410803 0004,36000,135860,171860,36000,160060,196060,45002GAT
R72410803 0005,36000,118630,154630,36000,121050,157050,45002GAT
R72410803 0006,36000,92290,128290,36000,88880,124880,45002GAT
R72410803 0007,36000,105750,141750,36000,107190,143190,45002GAT
R72410803 0008,36000,116720,152720,36000,121100,157100,45002GAT
R72410803 0009,36000,156390,192390,36000,168040,204040,45002GAT
R72410803 0010,36000,93270,129270,36000,116390,152390,45002GAT
R72410803 0011,36000,112360,148360,36000,113470,149470,45002GAT
R72410803 0012,36000,90780,126780,36000,107280,143280,45002GAT
R72410803 0013,36000,128070,164070,36000,129240,165240,45002GAT
R72410803 0014,36000,157880,193880,36000,169190,205190,45002GAT
R72410803 0015,36000,138530,174530,36000,141600,177600,45002GAT
R72410803 0016,36000,99720,135720,36000,131200,167200,45002GAT
R72410803 0017,36000,106000,142000,36000,100570,136570,45002GAT
R72410803 0018,36000,115020,151020,36000,118530,154530,45002GAT
R72410803 0019,36000,88000,124000,36000,118680,154680,45002GAT
R72410803 0020,36000,112260,148260,36000,128020,164020,45002GAT
R72410803 0021,36000,123330,159330,36000,132410,168410,45002GAT
R72410803 0022,0,0,0,0,0,0,45002GAT
R72410803 0023,0,0,0,0,0,0,45002GAT
R72410804 0001,35000,120320,155320,43750,165000,208750,45003GAT
R72410804 0002,38500,123640,162140,43750,158030,201780,45003GAT
R72410804 0003,38500,118870,157370,43750,176060,219810,45003GAT
R72410804 0004,35000,105840,140840,43750,124890,168640,45003GAT
R72410804 0005,35000,111320,146320,43750,124550,168300,45003GAT
R72410804 0006,35000,111590,146590,43750,143940,187690,45003GAT
R72410804 0007,35000,118010,153010,43750,173040,216790,45003GAT
R72410804 0008,35000,124110,159110,43750,153480,197230,45003GAT
R72410804 0009,35000,126900,161900,43750,171700,215450,45003GAT
R72410804 0010,35000,126930,161930,43750,158700,202450,45003GAT
R72410804 0011,35000,119330,154330,43750,159890,203640,45003GAT
R72410804 0012,35000,122830,157830,43750,161660,205410,45003GAT
R72410804 0013,35000,127340,162340,43750,154520,198270,45003GAT
R72410804 0014,35000,124910,159910,43750,134510,178260,45003GAT
R72410804 0015,0,0,0,0,0,0,45003GAT
R72410811 0001,36000,92640,128640,36000,101030,137030,45002GAT
R72410811 0002,36000,132640,168640,36000,122460,158460,45002GAT
R72410811 0003,36000,132720,168720,36000,160500,196500,45002GAT
R72410811 0004,36000,111590,147590,36000,139880,175880,45002GAT
R72410811 0005,39600,96500,136100,36000,98010,134010,45002GAT
R72410811 0006,39600,119380,158980,36000,139750,175750,45002GAT
R72410811 0007,39600,133740,173340,36000,132620,168620,45002GAT
R72410811 0008,36000,116680,152680,36000,122500,158500,45002GAT
R72410811 0009,36000,113680,149680,36000,131070,167070,45002GAT
R72410811 0010,39600,106040,145640,36000,124610,160610,45002GAT
R72410811 0011,39600,111090,150690,36000,115940,151940,45002GAT
R72410811 0012,39600,121270,160870,36000,133230,169230,45002GAT
R72410811 0013,39600,123600,163200,36000,134060,170060,45002GAT
R72410811 0014,39600,122040,161640,36000,132920,168920,45002GAT
R72410811 0015,36000,105840,141840,36000,126630,162630,45002GAT
R72410811 0016,36000,120740,156740,36000,149840,185840,45002GAT
R72410811 0017,36000,95980,131980,36000,96040,132040,45002GAT
R72410811 0018,36000,114690,150690,36000,122600,158600,45002GAT
R72410811 0019,36000,118940,154940,36000,121250,157250,45002GAT
R72410811 0020,36000,121510,157510,36000,122470,158470,45002GAT
R72410811 0021,36000,95630,131630,36000,100440,136440,45002GAT
R72410811 0022,36000,114200,150200,36000,124730,160730,45002GAT
R72410812 0001,35000,108930,143930,43750,143830,187580,45003GAT
R72410812 0002,35000,97540,132540,43750,133380,177130,45003GAT
R72410812 0003,35000,122300,157300,43750,165080,208830,45003GAT
R72410812 0004,35000,121220,156220,43750,142970,186720,45003GAT
R72410812 0005,35000,120380,155380,43750,168950,212700,45003GAT
R72410812 0006,35000,127260,162260,43750,169970,213720,45003GAT
R72410812 0007,38500,138190,176690,43750,160270,204020,45003GAT
R72410812 0008,38500,130910,169410,43750,166070,209820,45003GAT
R72410812 0009,38500,109990,148490,43750,125880,169630,45003GAT
R72410812 0010,35000,129690,164690,43750,148030,191780,45003GAT
R72410812 0011,35000,125960,160960,43750,155950,199700,45003GAT
R72410812 0012,35000,103770,138770,43750,115080,158830,45003GAT
R72410812 0013,35000,127790,162790,43750,167490,211240,45003GAT
R72410812 0014,35000,93890,128890,43750,119530,163280,45003GAT
R72410812 0015,35000,138000,173000,43750,176030,219780,45003GAT
R72410812 0016,35000,122330,157330,43750,151450,195200,45003GAT
R72410812 0017,35000,114940,149940,43750,144980,188730,45003GAT
R72410812 0018,35000,137380,172380,43750,153170,196920,45003GAT
R72410812 0019,35000,120030,155030,43750,135210,178960,45003GAT
R72410812 0020,35000,137000,172000,43750,165060,208810,45003GAT
R72410813 0001,36000,88720,124720,36000,94070,130070,45002GAT
R72410813 0002,36000,94670,130670,36000,93080,129080,45002GAT
R72410813 0003,36000,143760,179760,36000,163880,199880,45002GAT
R72410813 0004,36000,123890,159890,36000,133810,169810,45002GAT
R72410813 0005,36000,145470,181470,36000,138450,174450,45002GAT
R72410813 0006,36000,89330,125330,36000,94130,130130,45002GAT
R72410813 0007,36000,123900,159900,36000,137280,173280,45002GAT
R72410813 0008,36000,93940,129940,36000,92810,128810,45002GAT
R72410813 0009,36000,119770,155770,36000,121600,157600,45002GAT
R72410813 0010,36000,116530,152530,36000,124900,160900,45002GAT
R72410813 0011,36000,143280,179280,36000,142140,178140,45002GAT
R72410813 0012,36000,106880,142880,36000,146430,182430,45002GAT
R72410813 0013,36000,143510,179510,36000,138620,174620,45002GAT
R72410813 0014,36000,95620,131620,36000,95890,131890,45002GAT
R72410813 0015,36000,99820,135820,36000,91820,127820,45002GAT
R72410813 0016,39600,138230,177830,36000,139110,175110,45002GAT
R72410813 0017,39600,136210,175810,36000,136140,172140,45002GAT
R72410813 0018,39600,115130,154730,36000,128270,164270,45002GAT
R72410816 0001,20160,0,20160,0,0,0,45002GAT
R72410816 0002,36000,105910,141910,36000,108700,144700,45002GAT
R72410816 0003,36000,92970,128970,36000,90730,126730,45002GAT
R72410816 0004,36000,125880,161880,36000,124860,160860,45002GAT
R72410816 0005,36000,95910,131910,36000,95700,131700,45002GAT
R72410816 0006,36000,93200,129200,36000,114230,150230,45002GAT
R72410816 0007,36000,92030,128030,36000,95700,131700,45002GAT
R72410816 0008,39600,93020,132620,36000,90730,126730,45002GAT
R72410816 0009,39600,93550,133150,36000,91440,127440,45002GAT
R72410816 0010,36000,125240,161240,36000,135980,171980,45002GAT
R72410816 0011,36000,131010,167010,36000,136360,172360,45002GAT
R72410816 0012,36000,119000,155000,36000,118500,154500,45002GAT
R72410816 0013,36000,89860,125860,36000,91840,127840,45002GAT
R72410816 0014,36000,89860,125860,36000,92000,128000,45002GAT
R72410816 0015,36000,135020,171020,36000,135400,171400,45002GAT
R72410816 0016,36000,122790,158790,36000,113140,149140,45002GAT
R72410816 0017,36000,109950,145950,36000,115460,151460,45002GAT
R72410817 0001,36000,124280,160280,36000,125870,161870,45002GAT
R72410817 0002,36000,104720,140720,36000,120080,156080,45002GAT
R72410817 0003,36000,93400,129400,36000,96520,132520,45002GAT
R72410817 0004,36000,143800,179800,36000,148410,184410,45002GAT
R72410817 0005,36000,128370,164370,36000,136780,172780,45002GAT
R72410817 0006,39600,125070,164670,36000,156080,192080,45002GAT
R72410817 0007,39600,127260,166860,36000,135730,171730,45002GAT
R72410817 0008,39600,128940,168540,36000,139470,175470,45002GAT
R72410817 0009,39600,128960,168560,36000,138030,174030,45002GAT
R72410817 0010,39600,137890,177490,36000,159020,195020,45002GAT
R72410817 0011,36000,129700,165700,36000,131990,167990,45002GAT
R72410817 0012,36000,129980,165980,36000,108360,144360,45002GAT
R72410817 0013,36000,129510,165510,36000,152890,188890,45002GAT
R72410817 0014,36000,145440,181440,36000,142190,178190,45002GAT
R72410817 0015,36000,129640,165640,36000,141180,177180,45002GAT
R72410817 0016,36000,131430,167430,36000,143330,179330,45002GAT
R72410818 0001,36000,97630,133630,36000,104480,140480,45002GAT
R72410818 0002,36000,79710,115710,36000,112420,148420,45002GAT
R72410818 0003,36000,118280,154280,36000,124260,160260,45002GAT
R72410818 0004,36000,136240,172240,36000,131550,167550,45002GAT
R72410818 0005,36000,145730,181730,36000,159260,195260,45002GAT
R72410818 0006,39600,139590,179190,36000,147750,183750,45002GAT
R72410818 0007,39600,130880,170480,36000,160110,196110,45002GAT
R72410818 0008,36000,148060,184060,36000,139440,175440,45002GAT
R72410818 0009,39600,112150,151750,36000,103820,139820,45002GAT
R72410818 0010,39600,110740,150340,36000,134910,170910,45002GAT
R72410818 0011,36000,97320,133320,36000,95590,131590,45002GAT
R72410818 0012,36000,95190,131190,36000,102240,138240,45002GAT
R72410818 0013,21750,0,21750,0,0,0,45002GAT
R72410819 0001,36000,105770,141770,36000,108650,144650,45002GAT
R72410819 0002,36000,108230,144230,36000,104080,140080,45002GAT
R72410819 0003,36000,99590,135590,36000,118400,154400,45002GAT
R72410819 0004,36000,113600,149600,36000,109560,145560,45002GAT
R72410819 0005,36000,123310,159310,36000,113570,149570,45002GAT
R72410819 0006,36000,126120,162120,36000,149040,185040,45002GAT
R72410819 0007,36000,110060,146060,36000,114900,150900,45002GAT
R72410819 0008,36000,96920,132920,36000,96890,132890,45002GAT
R72410819 0009,36000,136290,172290,36000,146650,182650,45002GAT
R72410819 0010,36000,109010,145010,36000,104280,140280,45002GAT
R72410819 0011,39600,96730,136330,36000,93260,129260,45002GAT
R72410819 0012,39600,97810,137410,36000,143720,179720,45002GAT
R72410819 0013,39600,129190,168790,36000,121900,157900,45002GAT
R72410819 0014,39600,110680,150280,36000,121060,157060,45002GAT
R72410819 0015,39600,150580,190180,36000,153550,189550,45002GAT
R72410819 0016,36000,122680,158680,36000,141510,177510,45002GAT
R72410819 0017,36000,122880,158880,36000,129590,165590,45002GAT
R72410820 0001,39600,129220,168820,36000,138510,174510,45002GAT
R72410820 0002,36000,139560,175560,36000,154300,190300,45002GAT
R72410820 0003,36000,92600,128600,36000,116810,152810,45002GAT
R72410820 0004,36000,143630,179630,36000,136790,172790,45002GAT
R72410820 0005,36000,135950,171950,36000,142650,178650,45002GAT
R72410820 0006,36000,131350,167350,36000,139320,175320,45002GAT
R72410820 0007,36000,132810,168810,36000,147450,183450,45002GAT
R72410820 0008,36000,125620,161620,36000,181130,217130,45002GAT
R72410820 0009,36000,167920,203920,36000,166230,202230,45002GAT
R72410820 0010,30000,122770,152770,36000,124880,160880,45002GAT
R72410820 0011,36000,114610,150610,36000,121520,157520,45002GAT
R72410820 0012,36000,103120,139120,36000,140670,176670,45002GAT
R72410820 0013,36000,127970,163970,36000,120170,156170,45002GAT
R72410820 0014,36000,118610,154610,36000,123000,159000,45002GAT
R72410820 0015,36000,121750,157750,36000,133480,169480,45002GAT
R72410820 0016,36000,98490,134490,36000,119360,155360,45002GAT
R72410820 0017,36000,156160,192160,36000,157180,193180,45002GAT
R72410820 0018,36000,143860,179860,36000,158740,194740,45002GAT
R72410820 0019,0,0,0,0,0,0,45002GAT
R72410820 0020,36000,103120,139120,36000,109410,145410,45002GAT
R72410820 0021,36000,82700,118700,36000,99390,135390,45002GAT
R72410820 0022,36000,99200,135200,36000,105680,141680,45002GAT
R72410820 0023,36000,98470,134470,36000,106520,142520,45002GAT
R72410820 0024,36000,102280,138280,36000,116160,152160,45002GAT
R72410820 0025,36000,122390,158390,36000,125530,161530,45002GAT
R72410820 0026,36000,141710,177710,36000,140370,176370,45002GAT
R72410820 0027,36000,99900,135900,36000,118110,154110,45002GAT
R72410820 0028,36000,159630,195630,36000,151550,187550,45002GAT
R72410821 0001,36000,84870,120870,36000,90890,126890,45002GAT
R72410821 0002,0,0,0,0,0,0,45002GAT
R72410821 0003,36000,112530,148530,36000,144440,180440,45002GAT
R72410821 0004,36000,130200,166200,36000,161240,197240,45002GAT
R72410821 0005,36000,107990,143990,36000,134790,170790,45002GAT
R72410821 0006,36000,128060,164060,36000,139390,175390,45002GAT
R72410821 0007,36000,113690,149690,36000,131430,167430,45002GAT
R72410821 0008,36000,106280,142280,36000,131870,167870,45002GAT
R72410821 0009,39600,121600,161200,36000,152270,188270,45002GAT
R72410821 0010,39600,116810,156410,36000,153620,189620,45002GAT
R72410821 0011,39600,95330,134930,36000,108500,144500,45002GAT
R72410821 0012,36000,110050,146050,36000,138510,174510,45002GAT
R72410821 0013,36000,96090,132090,36000,91560,127560,45002GAT
R72410821 0014,36000,97350,133350,36000,121760,157760,45002GAT
R72410821 0015,36000,106480,142480,36000,119330,155330,45002GAT
R72410821 0016,36000,95540,131540,36000,128980,164980,45002GAT
R72410821 0017,36000,95450,131450,36000,113330,149330,45002GAT
R72410821 0018,36000,91310,127310,36000,101520,137520,45002GAT
R72410821 0019,36000,102270,138270,36000,129480,165480,45002GAT
R72410821 0020,36000,90990,126990,36000,93590,129590,45002GAT
R72410821 0021,36000,130070,166070,36000,152370,188370,45002GAT
R72410821 0022,36000,107040,143040,36000,123530,159530,45002GAT
R72410822 0001,36000,106570,142570,36000,121530,157530,45002GAT
R72410822 0002,36000,103420,139420,36000,116660,152660,45002GAT
R72410822 0003,36000,90780,126780,36000,127850,163850,45002GAT
R72410822 0004,36000,154970,190970,36000,189950,225950,45002GAT
R72410822 0005,36000,111580,147580,36000,145080,181080,45002GAT
R72410822 0006,36000,132730,168730,36000,139240,175240,45002GAT
R72410822 0007,36000,133810,169810,36000,133230,169230,45002GAT
R72410822 0008,36000,12700,48700,36000,135320,171320,45002GAT
R72410822 0009,36000,165860,201860,36000,163550,199550,45002GAT
R72410822 0010,36000,120900,156900,36000,147450,183450,45002GAT
R72410822 0011,36000,106690,142690,36000,149570,185570,45002GAT
R72410822 0012,36000,157110,193110,36000,164210,200210,45002GAT
R72410822 0013,36000,117000,153000,36000,138050,174050,45002GAT
R72410822 0014,39600,146900,186500,36000,153540,189540,45002GAT
R72410822 0015,36000,132620,168620,36000,126510,162510,45002GAT
R72410822 0016,36000,138810,174810,36000,142960,178960,45002GAT
R72410822 0017,36000,148070,184070,36000,149680,185680,45002GAT
R72410822 0018,36000,128020,164020,36000,148010,184010,45002GAT
R72410822 0019,36000,127840,163840,36000,140340,176340,45002GAT
R72410822 0020,36000,153470,189470,36000,155410,191410,45002GAT
R72410822 0021,36000,113200,149200,36000,108840,144840,45002GAT
R72410822 0022,36000,146390,182390,36000,159210,195210,45002GAT
R72410822 0023,36000,111960,147960,36000,135320,171320,45002GAT
R72410822 0024,36000,132880,168880,36000,130250,166250,45002GAT
R72410822 0025,0,0,0,0,0,0,45002GAT
R72410823 0001,36000,134660,170660,36000,141140,177140,45002GAT
R72410823 0002,36000,119020,155020,36000,139210,175210,45002GAT
R72410823 0003,36000,140170,176170,36000,160020,196020,45002GAT
R72410823 0004,36000,132480,168480,36000,144230,180230,45002GAT
R72410823 0005,36000,110940,146940,36000,115760,151760,45002GAT
R72410823 0006,36000,154680,190680,36000,168410,204410,45002GAT
R72410823 0007,36000,133560,169560,36000,182040,218040,45002GAT
R72410823 0008,36000,119550,155550,36000,128300,164300,45002GAT
R72410823 0009,36000,116420,152420,36000,130700,166700,45002GAT
R72410823 0010,36000,148450,184450,36000,156550,192550,45002GAT
R72410823 0011,36000,101990,137990,36000,142240,178240,45002GAT
R72410823 0012,36000,77180,113180,36000,127100,163100,45002GAT
R72410823 0013,36000,125150,161150,36000,132580,168580,45002GAT
R72410823 0014,36000,108510,144510,36000,126910,162910,45002GAT
R72410823 0015,36000,99390,135390,36000,115950,151950,45002GAT
R72410823 0016,36000,146660,182660,36000,155130,191130,45002GAT
R72410823 0017,36000,112330,148330,36000,150180,186180,45002GAT
R72410823 0018,36000,134720,170720,36000,142520,178520,45002GAT
R72410823 0019,36000,100380,136380,36000,120160,156160,45002GAT
R72410823 0020,36000,126910,162910,36000,124730,160730,45002GAT
R72410823 0021,36000,112000,148000,36000,127580,163580,45002GAT
R72410823 0022,36000,89790,125790,36000,94540,130540,45002GAT
R72410824 0001,36000,96860,132860,36000,99940,135940,45002GAT
R72410824 0002,36000,98570,134570,36000,171920,207920,45002GAT
R72410824 0003,36000,155080,191080,36000,162350,198350,45002GAT
R72410824 0004,36000,130810,166810,36000,181100,217100,45002GAT
R72410824 0005,36000,137390,173390,36000,152890,188890,45002GAT
R72410824 0006,36000,119790,155790,36000,144580,180580,45002GAT
R72410824 0007,36000,108340,144340,36000,108490,144490,45002GAT
R72410824 0008,36000,116280,152280,36000,154390,190390,45002GAT
R72410824 0009,36000,118210,154210,36000,138910,174910,45002GAT
R72410824 0010,36000,101000,137000,36000,118020,154020,45002GAT
R72410824 0011,36000,161830,197830,36000,178140,214140,45002GAT
R72410824 0012,36000,127120,163120,36000,142470,178470,45002GAT
R72410824 0013,36000,122340,158340,36000,130290,166290,45002GAT
R72410824 0014,36000,119190,155190,36000,148220,184220,45002GAT
R72410824 0015,36000,151210,187210,36000,159430,195430,45002GAT
R72410824 0016,36000,127810,163810,36000,146910,182910,45002GAT
R72410824 0017,36000,96770,132770,36000,98940,134940,45002GAT
R72410824 0018,36000,115770,151770,36000,120840,156840,45002GAT
R72410824 0019,36000,80700,116700,36000,103190,139190,45002GAT
R72410824 0020,36000,89330,125330,36000,100350,136350,45002GAT
R72410824 0021,36000,100890,136890,36000,116350,152350,45002GAT
R72410824 0022,36000,116670,152670,36000,122710,158710,45002GAT
R72410824 0023,36000,142870,178870,36000,146270,182270,45002GAT
R72410824 0024,36000,107850,143850,36000,116380,152380,45002GAT
R72410824 0025,36000,135800,171800,36000,138370,174370,45002GAT
R72410824 0026,36000,129730,165730,36000,130930,166930,45002GAT
R72410824 0027,36000,132900,168900,36000,165290,201290,45002GAT
R72410824 0028,36000,109660,145660,36000,115670,151670,45002GAT
R72410824 0029,36000,122610,158610,36000,133210,169210,45002GAT
R72410824 0030,36000,77130,113130,36000,94490,130490,45002GAT
R72410824 0031,36000,76490,112490,36000,104480,140480,45002GAT
R72410824 0032,36000,96200,132200,36000,106010,142010,45002GAT
R72410824 0033,0,0,0,0,0,0,45002GAT
R72410825 0001,36000,134200,170200,36000,156250,192250,45002GAT
R72410825 0002,36000,131190,167190,36000,130910,166910,45002GAT
R72410825 0003,36000,141430,177430,36000,159480,195480,45002GAT
R72410825 0004,36000,171600,207600,36000,193360,229360,45002GAT
R72410825 0005,36000,180880,216880,36000,178710,214710,45002GAT
R72410825 0006,36000,139090,175090,36000,145690,181690,45002GAT
R72410825 0007,36000,108990,144990,36000,112220,148220,45002GAT
R72410825 0008,36000,113030,149030,36000,123470,159470,45002GAT
R72410825 0009,36000,181770,217770,36000,189620,225620,45002GAT
R72410825 0010,36000,132250,168250,36000,140880,176880,45002GAT
R72410825 0011,36000,110400,146400,36000,125390,161390,45002GAT
R72410825 0012,36000,157230,193230,36000,188370,224370,45002GAT
R72410825 0013,36000,121680,157680,36000,141340,177340,45002GAT
R72410825 0014,36000,164700,200700,36000,198680,234680,45002GAT
R72410825 0015,36000,102090,138090,36000,102020,138020,45002GAT
R72410825 0016,36000,163930,199930,36000,213230,249230,45002GAT
R72410825 0017,36000,140070,176070,36000,153870,189870,45002GAT
R72410825 0018,36000,130510,166510,36000,161990,197990,45002GAT
R72410825 0019,0,0,0,0,0,0,45002GAT
R72410826 0001,36000,130150,166150,36000,127550,163550,45002GAT
R72410826 0002,36000,103150,139150,36000,126830,162830,45002GAT
R72410826 0003,36000,125050,161050,36000,120620,156620,45002GAT
R72410826 0004,36000,165620,201620,36000,187650,223650,45002GAT
R72410826 0005,36000,120210,156210,36000,151590,187590,45002GAT
R72410826 0006,36000,164210,200210,36000,185980,221980,45002GAT
R72410826 0007,36000,121800,157800,36000,131230,167230,45002GAT
R72410826 0008,36000,117550,153550,36000,202100,238100,45002GAT
R72410826 0009,36000,179060,215060,36000,215390,251390,45002GAT
R72410826 0010,36000,140050,176050,36000,152660,188660,45002GAT
R72410826 0011,36000,136150,172150,36000,154360,190360,45002GAT
R72410826 0012,36000,111740,147740,36000,134650,170650,45002GAT
R72410826 0013,36000,120800,156800,36000,142560,178560,45002GAT
R72410826 0014,36000,112000,148000,36000,192880,228880,45002GAT
R72410826 0015,36000,125370,161370,36000,139830,175830,45002GAT
R72410826 0016,36000,191970,227970,36000,198260,234260,45002GAT
R72410826 0017,36000,119180,155180,36000,121620,157620,45002GAT
R72410826 0018,36000,145390,181390,36000,165250,201250,45002GAT
R72410826 0019,36000,195020,231020,36000,207630,243630,45002GAT
R72410826 0020,36000,126780,162780,36000,135110,171110,45002GAT
R72410826 0021,36000,114870,150870,36000,158420,194420,45002GAT
R72410826 0022,36000,154930,190930,36000,198160,234160,45002GAT
R72410826 0023,36000,190320,226320,36000,202990,238990,45002GAT
R72410826 0024,36000,149900,185900,36000,185570,221570,45002GAT
R72410826 0025,36000,137370,173370,36000,146500,182500,45002GAT
R72410826 0026,36000,114380,150380,36000,145120,181120,45002GAT
R72410826 0027,36000,112420,148420,36000,121320,157320,45002GAT
R72410826 0028,36000,135520,171520,36000,126650,162650,45002GAT
R72410826 0029,36000,133680,169680,36000,131280,167280,45002GAT
R72410826 0030,36000,159840,195840,36000,195620,231620,45002GAT
R72410826 0031,36000,119850,155850,36000,158300,194300,45002GAT
R72410826 0032,36000,201550,237550,36000,211250,247250,45002GAT
R72410826 0033,36000,118430,154430,36000,145620,181620,45002GAT
R72410826 0034,36000,111350,147350,36000,121460,157460,45002GAT
R72410826 0035,36000,140120,176120,36000,152700,188700,45002GAT
R72410826 0036,36000,146580,182580,36000,146990,182990,45002GAT
R72410826 0037,0,0,0,0,0,0,45002GAT
R72410826 0038,0,0,0,0,0,0,45002GAT
R72410826 0039,0,0,0,0,0,0,45002GAT
R72416122 0002,55730,193140,248870,55730,246700,302430,41000GAT
R72416122 0003,99850,57930,135010,110740,93540,204280,41000GAT
R72416122 0004,60960,307130,368090,60960,346820,407780,41000GAT
R72417305 0001,28000,83410,111410,29400,113500,142900,45001FOR
R72417305 0002,28000,99530,127530,29400,110060,139460,45001FOR
R72417305 0003,28000,117590,145590,29400,127290,156690,45001FOR
R72417305 0004,28000,83670,111670,29400,96340,125740,45001FOR
R72417305 0005,28000,109490,137490,29400,142280,171680,45001FOR
R72417305 0006,28000,88200,116200,29400,117130,146530,45001FOR
R72417305 0007,28000,108310,136310,29400,116060,145460,45001FOR
R72417305 0008,28000,104740,132740,29400,120810,150210,45001FOR
R72417305 0009,30800,159400,190200,29400,175870,205270,45001FOR
R72417305 0010,28000,91190,119190,29400,103750,133150,45001FOR
R72417305 0011,28000,126800,154800,29400,137030,166430,45001FOR
R72417305 0012,28000,111580,139580,29400,118110,147510,45001FOR
R72417305 0013,28000,83230,111230,29400,95250,124650,45001FOR
R72417306 0001,28000,112590,140590,29400,126770,156170,45001FOR
R72417306 0002,28000,117100,145100,29400,126470,155870,45001FOR
R72417306 0003,28000,105420,133420,29400,118440,147840,45001FOR
R72417306 0004,28000,99680,127680,29400,115300,144700,45001FOR
R72417306 0005,28000,97630,125630,29400,100320,129720,45001FOR
R72417306 0006,28000,125820,153820,29400,137930,167330,45001FOR
R72417306 0007,28000,91380,119380,29400,115660,145060,45001FOR
R72417306 0008,28000,124970,152970,29400,134090,163490,45001FOR
R72417306 0009,28000,118540,146540,29400,129480,158880,45001FOR
R72417306 0010,28000,99280,127280,29400,105530,134930,45001FOR
R72417306 0011,28000,131510,159510,29400,136360,165760,45001FOR
R72417306 0012,28000,100950,128950,29400,117070,146470,45001FOR
R72417306 0013,28000,89570,117570,29400,97160,126560,45001FOR
R72417306 0014,28000,102480,130480,29400,124290,153690,45001FOR
R72417306 0015,28000,100720,128720,29400,119340,148740,45001FOR
R72417306 0016,28000,107330,135330,29400,131460,160860,45001FOR
R72417306 0017,30800,96680,127480,32340,111530,143870,45001FOR
R72417306 0018,30800,97100,127900,32340,114890,147230,45001FOR
R72417306 0019,30800,128680,159480,32340,130350,162690,45001FOR
R72417306 0020,27720,120810,148530,29110,143600,172710,45001FOR
R72417306 0021,4900,0,4900,5150,0,5150,45001FOR
R72417306 0027,28000,109330,137330,29400,127660,157060,45001FOR
R72417306 0028,28000,107530,135530,29400,115600,145000,45001FOR
R72417306 0029,28000,109430,137430,29400,132290,161690,45001FOR
R72417306 0030,28000,95450,123450,29400,109170,138570,45001FOR
R72417311 0002,28000,116940,144940,29400,126200,155600,45001FOR
R72417311 0003,28000,112660,140660,29400,122820,152220,45001FOR
R72417311 0004,28000,112450,140450,29400,137340,166740,45001FOR
R72417311 0005,30800,136190,166990,32340,154010,186350,45001FOR
R72417311 0006,28000,124480,152480,29400,135660,165060,45001FOR
R72417311 0007,28000,99560,127560,29400,120930,150330,45001FOR
R72417311 0008,28000,94390,122390,29400,103540,132940,45001FOR
R72417311 0009,28000,89430,117430,29400,118080,147480,45001FOR
R72417311 0012,28000,96640,124640,29400,113690,143090,45001FOR
R72417311 0013,28000,113840,141840,29400,119760,149160,45001FOR
R72417311 0014,28000,97270,125270,29400,105150,134550,45001FOR
R72417311 0015,28000,107500,135500,29400,120030,149430,45001FOR
R72417311 0016,28000,88340,116340,29400,110760,140160,45001FOR
R72417311 0017,28000,116310,144310,29400,135270,164670,45001FOR
R72417311 0018,28000,90640,118640,29400,104360,133760,45001FOR
R72417311 0019,28000,108310,136310,29400,120840,150240,45001FOR
R72417311 0020,28000,105860,133860,29400,131970,161370,45001FOR
R72417311 0021,28000,102110,130110,29400,137660,167060,45001FOR
R72417311 0022,28000,90960,118960,29400,100320,129720,45001FOR
R72417311 0023,28000,108770,136770,29400,135660,165060,45001FOR
R72417312 0001,30800,117750,148550,32340,139170,171510,45001FOR
R72417312 0002,30800,129590,160390,32340,145810,178150,45001FOR
R72417312 0003,28000,95280,123280,29400,114540,143940,45001FOR
R72417312 0004,28000,143490,171490,29400,151210,180610,45001FOR
R72417312 0005,28000,118330,146330,29400,124030,153430,45001FOR
R72417312 0006,28000,110190,138190,29400,120970,150370,45001FOR
R72417312 0007,28000,88050,116050,29400,98750,128150,45001FOR
R72417312 0008,28000,109540,137540,29400,124250,153650,45001FOR
R72417312 0009,28000,92080,120080,29400,112330,141730,45001FOR
R72417312 0010,28000,107800,135800,29400,118510,147910,45001FOR
R72417312 0011,28000,99130,127130,29400,121840,151240,45001FOR
R72417312 0012,28000,116610,144610,29400,139690,169090,45001FOR
R72417312 0013,28000,76650,104650,29400,111700,141100,45001FOR
R72417312 0014,28000,116820,144820,29400,132530,161930,45001FOR
R72417312 0015,28000,97580,125580,29400,106730,136130,45001FOR
R72417312 0016,28000,80520,108520,29400,101020,130420,45001FOR
R72417716 0001,50000,175560,225560,29400,205980,235380,45001FOR
R72417716 0002,50000,132590,182590,29400,128740,158140,45001FOR
R72516815 0005,12000,110,12110,0,0,0,83000GER
R72516815 0006,12000,1440,13440,9600,170,9770,83000GER
R72516815 0007,9600,0,9600,7680,0,7680,83000GER
R72516815 0008,12000,130,12130,7680,0,7680,83000GER
R72516815 0019,9600,0,9600,7680,0,7680,83000GER
R72516815 0020,12000,0,12000,9600,0,9600,83000GER
R72516815 0021,12000,0,12000,9600,0,9600,83000GER
R72516815 0023,12000,40760,52760,9600,38890,48490,83000GER
R72516815 0025,9600,0,9600,7680,0,7680,83000GER
R72516815 0029,12000,18180,30180,9600,19060,28660,83000GER
R72516815 0031,12000,0,12000,9600,0,9600,83000GER
R72516815 0032,22340,69690,92030,17880,89910,107790,83000GER
R72516818 0001,10010,15560,25570,8020,29890,37910,83000GER
R72516818 0002,10190,35130,45320,8150,34300,42450,83000GER
R72516818 0003,10440,34720,45160,8340,33080,41420,83000GER
R72516818 0004,10790,35010,45800,8540,32370,40910,83000GER
R72516818 0005,4150,0,4150,3240,0,3240,83000GER
R72516818 0006,9430,34690,44120,7580,23590,31170,83000GER
R72516818 0007,9240,28930,38170,7440,27440,34880,83000GER
R72516818 0008,13200,34000,47200,9600,30070,39670,83000GER
R72516818 0009,13200,35490,48690,9600,32550,42150,83000GER
R72516818 0010,9320,33980,43300,7500,28570,36070,83000GER
R72516818 0011,8850,34700,43550,7150,33030,40180,83000GER
R72516818 0012,8850,33060,41910,7150,29890,37040,83000GER
R72516818 0013,9320,15730,25050,7470,32510,39980,83000GER
R72516818 0014,9880,22660,32540,7930,32510,40440,83000GER
R72516818 0015,13200,34000,47200,9600,30070,39670,83000GER
R72516818 0016,13200,34000,47200,9600,28570,38170,83000GER
R72516818 0017,13200,29280,42480,9600,30530,40130,83000GER
R72516818 0018,9240,30770,40010,7410,35450,42860,83000GER
R72516818 0020,5150,31620,36770,4670,34080,38750,83000GER
R72516818 0021,11030,26080,37110,8660,50450,59110,83000GER
R72516818 0022,5030,0,5030,4010,0,4010,83000GER
R72516818 0024,7680,0,7680,6140,0,6140,83000GER
R72516818 0025,11610,35020,46630,9320,28520,37840,83000GER
R72516818 0026,4890,0,4890,3920,0,3920,83000GER
R72516818 0027,13020,35030,48050,10510,32370,42880,83000GER
R72516818 0028,10710,41170,51880,8600,47270,55870,83000GER
R72516818 0029,10800,34600,45400,8670,33080,41750,83000GER
R72516818 0030,10920,17320,28240,8710,41850,50560,83000GER
R72516818 0031,11260,35010,46270,8970,91230,100200,83000GER
R72516818 0032,4450,0,4450,3520,0,3520,83000GER
R72516818 0033,10980,19770,30750,8780,32370,41150,83000GER
R72516818 0034,10920,35530,46450,8710,32370,41080,83000GER
R72516818 0035,10920,35520,46440,8710,56890,65600,83000GER
R72516818 0036,11180,18570,29750,8860,33730,42590,83000GER
R72516912 0001,58050,58250,116300,44600,62820,107420,83000FRL
R72516912 0002,12000,95130,107130,12000,78750,90750,83000FRL
R72516912 0003,12000,64280,76280,12000,65810,77810,83000FRL
R72516912 0004,82880,14160,97040,37360,0,37360,83000FRL
R72516913 0001,31640,77890,109530,18080,141410,159490,83000FRL
R72516913 0003,22740,52830,75570,12990,53040,66030,83000FRL
R72516913 0005,17640,0,17640,3910,0,3910,83000FRL
R72516913 0013,40990,89340,130330,23420,148450,171870,83000FRL
R72516913 0014,69620,0,69620,39780,0,39780,83000FRL
R72516913 0016,4220,0,4220,2410,0,2410,83000FRL
R72516914 0001,20000,97610,117610,22000,102080,124080,85004DAY
R72516914 0002,20000,108720,128720,22000,111990,133990,85004DAY
R72516914 0003,20000,65380,85380,22000,86640,108640,85004DAY
R72516914 0004,20000,66400,86400,22000,82620,104620,85004DAY
R72516914 0005,20000,102510,122510,22000,126770,148770,85004DAY
R72516914 0006,20000,168980,188980,22000,153180,175180,85004DAY
R72516914 0007,20000,106500,126500,22000,137060,159060,85004DAY
R72516914 0008,20000,94690,114690,22000,107330,129330,85004DAY
R72516914 0009,20000,63500,83500,22000,75250,97250,85004DAY
R72516914 0010,20000,101160,121160,22000,104970,126970,85004DAY
R72516914 0011,20000,66690,86690,22000,88910,110910,85004DAY
R72516914 0012,20000,74240,94240,22000,86610,108610,85004DAY
R72516914 0013,20000,72740,92740,22000,82100,104100,85004DAY
R72516914 0014,20000,67460,87460,22000,75510,97510,85004DAY
R72516914 0015,20000,99870,119870,22000,117310,139310,85004DAY
R72516916 0028,12000,98810,110810,12000,141280,153280,83000FRL
R72516919 0001,30660,26880,57540,17520,20030,37550,83000FRL
R72516919 0002,22410,0,22410,12800,0,12800,83000FRL
R72516919 0003,6910,0,6910,3950,0,3950,83000FRL
R72516919 0004,16130,65970,82100,9220,48000,57220,83000FRL
R72516919 0005,20000,54310,74310,22000,67960,89960,85004DAY
R72516919 0006,20000,52810,72810,22000,72360,94360,85004DAY
R72516919 0007,20000,56930,76930,22000,66790,88790,85004DAY
R72516919 0008,20000,77900,97900,22000,72680,94680,85004DAY
R72516919 0009,20000,88570,108570,22000,95650,117650,85004DAY
R72516919 0010,20000,66370,86370,22000,51970,73970,85004DAY
R72516919 0011,20000,117330,137330,22000,136890,158890,85004DAY
R72516919 0013,20000,63900,83900,22000,47560,69560,85004DAY
R72516919 0014,20000,62630,82630,22000,75420,97420,85004DAY
R72516919 0015,20000,67480,87480,22000,85200,107200,85004DAY
R72516919 0016,20000,67920,87920,22000,72350,94350,85004DAY
R72516919 0017,20000,62150,82150,22000,91880,113880,85004DAY
R72516920 0001,41860,23030,64890,23920,1950,25870,83000FRL
R72516920 0002,78750,0,78750,45000,0,45000,83000FRL
R72516921 0001,20000,56330,76330,22000,46560,68560,85004DAY
R72516921 0002,20000,60510,80510,22000,82850,104850,85004DAY
R72516921 0003,20000,59860,79860,22000,87630,109630,85004DAY
R72516921 0004,20000,71860,91860,22000,88700,110700,85004DAY
R72516921 0005,20000,69170,89170,22000,70910,92910,85004DAY
R72516921 0006,20000,64990,84990,22000,82980,104980,85004DAY
R72516921 0007,20000,79940,99940,22000,105070,127070,85004DAY
R72516921 0008,20000,74720,94720,22000,89850,111850,85004DAY
R72516921 0009,20000,79580,99580,22000,96000,118000,85004DAY
R72516921 0010,20000,69800,89800,22000,82690,104690,85004DAY
R72516921 0011,20000,72250,92250,22000,82510,104510,85004DAY
R72516921 0012,20000,84590,104590,22000,100040,122040,85004DAY
R72516921 0013,20000,64600,84600,22000,61270,83270,85004DAY
R72516921 0014,20000,91850,111850,22000,94920,116920,85004DAY
R72516922 0001,20000,68730,88730,22000,70000,92000,85004DAY
R72516922 0002,20000,63780,83780,22000,69020,91020,85004DAY
R72516922 0003,20000,48870,68870,22000,68330,90330,85004DAY
R72516922 0004,20000,66940,86940,22000,83010,105010,85004DAY
R72516922 0005,20000,86360,106360,22000,89790,111790,85004DAY
R72516922 0006,20000,69470,89470,22000,83410,105410,85004DAY
R72516922 0007,20000,84220,104220,22000,94980,116980,85004DAY
R72516922 0008,20000,59570,79570,22000,77600,99600,85004DAY
R72516922 0009,20000,65910,85910,22000,90700,112700,85004DAY
R72516922 0010,20000,74800,94800,22000,89790,111790,85004DAY
R72516922 0011,20000,76460,96460,22000,89470,111470,85004DAY
R72516922 0012,20000,76110,96110,22000,99220,121220,85004DAY
R72516922 0013,20000,74820,94820,22000,90090,112090,85004DAY
R72516922 0014,20000,73860,93860,22000,78420,100420,85004DAY
R72516922 0015,20000,59070,79070,22000,65510,87510,85004DAY
R72516922 0016,20000,68850,88850,22000,79440,101440,85004DAY
R72516922 0017,20000,59670,79670,22000,48970,70970,85004DAY
R72516923 0001,20000,76430,96430,22000,86430,108430,85004DAY
R72516923 0002,12800,0,12800,14080,0,14080,85004DAY
R72516923 0003,20000,87170,107170,22000,85660,107660,85004DAY
R72516923 0004,20000,77080,97080,22000,97700,119700,85004DAY
R72516923 0005,20000,61640,81640,22000,67970,89970,85004DAY
R72516923 0006,20000,79640,99640,22000,91040,113040,85004DAY
R72516923 0007,20000,73470,93470,22000,89630,111630,85004DAY
R72516923 0008,20000,135110,155110,22000,86700,108700,85004DAY
R72516923 0009,20000,120470,140470,22000,103340,125340,85004DAY
R72516923 0010,20000,91100,111100,22000,84040,106040,85004DAY
R72516924 0001,20000,105630,125630,22000,129150,151150,85004DAY
R72516924 0002,20000,99830,119830,22000,117380,139380,85004DAY
R72516924 0003,20000,70190,90190,22000,114440,136440,85004DAY
R72516924 0004,20000,168170,188170,22000,156770,178770,85004DAY
R72516924 0005,20000,144720,164720,22000,142140,164140,85004DAY
R72516924 0006,20000,122020,142020,22000,135350,157350,85004DAY
R72516924 0007,20000,85410,105410,22000,92130,114130,85004DAY
R72516924 0008,20000,128650,148650,22000,149460,171460,85004DAY
R72516924 0009,20000,70030,90030,22000,80030,102030,85004DAY
R72516924 0010,20000,81330,101330,22000,73770,95770,85004DAY
R72516924 0011,20000,88340,108340,22000,95780,117780,85004DAY
R72516924 0012,20000,59510,79510,22000,63550,85550,85004DAY
R72516924 0013,20000,72690,92690,22000,59180,81180,85004DAY
R72516924 0014,20000,226910,246910,22000,249340,271340,85004DAY
R72516924 0015,12800,0,12800,14080,0,14080,85004DAY
R72516924 0016,20000,158880,178880,22000,182200,204200,85004DAY
R72516924 0017,20000,97550,117550,22000,134780,156780,85004DAY
R72516924 0018,20000,82980,102980,22000,103420,125420,85004DAY
R72516924 0019,20000,78200,98200,22000,129610,151610,85004DAY
R72516924 0020,20000,60410,80410,22000,100730,122730,85004DAY
R72516924 0021,20000,67530,87530,22000,73770,95770,85004DAY
R72516924 0022,20000,76710,96710,22000,90390,112390,85004DAY
R72516924 0023,20000,72080,92080,22000,63040,85040,85004DAY
R72516924 0024,20000,60300,80300,22000,106680,128680,85004DAY
R72516924 0025,12800,0,12800,14080,0,14080,85004DAY
R72516925 0001,20000,52260,72260,22000,69860,91860,85004DAY
R72516925 0002,20000,62330,82330,22000,73070,95070,85004DAY
R72516925 0003,20000,56730,76730,22000,65450,87450,85004DAY
R72516926 0001,12000,52410,64410,13000,57530,70530,85002000
R72517401 0001,7500,66450,73950,8630,62550,71180,82000FRL
R72517401 0002,7500,63840,71340,8630,56790,65420,82000FRL
R72517401 0003,3750,63420,67170,4320,55950,60270,82000FRL
R72517401 0004,7500,81740,89240,8630,70240,78870,82000FRL
R72517401 0005,7500,69770,77270,8630,62000,70630,82000FRL
R72517401 0006,7500,70450,77950,8630,67770,76400,82000FRL
R72517401 0007,6000,0,6000,6900,0,6900,82000FRL
R72517401 0008,6000,0,6000,6900,0,6900,82000FRL
R72517401 0009,6000,0,6000,6900,0,6900,82000FRL
R72517401 0010,6000,0,6000,6900,0,6900,82000FRL
R72517401 0011,6000,0,6000,6900,0,6900,82000FRL
R72517403 0001,12000,39160,51160,13000,62940,75940,85002000
R72517403 0002,12000,34990,46990,13000,81530,94530,85002000
R72517408 0001,9600,0,9600,7680,0,7680,83000GER
R72517408 0002,9600,0,9600,7680,0,7680,83000GER
R72517408 0003,9600,0,9600,7680,0,7680,83000GER
R72517408 0004,9600,0,9600,7680,0,7680,83000GER
R72517408 0005,9600,0,9600,7680,0,7680,83000GER
R72517408 0006,9600,0,9600,7680,0,7680,83000GER
R72517408 0007,9600,0,9600,7680,0,7680,83000GER
R72517408 0008,9600,0,9600,7680,0,7680,83000GER
R72517408 0009,9600,0,9600,7680,0,7680,83000GER
R72517409 0001,76440,73450,149890,61150,94020,155170,83000GER
R72517409 0002,89380,0,89380,71500,0,71500,83000GER
R72517409 0003,86800,0,86800,69440,0,69440,83000GER
R72517409 0004,56970,126260,183230,45580,138860,184440,83000GER
R72517409 0005,56950,104400,161350,45560,119060,164620,83000GER
R72517409 0006,76720,91910,168630,61380,110710,172090,83000GER
R72517409 0007,12000,0,12000,9600,0,9600,83000GER
R72517409 0008,44760,0,44760,35810,0,35810,83000GER
R72517409 0009,28000,68360,96360,22400,117320,139720,83000GER
R72517409 0010,23210,62990,86200,18570,102500,121070,83000GER
R72517409 0012,16130,43670,59800,8990,61580,70570,85002000
R72517409 0015,12850,35900,48750,7160,32060,39220,85002000
R72517409 0016,440,0,440,500,0,500,83000GER
R72517409 0018,25560,52440,78000,14240,64130,78370,85002000
R72517409 0019,6420,0,6420,5140,0,5140,83000GER
R72517409 0020,7620,4960,12580,6100,3210,9310,83000GER
R72517409 0021,!,!,!
R72517410 0006,22410,0,22410,5450,0,5450,83000GER
R72517412 0008,33040,18480,51520,18410,31780,50190,85002000
R72517412 0009,25930,0,25930,20740,0,20740,83000GER
R72517412 0012,52680,89470,142150,42150,98550,140700,83000GER
R72517415 0002,76230,67840,144070,60980,112040,173020,83000GER
R72517415 0003,83160,59140,142300,66530,205360,271890,83000GER
R72517415 0004,41370,0,41370,33100,0,33100,83000GER
R72517515 0001,7680,0,7680,7680,0,7680,83000FRL
R72517515 0002,12000,75770,87770,12000,95360,107360,83000FRL
R72517515 0003,12000,64970,76970,12000,108900,120900,83000FRL
R72517515 0004,7680,0,7680,7680,0,7680,83000FRL
R72517515 0005,12000,52270,64270,12000,82850,94850,83000FRL
R72517515 0006,7680,0,7680,7680,0,7680,83000FRL
R72517515 0007,12000,77430,89430,12000,118720,130720,83000FRL
R72517515 0008,12000,52910,64910,12000,98850,110850,83000FRL
R72517515 0009,12000,34470,46470,12000,29420,41420,83000FRL
R72550317 0001,5000,33180,38180,5000,22940,27940,8200A000
R72550317 0002,5000,22150,27150,5000,27660,32660,8200A000
R72550317 0003,5000,22110,27110,5000,22940,27940,8200A000
R72550317 0004,5000,22110,27110,5000,22940,27940,8200A000
R72550317 0005,5000,23880,28880,5000,17220,22220,8200A000
R72550317 0006,5000,19800,24800,5000,19690,24690,8200A000
R72550317 0007,5000,20340,25340,5000,18980,23980,8200A000
R72550317 0008,5000,23550,28550,5000,24540,29540,8200A000
R72550317 0009,5000,19880,24880,5000,21970,26970,8200A000
R72550317 0019,5000,19800,24800,5000,17910,22910,8200A000
R72550317 0020,5000,19800,24800,5000,19690,24690,8200A000
R72550317 0021,5000,20340,25340,5000,22770,27770,8200A000
R72550317 0022,5000,23080,28080,5000,28640,33640,8200A000
R72550317 0023,5000,20060,25060,5000,22270,27270,8200A000
R72550317 0024,5000,15570,20570,5000,23410,28410,8200A000
R72550317 0025,5000,22110,27110,5000,27530,32530,8200A000
R72550317 0026,5000,22150,27150,5000,23050,28050,8200A000
R72550317 0027,5000,19730,24730,5000,21640,26640,8200A000
R72550317 0028,5000,25700,30700,5000,27350,32350,8200A000
R72550317 0029,5000,21490,26490,5000,23630,28630,8200A000
R72550317 0030,5000,21490,26490,5000,23630,28630,8200A000
R72550317 0031,5000,20680,25680,5000,17900,22900,8200A000
R72550317 0032,5000,19800,24800,5000,16520,21520,8200A000
R72550317 0033,5000,22110,27110,5000,22940,27940,8200A000
R72550317 0034,5000,22220,27220,5000,23180,28180,8200A000
R72550317 0035,5000,19820,24820,5000,18430,23430,8200A000
R72550317 0036,5000,34250,39250,5000,24730,29730,8200A000
R72550317 0037,5000,14200,19200,5000,20930,25930,8200A000
R72550317 0038,5000,20010,25010,5000,19690,24690,8200A000
R72603311 0001,55000,153420,208420,51750,168480,220230,47035PHE
R72603311 0002,55000,225900,280900,51750,261580,313330,47035PHE
R72603311 0003,55000,195450,250450,51750,206840,258590,47035PHE
R72603311 0004,55000,218320,273320,51750,252290,304040,47035PHE
R72603311 0005,50000,141250,191250,51750,203190,254940,47035PHE
R72603311 0006,50000,206730,256730,51750,219740,271490,47035PHE
R72603311 0007,50000,164420,214420,51750,195810,247560,47035PHE
R72603311 0008,50000,203420,253420,51750,208370,260120,47035PHE
R72603311 0009,50000,145760,195760,51750,182320,234070,47035PHE
R72603311 0010,50000,173290,223290,51750,260870,312620,47035PHE
R72603311 0011,50000,192770,242770,51750,217080,268830,47035PHE
R72603311 0012,50000,199780,249780,51750,202410,254160,47035PHE
R72603311 0013,50000,215670,265670,51750,225040,276790,47035PHE
R72603311 0014,50000,147430,197430,51750,145930,197680,47035PHE
R72603311 0015,50000,224770,274770,51750,221780,273530,47035PHE
R72603311 0016,50000,197820,247820,45000,207690,252690,47035PHE
R72603311 0017,50000,183700,233700,51750,200840,252590,47035PHE
R72603311 0018,50000,219650,269650,51750,252590,304340,47035PHE
R72603311 0019,50000,196380,246380,51750,220220,271970,47035PHE
R72603311 0020,55000,189110,244110,51750,241420,293170,47035PHE
R72603311 0021,55000,192010,247010,51750,221350,273100,47035PHE
R72603311 0022,55000,150420,205420,51750,173890,225640,47035PHE
R72603311 0023,50000,190190,240190,51750,193580,245330,47035PHE
R72603311 0024,50000,202570,252570,51750,205450,257200,47035PHE
R72603311 0025,50000,161280,211280,51750,179500,231250,47035PHE
R72603311 0026,50000,185960,235960,51750,198700,250450,47035PHE
R72603311 0027,50000,209880,259880,51750,239490,291240,47035PHE
R72603311 0028,50000,210720,260720,51750,218780,270530,47035PHE
R72603311 0029,50000,201080,251080,51750,253360,305110,47035PHE
R72603311 0030,50000,206040,256040,51750,210250,262000,47035PHE
R72603311 0031,50000,138360,188360,51750,145930,197680,47035PHE
R72603311 0032,50000,198810,248810,51750,215180,266930,47035PHE
R72603311 0033,50000,182050,232050,51750,181900,233650,47035PHE
R72603311 0034,50000,148510,198510,51750,163960,215710,47035PHE
R72603311 0035,50000,215460,265460,51750,216480,268230,47035PHE
R72603311 0036,50000,140430,190430,51750,169910,221660,47035PHE
R72603311 0037,55000,170050,225050,51750,176210,227960,47035PHE
R72603311 0038,55000,174500,229500,51750,199660,251410,47035PHE
R72603311 0039,55000,160500,215500,51750,175560,227310,47035PHE
R72603311 0040,55000,199120,254120,51750,208580,260330,47035PHE
R72603311 0041,50000,142940,192940,51750,160270,212020,47035PHE
R72603311 0042,50000,206260,256260,51750,207330,259080,47035PHE
R72603311 0043,50000,155320,205320,51750,176220,227970,47035PHE
R72603311 0044,50000,189900,239900,51750,201420,253170,47035PHE
R72603311 0045,0,0,0,0,0,0,47035PHE
R72603704 0001,40000,132620,172620,38500,141130,179630,47030PHE
R72603704 0002,40000,106690,146690,38500,114130,152630,47030PHE
R72603704 0003,40000,124260,164260,38500,149110,187610,47030PHE
R72603704 0004,40000,111650,151650,38500,116530,155030,47030PHE
R72603704 0005,40000,122190,162190,38500,140560,179060,47030PHE
R72603704 0006,40000,96290,136290,38500,104510,143010,47030PHE
R72603704 0007,40000,122610,162610,38500,142420,180920,47030PHE
R72603704 0008,40000,98870,138870,38500,129030,167530,47030PHE
R72603704 0009,40000,122410,162410,38500,139970,178470,47030PHE
R72603704 0010,40000,108370,148370,38500,126870,165370,47030PHE
R72603704 0011,40000,105030,145030,38500,52010,90510,47030PHE
R72603704 0012,40000,120810,160810,38500,136290,174790,47030PHE
R72603704 0013,40000,131790,171790,38500,152380,190880,47030PHE
R72603704 0014,40000,123310,163310,38500,140590,179090,47030PHE
R72603704 0015,40000,112880,152880,38500,136330,174830,47030PHE
R72603704 0016,40000,111330,151330,38500,132310,170810,47030PHE
R72603704 0017,40000,127980,167980,38500,137890,176390,47030PHE
R72603704 0018,40000,106850,146850,38500,129090,167590,47030PHE
R72603704 0019,40000,114070,154070,38500,136690,175190,47030PHE
R72603704 0020,40000,114310,154310,38500,133290,171790,47030PHE
R72603704 0021,40000,103780,143780,38500,123350,161850,47030PHE
R72603704 0022,40000,102240,142240,38500,111380,149880,47030PHE
R72603704 0023,40000,115710,155710,38500,123370,161870,47030PHE
R72603704 0024,40000,126330,166330,38500,139150,177650,47030PHE
R72603704 0025,40000,123240,163240,38500,139970,178470,47030PHE
R72603704 0026,40000,106810,146810,38500,123160,161660,47030PHE
R72603704 0027,40000,116670,156670,38500,132140,170640,47030PHE
R72603704 0028,25600,0,25600,24640,0,24640,47030PHE
R72603704 0029,40000,124470,164470,38500,147400,185900,47030PHE
R72603705 0001,40000,100540,140540,38500,109940,148440,47030PHE
R72603705 0002,40000,105430,145430,38500,125650,164150,47030PHE
R72603705 0003,40000,123370,163370,38500,142060,180560,47030PHE
R72603705 0004,40000,121420,161420,38500,136790,175290,47030PHE
R72603705 0005,40000,105750,145750,38500,121070,159570,47030PHE
R72603705 0006,40000,57010,97010,38500,131240,169740,47030PHE
R72603705 0007,40000,104850,144850,38500,122220,160720,47030PHE
R72603705 0008,40000,126520,166520,38500,145900,184400,47030PHE
R72603705 0009,40000,123690,163690,38500,121440,159940,47030PHE
R72603705 0010,44000,145460,189460,38500,166140,204640,47030PHE
R72603705 0011,44000,126030,170030,38500,139370,177870,47030PHE
R72603705 0012,44000,149780,193780,38500,162140,200640,47030PHE
R72603705 0013,44000,126860,170860,38500,135590,174090,47030PHE
R72603705 0014,44000,129630,173630,38500,145610,184110,47030PHE
R72603705 0015,40000,123030,163030,38500,146320,184820,47030PHE
R72603705 0016,40000,120440,160440,38500,130640,169140,47030PHE
R72603705 0017,40000,126460,166460,38500,131420,169920,47030PHE
R72603705 0018,40000,127290,167290,38500,140920,179420,47030PHE
R72603705 0019,40000,106750,146750,38500,125160,163660,47030PHE
R72603705 0020,40000,120670,160670,38500,135800,174300,47030PHE
R72603705 0021,40000,105110,145110,38500,133870,172370,47030PHE
R72603705 0022,46200,120030,166230,40430,139770,180200,47030PHE
R72603705 0023,40000,121850,161850,38500,138050,176550,47030PHE
R72603705 0024,40000,118230,158230,38500,131960,170460,47030PHE
R72603705 0025,40000,126820,166820,38500,137540,176040,47030PHE
R72603705 0026,4160,0,4160,4000,0,4000,47030PHE
R72603706 0001,40000,123100,163100,38500,134680,173180,47030PHE
R72603706 0002,40000,135680,175680,38500,146180,184680,47030PHE
R72603706 0003,40000,118440,158440,38500,130220,168720,47030PHE
R72603706 0004,40000,131320,171320,38500,148230,186730,47030PHE
R72603706 0005,40000,105510,145510,38500,121650,160150,47030PHE
R72603706 0006,40000,123380,163380,38500,136490,174990,47030PHE
R72603706 0007,44000,128460,172460,38500,142410,180910,47030PHE
R72603706 0008,44000,125650,169650,38500,144450,182950,47030PHE
R72603706 0009,40000,131220,171220,38500,148220,186720,47030PHE
R72603706 0010,44000,135780,179780,38500,158860,197360,47030PHE
R72603706 0011,40000,123140,163140,38500,139100,177600,47030PHE
R72603706 0012,40000,130970,170970,38500,139080,177580,47030PHE
R72603706 0013,40000,105650,145650,38500,138740,177240,47030PHE
R72603706 0014,40000,139300,179300,38500,154270,192770,47030PHE
R72603706 0015,40000,127210,167210,38500,144780,183280,47030PHE
R72603706 0016,40000,152470,192470,38500,190760,229260,47030PHE
R72603706 0017,40000,132050,172050,38500,158390,196890,47030PHE
R72603706 0018,40000,124610,164610,38500,139770,178270,47030PHE
R72603706 0019,40000,127950,167950,38500,140870,179370,47030PHE
R72603706 0020,40000,145890,185890,38500,155090,193590,47030PHE
R72603706 0021,40000,108710,148710,38500,126400,164900,47030PHE
R72603706 0022,40000,96760,136760,38500,114260,152760,47030PHE
R72603706 0023,40000,119250,159250,38500,135320,173820,47030PHE
R72603706 0024,40000,127440,167440,38500,127850,166350,47030PHE
R72603706 0025,200,0,200,220,0,220,47030PHE
R72603706 0026,40000,124640,164640,38500,141960,180460,47030PHE
R72603706 0027,44000,149060,193060,38500,166710,205210,47030PHE
R72603706 0028,40000,125600,165600,38500,137700,176200,47030PHE
R72603706 0029,40000,112830,152830,38500,128080,166580,47030PHE
R72603706 0030,40000,132130,172130,38500,141380,179880,47030PHE
R72603706 0031,40000,124220,164220,38500,158800,197300,47030PHE
R72603706 0032,40000,138400,178400,38500,163870,202370,47030PHE
R72603706 0033,40000,133970,173970,38500,144520,183020,47030PHE
R72603706 0034,40000,128590,168590,38500,151170,189670,47030PHE
R72603706 0035,40000,126640,166640,38500,145190,183690,47030PHE
R72603706 0036,40000,132910,172910,38500,141990,180490,47030PHE
R72603706 0037,40000,125360,165360,38500,143150,181650,47030PHE
R72603706 0038,40000,129980,169980,38500,159040,197540,47030PHE
R72603706 0039,40000,133040,173040,38500,149910,188410,47030PHE
R72603706 0040,40000,129610,169610,38500,148420,186920,47030PHE
R72603706 0041,40000,114690,154690,38500,130970,169470,47030PHE
R72603706 0042,40000,122500,162500,38500,134450,172950,47030PHE
R72603706 0043,44000,135890,179890,38500,162620,201120,47030PHE
R72603706 0044,44000,142170,186170,38500,158210,196710,47030PHE
R72603706 0045,44000,125650,169650,38500,151360,189860,47030PHE
R72603706 0046,44000,108210,152210,38500,129640,168140,47030PHE
R72603706 0047,40000,127810,167810,38500,143300,181800,47030PHE
R72603706 0048,40000,136750,176750,38500,155230,193730,47030PHE
R72603713 0001,35000,135770,170770,28000,148440,176440,47032PHE
R72603713 0002,35000,124710,159710,28000,150580,178580,47032PHE
R72603713 0003,35000,113390,148390,28000,137610,165610,47032PHE
R72603713 0004,35000,135840,170840,28000,141030,169030,47032PHE
R72603713 0005,35000,89650,124650,28000,104090,132090,47032PHE
R72603713 0006,35000,85480,120480,28000,97980,125980,47032PHE
R72603713 0007,0,0,0,0,0,0,47032PHE
R72603713 0008,35000,98520,133520,28000,111020,139020,47032PHE
R72603713 0009,35000,88300,123300,28000,97180,125180,47032PHE
R72603713 0010,35000,80900,115900,28000,105270,133270,47032PHE
R72603713 0011,35000,136300,171300,28000,165970,193970,47032PHE
R72603713 0012,35000,112980,147980,28000,124080,152080,47032PHE
R72603713 0013,35000,146330,181330,28000,181630,209630,47032PHE
R72603713 0014,35000,109040,144040,28000,131280,159280,47032PHE
R72603713 0015,35000,164300,199300,28000,193200,221200,47032PHE
R72603713 0016,35000,105830,140830,28000,123130,151130,47032PHE
R72603713 0017,35000,107310,142310,28000,119900,147900,47032PHE
R72603713 0018,0,0,0,0,0,0,47032PHE
R72603713 0019,0,0,0,0,0,0,47032PHE
R72603713 0020,35000,105130,140130,28000,117540,145540,47032PHE
R72603713 0021,35000,127850,162850,28000,179950,207950,47032PHE
R72603713 0022,38500,88910,127410,28000,85350,113350,47032PHE
R72603713 0023,38500,137630,176130,28000,145010,173010,47032PHE
R72603713 0024,38500,143620,182120,28000,144540,172540,47032PHE
R72603713 0025,38500,114540,153040,28000,135650,163650,47032PHE
R72603713 0026,35000,138370,173370,28000,147300,175300,47032PHE
R72603713 0027,35000,135260,170260,28000,138470,166470,47032PHE
R72603713 0028,35000,97640,132640,28000,116040,144040,47032PHE
R72603713 0029,35000,106050,141050,28000,113460,141460,47032PHE
R72603713 0030,35000,139150,174150,28000,145530,173530,47032PHE
R72603713 0031,35000,124030,159030,28000,144540,172540,47032PHE
R72603713 0032,35000,135330,170330,28000,137280,165280,47032PHE
R72603713 0033,35000,137090,172090,28000,132460,160460,47032PHE
R72603713 0034,35000,87910,122910,28000,105030,133030,47032PHE
R72603713 0035,35000,122050,157050,28000,129070,157070,47032PHE
R72603713 0036,38500,116420,154920,28000,140160,168160,47032PHE
R72603713 0037,38500,112860,151360,28000,125750,153750,47032PHE
R72603713 0038,35000,123030,158030,28000,140970,168970,47032PHE
R72603713 0039,35000,92870,127870,28000,119770,147770,47032PHE
R72603713 0040,35000,106000,141000,28000,119700,147700,47032PHE
R72603713 0041,35000,140060,175060,28000,145100,173100,47032PHE
R72603714 0001,24000,80530,104530,24000,77430,101430,47034PHE
R72603714 0002,24000,80530,104530,24000,78030,102030,47034PHE
R72603714 0003,24000,80530,104530,24000,77430,101430,47034PHE
R72603714 0004,24000,74150,98150,24000,77430,101430,47034PHE
R72603714 0005,24000,80700,104700,24000,78260,102260,47034PHE
R72603714 0006,24000,80530,104530,24000,77430,101430,47034PHE
R72603714 0007,24000,80530,104530,24000,77430,101430,47034PHE
R72603714 0008,24000,80530,104530,24000,77430,101430,47034PHE
R72603714 0009,24000,80600,104600,24000,75460,99460,47034PHE
R72603714 0010,24000,80530,104530,24000,77430,101430,47034PHE
R72603714 0011,24000,80700,104700,24000,78260,102260,47034PHE
R72603714 0012,24000,80530,104530,24000,77430,101430,47034PHE
R72603714 0013,24000,80700,104700,24000,78260,102260,47034PHE
R72603714 0014,24000,80700,104700,24000,79160,103160,47034PHE
R72603714 0015,24000,81240,105240,24000,79370,103370,47034PHE
R72603714 0016,24000,80880,104880,24000,78080,102080,47034PHE
R72603714 0017,24000,85990,109990,24000,85280,109280,47034PHE
R72603714 0018,24000,81130,105130,24000,78530,102530,47034PHE
R72603714 0019,24000,81110,105110,24000,78100,102100,47034PHE
R72603714 0020,24000,81060,105060,24000,78920,102920,47034PHE
R72603714 0021,24000,80700,104700,24000,78260,102260,47034PHE
R72603714 0022,24000,80700,104700,24000,78260,102260,47034PHE
R72603714 0023,24000,80650,104650,24000,75580,99580,47034PHE
R72603714 0024,24000,82130,106130,24000,79610,103610,47034PHE
R72603716 0001,28000,97230,125230,28000,114160,142160,47032PHE
R72603716 0002,28000,92070,120070,28000,100690,128690,47032PHE
R72603716 0003,28000,77620,105620,28000,94830,122830,47032PHE
R72603716 0004,28000,79190,107190,28000,100460,128460,47032PHE
R72603716 0005,35000,125420,160420,28000,137800,165800,47032PHE
R72603716 0006,35000,89700,124700,28000,98680,126680,47032PHE
R72603716 0007,35000,118250,153250,28000,124600,152600,47032PHE
R72603716 0008,19600,0,19600,19600,205180,224780,47032PHE
R72603716 0009,35000,126260,161260,28000,139180,167180,47032PHE
R72603716 0010,35000,121480,156480,28000,135240,163240,47032PHE
R72603716 0011,35000,119510,154510,28000,123860,151860,47032PHE
R72603716 0012,28000,83210,111210,28000,98260,126260,47032PHE
R72603716 0013,35000,57570,92570,28000,98260,126260,47032PHE
R72603716 0014,35000,86550,121550,28000,100590,128590,47032PHE
R72603716 0015,28000,83210,111210,28000,98260,126260,47032PHE
R72603717 0001,28000,81620,109620,28000,81690,109690,47032PHE
R72603717 0002,28000,73970,101970,28000,92710,120710,47032PHE
R72603717 0003,28000,45040,73040,28000,88060,116060,47032PHE
R72603717 0004,28000,86840,114840,28000,88060,116060,47032PHE
R72603717 0005,28000,81620,109620,28000,91400,119400,47032PHE
R72603717 0006,28000,81620,109620,28000,91400,119400,47032PHE
R72603717 0007,28000,81290,109290,28000,95040,123040,47032PHE
R72603717 0008,28000,89880,117880,35000,68370,103370,47032PHE
R72603717 0009,28000,74230,102230,28000,89900,117900,47032PHE
R72603717 0010,28000,74800,102800,28000,90810,118810,47032PHE
R72603717 0011,28000,82400,110400,28000,92770,120770,47032PHE
R72603717 0012,28000,81920,109920,28000,91940,119940,47032PHE
R72603717 0013,28000,84430,112430,28000,95470,123470,47032PHE
R72603717 0014,28000,84430,112430,28000,95470,123470,47032PHE
R72603717 0015,28000,77780,105780,28000,95890,123890,47032PHE
R72603717 0016,35000,87370,122370,28000,93100,121100,47032PHE
R72603717 0017,28000,86540,114540,28000,92210,120210,47032PHE
R72603717 0018,28000,77210,105210,28000,97850,125850,47032PHE
R72603717 0019,35000,74500,109500,28000,92990,120990,47032PHE
R72603717 0020,35000,57400,92400,28000,92990,120990,47032PHE
R72603717 0021,28000,78860,106860,28000,82300,110300,47032PHE
R72603717 0022,28000,78400,106400,28000,81570,109570,47032PHE
R72603717 0023,28000,77210,105210,28000,87460,115460,47032PHE
R72603717 0024,28000,77210,105210,28000,97850,125850,47032PHE
R72603717 0025,28000,81920,109920,35000,63200,98200,47032PHE
R72603717 0026,28000,84730,112730,28000,96000,124000,47032PHE
R72603717 0027,28000,81620,109620,28000,91400,119400,47032PHE
R72603717 0028,28000,81620,109620,28000,91400,119400,47032PHE
R72603718 0001,35000,109920,144920,28000,124980,152980,47032PHE
R72603718 0002,35000,122590,157590,28000,133950,161950,47032PHE
R72603718 0003,35000,144410,179410,28000,145740,173740,47032PHE
R72603718 0004,35000,145760,180760,28000,145460,173460,47032PHE
R72603718 0005,35000,124210,159210,28000,127230,155230,47032PHE
R72603718 0006,35000,110690,145690,28000,114570,142570,47032PHE
R72603718 0007,35000,112560,147560,28000,122080,150080,47032PHE
R72603718 0008,35000,114120,149120,28000,116470,144470,47032PHE
R72603718 0009,35000,112620,147620,28000,126680,154680,47032PHE
R72603718 0010,0,0,0,0,0,0,47032PHE
R72603718 0011,35000,118160,153160,28000,144600,172600,47032PHE
R72603718 0012,35000,105550,140550,28000,113910,141910,47032PHE
R72603718 0013,35000,108730,143730,28000,149840,177840,47032PHE
R72603718 0014,35000,124360,159360,28000,128020,156020,47032PHE
R72603718 0015,35000,116220,151220,28000,133110,161110,47032PHE
R72603718 0016,38500,110110,148610,28000,120900,148900,47032PHE
R72603718 0017,38500,103530,142030,28000,151100,179100,47032PHE
R72603718 0018,35000,141170,176170,28000,151260,179260,47032PHE
R72603718 0019,35000,171700,206700,28000,190140,218140,47032PHE
R72603718 0020,38500,143120,181620,28000,139920,167920,47032PHE
R72603718 0021,35000,145270,180270,28000,148750,176750,47032PHE
R72603718 0022,35000,155150,190150,28000,173610,201610,47032PHE
R72603718 0023,0,0,0,0,0,0,47032PHE
R72603719 0001,35000,141740,176740,28000,140510,168510,47032PHE
R72603719 0002,35000,123800,158800,28000,125080,153080,47032PHE
R72603719 0003,35000,83120,118120,28000,105940,133940,47032PHE
R72603719 0004,35000,134930,169930,28000,133860,161860,47032PHE
R72603719 0005,35000,95110,130110,28000,115900,143900,47032PHE
R72603719 0006,35000,113760,148760,28000,121190,149190,47032PHE
R72603719 0007,35000,118960,153960,28000,143670,171670,47032PHE
R72603719 0008,35000,96460,131460,28000,115720,143720,47032PHE
R72603719 0009,35000,116240,151240,28000,128090,156090,47032PHE
R72603719 0010,35000,94690,129690,28000,111850,139850,47032PHE
R72603719 0011,35000,116590,151590,28000,125490,153490,47032PHE
R72603719 0012,35000,110690,145690,28000,126470,154470,47032PHE
R72603719 0013,35000,129840,164840,28000,144600,172600,47032PHE
R72603719 0014,35000,137550,172550,28000,168730,196730,47032PHE
R72603719 0015,35000,117910,152910,28000,123600,151600,47032PHE
R72603719 0016,35000,152570,187570,28000,152660,180660,47032PHE
R72603719 0017,35000,126390,161390,28000,148600,176600,47032PHE
R72603719 0018,35000,148820,183820,28000,156410,184410,47032PHE
R72603719 0019,35000,134390,169390,28000,164600,192600,47032PHE
R72603720 0001,35000,101500,136500,28000,117030,145030,47032PHE
R72603720 0002,35000,105700,140700,28000,118230,146230,47032PHE
R72603720 0003,35000,120110,155110,28000,130350,158350,47032PHE
R72603720 0004,35000,143950,178950,28000,183530,211530,47032PHE
R72603720 0005,35000,115980,150980,28000,120520,148520,47032PHE
R72603720 0006,35000,141500,176500,28000,142770,170770,47032PHE
R72603720 0007,35000,145560,180560,28000,147590,175590,47032PHE
R72603720 0008,35000,117820,152820,28000,149100,177100,47032PHE
R72603720 0009,35000,117680,152680,28000,129780,157780,47032PHE
R72603720 0010,35000,109870,144870,28000,123130,151130,47032PHE
R72603720 0011,35000,119020,154020,28000,147120,175120,47032PHE
R72603720 0012,35000,156700,191700,28000,153900,181900,47032PHE
R72603720 0013,35000,120710,155710,28000,127490,155490,47032PHE
R72603720 0014,35000,105750,140750,28000,123860,151860,47032PHE
R72603720 0015,35000,79480,114480,28000,99370,127370,47032PHE
R72603720 0016,35000,116080,151080,28000,131870,159870,47032PHE
R72603720 0017,35000,126760,161760,28000,131280,159280,47032PHE
R72603720 0018,35000,101170,136170,28000,120750,148750,47032PHE
R72603720 0019,35000,124750,159750,28000,133030,161030,47032PHE
R72603720 0020,35000,137860,172860,28000,142580,170580,47032PHE
R72603720 0021,35000,150750,185750,28000,159580,187580,47032PHE
R72603722 0001,40000,185390,225390,40250,239910,280160,47031PHE
R72603722 0002,40000,223550,263550,40250,288710,328960,47031PHE
R72603722 0003,40000,184720,224720,40250,227300,267550,47031PHE
R72603722 0004,40000,208800,248800,40250,265740,305990,47031PHE
R72603722 0005,40000,194710,234710,40250,208860,249110,47031PHE
R72603722 0006,40000,147640,187640,40250,172610,212860,47031PHE
R72603722 0007,40000,188790,228790,40250,219650,259900,47031PHE
R72603722 0008,40000,174110,214110,40250,207350,247600,47031PHE
R72603722 0009,40000,185740,225740,40250,218140,258390,47031PHE
R72603722 0010,40000,151720,191720,40250,225550,265800,47031PHE
R72603722 0011,40000,187900,227900,35000,205120,240120,47031PHE
R72603722 0012,40000,140950,180950,40250,186460,226710,47031PHE
R72603723 0001,40000,213220,253220,40250,233650,273900,47031PHE
R72603723 0003,40000,140320,180320,40250,155420,195670,47031PHE
R72603723 0004,40000,133350,173350,40250,155210,195460,47031PHE
R72603723 0005,40000,149420,189420,40250,196150,236400,47031PHE
R72603724 0001,40000,129590,169590,40250,140770,181020,47031PHE
R72603724 0002,40000,137120,177120,40250,149120,189370,47031PHE
R72603724 0003,40000,121100,161100,40250,141260,181510,47031PHE
R72603724 0004,40000,133980,173980,40250,153040,193290,47031PHE
R72603724 0005,40000,97160,137160,40250,116060,156310,47031PHE
R72603724 0006,44000,136230,180230,40250,152220,192470,47031PHE
R72603724 0007,44000,139870,183870,40250,158000,198250,47031PHE
R72603724 0008,44000,136490,180490,40250,152600,192850,47031PHE
R72603724 0009,44000,130920,174920,40250,148020,188270,47031PHE
R72603724 0010,40000,133390,173390,40250,146490,186740,47031PHE
R72603724 0011,40000,138670,178670,40250,164900,205150,47031PHE
R72603724 0012,40000,129850,169850,40250,145340,185590,47031PHE
R72603724 0013,40000,141490,181490,40250,171500,211750,47031PHE
R72603724 0014,40000,100930,140930,40250,124880,165130,47031PHE
R72603724 0015,40000,134380,174380,40250,146300,186550,47031PHE
R72603724 0016,40000,141930,181930,40250,152770,193020,47031PHE
R72603724 0017,40000,136620,176620,40250,153490,193740,47031PHE
R72603724 0018,40000,131880,171880,40250,147490,187740,47031PHE
R72603724 0019,0,0,0,0,0,0,47031PHE
R72603724 0020,40000,133270,173270,40250,144430,184680,47031PHE
R72603724 0021,40000,120550,160550,40250,133030,173280,47031PHE
R72603724 0022,40000,133400,173400,40250,150610,190860,47031PHE
R72603724 0023,40000,136040,176040,40250,163680,203930,47031PHE
R72603724 0024,40000,121940,161940,40250,134120,174370,47031PHE
R72603724 0025,40000,116240,156240,40250,133480,173730,47031PHE
R72603724 0026,40000,126780,166780,40250,159640,199890,47031PHE
R72603724 0027,40000,133740,173740,40250,152680,192930,47031PHE
R72603724 0028,40000,118850,158850,40250,133500,173750,47031PHE
R72603724 0029,40000,133250,173250,40250,134520,174770,47031PHE
R72603724 0030,40000,130940,170940,40250,142310,182560,47031PHE
R72603724 0031,40000,129860,169860,40250,148220,188470,47031PHE
R72603724 0032,40000,76530,116530,40250,143040,183290,47031PHE
R72603724 0033,40000,111980,151980,40250,123340,163590,47031PHE
R72603724 0034,40000,131830,171830,40250,141860,182110,47031PHE
R72603724 0035,40000,119380,159380,40250,131470,171720,47031PHE
R72603724 0036,40000,121460,161460,40250,135410,175660,47031PHE
R72603725 0001,40000,119170,159170,40250,136180,176430,47031PHE
R72603725 0002,40000,135510,175510,40250,149030,189280,47031PHE
R72603725 0003,40000,127880,167880,40250,143270,183520,47031PHE
R72603725 0004,40000,132810,172810,40250,153700,193950,47031PHE
R72603725 0005,40000,131480,171480,40250,152650,192900,47031PHE
R72603725 0006,40000,137040,177040,40250,153590,193840,47031PHE
R72603725 0007,40000,123610,163610,40250,147230,187480,47031PHE
R72603725 0008,40000,126130,166130,40250,141780,182030,47031PHE
R72603725 0009,40000,125550,165550,40250,145400,185650,47031PHE
R72603725 0010,40000,137170,177170,40250,156490,196740,47031PHE
R72603725 0011,40000,137900,177900,40250,156480,196730,47031PHE
R72603725 0012,40000,138550,178550,40250,177470,217720,47031PHE
R72603725 0013,40000,150910,190910,40250,186050,226300,47031PHE
R72603725 0014,40000,127200,167200,40250,148320,188570,47031PHE
R72603725 0015,40000,120880,160880,40250,131890,172140,47031PHE
R72603725 0016,40000,137130,177130,40250,153680,193930,47031PHE
R72603725 0017,40000,145600,185600,40250,156500,196750,47031PHE
R72603725 0018,40000,133470,173470,40250,144940,185190,47031PHE
R72603725 0019,40000,130440,170440,40250,150800,191050,47031PHE
R72603725 0020,40000,144040,184040,40250,154130,194380,47031PHE
R72603725 0021,40000,136850,176850,40250,158540,198790,47031PHE
R72603725 0022,40000,122110,162110,40250,177940,218190,47031PHE
R72603725 0023,40000,155520,195520,40250,150210,190460,47031PHE
R72603725 0024,40000,115830,155830,40250,128450,168700,47031PHE
R72603725 0025,40000,153250,193250,40250,164110,204360,47031PHE
R72603725 0026,40000,98580,138580,40250,126030,166280,47031PHE
R72603725 0027,40000,150350,190350,40250,174430,214680,47031PHE
R72603725 0028,40000,126800,166800,40250,150510,190760,47031PHE
R72603725 0029,40000,138190,178190,40250,164200,204450,47031PHE
R72603725 0030,40000,145580,185580,40250,164430,204680,47031PHE
R72603725 0031,44000,148560,192560,40250,169550,209800,47031PHE
R72603725 0032,44000,129630,173630,40250,136610,176860,47031PHE
R72603725 0033,44000,145270,189270,40250,176860,217110,47031PHE
R72603725 0034,40000,143470,183470,40250,171180,211430,47031PHE
R72603725 0035,40000,134110,174110,40250,151080,191330,47031PHE
R72603725 0036,40000,160530,200530,40250,207900,248150,47031PHE
R72603725 0037,40000,135240,175240,40250,152170,192420,47031PHE
R72603725 0038,40000,145850,185850,40250,161710,201960,47031PHE
R72603725 0039,40000,121610,161610,40250,141120,181370,47031PHE
R72603726 0001,35000,74780,109780,28000,101050,129050,47032PHE
R72603726 0002,35000,76980,111980,28000,103690,131690,47032PHE
R72603726 0003,35000,101460,136460,35000,76090,111090,47032PHE
R72603726 0004,35000,89650,124650,35000,76790,111790,47032PHE
R72603726 0005,35000,73440,108440,28000,99860,127860,47032PHE
R72603726 0006,35000,73440,108440,28000,85640,113640,47032PHE
R72603726 0007,35000,74390,109390,28000,95560,123560,47032PHE
R72603726 0008,35000,72910,107910,28000,96180,124180,47032PHE
R72603726 0009,0,0,0,0,0,0,47032PHE
R72603726 0010,35000,76720,111720,28000,99130,127130,47032PHE
R72603726 0011,35000,76360,111360,28000,98810,126810,47032PHE
R72603726 0012,35000,76980,111980,28000,90320,118320,47032PHE
R72603726 0013,35000,78240,113240,28000,89520,117520,47032PHE
R72603726 0014,35000,76980,111980,28000,90320,118320,47032PHE
R72603726 0015,35000,76860,111860,28000,84880,112880,47032PHE
R72603726 0016,35000,92640,127640,28000,107340,135340,47032PHE
R72603726 0017,35000,77260,112260,28000,101410,129410,47032PHE
R72603726 0018,35000,77570,112570,28000,100170,128170,47032PHE
R72603726 0019,35000,98270,133270,28000,108320,136320,47032PHE
R72603727 0001,35000,114040,149040,28000,136020,164020,47032PHE
R72603727 0002,35000,91520,126520,28000,107430,135430,47032PHE
R72603727 0003,35000,101890,136890,28000,111370,139370,47032PHE
R72603727 0004,35000,119150,154150,28000,134160,162160,47032PHE
R72603727 0005,35000,178760,213760,28000,186820,214820,47032PHE
R72603727 0006,35000,120660,155660,28000,138950,166950,47032PHE
R72603727 0007,35000,154420,189420,28000,161450,189450,47032PHE
R72603727 0008,35000,108020,143020,28000,141360,169360,47032PHE
R72603727 0009,35000,156090,191090,28000,193130,221130,47032PHE
R72603727 0010,35000,93400,128400,28000,113650,141650,47032PHE
R72603727 0011,35000,144650,179650,28000,146340,174340,47032PHE
R72603727 0012,35000,115810,150810,28000,147520,175520,47032PHE
R72603727 0013,35000,149210,184210,28000,192480,220480,47032PHE
R72603727 0014,35000,115100,150100,28000,131320,159320,47032PHE
R72603727 0015,35000,162010,197010,28000,182090,210090,47032PHE
R72603727 0016,38500,150690,189190,28000,173910,201910,47032PHE
R72603727 0017,35000,157880,192880,28000,180790,208790,47032PHE
R72603727 0018,35000,153440,188440,28000,155370,183370,47032PHE
R72603727 0019,35000,108950,143950,28000,135090,163090,47032PHE
R72603727 0020,35000,144920,179920,28000,152390,180390,47032PHE
R72603727 0021,35000,159820,194820,28000,207050,235050,47032PHE
R72603727 0022,35000,148520,183520,28000,198900,226900,47032PHE
R72603727 0023,35000,148620,183620,28000,167980,195980,47032PHE
R72603727 0024,35000,161230,196230,28000,178040,206040,47032PHE
R72603727 0025,35000,139900,174900,28000,155370,183370,47032PHE
R72603727 0026,35000,123700,158700,28000,132980,160980,47032PHE
R72603727 0027,35000,115950,150950,28000,121680,149680,47032PHE
R72603727 0028,35000,113500,148500,28000,145380,173380,47032PHE
R72603727 0029,38500,159550,198050,28000,179030,207030,47032PHE
R72603727 0030,38500,142000,180500,28000,149750,177750,47032PHE
R72603727 0031,38500,160580,199080,28000,178470,206470,47032PHE
R72603727 0032,38500,163280,201780,28000,178820,206820,47032PHE
R72603727 0033,35000,118240,153240,28000,135360,163360,47032PHE
R72603727 0034,35000,148970,183970,28000,171980,199980,47032PHE
R72603727 0035,35000,125000,160000,28000,137870,165870,47032PHE
R72603727 0036,35000,155000,190000,28000,184850,212850,47032PHE
R72603727 0037,35000,117750,152750,28000,131480,159480,47032PHE
R72603727 0038,0,0,0,0,0,0,47032PHE
R72603728 0001,39250,0,39250,29310,0,29310,47030PHE
R72603729 0001,40000,170840,210840,38500,188500,227000,47030PHE
R72603729 0002,40000,203120,243120,38500,240550,279050,47030PHE
R72603729 0003,40000,145160,185160,38500,204320,242820,47030PHE
R72603729 0004,40000,137560,177560,38500,170630,209130,47030PHE
R72603729 0005,40000,222990,262990,38500,276580,315080,47030PHE
R72603729 0006,40000,165130,205130,38500,197700,236200,47030PHE
R72603729 0007,40000,172670,212670,38500,189240,227740,47030PHE
R72603729 0008,40000,187630,227630,38500,239890,278390,47030PHE
R72603729 0009,44000,192620,236620,38500,258720,297220,47030PHE
R72603729 0010,46200,206200,252400,40430,236070,276500,47030PHE
R72603729 0011,44000,211740,255740,38500,231460,269960,47030PHE
R72603729 0012,44000,174570,218570,38500,189950,228450,47030PHE
R72603729 0013,40000,201940,241940,38500,225960,264460,47030PHE
R72603729 0014,40000,211990,251990,38500,229100,267600,47030PHE
R72603729 0015,40000,199800,239800,38500,237430,275930,47030PHE
R72603730 0002,32000,0,32000,38500,171850,210350,47030PHE
R72603730 0003,32000,0,32000,38500,188490,226990,47030PHE
R72603730 0004,40000,142350,182350,38500,154510,193010,47030PHE
R72603730 0005,32000,0,32000,38500,179590,218090,47030PHE
R72603730 0006,40000,155150,195150,38500,167920,206420,47030PHE
R72603730 0007,44000,159430,203430,38500,187910,226410,47030PHE
R72603730 0008,44000,156840,200840,38500,173950,212450,47030PHE
R72603730 0009,40000,159950,199950,38500,192570,231070,47030PHE
R72603730 0010,40000,151110,191110,38500,177310,215810,47030PHE
R72603730 0011,40000,106150,146150,38500,117770,156270,47030PHE
R72603730 0012,40000,103020,143020,38500,124160,162660,47030PHE
R72603730 0013,26000,0,26000,38500,180500,219000,47030PHE
R72603730 0014,40000,122780,162780,38500,140200,178700,47030PHE
R72603730 0015,40000,145790,185790,38500,195100,233600,47030PHE
R72603730 0016,40000,135400,175400,38500,233240,271740,47030PHE
R72603730 0017,0,0,0,0,0,0,47030PHE
R72603730 0018,40000,108430,148430,38500,172230,210730,47030PHE
R72603730 0019,26000,0,26000,38500,164190,202690,47030PHE
R72603730 0020,40000,114830,154830,38500,178840,217340,47030PHE
R72603730 0021,40000,114750,154750,38500,174070,212570,47030PHE
R72603730 0022,40000,112800,152800,38500,178840,217340,47030PHE
R72603730 0023,40000,204950,244950,38500,191500,230000,47030PHE
R72603730 0024,26000,0,26000,38500,202950,241450,47030PHE
R72603730 0025,40000,159740,199740,38500,177050,215550,47030PHE
R72603730 0026,40000,172830,212830,38500,191520,230020,47030PHE
R72603730 0027,26000,0,26000,38500,219120,257620,47030PHE
R72603730 0028,32000,188150,220150,38500,199710,238210,47030PHE
R72603730 0029,40000,134960,174960,38500,150930,189430,47030PHE
R72603730 0030,26000,0,26000,38500,203460,241960,47030PHE
R72603730 0031,26000,0,26000,38500,206340,244840,47030PHE
R72603730 0032,26000,0,26000,38500,171710,210210,47030PHE
R72603730 0033,32000,0,32000,38500,156760,195260,47030PHE
R72610805 0001,40000,193460,233460,40250,224610,264860,47031PHE
R72610805 0002,40000,176500,216500,40250,265470,305720,47031PHE
R72610805 0003,40000,182990,222990,40250,198430,238680,47031PHE
R72610805 0004,40000,136640,176640,40250,188910,229160,47031PHE
R72610805 0005,44000,164690,208690,40250,196100,236350,47031PHE
R72610805 0006,40000,171690,211690,40250,201460,241710,47031PHE
R72610805 0007,44000,145450,189450,40250,174210,214460,47031PHE
R72610805 0008,40000,152170,192170,40250,159050,199300,47031PHE
R72610805 0009,40000,152100,192100,40250,169440,209690,47031PHE
R72610805 0010,40000,148500,188500,40250,179460,219710,47031PHE
R72610805 0011,40000,158240,198240,40250,176530,216780,47031PHE
R72610805 0012,40000,151220,191220,40250,176420,216670,47031PHE
R72610805 0013,40000,145980,185980,40250,171590,211840,47031PHE
R72610805 0014,40000,189300,229300,40250,254940,295190,47031PHE
R72610805 0015,40000,134920,174920,40250,146250,186500,47031PHE
R72610805 0016,40000,132720,172720,40250,146600,186850,47031PHE
R72610805 0017,40000,173850,213850,40250,204110,244360,47031PHE
R72610805 0018,40000,154070,194070,40250,178370,218620,47031PHE
R72610805 0019,0,0,0,0,0,0,47031PHE
R72610805 0020,0,0,0,0,0,0,47031PHE
R72610806 0001,40000,156550,196550,40250,187510,227760,47031PHE
R72610806 0002,40000,137120,177120,40250,173400,213650,47031PHE
R72610806 0003,40000,159490,199490,40250,194630,234880,47031PHE
R72610806 0004,40000,190650,230650,40250,223220,263470,47031PHE
R72610806 0005,40000,152090,192090,40250,182340,222590,47031PHE
R72610806 0006,40000,142270,182270,40250,162770,203020,47031PHE
R72610806 0007,40000,143100,183100,40250,156690,196940,47031PHE
R72610806 0008,40000,170910,210910,40250,210830,251080,47031PHE
R72610806 0009,40000,182750,222750,40250,214640,254890,47031PHE
R72610806 0010,40000,206720,246720,40250,270440,310690,47031PHE
R72610806 0011,40000,158060,198060,40250,171490,211740,47031PHE
R72610806 0012,40000,156510,196510,40250,186010,226260,47031PHE
R72610806 0013,40000,160040,200040,40250,197390,237640,47031PHE
R72610806 0014,40000,161810,201810,40250,186180,226430,47031PHE
R72610806 0015,40000,134540,174540,40250,222480,262730,47031PHE
R72610806 0016,40000,157810,197810,40250,205710,245960,47031PHE
R72610806 0017,40000,135030,175030,40250,161400,201650,47031PHE
R72610806 0018,40000,165550,205550,40250,203850,244100,47031PHE
R72610806 0019,40000,146090,186090,40250,162880,203130,47031PHE
R72610806 0020,44000,151580,195580,40250,194250,234500,47031PHE
R72610806 0021,44000,146510,190510,40250,184150,224400,47031PHE
R72610806 0022,44000,183890,227890,40250,212580,252830,47031PHE
R72610806 0023,44000,174550,218550,40250,209210,249460,47031PHE
R72610806 0024,40000,181160,221160,40250,231590,271840,47031PHE
R72610806 0025,40000,143570,183570,40250,161710,201960,47031PHE
R72610806 0026,40000,140150,180150,40250,164190,204440,47031PHE
R72610806 0027,40000,143870,183870,40250,177550,217800,47031PHE
R72610806 0028,40000,159390,199390,40250,180570,220820,47031PHE
R72610806 0029,40000,168560,208560,40250,199190,239440,47031PHE
R72610807 0001,40000,148530,188530,40250,164760,205010,47031PHE
R72610807 0002,40000,139040,179040,40250,151590,191840,47031PHE
R72610807 0003,40000,151830,191830,40250,199660,239910,47031PHE
R72610807 0004,40000,143130,183130,40250,178230,218480,47031PHE
R72610807 0005,44000,113850,157850,40250,142630,182880,47031PHE
R72610807 0006,44000,131780,175780,40250,176550,216800,47031PHE
R72610807 0007,44000,155600,199600,40250,188470,228720,47031PHE
R72610807 0008,40000,136880,176880,40250,164500,204750,47031PHE
R72610807 0009,40000,125570,165570,40250,156800,197050,47031PHE
R72610807 0010,40000,124800,164800,40250,147050,187300,47031PHE
R72610807 0011,40000,150480,190480,40250,174330,214580,47031PHE
R72610807 0012,40000,121750,161750,40250,131860,172110,47031PHE
R72610807 0013,40000,140370,180370,40250,156480,196730,47031PHE
R72610807 0014,40000,137510,177510,40250,180510,220760,47031PHE
R72610807 0015,0,0,0,0,0,0,47031PHE
R72610808 0001,40000,143410,183410,40250,156990,197240,47031PHE
R72610808 0002,40000,137900,177900,40250,136350,176600,47031PHE
R72610808 0003,40000,134140,174140,40250,166130,206380,47031PHE
R72610808 0004,40000,132630,172630,40250,151230,191480,47031PHE
R72610808 0005,40000,144730,184730,40250,152110,192360,47031PHE
R72610808 0006,40000,138320,178320,40250,168710,208960,47031PHE
R72610808 0007,40000,133170,173170,40250,150570,190820,47031PHE
R72610808 0008,40000,112200,152200,40250,127770,168020,47031PHE
R72610808 0009,40000,141910,181910,40250,166390,206640,47031PHE
R72610808 0010,40000,129860,169860,40250,141050,181300,47031PHE
R72610808 0011,40000,135680,175680,40250,142930,183180,47031PHE
R72610808 0012,40000,126880,166880,40250,142940,183190,47031PHE
R72610808 0013,40000,143100,183100,40250,156840,197090,47031PHE
R72610808 0014,40000,138180,178180,40250,147350,187600,47031PHE
R72610808 0015,40000,144050,184050,40250,167450,207700,47031PHE
R72610808 0016,40000,102620,142620,40250,135780,176030,47031PHE
R72610808 0017,40000,131650,171650,40250,163880,204130,47031PHE
R72610808 0018,40000,133270,173270,40250,157010,197260,47031PHE
R72610808 0019,40000,132730,172730,40250,174340,214590,47031PHE
R72610808 0020,40000,136340,176340,40250,155030,195280,47031PHE
R72610808 0021,40000,128870,168870,40250,147460,187710,47031PHE
R72610808 0022,40000,138200,178200,40250,143330,183580,47031PHE
R72610808 0023,40000,131740,171740,40250,143620,183870,47031PHE
R72610808 0024,40000,139680,179680,40250,166900,207150,47031PHE
R72610808 0025,40000,137910,177910,40250,154480,194730,47031PHE
R72610808 0026,40000,124710,164710,40250,141570,181820,47031PHE
R72610808 0027,40000,130440,170440,40250,146960,187210,47031PHE
R72610808 0028,40000,119570,159570,40250,137890,178140,47031PHE
R72610808 0029,44000,126290,170290,40250,139510,179760,47031PHE
R72610808 0030,44000,119360,163360,40250,140860,181110,47031PHE
R72610808 0031,44000,136580,180580,40250,158690,198940,47031PHE
R72610808 0032,44000,126380,170380,40250,142680,182930,47031PHE
R72610808 0033,40000,109290,149290,40250,149180,189430,47031PHE
R72610808 0034,40000,131110,171110,40250,172630,212880,47031PHE
R72610808 0035,40000,135370,175370,40250,143450,183700,47031PHE
R72610808 0036,40000,131240,171240,40250,155220,195470,47031PHE
R72610808 0037,40000,144700,184700,40250,159030,199280,47031PHE
R72610808 0038,40000,132050,172050,40250,142330,182580,47031PHE
R72610808 0039,40000,130730,170730,40250,154220,194470,47031PHE
R72610808 0040,40000,131350,171350,40250,150380,190630,47031PHE
R72610808 0041,40000,125370,165370,40250,141860,182110,47031PHE
R72610808 0042,40000,121550,161550,40250,135080,175330,47031PHE
R72610808 0043,40000,129730,169730,40250,141940,182190,47031PHE
R72610808 0044,40000,128700,168700,40250,141140,181390,47031PHE
R72610808 0045,40000,120170,160170,40250,133410,173660,47031PHE
R72610808 0046,40000,129910,169910,40250,132120,172370,47031PHE
R72610808 0047,40000,133220,173220,40250,155640,195890,47031PHE
R72610808 0048,40000,135710,175710,40250,162950,203200,47031PHE
R72610808 0049,40000,130170,170170,40250,147680,187930,47031PHE
R72610808 0050,40000,146030,186030,40250,162080,202330,47031PHE
R72610808 0051,40000,104480,144480,40250,115860,156110,47031PHE
R72610808 0052,40000,132040,172040,40250,134050,174300,47031PHE
R72610808 0053,40000,147750,187750,40250,159640,199890,47031PHE
R72610814 0001,40000,182560,222560,38500,219430,257930,47030PHE
R72610814 0002,40000,103440,143440,38500,211900,250400,47030PHE
R72610814 0003,40000,150070,190070,38500,161100,199600,47030PHE
R72610814 0004,40000,201940,241940,38500,257420,295920,47030PHE
R72610814 0005,40000,149770,189770,38500,159970,198470,47030PHE
R72610814 0006,40000,176680,216680,38500,184940,223440,47030PHE
R72610814 0007,40000,168840,208840,38500,181500,220000,47030PHE
R72610814 0008,40000,189960,229960,38500,220030,258530,47030PHE
R72610814 0009,40000,161300,201300,38500,212400,250900,47030PHE
R72610814 0010,40000,151410,191410,38500,174090,212590,47030PHE
R72610814 0011,40000,160880,200880,38500,158110,196610,47030PHE
R72610814 0012,40000,187550,227550,38500,213530,252030,47030PHE
R72610814 0013,40000,180660,220660,38500,212780,251280,47030PHE
R72610814 0014,30750,166390,197140,38500,183200,221700,47030PHE
R72610814 0015,40000,187140,227140,38500,218340,256840,47030PHE
R72610814 0016,40000,146190,186190,38500,163680,202180,47030PHE
R72610814 0017,40000,167810,207810,38500,181970,220470,47030PHE
R72610814 0018,44000,139810,183810,38500,162030,200530,47030PHE
R72610814 0019,44000,168860,212860,38500,196850,235350,47030PHE
R72610814 0020,40000,180660,220660,38500,190050,228550,47030PHE
R72610814 0021,44000,146070,190070,38500,167680,206180,47030PHE
R72610814 0022,44000,164040,208040,38500,158500,197000,47030PHE
R72610814 0023,27600,124690,152290,38500,150950,189450,47030PHE
R72610814 0024,40000,164070,204070,38500,196310,234810,47030PHE
R72610814 0025,1190,0,1190,1310,0,1310,47030PHE
R72610815 0001,40000,161120,201120,38500,185020,223520,47030PHE
R72610815 0002,40000,184980,224980,38500,202650,241150,47030PHE
R72610815 0003,40000,206070,246070,38500,255040,293540,47030PHE
R72610815 0004,40000,180830,220830,38500,206110,244610,47030PHE
R72610815 0005,40000,183540,223540,38500,198730,237230,47030PHE
R72610815 0006,40000,153660,193660,38500,160760,199260,47030PHE
R72610815 0007,40000,180370,220370,38500,202930,241430,47030PHE
R72610815 0008,40000,152110,192110,38500,158900,197400,47030PHE
R72610815 0009,40000,191950,231950,38500,232670,271170,47030PHE
R72610815 0010,40000,188920,228920,38500,224410,262910,47030PHE
R72610815 0011,40000,177840,217840,38500,192880,231380,47030PHE
R72610815 0012,40000,175850,215850,38500,188040,226540,47030PHE
R72610815 0013,44000,189410,233410,38500,241300,279800,47030PHE
R72610815 0014,44000,168720,212720,38500,204100,242600,47030PHE
R72610815 0015,44000,176490,220490,38500,185330,223830,47030PHE
R72610815 0016,40000,169120,209120,38500,172720,211220,47030PHE
R72610815 0017,40000,162810,202810,38500,180590,219090,47030PHE
R72610815 0018,1530,0,1530,1690,0,1690,47030PHE
R72617225 0018,2950,0,2950,2620,0,2620,47010000
R72617225 0024,!,!,!
R72617302 0001,41060,106520,147580,59130,123890,183020,47130FOR
R72617307 0001,28000,95850,123850,29400,114200,143600,45001FOR
R72617307 0002,28000,94940,122940,29400,112800,142200,45001FOR
R72617307 0003,28000,84610,112610,29400,102850,132250,45001FOR
R72617307 0004,28000,95130,123130,29400,106990,136390,45001FOR
R72617307 0005,28000,80800,108800,29400,106630,136030,45001FOR
R72617307 0006,28000,102750,130750,29400,115540,144940,45001FOR
R72617307 0007,28000,109910,137910,29400,127440,156840,45001FOR
R72617307 0008,28000,78970,106970,29400,100890,130290,45001FOR
R72617307 0009,28000,95870,123870,29400,110760,140160,45001FOR
R72617307 0010,28000,100870,128870,29400,112380,141780,45001FOR
R72617307 0011,28000,92030,120030,29400,115180,144580,45001FOR
R72617307 0012,28000,92640,120640,29400,108940,138340,45001FOR
R72617307 0013,28000,108380,136380,29400,126540,155940,45001FOR
R72617307 0014,28000,102890,130890,29400,119820,149220,45001FOR
R72617307 0015,28000,97890,125890,29400,110770,140170,45001FOR
R72617307 0016,28000,82980,110980,29400,104210,133610,45001FOR
R72617307 0017,28000,96130,124130,29400,109160,138560,45001FOR
R72617307 0018,28000,102030,130030,29400,115290,144690,45001FOR
R72617307 0019,28000,108350,136350,29400,130690,160090,45001FOR
R72617307 0020,28000,82640,110640,29400,101980,131380,45001FOR
R72617307 0021,28000,95660,123660,29400,112450,141850,45001FOR
R72617307 0022,30800,95250,126050,32340,126360,158700,45001FOR
R72617307 0023,30800,85830,116630,32340,102860,135200,45001FOR
R72617307 0024,30800,81200,112000,32340,139160,171500,45001FOR
R72617307 0025,28000,93080,121080,29400,106350,135750,45001FOR
R72617307 0026,28000,108720,136720,29400,131450,160850,45001FOR
R72617307 0027,28000,77320,105320,29400,97560,126960,45001FOR
R72617307 0028,28000,68070,96070,29400,122590,151990,45001FOR
R72617307 0029,28000,79860,107860,29400,106630,136030,45001FOR
R72617307 0030,28000,106410,134410,29400,118860,148260,45001FOR
R72617307 0031,30800,98720,129520,32340,110590,142930,45001FOR
R72617307 0032,30800,86560,117360,32340,99750,132090,45001FOR
R72617307 0033,30800,96680,127480,32340,117500,149840,45001FOR
R72617307 0034,28000,80580,108580,29400,100530,129930,45001FOR
R72617307 0035,28000,93840,121840,29400,113580,142980,45001FOR
R72617307 0036,28000,97710,125710,29400,114990,144390,45001FOR
R72617307 0037,0,0,0,0,0,0,45001FOR
R72617307 0038,0,0,0,0,0,0,45001FOR
R72617308 0001,28000,109450,137450,29400,131370,160770,45001FOR
R72617308 0002,28000,74950,102950,29400,102590,131990,45001FOR
R72617308 0003,28000,102140,130140,29400,125500,154900,45001FOR
R72617308 0004,30800,106970,137770,29400,99010,128410,45001FOR
R72617308 0005,30800,118190,148990,29400,138400,167800,45001FOR
R72617308 0006,28000,105960,133960,29400,125040,154440,45001FOR
R72617308 0007,28000,99620,127620,29400,122010,151410,45001FOR
R72617308 0008,28000,83880,111880,29400,103450,132850,45001FOR
R72617308 0009,28000,108490,136490,29400,130320,159720,45001FOR
R72617308 0010,28000,97700,125700,29400,134180,163580,45001FOR
R72617308 0011,28000,108670,136670,29400,126970,156370,45001FOR
R72617308 0012,28000,77160,105160,29400,88740,118140,45001FOR
R72617308 0013,28000,90960,118960,29400,112680,142080,45001FOR
R72617308 0014,28000,77320,105320,29400,109130,138530,45001FOR
R72617308 0015,28000,89760,117760,29400,101190,130590,45001FOR
R72617308 0016,28000,82950,110950,29400,100600,130000,45001FOR
R72617308 0017,28000,102810,130810,29400,122370,151770,45001FOR
R72617308 0018,28000,75030,103030,29400,93550,122950,45001FOR
R72617308 0019,30800,73970,104770,32340,117130,149470,45001FOR
R72617308 0020,30800,74850,105650,32340,87000,119340,45001FOR
R72617308 0021,30800,71330,102130,32340,89090,121430,45001FOR
R72617308 0022,30800,74350,105150,32340,85960,118300,45001FOR
R72617308 0023,28000,105900,133900,29400,118510,147910,45001FOR
R72617308 0024,28000,103630,131630,29400,121330,150730,45001FOR
R72617308 0025,28000,98590,126590,29400,114970,144370,45001FOR
R72617308 0026,28000,71020,99020,29400,94660,124060,45001FOR
R72617308 0027,28000,84140,112140,29400,104300,133700,45001FOR
R72617308 0028,28000,78470,106470,29400,90020,119420,45001FOR
R72617308 0029,28000,106340,134340,29400,129820,159220,45001FOR
R72617308 0030,30800,99780,130580,32340,131340,163680,45001FOR
R72617308 0031,30800,85520,116320,32340,102170,134510,45001FOR
R72617308 0032,30800,95850,126650,32340,116990,149330,45001FOR
R72617308 0033,30800,110360,141160,32340,137380,169720,45001FOR
R72617308 0034,28000,98080,126080,29400,121430,150830,45001FOR
R72617308 0035,28000,95440,123440,29400,115200,144600,45001FOR
R72617308 0036,28000,109250,137250,29400,123070,152470,45001FOR
R72617308 0037,28000,70490,98490,29400,81870,111270,45001FOR
R72617308 0038,28000,83340,111340,29400,100930,130330,45001FOR
R72617308 0039,0,0,0,0,0,0,45001FOR
R72617308 0040,0,0,0,0,0,0,45001FOR
R72617309 0001,28000,73510,101510,29400,88810,118210,45001FOR
R72617309 0002,28000,104240,132240,29400,123190,152590,45001FOR
R72617309 0003,28000,74330,102330,29400,97300,126700,45001FOR
R72617309 0004,30800,103680,134480,32340,123130,155470,45001FOR
R72617309 0005,30800,85870,116670,32340,98390,130730,45001FOR
R72617309 0006,30800,84760,115560,32340,102830,135170,45001FOR
R72617309 0007,28000,100990,128990,29400,100950,130350,45001FOR
R72617309 0008,28000,107040,135040,29400,124240,153640,45001FOR
R72617309 0009,28000,101600,129600,29400,112030,141430,45001FOR
R72617309 0010,28000,103590,131590,28000,62000,90000,45001FOR
R72617309 0011,28000,74190,102190,29400,100060,129460,45001FOR
R72617309 0012,28000,102240,130240,29400,105880,135280,45001FOR
R72617309 0013,28000,105960,133960,29400,109990,139390,45001FOR
R72617309 0014,28000,75470,103470,29400,107070,136470,45001FOR
R72617309 0015,28000,87120,115120,29400,105190,134590,45001FOR
R72617309 0016,28000,110860,138860,29400,122100,151500,45001FOR
R72617309 0017,28000,107120,135120,29400,115320,144720,45001FOR
R72617309 0018,28000,113370,141370,29400,131810,161210,45001FOR
R72617309 0019,28000,107870,135870,29400,124500,153900,45001FOR
R72617309 0020,28000,83570,111570,29400,100590,129990,45001FOR
R72617309 0021,28000,77950,105950,28000,54000,82000,45001FOR
R72617309 0022,0,0,0,0,0,0,45001FOR
R72617310 0001,28000,83770,111770,29400,94250,123650,45001FOR
R72617310 0002,28000,97770,125770,29400,110580,139980,45001FOR
R72617310 0003,28000,115170,143170,29400,134660,164060,45001FOR
R72617310 0004,28000,79740,107740,29400,95790,125190,45001FOR
R72617310 0005,28000,102560,130560,29400,122520,151920,45001FOR
R72617310 0006,28000,81830,109830,29400,106100,135500,45001FOR
R72617310 0007,28000,82150,110150,29400,90290,119690,45001FOR
R72617310 0008,28000,81610,109610,29400,96480,125880,45001FOR
R72617310 0009,28000,79220,107220,29400,87650,117050,45001FOR
R72617310 0010,28000,69630,97630,29400,81800,111200,45001FOR
R72617310 0011,28000,93260,121260,29400,110870,140270,45001FOR
R72617310 0012,28000,104800,132800,29400,132590,161990,45001FOR
R72617310 0013,28000,81520,109520,29400,107780,137180,45001FOR
R72617310 0014,28000,105710,133710,29400,125710,155110,45001FOR
R72617310 0015,30800,82610,113410,32340,93200,125540,45001FOR
R72617310 0016,30800,75410,106210,32340,94250,126590,45001FOR
R72617310 0017,30800,81830,112630,32340,101090,133430,45001FOR
R72617310 0018,28000,97140,125140,29400,116310,145710,45001FOR
R72617310 0019,28000,100690,128690,29400,114640,144040,45001FOR
R72617310 0020,28000,109770,137770,29400,124380,153780,45001FOR
R72617310 0021,28000,93050,121050,29400,112440,141840,45001FOR
R72617310 0022,28000,95840,123840,29400,117280,146680,45001FOR
R72617310 0023,28000,74740,102740,29400,86320,115720,45001FOR
R72617310 0024,28000,98030,126030,29400,178790,208190,45001FOR
R72617310 0025,28000,96720,124720,29400,123290,152690,45001FOR
R72617310 0026,28000,74000,102000,29400,84670,114070,45001FOR
R72617310 0027,28000,82610,110610,29400,100750,130150,45001FOR
R72617310 0028,28000,115620,143620,29400,133140,162540,45001FOR
R72617310 0029,28000,95220,123220,29400,106610,136010,45001FOR
R72617310 0030,28000,108950,136950,29400,119820,149220,45001FOR
R72617310 0031,28000,84860,112860,29400,105370,134770,45001FOR
R72617310 0032,28000,67390,95390,29400,86480,115880,45001FOR
R72617310 0033,28000,73670,101670,29400,82470,111870,45001FOR
R72617310 0034,28000,86590,114590,29400,107040,136440,45001FOR
R72617310 0036,0,0,0,0,0,0,45001FOR
R72617322 0001,28000,82470,110470,29400,101560,130960,45001FOR
R72617322 0002,28000,102670,130670,29400,118920,148320,45001FOR
R72617322 0003,28000,109700,137700,29400,120270,149670,45001FOR
R72617322 0004,30800,106370,137170,32340,110980,143320,45001FOR
R72617322 0005,30800,120900,151700,32340,130610,162950,45001FOR
R72617322 0006,30800,83560,114360,32340,103280,135620,45001FOR
R72617322 0007,30800,96800,127600,32340,126370,158710,45001FOR
R72617322 0008,30800,107930,138730,32340,123940,156280,45001FOR
R72617322 0009,28000,105050,133050,29400,122280,151680,45001FOR
R72617322 0010,28000,81310,109310,29400,97150,126550,45001FOR
R72617322 0011,28000,85220,113220,29400,97360,126760,45001FOR
R72617322 0012,28000,74880,102880,29400,91290,120690,45001FOR
R72617322 0013,28000,73150,101150,29400,97850,127250,45001FOR
R72617322 0014,28000,84990,112990,29400,107520,136920,45001FOR
R72617322 0015,28000,79300,107300,29400,98430,127830,45001FOR
R72617322 0016,28000,112870,140870,29400,120980,150380,45001FOR
R72617322 0017,28000,122730,150730,29400,131100,160500,45001FOR
R72617322 0018,28000,80710,108710,29400,92560,121960,45001FOR
R72617322 0019,28000,95970,123970,29400,104280,133680,45001FOR
R72617322 0020,28000,106720,134720,29400,121290,150690,45001FOR
R72617322 0021,28000,100590,128590,29400,107220,136620,45001FOR
R72617322 0022,28000,120650,148650,29400,133840,163240,45001FOR
R72617322 0023,28000,85200,113200,29400,107740,137140,45001FOR
R72617322 0024,28000,89230,117230,29400,114940,144340,45001FOR
R72617322 0025,28000,109140,137140,29400,126830,156230,45001FOR
R72617322 0026,28000,83590,111590,29400,94780,124180,45001FOR
R72617322 0027,28000,85200,113200,29400,109020,138420,45001FOR
R72617322 0028,28000,104380,132380,29400,111380,140780,45001FOR
R72617322 0029,28000,108160,136160,29400,121900,151300,45001FOR
R72617322 0030,28000,99560,127560,29400,116030,145430,45001FOR
R72617322 0031,28000,96690,124690,29400,116330,145730,45001FOR
R72617322 0032,30800,125030,155830,32340,134160,166500,45001FOR
R72617322 0033,30800,121320,152120,32340,166350,198690,45001FOR
R72617322 0034,30800,94200,125000,32340,132320,164660,45001FOR
R72617322 0035,30800,122530,153330,32340,132590,164930,45001FOR
R72617322 0036,28000,117510,145510,29400,133510,162910,45001FOR
R72617322 0037,28000,104620,132620,29400,120750,150150,45001FOR
R72617322 0038,28000,87990,115990,29400,106220,135620,45001FOR
R72617322 0039,28000,101340,129340,29400,104910,134310,45001FOR
R72617322 0040,28000,71240,99240,29400,78200,107600,45001FOR
R72617322 0041,28000,107380,135380,29400,135770,165170,45001FOR
R72617322 0042,28000,83170,111170,29400,100420,129820,45001FOR
R72617322 0043,28000,89980,117980,29400,114720,144120,45001FOR
R72617322 0044,28000,82030,110030,29400,100250,129650,45001FOR
R72617322 0045,28000,83380,111380,29400,104600,134000,45001FOR
R72617322 0046,28000,80700,108700,29400,91710,121110,45001FOR
R72617322 0047,28000,82650,110650,29400,94280,123680,45001FOR
R72617322 0048,28000,101800,129800,29400,123050,152450,45001FOR
R72617322 0049,28000,78660,106660,29400,94260,123660,45001FOR
R72617322 0050,0,0,0,0,0,0,45001FOR
R72617322 0051,0,0,0,0,0,0,45001FOR
R72617323 0001,28000,93470,121470,29400,118630,148030,45001FOR
R72617323 0002,30800,116820,147620,29400,117040,146440,45001FOR
R72617323 0003,30800,93330,124130,29400,111030,140430,45001FOR
R72617323 0004,28000,91780,119780,29400,111690,141090,45001FOR
R72617323 0005,28000,101060,129060,29400,118010,147410,45001FOR
R72617323 0006,28000,88430,116430,29400,99820,129220,45001FOR
R72617323 0007,28000,96560,124560,29400,107350,136750,45001FOR
R72617323 0008,28000,111030,139030,29400,134690,164090,45001FOR
R72617323 0009,30800,102340,133140,32340,130170,162510,45001FOR
R72617323 0010,28000,86650,114650,29400,100500,129900,45001FOR
R72617323 0011,28000,83670,111670,29400,104770,134170,45001FOR
R72617323 0012,28000,78650,106650,29400,87450,116850,45001FOR
R72617323 0013,28000,104050,132050,29400,117300,146700,45001FOR
R72617323 0014,28000,104360,132360,29400,124520,153920,45001FOR
R72617323 0015,28000,103180,131180,29400,114440,143840,45001FOR
R72617323 0016,28000,79270,107270,29400,91860,121260,45001FOR
R72617323 0017,28000,87000,115000,29400,104490,133890,45001FOR
R72617323 0018,28000,101740,129740,29400,105620,135020,45001FOR
R72617323 0019,28000,85070,113070,29400,98110,127510,45001FOR
R72617323 0020,28000,98980,126980,28000,52350,80350,45001FOR
R72617323 0021,28000,107190,135190,29400,128700,158100,45001FOR
R72617323 0022,28000,86200,114200,29400,101420,130820,45001FOR
R72617323 0023,28000,107440,135440,29400,134150,163550,45001FOR
R72617323 0024,28000,84710,112710,29400,104960,134360,45001FOR
R72617323 0025,28000,103730,131730,29400,103990,133390,45001FOR
R72617323 0026,28000,98650,126650,29400,114930,144330,45001FOR
R72617323 0027,28000,119210,147210,29400,120970,150370,45001FOR
R72617323 0028,28000,104550,132550,29400,105510,134910,45001FOR
R72617323 0029,28000,104200,132200,29400,113100,142500,45001FOR
R72617323 0030,28000,99120,127120,29400,121170,150570,45001FOR
R72617323 0031,28000,95460,123460,29400,115640,145040,45001FOR
R72617323 0032,0,0,0,0,0,0,45001FOR
R72617324 0001,28000,82820,110820,29400,93860,123260,45001FOR
R72617324 0002,28000,87880,115880,29400,105070,134470,45001FOR
R72617324 0003,28000,85670,113670,29400,99100,128500,45001FOR
R72617324 0004,28000,103280,131280,29400,121410,150810,45001FOR
R72617324 0005,28000,103320,131320,29400,130520,159920,45001FOR
R72617324 0006,28000,91290,119290,29400,107600,137000,45001FOR
R72617324 0007,28000,93470,121470,29400,113630,143030,45001FOR
R72617324 0008,28000,96700,124700,29400,107010,136410,45001FOR
R72617324 0009,28000,91300,119300,29400,117990,147390,45001FOR
R72617324 0010,28000,100810,128810,29400,115040,144440,45001FOR
R72617324 0011,28000,96060,124060,29400,115740,145140,45001FOR
R72617324 0012,28000,88620,116620,29400,104710,134110,45001FOR
R72617324 0013,28000,102820,130820,29400,130710,160110,45001FOR
R72617324 0014,28000,88900,116900,29400,103420,132820,45001FOR
R72617324 0015,28000,88080,116080,29400,112880,142280,45001FOR
R72617324 0016,28000,114340,142340,29400,135510,164910,45001FOR
R72617324 0017,30800,99720,130520,32340,115400,147740,45001FOR
R72617324 0018,30800,100170,130970,32340,124160,156500,45001FOR
R72617324 0019,30800,125200,156000,32340,140190,172530,45001FOR
R72617324 0020,30800,85820,116620,32340,103060,135400,45001FOR
R72617324 0021,30800,90650,121450,32340,104670,137010,45001FOR
R72617324 0022,28000,123410,151410,29400,141450,170850,45001FOR
R72617324 0023,28000,87700,115700,29400,104800,134200,45001FOR
R72617324 0024,28000,90110,118110,29400,113200,142600,45001FOR
R72617324 0025,0,0,0,0,0,0,45001FOR
R72617324 0026,0,0,0,0,0,0,45001FOR
R72617324 0027,0,0,0,0,0,0,45001FOR
R72617502 0001,28000,83780,111780,29400,111440,140840,45001FOR
R72617502 0002,28000,82550,110550,29400,95880,125280,45001FOR
R72617502 0003,28000,82050,110050,29400,96500,125900,45001FOR
R72617502 0004,28000,89740,117740,29400,108530,137930,45001FOR
R72617502 0005,28000,108270,136270,29400,123050,152450,45001FOR
R72617502 0006,28000,90110,118110,29400,118620,148020,45001FOR
R72617502 0007,30800,89130,119930,32340,113330,145670,45001FOR
R72617502 0008,30800,105420,136220,29400,125420,154820,45001FOR
R72617502 0009,30800,92040,122840,29400,117350,146750,45001FOR
R72617502 0010,28000,91000,119000,29400,111760,141160,45001FOR
R72617502 0011,28000,115640,143640,29400,139240,168640,45001FOR
R72617502 0012,30800,109730,140530,32340,132150,164490,45001FOR
R72617502 0013,30800,129580,160380,32340,134310,166650,45001FOR
R72617502 0014,30800,111990,142790,32340,128140,160480,45001FOR
R72617502 0015,30800,104990,135790,32340,114950,147290,45001FOR
R72617502 0016,30800,109950,140750,32340,118930,151270,45001FOR
R72617502 0017,30800,104860,135660,32340,102550,134890,45001FOR
R72617502 0018,28000,100970,128970,29400,114880,144280,45001FOR
R72617502 0019,28000,104570,132570,29400,129530,158930,45001FOR
R72617502 0020,28000,79370,107370,29400,108840,138240,45001FOR
R72617502 0021,28000,82860,110860,29400,97990,127390,45001FOR
R72617502 0022,28000,77900,105900,29400,101270,130670,45001FOR
R72617502 0023,28000,125980,153980,29400,136400,165800,45001FOR
R72617502 0024,28000,85000,113000,29400,109600,139000,45001FOR
R72617502 0025,30800,91390,122190,32340,111860,144200,45001FOR
R72617502 0026,30800,135720,166520,32340,160440,192780,45001FOR
R72617502 0027,30800,79420,110220,32340,67490,99830,45001FOR
R72617502 0028,30800,110390,141190,32340,128240,160580,45001FOR
R72617502 0029,28000,109010,137010,29400,120280,149680,45001FOR
R72617502 0030,28000,106390,134390,29400,126360,155760,45001FOR
R72617502 0031,28000,125860,153860,29400,132580,161980,45001FOR
R72617502 0032,28000,82040,110040,29400,96090,125490,45001FOR
R72617502 0033,0,0,0,0,0,0,45001FOR
R72617502 0034,0,0,0,0,0,0,45001FOR
R72617503 0001,28000,89170,117170,29400,94280,123680,45001FOR
R72617503 0002,28000,107240,135240,29400,131530,160930,45001FOR
R72617503 0003,28000,93170,121170,29400,126450,155850,45001FOR
R72617503 0004,28000,109900,137900,29400,120810,150210,45001FOR
R72617504 0001,28000,128130,156130,29400,150860,180260,45001FOR
R72617504 0002,28000,85660,113660,29400,108510,137910,45001FOR
R72617504 0003,28000,95290,123290,29400,111310,140710,45001FOR
R72617504 0004,28000,89800,117800,29400,112650,142050,45001FOR
R72617504 0005,28000,79300,107300,29400,92430,121830,45001FOR
R72617504 0006,30800,99210,130010,32340,118210,150550,45001FOR
R72617504 0007,30800,113330,144130,32340,132900,165240,45001FOR
R72617504 0008,30800,109100,139900,32340,123280,155620,45001FOR
R72617504 0009,28000,82310,110310,29400,97930,127330,45001FOR
R72617504 0010,28000,96700,124700,29400,112000,141400,45001FOR
R72617504 0011,28000,54810,82810,29400,109440,138840,45001FOR
R72617504 0012,28000,104770,132770,29400,124490,153890,45001FOR
R72617504 0013,28000,126820,154820,29400,111760,141160,45001FOR
R72617504 0014,28000,88720,116720,29400,130420,159820,45001FOR
R72617504 0015,28000,106710,134710,29400,131470,160870,45001FOR
R72617504 0016,28000,79750,107750,29400,96390,125790,45001FOR
R72617504 0017,28000,99240,127240,29400,119610,149010,45001FOR
R72617504 0018,28000,83720,111720,29400,101250,130650,45001FOR
R72617504 0019,28000,100300,128300,29400,120910,150310,45001FOR
R72617504 0020,28000,100050,128050,29400,117550,146950,45001FOR
R72617504 0021,28000,112350,140350,29400,155720,185120,45001FOR
R72617504 0022,28000,95270,123270,29400,112210,141610,45001FOR
R72617504 0023,28000,106580,134580,29400,128780,158180,45001FOR
R72617504 0024,28000,103820,131820,29400,113940,143340,45001FOR
R72617504 0025,28000,91830,119830,29400,106270,135670,45001FOR
R72617504 0026,28000,95170,123170,29400,104440,133840,45001FOR
R72617504 0027,28000,110310,138310,29400,128780,158180,45001FOR
R72617504 0028,28000,101700,129700,29400,118740,148140,45001FOR
R72617504 0029,28000,94850,122850,29400,113590,142990,45001FOR
R72617504 0030,30800,100030,130830,32340,118100,150440,45001FOR
R72617504 0031,30800,95690,126490,32340,112180,144520,45001FOR
R72617504 0032,30800,97340,128140,32340,109770,142110,45001FOR
R72617504 0033,30800,101320,132120,32340,129200,161540,45001FOR
R72617504 0034,30800,126100,156900,32340,134470,166810,45001FOR
R72617504 0035,30800,103840,134640,32340,113580,145920,45001FOR
R72617504 0036,30800,104280,135080,32340,129960,162300,45001FOR
R72617504 0037,30800,98250,129050,32340,120040,152380,45001FOR
R72617504 0038,28000,79570,107570,29400,91420,120820,45001FOR
R72617504 0039,28000,125180,153180,29400,133950,163350,45001FOR
R72617504 0040,0,0,0,0,0,0,45001FOR
R72617504 0041,0,0,0,0,0,0,45001FOR
R72617505 0001,28000,83040,111040,29400,102120,131520,45001FOR
R72617505 0002,28000,89740,117740,29400,122920,152320,45001FOR
R72617505 0003,28000,90010,118010,29400,115900,145300,45001FOR
R72617505 0004,28000,84020,112020,29400,109080,138480,45001FOR
R72617505 0005,28000,125760,153760,29400,142240,171640,45001FOR
R72617505 0006,28000,127650,155650,29400,128390,157790,45001FOR
R72617505 0007,28000,98720,126720,29400,126260,155660,45001FOR
R72617505 0008,28000,92880,120880,29400,102600,132000,45001FOR
R72617505 0009,28000,99130,127130,29400,114150,143550,45001FOR
R72617505 0010,28000,112180,140180,29400,131110,160510,45001FOR
R72617505 0011,28000,98440,126440,29400,126620,156020,45001FOR
R72617505 0012,28000,103550,131550,29400,126360,155760,45001FOR
R72617505 0013,30800,88450,119250,32340,106050,138390,45001FOR
R72617505 0014,30800,107150,137950,32340,124070,156410,45001FOR
R72617505 0015,30800,124760,155560,32340,126910,159250,45001FOR
R72617505 0016,30800,110050,140850,32340,129600,161940,45001FOR
R72617505 0017,30800,92430,123230,32340,119120,151460,45001FOR
R72617505 0018,28000,98830,126830,29400,115610,145010,45001FOR
R72617505 0019,28000,91890,119890,29400,117200,146600,45001FOR
R72617505 0020,28000,82530,110530,29400,100290,129690,45001FOR
R72617505 0021,28000,100540,128540,29400,120730,150130,45001FOR
R72617505 0022,28000,85540,113540,29400,104400,133800,45001FOR
R72617505 0023,28000,62970,90970,29400,107440,136840,45001FOR
R72617505 0024,28000,117050,145050,29400,133380,162780,45001FOR
R72617505 0025,28000,96060,124060,29400,122820,152220,45001FOR
R72617505 0026,28000,84460,112460,29400,107630,137030,45001FOR
R72617505 0027,28000,101520,129520,29400,115150,144550,45001FOR
R72617505 0028,28000,99210,127210,29400,120120,149520,45001FOR
R72617505 0029,28000,84970,112970,29400,102050,131450,45001FOR
R72617505 0030,28000,78770,106770,29400,91120,120520,45001FOR
R72617505 0031,28000,112960,140960,29400,138050,167450,45001FOR
R72617505 0032,28000,84570,112570,29400,121370,150770,45001FOR
R72617505 0033,28000,95760,123760,29400,122560,151960,45001FOR
R72617505 0034,28000,111660,139660,29400,118220,147620,45001FOR
R72617505 0035,28000,76780,104780,29400,95550,124950,45001FOR
R72617505 0036,28000,112410,140410,29400,136370,165770,45001FOR
R72617505 0037,28000,76960,104960,29400,80890,110290,45001FOR
R72617505 0038,28000,101700,129700,29400,113440,142840,45001FOR
R72617505 0039,28000,76350,104350,29400,87330,116730,45001FOR
R72617505 0040,28000,104430,132430,29400,136750,166150,45001FOR
R72617505 0041,28000,100910,128910,29400,117370,146770,45001FOR
R72617505 0042,30800,93660,124460,29400,118310,147710,45001FOR
R72617505 0043,30800,106090,136890,32340,127530,159870,45001FOR
R72617505 0044,30800,88990,119790,32340,104880,137220,45001FOR
R72617505 0045,0,0,0,0,0,0,45001FOR
R72617505 0046,6150,5830,11980,6450,5530,11980,45001FOR
R72617506 0001,28000,108660,136660,29400,129380,158780,45001FOR
R72617506 0002,28000,88330,116330,29400,105440,134840,45001FOR
R72617506 0003,28000,107710,135710,29400,126990,156390,45001FOR
R72617506 0004,28000,98290,126290,29400,111300,140700,45001FOR
R72617506 0005,28000,83160,111160,29400,102070,131470,45001FOR
R72617506 0006,28000,107970,135970,29400,130440,159840,45001FOR
R72617506 0007,28000,80730,108730,29400,56950,86350,45001FOR
R72617506 0008,28000,134730,162730,29400,156970,186370,45001FOR
R72617506 0009,28000,100280,128280,29400,116290,145690,45001FOR
R72617506 0010,28000,136450,164450,29400,141110,170510,45001FOR
R72617506 0011,28000,115070,143070,29400,127730,157130,45001FOR
R72617506 0012,28000,96530,124530,29400,108560,137960,45001FOR
R72617506 0013,28000,129690,157690,29400,143540,172940,45001FOR
R72617506 0014,28000,107690,135690,29400,116700,146100,45001FOR
R72617506 0015,28000,120750,148750,29400,139660,169060,45001FOR
R72617506 0016,28000,104970,132970,29400,129720,159120,45001FOR
R72617506 0017,30800,121020,151820,32340,143260,175600,45001FOR
R72617506 0018,30800,131360,162160,32340,138920,171260,45001FOR
R72617506 0019,30800,93410,124210,32340,121430,153770,45001FOR
R72617506 0020,30800,118830,149630,32340,137800,170140,45001FOR
R72617506 0021,28000,101880,129880,29400,113440,142840,45001FOR
R72617506 0022,28000,125790,153790,29400,148330,177730,45001FOR
R72617506 0023,28000,122720,150720,29400,139170,168570,45001FOR
R72617506 0024,28000,107630,135630,29400,129190,158590,45001FOR
R72617506 0025,28000,81690,109690,29400,98410,127810,45001FOR
R72617506 0026,28000,97830,125830,29400,123030,152430,45001FOR
R72617506 0027,0,0,0,0,0,0,45001FOR
R72617506 0028,0,0,0,0,0,0,45001FOR
R72617516 0003,25170,107620,132790,40290,210710,251000,47130FOR
R72617516 0004,29250,92360,121610,46800,139140,185940,47130FOR
R72617516 0005,41140,0,7760,7430,0,7430,47130FOR
R72617517 0013,129630,0,129630,89350,0,89350,47030PHE
R72617521 0001,30000,84350,114350,30000,97650,127650,47130FOR
R72617521 0002,30000,87860,117860,30000,114550,144550,47130FOR
R72617521 0003,30000,91630,121630,30000,108820,138820,47130FOR
R72617521 0004,30000,111570,141570,30000,123580,153580,47130FOR
R72617521 0005,24000,82450,106450,24000,110240,134240,47130FOR
R72617521 0006,30000,118410,148410,30000,124050,154050,47130FOR
R72617521 0007,33000,80560,113560,30000,98150,128150,47130FOR
R72617521 0008,33000,96850,129850,30000,115320,145320,47130FOR
R72617521 0009,33000,117560,150560,30000,131690,161690,47130FOR
R72617521 0010,33000,89970,122970,30000,116400,146400,47130FOR
R72617521 0011,30000,91230,121230,30000,117030,147030,47130FOR
R72617521 0012,30000,88490,118490,30000,106930,136930,47130FOR
R72617521 0013,30000,136730,166730,30000,151590,181590,47130FOR
R72617521 0014,30000,87350,117350,30000,100870,130870,47130FOR
R72617521 0015,30000,122400,152400,30000,133370,163370,47130FOR
R72617521 0016,33000,87900,120900,30000,94440,124440,47130FOR
R72617521 0017,33000,79810,112810,30000,100460,130460,47130FOR
R72617521 0018,33000,123160,156160,30000,132920,162920,47130FOR
R72617521 0019,33000,132390,165390,30000,153270,183270,47130FOR
R72617521 0020,30000,110210,140210,30000,118570,148570,47130FOR
R72617521 0021,30000,117780,147780,30000,134870,164870,47130FOR
R72617521 0022,30000,86750,116750,30000,97590,127590,47130FOR
R72617521 0023,30000,90300,120300,30000,96970,126970,47130FOR
R72617521 0024,30000,110800,140800,30000,125470,155470,47130FOR
R72617521 0025,30000,90060,120060,30000,96890,126890,47130FOR
R72617521 0026,30000,86030,116030,30000,104630,134630,47130FOR
R72617521 0027,30000,138130,168130,30000,148060,178060,47130FOR
R72617521 0028,30000,82750,112750,30000,90320,120320,47130FOR
R72617521 0029,30000,88370,118370,30000,110280,140280,47130FOR
R72617521 0030,30000,82420,112420,30000,101210,131210,47130FOR
R72617521 0031,30000,112430,142430,30000,131020,161020,47130FOR
R72617522 0001,30000,95970,125970,30000,112300,142300,47130FOR
R72617522 0002,30000,82190,112190,30000,97900,127900,47130FOR
R72617522 0003,30000,136860,166860,30000,145110,175110,47130FOR
R72617522 0004,30000,89760,119760,30000,96040,126040,47130FOR
R72617522 0005,30000,93480,123480,30000,111600,141600,47130FOR
R72617522 0006,30000,100070,130070,30000,117570,147570,47130FOR
R72617522 0007,30000,116960,146960,30000,124290,154290,47130FOR
R72617522 0008,30000,114730,144730,30000,124950,154950,47130FOR
R72617522 0009,30000,89090,119090,30000,104380,134380,47130FOR
R72617522 0010,33000,95110,128110,30000,111400,141400,47130FOR
R72617522 0011,33000,97030,130030,30000,125760,155760,47130FOR
R72617522 0012,33000,93270,126270,30000,112450,142450,47130FOR
R72617522 0013,33000,105010,138010,30000,124930,154930,47130FOR
R72617522 0014,30000,95700,125700,30000,112070,142070,47130FOR
R72617522 0015,30000,94260,124260,30000,116210,146210,47130FOR
R72617522 0016,30000,117480,147480,30000,130050,160050,47130FOR
R72617522 0017,30000,90530,120530,30000,105090,135090,47130FOR
R72617522 0018,30000,69580,99580,30000,72420,102420,47130FOR
R72617522 0019,30000,84790,114790,30000,92410,122410,47130FOR
R72617522 0020,30000,86390,116390,30000,82360,112360,47130FOR
R72617522 0021,30000,108120,138120,30000,125650,155650,47130FOR
R72617522 0022,30000,77740,107740,30000,102570,132570,47130FOR
R72617522 0023,30000,93900,123900,30000,111990,141990,47130FOR
R72617522 0024,30000,94320,124320,30000,101480,131480,47130FOR
R72617522 0025,30000,89060,119060,30000,105550,135550,47130FOR
R72617522 0026,30000,93520,123520,30000,116910,146910,47130FOR
R72617522 0027,30000,87190,117190,30000,104890,134890,47130FOR
R72617522 0028,30000,92820,122820,30000,105740,135740,47130FOR
R72617522 0029,30000,109640,139640,30000,122920,152920,47130FOR
R72617522 0030,0,0,0,0,0,0,47130FOR
R72617523 0001,30000,54850,84850,30000,103260,133260,47130FOR
R72617523 0002,30000,88700,118700,30000,101950,131950,47130FOR
R72617523 0003,30000,89500,119500,30000,120920,150920,47130FOR
R72617523 0004,30000,86770,116770,30000,101540,131540,47130FOR
R72617523 0005,30000,82090,112090,30000,101640,131640,47130FOR
R72617523 0006,30000,119840,149840,30000,139540,169540,47130FOR
R72617523 0007,30000,94770,124770,30000,116150,146150,47130FOR
R72617523 0008,30000,114110,144110,30000,126800,156800,47130FOR
R72617523 0009,30000,101360,131360,30000,127920,157920,47130FOR
R72617523 0010,30000,91660,121660,30000,114600,144600,47130FOR
R72617523 0011,30000,105210,135210,30000,123900,153900,47130FOR
R72617523 0012,30000,119990,149990,30000,130410,160410,47130FOR
R72617523 0013,30000,96790,126790,30000,122320,152320,47130FOR
R72617523 0014,30000,114150,144150,30000,128410,158410,47130FOR
R72617523 0015,30000,119610,149610,30000,138560,168560,47130FOR
R72617523 0016,30000,122020,152020,30000,149900,179900,47130FOR
R72617523 0017,30000,120600,150600,30000,135070,165070,47130FOR
R72617523 0018,33000,122950,155950,30000,144770,174770,47130FOR
R72617523 0019,33000,115320,148320,30000,126440,156440,47130FOR
R72617523 0020,33000,85790,118790,30000,93320,123320,47130FOR
R72617523 0021,33000,111480,144480,30000,128330,158330,47130FOR
R72617523 0022,30000,89260,119260,30000,112950,142950,47130FOR
R72617523 0023,30000,88110,118110,30000,101230,131230,47130FOR
R72617523 0024,30000,112940,142940,30000,126110,156110,47130FOR
R72617523 0025,30000,107860,137860,30000,139480,169480,47130FOR
R72617523 0026,30000,83380,113380,30000,90290,120290,47130FOR
R72617523 0027,30000,94080,124080,30000,115890,145890,47130FOR
R72617523 0028,30000,89280,119280,30000,103950,133950,47130FOR
R72617523 0029,30000,138380,168380,30000,162480,192480,47130FOR
R72617523 0030,30000,120700,150700,30000,139200,169200,47130FOR
R72617523 0031,33000,86950,119950,30000,95850,125850,47130FOR
R72617523 0032,33000,114630,147630,30000,144160,174160,47130FOR
R72617523 0033,33000,118320,151320,30000,150750,180750,47130FOR
R72617523 0034,33000,94710,127710,30000,117450,147450,47130FOR
R72617523 0035,30000,115980,145980,30000,131070,161070,47130FOR
R72617523 0036,30000,90680,120680,30000,116050,146050,47130FOR
R72617523 0037,30000,108020,138020,30000,116090,146090,47130FOR
R72617523 0038,30000,122290,152290,30000,137810,167810,47130FOR
R72617523 0039,33000,57280,90280,30000,94180,124180,47130FOR
R72617523 0040,0,0,0,0,0,0,47130FOR
R72617525 0001,40000,84900,124900,38500,124910,163410,47030PHE
R72617525 0002,40000,69550,109550,38500,77600,116100,47030PHE
R72617525 0003,40000,100350,140350,38500,112600,151100,47030PHE
R72617525 0004,40000,98950,138950,38500,101330,139830,47030PHE
R72617525 0005,40000,101690,141690,38500,123190,161690,47030PHE
R72617525 0006,40000,88640,128640,38500,91430,129930,47030PHE
R72617525 0007,40000,103770,143770,38500,108030,146530,47030PHE
R72617525 0008,44000,91020,135020,38500,85770,124270,47030PHE
R72617525 0009,44000,97170,141170,38500,106820,145320,47030PHE
R72617525 0010,44000,86840,130840,38500,95290,133790,47030PHE
R72617525 0011,40000,97960,137960,38500,96650,135150,47030PHE
R72617525 0012,40000,99330,139330,38500,102890,141390,47030PHE
R72617525 0013,40000,84760,124760,38500,86890,125390,47030PHE
R72617525 0014,40000,87730,127730,38500,96890,135390,47030PHE
R72617525 0015,40000,85710,125710,38500,74390,112890,47030PHE
R72617525 0016,40000,94190,134190,38500,91670,130170,47030PHE
R72617525 0017,40000,55510,95510,38500,84980,123480,47030PHE
R72617525 0022,0,0,0,0,0,0,99999999
R72617525 0023,16000,42050,58050,13800,42260,56060,47033PHE
R72617525 0024,16000,47050,63050,13800,49150,62950,47033PHE
R72617525 0025,16000,46810,62810,13800,52830,66630,47033PHE
R72617525 0026,16000,41800,57800,13800,41820,55620,47033PHE
R72617525 0029,0,0,0,0,0,0,99999999
R72617525 0030,16000,42610,58610,13800,45120,58920,47033PHE
R72617525 0031,16000,42610,58610,13800,40690,54490,47033PHE
R72617525 0032,16000,43930,59930,13800,44580,58380,47033PHE
R72617525 0033,16000,46930,62930,13800,48460,62260,47033PHE
R72617525 0034,16000,43920,59920,13800,42030,55830,47033PHE
R72617525 0035,16000,42610,58610,13800,40690,54490,47033PHE
R72617525 0036,16000,45940,61940,13800,48460,62260,47033PHE
R72617525 0037,16000,45800,61800,13800,52800,66600,47033PHE
R72617525 0038,16000,46160,62160,13800,49100,62900,47033PHE
R72617525 0039,16000,49940,65940,13800,57940,71740,47033PHE
R72617525 0040,16000,45250,61250,13800,48830,62630,47033PHE
R72617525 0041,16000,44260,60260,13800,47400,61200,47033PHE
R72617525 0042,16000,46550,62550,13800,50840,64640,47033PHE
R72617525 0043,16000,47200,63200,13800,53070,66870,47033PHE
R72617525 0044,16000,46310,62310,13800,49940,63740,47033PHE
R72617525 0045,0,0,0,0,0,0,99999999
R72617525 0046,16000,45550,61550,13800,49360,63160,47033PHE
R72617525 0047,16000,45980,61980,13800,50390,64190,47033PHE
R72617525 0048,16000,45480,61480,13800,48960,62760,47033PHE
R72617525 0049,16000,45710,61710,13800,49100,62900,47033PHE
R72617525 0050,16000,48770,64770,13800,59520,73320,47033PHE
R72617525 0051,16000,45090,61090,13800,22550,36350,47033PHE
R72617525 0052,16000,45770,61770,13800,50520,64320,47033PHE
R72617525 0053,16000,45810,61810,13800,50660,64460,47033PHE
R72617525 0055,0,0,0,0,0,0,99999999
R72617525 0056,16000,45290,61290,13800,45300,59100,47033PHE
R72617525 0057,16000,50240,66240,13800,54640,68440,47033PHE
R72617525 0058,16000,47760,63760,13800,52270,66070,47033PHE
R72617525 0059,16000,49390,65390,13800,54420,68220,47033PHE
R72617525 0060,16000,52680,68680,13800,60310,74110,47033PHE
R72617525 0061,16000,48240,64240,13800,49770,63570,47033PHE
R72617525 0062,0,0,0,0,0,0,47033PHE
R72617525 0063,16000,46800,62800,13800,47890,61690,47033PHE
R72617525 0064,16000,50780,66780,13800,56560,70360,47033PHE
R72617525 0065,16000,47220,63220,13800,51110,64910,47033PHE
R72617525 0066,16000,50280,66280,13800,63920,77720,47033PHE
R72617525 0067,16000,51010,67010,13800,59190,72990,47033PHE
R72617525 0068,16000,46320,62320,13800,51930,65730,47033PHE
R72617525 0069,0,0,0,0,0,0,47033PHE
R72617525 0070,16000,48660,64660,13800,51850,65650,47033PHE
R72617525 0071,16000,46570,62570,13800,47570,61370,47033PHE
R72617525 0072,16000,48290,64290,13800,50510,64310,47033PHE
R72617525 0073,16000,48950,64950,13800,52430,66230,47033PHE
R72617525 0074,0,0,0,0,0,0,47033PHE
R72617525 0075,0,0,0,0,0,0,47033PHE
R72617525 0076,0,0,0,0,0,0,47033PHE
R72617525 0077,0,0,0,0,0,0,47033PHE
R72617526 0001,40000,162820,202820,38500,231500,270000,47030PHE
R72617526 0002,40000,142610,182610,38500,158610,197110,47030PHE
R72617526 0003,40000,134400,174400,38500,171110,209610,47030PHE
R72617526 0004,40000,162380,202380,38500,178750,217250,47030PHE
R72617526 0005,40000,154490,194490,38500,171050,209550,47030PHE
R72617526 0006,40000,131970,171970,38500,154250,192750,47030PHE
R72617526 0007,40000,129810,169810,38500,161400,199900,47030PHE
R72617526 0008,40000,163150,203150,38500,176700,215200,47030PHE
R72617526 0009,40000,144690,184690,38500,156980,195480,47030PHE
R72617526 0010,40000,169450,209450,38500,202420,240920,47030PHE
R72617526 0011,40000,157100,197100,38500,173560,212060,47030PHE
R72617526 0012,40000,151400,191400,38500,181030,219530,47030PHE
R72617526 0013,40000,158910,198910,38500,181640,220140,47030PHE
R72617526 0014,40000,133290,173290,38500,150040,188540,47030PHE
R72617526 0015,40000,99100,139100,38500,140480,178980,47030PHE
R72617526 0016,40000,156740,196740,38500,170920,209420,47030PHE
R72617526 0017,40000,133360,173360,38500,155530,194030,47030PHE
R72617526 0018,40000,150190,190190,38500,156030,194530,47030PHE
R72617526 0019,40000,156340,196340,38500,180380,218880,47030PHE
R72617526 0020,40000,161320,201320,38500,184970,223470,47030PHE
R72617526 0021,40000,156460,196460,38500,164560,203060,47030PHE
R72617527 0001,40000,183160,223160,38500,205980,244480,47030PHE
R72617527 0002,40000,162610,202610,38500,180050,218550,47030PHE
R72617527 0003,40000,162370,202370,38500,182910,221410,47030PHE
R72617527 0004,40000,125920,165920,38500,146330,184830,47030PHE
R72617527 0005,40000,154440,194440,38500,164840,203340,47030PHE
R72617527 0006,40000,132580,172580,38500,161520,200020,47030PHE
R72617527 0007,40000,112870,152870,38500,146490,184990,47030PHE
R72617527 0008,40000,103610,143610,38500,117970,156470,47030PHE
R72617527 0009,26000,0,26000,38500,250030,288530,47030PHE
R72617527 0010,40000,150550,190550,38500,156110,194610,47030PHE
R72617527 0011,40000,112580,152580,38500,185980,224480,47030PHE
R72617527 0012,40000,143890,183890,38500,163260,201760,47030PHE
R72617527 0013,40000,119770,159770,38500,149960,188460,47030PHE
R72617527 0014,28000,112760,140760,26950,136390,163340,47030PHE
R72617527 0015,40000,121310,161310,38500,145080,183580,47030PHE
R72617527 0016,40000,140430,180430,38500,164770,203270,47030PHE
R72617527 0017,40000,154310,194310,38500,167430,205930,47030PHE
R72617527 0018,40000,161910,201910,38500,181280,219780,47030PHE
R72617527 0019,40000,147630,187630,38500,182090,220590,47030PHE
R72617527 0020,40000,135840,175840,38500,155000,193500,47030PHE
R72617527 0021,40000,164780,204780,38500,184890,223390,47030PHE
R72617527 0022,40000,157610,197610,38500,163360,201860,47030PHE
R72617527 0023,26000,0,26000,38500,179180,217680,47030PHE
R72617527 0024,32000,0,32000,30800,0,30800,47030PHE
R72617527 0025,0,0,0,0,0,0,47030PHE
R72617528 0001,40000,125900,165900,38500,144750,183250,47030PHE
R72617528 0002,40000,131750,171750,38500,153240,191740,47030PHE
R72617528 0003,40000,162850,202850,38500,162140,200640,47030PHE
R72617528 0004,40000,140700,180700,38500,171580,210080,47030PHE
R72617528 0005,30000,142920,172920,38500,170530,209030,47030PHE
R72617528 0006,40000,165070,205070,38500,157240,195740,47030PHE
R72617528 0007,44000,134470,178470,38500,157350,195850,47030PHE
R72617528 0008,44000,142360,186360,38500,169990,208490,47030PHE
R72617528 0009,44000,139850,183850,38500,178610,217110,47030PHE
R72617528 0010,40000,152850,192850,38500,189710,228210,47030PHE
R72617528 0011,44000,166500,210500,38500,203230,241730,47030PHE
R72617528 0012,44000,108910,152910,38500,133110,171610,47030PHE
R72617528 0013,40000,136980,176980,38500,169890,208390,47030PHE
R72617528 0014,40000,145370,185370,38500,160000,198500,47030PHE
R72617528 0015,40000,133600,173600,38500,173310,211810,47030PHE
R72617528 0016,40000,128270,168270,38500,164050,202550,47030PHE
R72617528 0017,40000,136940,176940,38500,168540,207040,47030PHE
R72617528 0018,40000,145270,185270,38500,156140,194640,47030PHE
R72617528 0019,40000,130070,170070,38500,166760,205260,47030PHE
R72617528 0020,44000,132250,176250,38500,151730,190230,47030PHE
R72617528 0021,44000,125340,169340,38500,143700,182200,47030PHE
R72617528 0022,44000,125160,169160,38500,147970,186470,47030PHE
R72617528 0023,44000,133390,177390,38500,160940,199440,47030PHE
R72617528 0024,44000,130580,174580,38500,164620,203120,47030PHE
R72617528 0025,44000,135170,179170,38500,153980,192480,47030PHE
R72617528 0026,40000,121170,161170,38500,141290,179790,47030PHE
R72617528 0027,44000,109230,153230,38500,137370,175870,47030PHE
R72617528 0028,40000,137400,177400,38500,145600,184100,47030PHE
R72617528 0029,32000,140120,172120,38500,152410,190910,47030PHE
R72617528 0030,40000,124910,164910,38500,145950,184450,47030PHE
R72617528 0031,40000,136350,176350,38500,182700,221200,47030PHE
R72617528 0032,32000,120980,152980,38500,151120,189620,47030PHE
R72617528 0033,40000,128720,168720,38500,165040,203540,47030PHE
R72617528 0034,40000,125790,165790,38500,144640,183140,47030PHE
R72617528 0035,40000,129790,169790,38500,150930,189430,47030PHE
R72617528 0036,40000,129100,169100,38500,172360,210860,47030PHE
R72617528 0037,40000,145950,185950,38500,156510,195010,47030PHE
R72617528 0038,40000,155430,195430,38500,168540,207040,47030PHE
R72617528 0039,40000,135680,175680,38500,167740,206240,47030PHE
R72617528 0040,0,0,0,0,0,0,47030PHE
R72617602 0001,30000,90670,120670,30000,98510,128510,47130FOR
R72617602 0002,30000,89260,119260,30000,113140,143140,47130FOR
R72617602 0003,30000,112890,142890,30000,135780,165780,47130FOR
R72617602 0004,30000,80620,110620,30000,101820,131820,47130FOR
R72617602 0005,30000,119690,149690,30000,140170,170170,47130FOR
R72617602 0006,30000,103530,133530,30000,132590,162590,47130FOR
R72617602 0007,33000,120660,153660,30000,157890,187890,47130FOR
R72617602 0008,30000,97870,127870,30000,105860,135860,47130FOR
R72617602 0009,30000,88300,118300,30000,111990,141990,47130FOR
R72617602 0010,33000,96900,129900,30000,106860,136860,47130FOR
R72617602 0011,33000,105420,138420,30000,130480,160480,47130FOR
R72617602 0012,33000,119820,152820,30000,141180,171180,47130FOR
R72617602 0013,33000,85480,118480,30000,118130,148130,47130FOR
R72617602 0014,30000,91170,121170,30000,99610,129610,47130FOR
R72617602 0015,30000,114460,144460,30000,143610,173610,47130FOR
R72617602 0016,30000,110480,140480,30000,123730,153730,47130FOR
R72617602 0017,30000,117430,147430,30000,153490,183490,47130FOR
R72617603 0001,30000,115970,145970,30000,133810,163810,47130FOR
R72617603 0002,30000,87990,117990,30000,111270,141270,47130FOR
R72617603 0005,33000,131130,164130,30000,151400,181400,47130FOR
R72617603 0006,33000,109850,142850,30000,121120,151120,47130FOR
R72617603 0007,30000,89720,119720,30000,104500,134500,47130FOR
R72617603 0008,27000,108810,135810,30000,148130,178130,47130FOR
R72617603 0009,30000,106540,136540,30000,128080,158080,47130FOR
R72617603 0010,30000,91230,121230,30000,100000,130000,47130FOR
R72617603 0011,30000,78810,108810,30000,127170,157170,47130FOR
R72617603 0012,33000,47190,80190,30000,96160,126160,47130FOR
R72617603 0013,33000,101280,134280,30000,131300,161300,47130FOR
R72617603 0014,30000,79470,109470,30000,114350,144350,47130FOR
R72617603 0015,30000,96190,126190,30000,120050,150050,47130FOR
R72617603 0016,30000,97030,127030,30000,119970,149970,47130FOR
R72617603 0017,30000,94060,124060,30000,102970,132970,47130FOR
R72617603 0018,30000,82640,112640,30000,107610,137610,47130FOR
R72617603 0019,30000,99220,129220,30000,118350,148350,47130FOR
R72617603 0020,33000,105470,138470,30000,140740,170740,47130FOR
R72617603 0021,33000,99660,132660,30000,123920,153920,47130FOR
R72617603 0022,33000,129000,162000,30000,161000,191000,47130FOR
R72617603 0023,33000,109530,142530,30000,140370,170370,47130FOR
R72617603 0024,33000,84740,117740,30000,108250,138250,47130FOR
R72617603 0025,30000,113480,143480,30000,136500,166500,47130FOR
R72617603 0026,30000,102270,132270,30000,125530,155530,47130FOR
R72617603 0027,30000,112080,142080,30000,136910,166910,47130FOR
R72617603 0028,30000,98880,128880,30000,117870,147870,47130FOR
R72617603 0029,30000,105010,135010,30000,136230,166230,47130FOR
R72617603 0030,33000,137980,170980,30000,158660,188660,47130FOR
R72617604 0001,30000,112490,142490,30000,142020,172020,47130FOR
R72617604 0002,30000,107260,137260,30000,117770,147770,47130FOR
R72617604 0003,30000,96410,126410,30000,127700,157700,47130FOR
R72617604 0004,30000,89980,119980,30000,105040,135040,47130FOR
R72617604 0005,0,0,0,0,0,0,47130FOR
R72617604 0006,30000,98940,128940,30000,113430,143430,47130FOR
R72617604 0007,30000,104440,134440,30000,122970,152970,47130FOR
R72617604 0008,30000,95030,125030,30000,118700,148700,47130FOR
R72617604 0009,30000,95400,125400,30000,108170,138170,47130FOR
R72617604 0010,30000,94840,124840,30000,111030,141030,47130FOR
R72617604 0011,30000,102000,132000,30000,129410,159410,47130FOR
R72617604 0012,30000,88810,118810,30000,114840,144840,47130FOR
R72617604 0013,30000,99080,129080,30000,109380,139380,47130FOR
R72617604 0014,30000,97970,127970,30000,114740,144740,47130FOR
R72617604 0015,30000,79210,109210,30000,103970,133970,47130FOR
R72617604 0016,30000,99690,129690,30000,98380,128380,47130FOR
R72617604 0017,30000,102020,132020,30000,130860,160860,47130FOR
R72617604 0018,30000,110940,140940,30000,122570,152570,47130FOR
R72617604 0019,30000,96770,126770,30000,109770,139770,47130FOR
R72617604 0020,30000,107080,137080,30000,123790,153790,47130FOR
R72617604 0021,30000,107010,137010,30000,114570,144570,47130FOR
R72617604 0022,30000,112460,142460,30000,123010,153010,47130FOR
R72617606 0005,0,0,0,0,0,0,99999999
R72617606 0006,16000,52030,68030,13800,60660,74460,47033PHE
R72617606 0007,16000,48240,64240,13800,54280,68080,47033PHE
R72617606 0008,16000,47200,63200,13800,52140,65940,47033PHE
R72617606 0009,16000,48180,64180,13800,53880,67680,47033PHE
R72617606 0010,16000,48450,64450,13800,54460,68260,47033PHE
R72617606 0011,16000,46920,62920,13800,52010,65810,47033PHE
R72617606 0012,0,0,0,0,0,0,99999999
R72617606 0013,16000,43530,59530,13800,44360,58160,47033PHE
R72617606 0014,16000,44170,60170,13800,46510,60310,47033PHE
R72617606 0015,16000,47820,63820,13800,56140,69940,47033PHE
R72617606 0016,16000,45930,61930,13800,50390,64190,47033PHE
R72617606 0017,16000,42390,58390,13800,41990,55790,47033PHE
R72617606 0020,0,0,0,0,0,0,99999999
R72617606 0021,16000,47400,63400,13800,51500,65300,47033PHE
R72617606 0022,16000,47780,63780,13800,46010,59810,47033PHE
R72617606 0023,16000,47620,63620,13800,50200,64000,47033PHE
R72617606 0024,16000,47360,63360,13800,49930,63730,47033PHE
R72617606 0025,0,0,0,0,0,0,99999999
R72617606 0026,16000,53800,69800,13800,63830,77630,47033PHE
R72617606 0027,16000,50720,66720,13800,59770,73570,47033PHE
R72617606 0028,16000,50240,66240,13800,58070,71870,47033PHE
R72617606 0029,16000,55180,71180,13800,65900,79700,47033PHE
R72617606 0030,16000,50730,66730,13800,57980,71780,47033PHE
R72617606 0031,16000,50320,66320,13800,53970,67770,47033PHE
R72617606 0033,0,0,0,0,0,0,47033PHE
R72617606 0034,16000,48270,64270,13800,47230,61030,47033PHE
R72617606 0035,16000,48390,64390,13800,53660,67460,47033PHE
R72617606 0036,16000,50300,66300,13800,52040,65840,47033PHE
R72617606 0037,16000,52200,68200,13800,53460,67260,47033PHE
R72617606 0038,16000,50420,66420,13800,59670,73470,47033PHE
R72617606 0039,16000,48670,64670,13800,48950,62750,47033PHE
R72617606 0040,16000,48980,64980,12000,28350,40350,47033PHE
R72617606 0041,16000,52690,68690,13800,59940,73740,47033PHE
R72617606 0042,16000,50340,66340,13800,53220,67020,47033PHE
R72617606 0043,16000,53190,69190,13800,59800,73600,47033PHE
R72617606 0044,16000,45190,61190,13800,42560,56360,47033PHE
R72617606 0045,0,0,0,0,0,0,47033PHE
R72617610 0001,40000,104530,144530,38500,123840,162340,47030PHE
R72617610 0002,24000,88590,112590,23100,90510,113610,47030PHE
R72617610 0003,40000,107540,147540,38500,134040,172540,47030PHE
R72617610 0004,40000,98690,138690,38500,124140,162640,47030PHE
R72617610 0005,40000,90750,130750,38500,90760,129260,47030PHE
R72617610 0006,40000,95100,135100,38500,97850,136350,47030PHE
R72617610 0007,40000,99690,139690,38500,119390,157890,47030PHE
R72617610 0008,40000,105170,145170,38500,106930,145430,47030PHE
R72617610 0009,40000,97350,137350,38500,114510,153010,47030PHE
R72617610 0010,40000,89310,129310,38500,104000,142500,47030PHE
R72617610 0011,40000,54900,94900,38500,92630,131130,47030PHE
R72617610 0012,40000,77370,117370,38500,102110,140610,47030PHE
R72617610 0013,40000,90760,130760,38500,101470,139970,47030PHE
R72617610 0014,40000,87460,127460,38500,92710,131210,47030PHE
R72617610 0015,40000,113360,153360,38500,172740,211240,47030PHE
R72617610 0016,40000,99060,139060,38500,117350,155850,47030PHE
R72617610 0017,40000,96260,136260,38500,113160,151660,47030PHE
R72617610 0018,40000,105490,145490,38500,113100,151600,47030PHE
R72617610 0019,40000,107440,147440,38500,136390,174890,47030PHE
R72617610 0020,40000,90550,130550,38500,111220,149720,47030PHE
R72617611 0004,40000,102050,142050,38500,127750,166250,47030PHE
R72617611 0005,40000,101930,141930,38500,110050,148550,47030PHE
R72617611 0006,40000,109200,149200,38500,131870,170370,47030PHE
R72617611 0007,40000,98720,138720,38500,89200,127700,47030PHE
R72617611 0008,40000,95840,135840,38500,106630,145130,47030PHE
R72617611 0009,40000,107190,147190,38500,136450,174950,47030PHE
R72617611 0010,40000,97780,137780,38500,125440,163940,47030PHE
R72617611 0011,40000,99830,139830,38500,105380,143880,47030PHE
R72617611 0012,40000,94540,134540,38500,110490,148990,47030PHE
R72617611 0013,40000,99950,139950,38500,108450,146950,47030PHE
R72617611 0014,40000,80140,120140,38500,97190,135690,47030PHE
R72617611 0015,44000,105310,149310,38500,134440,172940,47030PHE
R72617611 0016,44000,86690,130690,38500,109390,147890,47030PHE
R72617611 0017,44000,100150,144150,38500,124230,162730,47030PHE
R72617611 0018,40000,105280,145280,38500,120190,158690,47030PHE
R72617611 0019,40000,91520,131520,38500,108160,146660,47030PHE
R72617611 0020,44000,113340,157340,38500,144620,183120,47030PHE
R72617611 0021,40000,93360,133360,38500,97370,135870,47030PHE
R72617611 0023,320,0,320,310,0,310,47030PHE
R72617611 0024,0,0,0,0,0,0,47030PHE
R72617613 0001,40000,120390,160390,38500,141980,180480,47030PHE
R72617613 0002,40000,107520,147520,38500,128430,166930,47030PHE
R72617613 0003,40000,120180,160180,38500,139670,178170,47030PHE
R72617613 0004,40000,75180,115180,38500,84640,123140,47030PHE
R72617613 0005,40000,105110,145110,38500,123170,161670,47030PHE
R72617613 0006,40000,96460,136460,38500,111390,149890,47030PHE
R72617613 0007,40000,106000,146000,38500,120380,158880,47030PHE
R72617613 0008,40000,122870,162870,38500,142220,180720,47030PHE
R72617613 0009,44000,109000,153000,38500,122180,160680,47030PHE
R72617613 0010,44000,100610,144610,38500,123310,161810,47030PHE
R72617613 0011,44000,79830,123830,38500,83930,122430,47030PHE
R72617613 0012,44000,105220,149220,38500,111890,150390,47030PHE
R72617613 0013,40000,108570,148570,38500,112200,150700,47030PHE
R72617613 0014,40000,110100,150100,38500,133550,172050,47030PHE
R72617613 0015,40000,116150,156150,38500,131790,170290,47030PHE
R72617613 0016,40000,91840,131840,38500,105900,144400,47030PHE
R72617613 0017,40000,108040,148040,38500,98830,137330,47030PHE
R72617613 0018,40000,133660,173660,38500,148650,187150,47030PHE
R72617613 0019,40000,110370,150370,38500,131560,170060,47030PHE
R72617613 0020,40000,88290,128290,38500,95970,134470,47030PHE
R72617613 0021,40000,129500,169500,38500,132060,170560,47030PHE
R72617613 0022,40000,136970,176970,38500,158030,196530,47030PHE
R72617613 0023,40000,112950,152950,38500,130870,169370,47030PHE
R72617613 0024,40000,137040,177040,38500,139190,177690,47030PHE
R72617613 0025,40000,122080,162080,38500,136730,175230,47030PHE
R72617613 0026,40000,73960,113960,38500,97360,135860,47030PHE
R72617613 0027,40000,127590,167590,38500,146260,184760,47030PHE
R72617613 0029,40000,86120,126120,38500,92490,130990,47030PHE
R72617613 0030,40000,97050,137050,38500,119520,158020,47030PHE
R72617613 0031,40000,86480,126480,38500,94040,132540,47030PHE
R72617613 0032,40000,121700,161700,38500,157460,195960,47030PHE
R72617613 0033,40000,85390,125390,38500,103420,141920,47030PHE
R72617613 0034,40000,103950,143950,38500,119270,157770,47030PHE
R72617613 0035,32000,103650,135650,30800,124880,155680,47030PHE
R72617613 0036,40000,94890,134890,38500,135990,174490,47030PHE
R72617613 0037,40000,113850,153850,38500,129940,168440,47030PHE
R72617613 0038,40000,98280,138280,38500,113960,152460,47030PHE
R72617613 0039,40000,113100,153100,38500,135660,174160,47030PHE
R72617613 0040,40000,108770,148770,38500,127480,165980,47030PHE
R72617613 0041,40000,131930,171930,38500,148420,186920,47030PHE
R72617613 0042,40000,104820,144820,38500,136490,174990,47030PHE
R72617613 0043,40000,105810,145810,38500,125750,164250,47030PHE
R72617613 0044,40000,134700,174700,38500,155240,193740,47030PHE
R72617613 0045,40000,93370,133370,38500,107880,146380,47030PHE
R72617613 0046,32000,86560,118560,30800,111460,142260,47030PHE
R72617613 0047,40000,98470,138470,38500,119590,158090,47030PHE
R72617613 0048,40000,114670,154670,38500,149310,187810,47030PHE
R72617613 0049,40000,74950,114950,38500,94970,133470,47030PHE
R72617613 0051,40000,0,40000,38500,0,38500,47030PHE
R72617702 0007,40000,98440,138440,38500,116380,154880,47030PHE
R72617702 0008,40000,131620,171620,38500,144580,183080,47030PHE
R72617702 0009,40000,135680,175680,38500,158580,197080,47030PHE
R72617702 0010,40000,137460,177460,38500,172090,210590,47030PHE
R72617702 0011,40000,163210,203210,38500,193820,232320,47030PHE
R72617702 0012,40000,140440,180440,38500,156610,195110,47030PHE
R72617702 0019,40000,139700,179700,38500,147910,186410,47030PHE
R72617702 0020,40000,117720,157720,38500,139530,178030,47030PHE
R72617702 0021,40000,119550,159550,38500,145350,183850,47030PHE
R72617702 0022,40000,130580,170580,38500,159290,197790,47030PHE
R72617702 0023,40000,151400,191400,38500,172450,210950,47030PHE
R72617702 0024,40000,103320,143320,38500,113370,151870,47030PHE
R72617702 0025,40000,120160,160160,38500,132200,170700,47030PHE
R72617702 0026,40000,110320,150320,38500,126080,164580,47030PHE
R72617702 0027,40000,138350,178350,38500,150050,188550,47030PHE
R72617702 0028,40000,138550,178550,38500,139590,178090,47030PHE
R72617702 0029,40000,124690,164690,38500,156580,195080,47030PHE
R72617703 0001,40000,127460,167460,38500,153090,191590,47030PHE
R72617703 0002,40000,127940,167940,38500,134760,173260,47030PHE
R72617703 0003,40000,137840,177840,38500,144370,182870,47030PHE
R72617703 0004,40000,92750,132750,38500,129490,167990,47030PHE
R72617703 0008,40000,116030,156030,38500,140780,179280,47030PHE
R72617703 0009,40000,115510,155510,38500,133790,172290,47030PHE
R72617703 0010,40000,116660,156660,38500,130320,168820,47030PHE
R72617703 0011,40000,136300,176300,38500,163880,202380,47030PHE
R72617703 0012,40000,117520,157520,38500,146180,184680,47030PHE
R72617703 0013,40000,118050,158050,38500,140660,179160,47030PHE
R72617705 0001,27960,56460,84420,28100,136980,165080,47130FOR
R72617705 0002,5760,4240,10000,6090,5480,11570,47130FOR
R72617705 0003,16980,23230,40210,18420,17830,36250,47130FOR
R72617711 0001,40000,136380,176380,38500,140830,179330,47030PHE
R72617711 0002,40000,134770,174770,38500,156900,195400,47030PHE
R72617711 0003,40000,126640,166640,38500,134130,172630,47030PHE
R72617711 0004,40000,126180,166180,38500,139860,178360,47030PHE
R72617711 0005,40000,118240,158240,38500,141310,179810,47030PHE
R72617711 0006,40000,114270,154270,38500,130610,169110,47030PHE
R72617711 0007,40000,141970,181970,38500,172570,211070,47030PHE
R72617711 0008,40000,139500,179500,38500,139650,178150,47030PHE
R72617711 0009,40000,144600,184600,38500,172300,210800,47030PHE
R72617711 0010,40000,141680,181680,38500,161670,200170,47030PHE
R72617711 0011,40000,110070,150070,38500,123630,162130,47030PHE
R72617711 0012,44000,137850,181850,38500,167180,205680,47030PHE
R72617711 0013,44000,129420,173420,38500,139610,178110,47030PHE
R72617711 0014,44000,117850,161850,38500,153110,191610,47030PHE
R72617711 0015,44000,142140,186140,38500,174000,212500,47030PHE
R72617711 0016,40000,155840,195840,38500,183500,222000,47030PHE
R72617711 0017,40000,151520,191520,38500,176560,215060,47030PHE
R72617711 0018,40000,154790,194790,38500,182840,221340,47030PHE
R72617711 0019,40000,139990,179990,38500,163080,201580,47030PHE
R72617711 0020,40000,138490,178490,38500,150400,188900,47030PHE
R72617711 0021,40000,141690,181690,38500,161600,200100,47030PHE
R72617713 0001,40000,149020,189020,38500,166480,204980,47030PHE
R72617713 0002,40000,100270,140270,38500,133300,171800,47030PHE
R72617713 0003,40000,91890,131890,38500,143250,181750,47030PHE
R72617713 0004,3200,0,3200,3080,0,3080,47030PHE
R72617713 0005,1600,0,1600,1540,0,1540,47030PHE
R72617719 0001,42000,134600,176600,38500,156700,195200,47030PHE
R72617719 0002,42000,142270,184270,38500,164080,202580,47030PHE
R72617719 0003,42000,139160,181160,38500,159350,197850,47030PHE
R72617719 0004,42000,133220,175220,38500,140500,179000,47030PHE
R72617719 0005,42000,180810,222810,38500,218390,256890,47030PHE
R72617719 0006,42000,114060,156060,38500,128040,166540,47030PHE
R72617719 0007,42000,133930,175930,38500,139290,177790,47030PHE
R72617719 0008,40000,141060,181060,38500,149210,187710,47030PHE
R72617719 0009,40000,136360,176360,38500,153160,191660,47030PHE
R72617719 0010,40000,132690,172690,38500,133400,171900,47030PHE
R72617719 0011,40000,128960,168960,38500,145230,183730,47030PHE
R72617719 0012,40000,137450,177450,38500,165630,204130,47030PHE
R72617719 0013,40000,137870,177870,38500,171450,209950,47030PHE
R72617719 0014,40000,167010,207010,38500,191840,230340,47030PHE
R72617719 0015,40000,110680,150680,38500,130010,168510,47030PHE
R72617719 0016,40000,142310,182310,38500,158310,196810,47030PHE
R72617719 0017,40000,138860,178860,38500,143040,181540,47030PHE
R72617719 0018,40000,131720,171720,38500,160200,198700,47030PHE
R72617719 0019,40000,136440,176440,38500,163570,202070,47030PHE
R72617719 0020,40000,157390,197390,38500,186100,224600,47030PHE
R72617724 0001,44000,145940,189940,38500,180800,219300,47030PHE
R72617724 0002,44000,146200,190200,38500,155650,194150,47030PHE
R72617724 0003,44000,133260,177260,38500,147800,186300,47030PHE
R72617724 0004,40000,154850,194850,38500,192830,231330,47030PHE
R72617724 0005,40000,135100,175100,38500,162180,200680,47030PHE
R72617724 0006,44000,148660,192660,38500,156760,195260,47030PHE
R72617724 0007,44000,150400,194400,38500,172390,210890,47030PHE
R72617724 0008,40000,136150,176150,38500,153970,192470,47030PHE
R72617724 0009,40000,137680,177680,38500,168690,207190,47030PHE
R72617724 0010,40000,134530,174530,38500,152810,191310,47030PHE
R72617724 0011,40000,138570,178570,38500,172300,210800,47030PHE
R72617724 0012,40000,146130,186130,38500,173850,212350,47030PHE
R72617724 0013,40000,131130,171130,38500,138330,176830,47030PHE
R72617724 0014,40000,134470,174470,38500,150610,189110,47030PHE
R72617724 0015,40000,126740,166740,38500,151030,189530,47030PHE
R72651428 0001,34620,110030,144650,24080,101550,125630,47031A00
R72651428 0002,29210,93770,122980,20320,88590,108910,47031A00
R72651428 0003,29210,84470,113680,20320,91030,111350,47031A00
R72651428 0004,34620,90700,125320,24080,108320,132400,47031A00
R72651428 0005,0,0,0,0,0,0,47031A00
R72651428 0006,34620,102000,136620,24080,101550,125630,47031A00
R72651428 0007,29210,74140,103350,20320,88590,108910,47031A00
R72651428 0008,34620,75590,110210,24080,101550,125630,47031A00
R72651428 0009,29210,85260,114470,20320,89110,109430,47031A00
R72651428 0010,0,0,0,0,0,0,99999999
R72651428 0011,34620,102000,136620,24080,101620,125700,47031A00
R72651428 0012,29210,99550,128760,20320,88570,108890,47031A00
R72651428 0013,34620,109760,144380,24080,102120,126200,47031A00
R72651428 0014,29210,93770,122980,20320,88590,108910,47031A00
R72651428 0015,0,0,0,0,0,0,47031A00
R72651428 0016,29210,96500,125710,20320,91270,111590,47031A00
R72651428 0017,34620,90440,125060,24080,104480,128560,47031A00
R72651428 0018,29210,83180,112390,20320,92170,112490,47031A00
R72651428 0019,34620,94420,129040,24080,104410,128490,47031A00
R72651428 0020,0,0,0,0,0,0,47031A00
R72651428 0021,34620,110370,144990,24080,101930,126010,47031A00
R72651428 0022,29210,95790,125000,20320,91250,111570,47031A00
R72651428 0023,34620,112660,147280,24080,102230,126310,47031A00
R72651428 0024,29210,95790,125000,20320,90670,110990,47031A00
R72651428 0025,0,0,0,0,0,0,47031A00
R72651428 0026,29210,84030,113240,20320,90670,110990,47031A00
R72651428 0027,34620,80720,115340,24080,102230,126310,47031A00
R72651428 0028,34620,112940,147560,24080,104410,128490,47031A00
R72651428 0029,29210,96080,125290,20320,91650,111970,47031A00
R72651428 0030,0,0,0,0,0,0,47031A00
R72651428 0031,29210,94010,123220,20320,92130,112450,47031A00
R72651428 0032,34620,101620,136240,24080,106200,130280,47031A00
R72651428 0033,29210,94010,123220,20320,92130,112450,47031A00
R72651428 0034,34620,101350,135970,24080,102910,126990,47031A00
R72651428 0035,0,0,0,0,0,0,47031A00
R72651429 0001,29210,93770,122980,20320,88590,108910,47031A00
R72651429 0002,34620,110030,144650,24080,101620,125700,47031A00
R72651429 0003,29210,93770,122980,20320,88590,108910,47031A00
R72651429 0004,34620,110030,144650,24080,101550,125630,47031A00
R72651429 0005,0,0,0,0,0,0,47031A00
R72651429 0006,26340,96400,122740,18320,97140,115460,47031A00
R72651429 0007,31050,84970,116020,21600,109160,130760,47031A00
R72651429 0008,26340,96400,122740,18320,94880,113200,47031A00
R72651429 0009,31050,108900,139950,21600,109160,130760,47031A00
R72651429 0010,0,0,0,0,0,0,47031A00
R72651429 0011,26340,100820,127160,18320,92840,111160,47031A00
R72651429 0012,31050,84870,115920,21600,105940,127540,47031A00
R72651429 0013,26340,116260,142600,18320,105940,124260,47031A00
R72651429 0014,31050,100820,131870,21600,92840,114440,47031A00
R72651429 0015,0,0,0,0,0,0,47030PHE
R72710809 0001,36000,91760,127760,36000,94450,130450,43003NOE
R72710809 0002,28800,0,28800,11520,0,11520,43003NOE
R72710809 0003,28800,0,28800,11520,0,11520,43003NOE
R72710809 0004,28800,0,28800,11520,0,11520,43003NOE
R72710809 0005,28800,0,28800,11520,0,11520,43003NOE
R72710809 0006,36000,134540,170540,36000,150910,186910,43003NOE
R72710809 0007,28800,0,28800,11520,0,11520,43003NOE
R72710809 0008,28800,0,28800,11520,0,11520,43003NOE
R72710809 0009,28800,0,28800,11520,0,11520,43003NOE
R72710809 0010,28800,0,28800,11520,0,11520,43003NOE
R72710809 0011,28800,0,28800,11520,0,11520,43003NOE
R72710809 0012,28800,0,28800,11520,0,11520,43003NOE
R72710809 0013,36000,149570,185570,36000,177060,213060,43003NOE
R72710809 0014,36000,176180,212180,36000,235220,271220,43003NOE
R72710809 0015,28800,0,28800,36000,197060,233060,43003NOE
R72710809 0016,23040,0,23040,23040,0,23040,43003NOE
R72710809 0017,23040,0,23040,11520,0,11520,43003NOE
R72710809 0018,23040,0,23040,11520,0,11520,43003NOE
R72710809 0019,36000,166090,202090,36000,202370,238370,43003NOE
R72710809 0020,28800,0,28800,28800,0,28800,43003NOE
R72710809 0021,36000,175920,211920,36000,190420,226420,43003NOE
R72710809 0022,23040,0,23040,10000,0,10000,43003NOE
R72710809 0023,23040,0,23040,23040,0,23040,43003NOE
R72710809 0024,36000,207370,243370,36000,228520,264520,43003NOE
R72710809 0025,36000,124040,160040,36000,123840,159840,43003NOE
R72710809 0026,36000,145710,181710,36000,131720,167720,43003NOE
R72710809 0027,36000,132890,168890,36000,158320,194320,43003NOE
R72710809 0028,36000,108670,144670,36000,115960,151960,43003NOE
R72710809 0029,30600,213130,243730,30600,220890,251490,43003NOE
R72710810 0001,36000,93740,129740,36000,163730,199730,43003NOE
R72710810 0002,36000,140120,176120,36000,171590,207590,43003NOE
R72710810 0003,36000,145080,181080,36000,155610,191610,43003NOE
R72710810 0004,36000,116750,152750,36000,143750,179750,43003NOE
R72710810 0005,23040,0,23040,23040,0,23040,43003NOE
R72710810 0006,23040,0,23040,23040,0,23040,43003NOE
R72710810 0007,36000,160920,196920,36000,207270,243270,43003NOE
R72717413 0020,!,!,!
R72717510 0001,15050,0,15050,33860,0,33860,43003NOE
